-5.951238529858447 
-5.951238529980269 
-5.951238529995308 
-5.951238530009281 
-5.951238530021963 
-5.951238530033279 
-5.951238530043408 
-5.951238530052427 
-5.951238530060246 
-5.951238530067066 
-5.951238530072875 
-5.951238530077726 
-5.951238530081758 
-5.951238530084854 
-5.951238530087272 
-5.951238530088935 
-5.951238530089911 
-5.951238530090242 
-5.951238530090015 
-5.951238530089262 
-5.951238530087918 
-5.951238530086147 
-5.951238530083920 
-5.951238530081268 
-5.951238530078338 
-5.951238530075008 
-5.951238530071286 
-5.951238530067358 
-5.951238530063089 
-5.951238530058609 
-5.951238530053887 
-5.951238530048901 
-5.951238530043715 
-5.951238530038284 
-5.951238530032760 
-5.951238530027075 
-5.951238530021145 
-5.951238530015102 
-5.951238530008930 
-5.951238530002599 
-5.951238529996194 
-5.951238529989719 
-5.951238529983076 
-5.951238529976371 
-5.951238529969532 
-5.951238529962517 
-5.951238529955522 
-5.951238529948450 
-5.951238529941315 
-5.951238529933970 
-5.951238529926656 
-5.951238529919228 
-5.951238529911756 
-5.951238529904177 
-5.951238529896465 
-5.951238529888784 
-5.951238529880999 
-5.951238529873030 
-5.951238529864968 
-5.951238529856929 
-5.951238529848731 
-5.951238529840482 
-5.951238529832238 
-5.951238529823705 
-5.951238529815218 
-5.951238529806623 
-5.951238529798026 
-5.951238529789231 
-5.951238529780365 
-5.951238529771339 
-5.951238529762234 
-5.951238529753017 
-5.951238529743786 
-5.951238529734287 
-5.951238529724941 
-5.951238529715325 
-5.951238529705675 
-5.951238529695800 
-5.951238529685737 
-5.951238529675454 
-5.951238529665190 
-5.951238529654780 
-5.951238529644194 
-5.951238529633454 
-5.951238529622490 
-5.951238529611350 
-5.951238529599991 
-5.951238529588585 
-5.951238529576946 
-5.951238529565181 
-5.951238529553181 
-5.951238529540968 
-5.951238529528521 
-5.951238529515873 
-5.951238529502949 
-5.951238529489770 
-5.951238529476600 
-5.951238529462985 
-5.951238529449085 
-5.951238529434966 
-5.951238529420707 
-5.951238529405951 
-5.951238529391125 
-5.951238529376098 
-5.951238529360830 
-5.951238529345213 
-5.951238529329173 
-5.951238529312834 
-5.951238529296275 
-5.951238529279433 
-5.951238529262427 
-5.951238529244868 
-5.951238529227242 
-5.951238529209330 
-5.951238529190811 
-5.951238529172032 
-5.951238529152984 
-5.951238529133779 
-5.951238529113972 
-5.951238529093833 
-5.951238529073460 
-5.951238529052744 
-5.951238529031730 
-5.951238529010142 
-5.951238528988143 
-5.951238528965810 
-5.951238528943276 
-5.951238528920348 
-5.951238528897081 
-5.951238528873555 
-5.951238528849531 
-5.951238528825144 
-5.951238528800250 
-5.951238528775073 
-5.951238528749506 
-5.951238528723609 
-5.951238528697055 
-5.951238528670241 
-5.951238528643412 
-5.951238528615982 
-5.951238528588156 
-5.951238528559916 
-5.951238528531552 
-5.951238528502429 
-5.951238528473182 
-5.951238528443441 
-5.951238528413521 
-5.951238528383133 
-5.951238528352648 
-5.951238528321599 
-5.951238528290519 
-5.951238528259099 
-5.951238528226948 
-5.951238528194559 
-5.951238528161833 
-5.951238528128695 
-5.951238528095255 
-5.951238528061439 
-5.951238528027488 
-5.951238527993059 
-5.951238527958483 
-5.951238527923351 
-5.951238527887788 
-5.951238527851822 
-5.951238527815547 
-5.951238527779178 
-5.951238527742543 
-5.951238527705323 
-5.951238527668083 
-5.951238527630476 
-5.951238527592210 
-5.951238527554055 
-5.951238527515464 
-5.951238527476979 
-5.951238527438174 
-5.951238527399116 
-5.951238527359785 
-5.951238527320038 
-5.951238527279997 
-5.951238527239697 
-5.951238527199203 
-5.951238527158568 
-5.951238527117551 
-5.951238527076821 
-5.951238527035765 
-5.951238526994568 
-5.951238526952885 
-5.951238526911050 
-5.951238526868815 
-5.951238526827023 
-5.951238526784936 
-5.951238526742348 
-5.951238526699382 
-5.951238526656837 
-5.951238526614321 
-5.951238526571533 
-5.951238526528072 
-5.951238526484932 
-5.951238526441713 
-5.951238526398361 
-5.951238526354838 
-5.951238526310907 
-5.951238526267144 
-5.951238526223576 
-5.951238526179519 
-5.951238526135651 
-5.951238526091268 
-5.951238526047166 
-5.951238526003076 
-5.951238525958882 
-5.951238525914337 
-5.951238525870090 
-5.951238525825814 
-5.951238525781385 
-5.951238525736853 
-5.951238525691895 
-5.951238525647103 
-5.951238525602858 
-5.951238525558253 
-5.951238525513882 
-5.951238525468924 
-5.951238525423648 
-5.951238525378273 
-5.951238525333324 
-5.951238525288166 
-5.951238525242896 
-5.951238525197365 
-5.951238525152445 
-5.951238525106992 
-5.951238525061444 
-5.951238525016216 
-5.951238524970380 
-5.951238524924328 
-5.951238524878747 
-5.951238524833608 
-5.951238524787367 
-5.951238524741715 
-5.951238524695595 
-5.951238524649517 
-5.951238524603825 
-5.951238524557593 
-5.951238524511261 
-5.951238524464655 
-5.951238524418084 
-5.951238524371472 
-5.951238524324964 
-5.951238524278121 
-5.951238524231355 
-5.951238524184562 
-5.951238524137816 
-5.951238524090844 
-5.951238524043288 
-5.951238523996316 
-5.951238523949218 
-5.951238523901863 
-5.951238523853964 
-5.951238523806571 
-5.951238523758996 
-5.951238523710894 
-5.951238523662815 
-5.951238523615209 
-5.951238523567140 
-5.951238523519180 
-5.951238523471411 
-5.951238523423614 
-5.951238523375465 
-5.951238523327570 
-5.951238523279279 
-5.951238523230887 
-5.951238523183375 
-5.951238523135297 
-5.951238523087353 
-5.951238523039504 
-5.951238522991636 
-5.951238522943627 
-5.951238522895978 
-5.951238522848644 
-5.951238522800844 
-5.951238522753962 
-5.951238522706666 
-5.951238522659463 
-5.951238522612366 
-5.951238522565506 
-5.951238522518649 
-5.951238522472416 
-5.951238522426104 
-5.951238522380319 
-5.951238522334093 
-5.951238522288347 
-5.951238522242986 
-5.951238522197397 
-5.951238522152461 
-5.951238522107229 
-5.951238522062432 
-5.951238522018632 
-5.951238521974808 
-5.951238521931014 
-5.951238521887270 
-5.951238521843761 
-5.951238521801266 
-5.951238521759194 
-5.951238521717539 
-5.951238521675830 
-5.951238521633884 
-5.951238521592636 
-5.951238521551489 
-5.951238521511111 
-5.951238521471169 
-5.951238521431758 
-5.951238521391801 
-5.951238521352550 
-5.951238521314070 
-5.951238521275896 
-5.951238521238032 
-5.951238521200483 
-5.951238521163978 
-5.951238521127019 
-5.951238521090872 
-5.951238521055049 
-5.951238521019477 
-5.951238520984401 
-5.951238520949421 
-5.951238520914753 
-5.951238520880900 
-5.951238520847067 
-5.951238520813048 
-5.951238520780045 
-5.951238520747494 
-5.951238520715403 
-5.951238520683864 
-5.951238520652313 
-5.951238520622153 
-5.951238520591834 
-5.951238520561149 
-5.951238520531043 
-5.951238520501543 
-5.951238520472029 
-5.951238520443376 
-5.951238520414827 
-5.951238520386496 
-5.951238520358400 
-5.951238520330866 
-5.951238520303478 
-5.951238520276476 
-5.951238520249589 
-5.951238520223482 
-5.951238520197099 
-5.951238520171336 
-5.951238520145967 
-5.951238520120696 
-5.951238520096347 
-5.951238520072418 
-5.951238520048864 
-5.951238520025192 
-5.951238520002335 
-5.951238519979160 
-5.951238519957284 
-5.951238519935204 
-5.951238519913518 
-5.951238519892321 
-5.951238519871414 
-5.951238519851205 
-5.951238519830969 
-5.951238519811420 
-5.951238519792325 
-5.951238519772868 
-5.951238519754745 
-5.951238519736253 
-5.951238519719010 
-5.951238519702411 
-5.951238519685339 
-5.951238519669216 
-5.951238519653113 
-5.951238519637954 
-5.951238519623494 
-5.951238519607807 
-5.951238519593251 
-5.951238519580079 
-5.951238519566660 
-5.951238519554273 
-5.951238519542248 
-5.951238519530825 
-5.951238519519233 
-5.951238519508752 
-5.951238519498617 
-5.951238519489637 
-5.951238519480520 
-5.951238519471738 
-5.951238519463541 
-5.951238519456538 
-5.951238519450418 
-5.951238519443712 
-5.951238519438075 
-5.951238519432307 
-5.951238519427463 
-5.951238519422085 
-5.951238519418466 
-5.951238519414456 
-5.951238519411131 
-5.951238519407997 
-5.951238519404400 
-5.951238519401694 
-5.951238519399650 
-5.951238519398292 
-5.951238519397200 
-5.951238519395972 
-5.951238519394167 
-5.951238519393168 
-5.951238519391879 
-5.951238519391043 
-5.951238519390701 
-5.951238519389888 
-5.951238519390351 
-5.951238519390389 
-5.951238519390845 
-5.951238519391330 
-5.951238519392005 
-5.951238519391797 
-5.951238519392584 
-5.951238519392688 
-5.951238519393709 
-5.951238519394767 
-5.951238519395213 
-5.951238519395697 
-5.951238519397037 
-5.951238519398025 
-5.951238519399397 
-5.951238519400121 
-5.951238519401853 
-5.951238519402873 
-5.951238519403923 
-5.951238519405742 
-5.951238519407963 
-5.951238519409435 
-5.951238519410870 
-5.951238519412519 
-5.951238519413292 
-5.951238519415070 
-5.951238519416227 
-5.951238519417636 
-5.951238519419435 
-5.951238519420498 
-5.951238519422494 
-5.951238519424716 
-5.951238519426724 
-5.951238519428632 
-5.951238519430068 
-5.951238519432440 
-5.951238519434888 
-5.951238519436650 
-5.951238519438800 
-5.951238519440947 
-5.951238519442754 
-5.951238519443863 
-5.951238519445936 
-5.951238519447452 
-5.951238519449475 
-5.951238519451904 
-5.951238519453748 
-5.951238519456457 
-5.951238519458770 
-5.951238519461217 
-5.951238519463178 
-5.951238519465593 
-5.951238519467683 
-5.951238519471126 
-5.951238519473137 
-5.951238519475361 
-5.951238519479082 
-5.951238519481369 
-5.951238519484439 
-5.951238519486805 
-5.951238519489512 
-5.951238519492327 
-5.951238519495146 
-5.951238519498555 
-5.951238519501579 
-5.951238519505718 
-5.951238519509657 
-5.951238519512520 
-5.951238519515888 
-5.951238519519783 
-5.951238519523394 
-5.951238519527133 
-5.951238519529609 
-5.951238519532947 
-5.951238519536536 
-5.951238519539928 
-5.951238519543155 
-5.951238519546703 
-5.951238519550068 
-5.951238519553269 
-5.951238519557038 
-5.951238519560165 
-5.951238519563762 
-5.951238519567153 
-5.951238519570371 
-5.951238519573804 
-5.951238519576786 
-5.951238519580845 
-5.951238519583408 
-5.951238519587003 
-5.951238519590929 
-5.951238519593733 
-5.951238519594917 
-5.951238519597550 
-5.951238519600005 
-5.951238519602773 
-5.951238519605733 
-5.951238519608022 
-5.951238519609815 
-5.951238519611308 
-5.951238519612927 
-5.951238519614354 
-5.951238519616613 
-5.951238519617990 
-5.951238519618547 
-5.951238519619194 
-5.951238519620328 
-5.951238519621791 
-5.951238519622223 
-5.951238519622525 
-5.951238519622077 
-5.951238519622216 
-5.951238519621828 
-5.951238519621169 
-5.951238519620098 
-5.951238519618842 
-5.951238519617331 
-5.951238519616403 
-5.951238519615228 
-5.951238519612421 
-5.951238519610452 
-5.951238519607499 
-5.951238519604808 
-5.951238519602151 
-5.951238519598315 
-5.951238519595151 
-5.951238519591397 
-5.951238519586797 
-5.951238519582752 
-5.951238519579579 
-5.951238519575610 
-5.951238519570514 
-5.951238519565198 
-5.951238519560305 
-5.951238519555281 
-5.951238519550359 
-5.951238519543778 
-5.951238519537164 
-5.951238519530532 
-5.951238519523969 
-5.951238519517887 
-5.951238519511000 
-5.951238519504111 
-5.951238519496955 
-5.951238519490406 
-5.951238519483167 
-5.951238519475995 
-5.951238519468037 
-5.951238519460012 
-5.951238519452002 
-5.951238519443018 
-5.951238519434958 
-5.951238519426036 
-5.951238519417239 
-5.951238519408308 
-5.951238519399235 
-5.951238519390241 
-5.951238519380978 
-5.951238519372404 
-5.951238519363591 
-5.951238519354400 
-5.951238519345781 
-5.951238519336343 
-5.951238519326855 
-5.951238519317649 
-5.951238519308902 
-5.951238519299162 
-5.951238519289039 
-5.951238519280455 
-5.951238519271951 
-5.951238519262408 
-5.951238519253693 
-5.951238519245437 
-5.951238519236798 
-5.951238519227254 
-5.951238519218309 
-5.951238519208548 
-5.951238519199141 
-5.951238519190632 
-5.951238519180789 
-5.951238519171672 
-5.951238519163254 
-5.951238519154961 
-5.951238519146329 
-5.951238519137664 
-5.951238519128236 
-5.951238519119727 
-5.951238519110923 
-5.951238519101878 
-5.951238519092222 
-5.951238519083544 
-5.951238519075140 
-5.951238519066239 
-5.951238519057409 
-5.951238519048988 
-5.951238519041114 
-5.951238519032063 
-5.951238519024314 
-5.951238519016043 
-5.951238519007070 
-5.951238518999175 
-5.951238518991510 
-5.951238518984201 
-5.951238518976236 
-5.951238518968141 
-5.951238518961518 
-5.951238518953590 
-5.951238518946774 
-5.951238518939397 
-5.951238518931504 
-5.951238518924872 
-5.951238518917497 
-5.951238518908716 
-5.951238518902568 
-5.951238518895236 
-5.951238518888156 
-5.951238518881719 
-5.951238518873813 
-5.951238518867565 
-5.951238518861636 
-5.951238518853116 
-5.951238518845639 
-5.951238518839201 
-5.951238518832351 
-5.951238518825285 
-5.951238518818136 
-5.951238518811095 
-5.951238518804053 
-5.951238518796764 
-5.951238518790131 
-5.951238518784399 
-5.951238518778218 
-5.951238518772230 
-5.951238518764892 
-5.951238518758760 
-5.951238518752128 
-5.951238518744407 
-5.951238518738869 
-5.951238518731526 
-5.951238518724615 
-5.951238518718617 
-5.951238518711954 
-5.951238518705106 
-5.951238518697487 
-5.951238518691404 
-5.951238518683939 
-5.951238518678056 
-5.951238518671697 
-5.951238518665272 
-5.951238518658586 
-5.951238518652239 
-5.951238518645693 
-5.951238518638994 
-5.951238518633142 
-5.951238518626726 
-5.951238518621107 
-5.951238518614835 
-5.951238518608372 
-5.951238518601681 
-5.951238518596089 
-5.951238518590112 
-5.951238518583787 
-5.951238518578494 
-5.951238518572262 
-5.951238518566368 
-5.951238518559984 
-5.951238518553287 
-5.951238518547488 
-5.951238518542026 
-5.951238518536615 
-5.951238518530635 
-5.951238518523771 
-5.951238518517624 
-5.951238518512291 
-5.951238518506483 
-5.951238518500599 
-5.951238518494685 
-5.951238518488485 
-5.951238518481954 
-5.951238518476405 
-5.951238518470107 
-5.951238518462747 
-5.951238518456684 
-5.951238518450502 
-5.951238518445397 
-5.951238518438037 
-5.951238518432119 
-5.951238518426914 
-5.951238518421095 
-5.951238518415358 
-5.951238518409986 
-5.951238518403759 
-5.951238518397084 
-5.951238518391086 
-5.951238518384882 
-5.951238518378924 
-5.951238518373236 
-5.951238518367346 
-5.951238518360931 
-5.951238518355322 
-5.951238518349163 
-5.951238518342699 
-5.951238518337108 
-5.951238518331057 
-5.951238518323931 
-5.951238518318871 
-5.951238518313167 
-5.951238518306461 
-5.951238518300040 
-5.951238518293378 
-5.951238518286353 
-5.951238518280018 
-5.951238518273898 
-5.951238518267963 
-5.951238518260936 
-5.951238518254536 
-5.951238518248213 
-5.951238518241521 
-5.951238518235482 
-5.951238518229452 
-5.951238518223760 
-5.951238518216938 
-5.951238518210849 
-5.951238518204294 
-5.951238518199004 
-5.951238518193525 
-5.951238518187266 
-5.951238518180429 
-5.951238518174213 
-5.951238518167852 
-5.951238518162183 
-5.951238518156011 
-5.951238518151031 
-5.951238518145222 
-5.951238518139665 
-5.951238518132916 
-5.951238518127417 
-5.951238518120755 
-5.951238518114529 
-5.951238518109069 
-5.951238518103031 
-5.951238518097721 
-5.951238518091914 
-5.951238518086732 
-5.951238518081436 
-5.951238518076255 
-5.951238518070272 
-5.951238518065177 
-5.951238518060276 
-5.951238518054580 
-5.951238518049636 
-5.951238518045042 
-5.951238518040284 
-5.951238518035441 
-5.951238518030792 
-5.951238518025716 
-5.951238518021396 
-5.951238518017028 
-5.951238518012540 
-5.951238518008132 
-5.951238518003719 
-5.951238517998821 
-5.951238517993974 
-5.951238517990348 
-5.951238517985731 
-5.951238517981374 
-5.951238517978146 
-5.951238517974426 
-5.951238517969843 
-5.951238517966362 
-5.951238517962986 
-5.951238517959201 
-5.951238517956010 
-5.951238517951838 
-5.951238517948909 
-5.951238517945570 
-5.951238517941406 
-5.951238517938303 
-5.951238517934799 
-5.951238517931900 
-5.951238517928913 
-5.951238517926475 
-5.951238517923596 
-5.951238517921194 
-5.951238517918298 
-5.951238517915847 
-5.951238517913700 
-5.951238517912286 
-5.951238517909990 
-5.951238517907256 
-5.951238517905874 
-5.951238517904949 
-5.951238517903851 
-5.951238517902127 
-5.951238517901682 
-5.951238517900941 
-5.951238517898939 
-5.951238517897596 
-5.951238517897776 
-5.951238517896568 
-5.951238517896270 
-5.951238517895687 
-5.951238517894009 
-5.951238517893104 
-5.951238517892213 
-5.951238517890933 
-5.951238517890579 
-5.951238517889932 
-5.951238517888524 
-5.951238517888501 
-5.951238517888126 
-5.951238517887992 
-5.951238517886986 
-5.951238517886051 
-5.951238517885618 
-5.951238517885304 
-5.951238517884501 
-5.951238517885131 
-5.951238517885517 
-5.951238517884999 
-5.951238517884891 
-5.951238517885529 
-5.951238517884821 
-5.951238517884780 
-5.951238517884546 
-5.951238517883967 
-5.951238517883019 
-5.951238517881231 
-5.951238517880578 
-5.951238517880278 
-5.951238517881675 
-5.951238517881564 
-5.951238517880524 
-5.951238517879483 
-5.951238517879196 
-5.951238517878972 
-5.951238517877980 
-5.951238517877447 
-5.951238517876942 
-5.951238517876297 
-5.951238517876010 
-5.951238517874426 
-5.951238517873092 
-5.951238517871900 
-5.951238517871049 
-5.951238517870632 
-5.951238517869195 
-5.951238517868096 
-5.951238517867728 
-5.951238517866387 
-5.951238517864854 
-5.951238517863086 
-5.951238517862643 
-5.951238517861563 
-5.951238517859696 
-5.951238517858079 
-5.951238517856324 
-5.951238517856412 
-5.951238517854922 
-5.951238517853541 
-5.951238517851462 
-5.951238517849027 
-5.951238517847393 
-5.951238517843684 
-5.951238517841190 
-5.951238517837480 
-5.951238517832889 
-5.951238517829792 
-5.951238517827831 
-5.951238517824810 
-5.951238517821444 
-5.951238517818085 
-5.951238517814539 
-5.951238517812238 
-5.951238517809279 
-5.951238517806594 
-5.951238517802709 
-5.951238517799209 
-5.951238517795501 
-5.951238517792053 
-5.951238517787405 
-5.951238517782791 
-5.951238517778216 
-5.951238517773887 
-5.951238517769380 
-5.951238517764300 
-5.951238517760201 
-5.951238517755906 
-5.951238517751318 
-5.951238517745931 
-5.951238517740514 
-5.951238517735352 
-5.951238517730099 
-5.951238517725042 
-5.951238517719665 
-5.951238517714202 
-5.951238517709349 
-5.951238517704019 
-5.951238517698517 
-5.951238517693027 
-5.951238517686586 
-5.951238517681091 
-5.951238517674986 
-5.951238517669041 
-5.951238517662259 
-5.951238517656096 
-5.951238517648703 
-5.951238517641695 
-5.951238517635798 
-5.951238517629554 
-5.951238517622448 
-5.951238517615758 
-5.951238517609005 
-5.951238517602576 
-5.951238517596158 
-5.951238517590038 
-5.951238517584011 
-5.951238517578174 
-5.951238517569812 
-5.951238517562826 
-5.951238517555204 
-5.951238517548170 
-5.951238517541666 
-5.951238517533129 
-5.951238517526359 
-5.951238517519319 
-5.951238517511633 
-5.951238517503861 
-5.951238517495904 
-5.951238517488441 
-5.951238517480394 
-5.951238517471042 
-5.951238517463418 
-5.951238517454795 
-5.951238517446914 
-5.951238517439464 
-5.951238517432636 
-5.951238517425194 
-5.951238517417381 
-5.951238517409456 
-5.951238517402471 
-5.951238517394394 
-5.951238517386535 
-5.951238517379805 
-5.951238517371243 
-5.951238517362443 
-5.951238517353926 
-5.951238517345755 
-5.951238517337235 
-5.951238517328098 
-5.951238517320672 
-5.951238517313317 
-5.951238517305582 
-5.951238517298426 
-5.951238517291655 
-5.951238517283635 
-5.951238517275724 
-5.951238517268653 
-5.951238517259802 
-5.951238517251474 
-5.951238517243412 
-5.951238517236346 
-5.951238517228352 
-5.951238517220740 
-5.951238517212950 
-5.951238517205219 
-5.951238517196871 
-5.951238517187901 
-5.951238517179336 
-5.951238517172197 
-5.951238517164916 
-5.951238517157021 
-5.951238517149397 
-5.951238517142525 
-5.951238517133480 
-5.951238517126463 
-5.951238517118504 
-5.951238517111064 
-5.951238517102654 
-5.951238517094771 
-5.951238517087407 
-5.951238517078909 
-5.951238517071680 
-5.951238517064479 
-5.951238517056972 
-5.951238517049363 
-5.951238517041689 
-5.951238517033314 
-5.951238517026805 
-5.951238517018497 
-5.951238517009857 
-5.951238517002066 
-5.951238516992788 
-5.951238516985820 
-5.951238516976922 
-5.951238516969589 
-5.951238516961437 
-5.951238516953335 
-5.951238516946428 
-5.951238516939491 
-5.951238516931969 
-5.951238516924303 
-5.951238516917211 
-5.951238516908927 
-5.951238516901968 
-5.951238516893864 
-5.951238516884906 
-5.951238516877965 
-5.951238516871509 
-5.951238516863867 
-5.951238516856997 
-5.951238516850525 
-5.951238516842390 
-5.951238516833985 
-5.951238516825882 
-5.951238516817297 
-5.951238516808941 
-5.951238516800692 
-5.951238516793036 
-5.951238516785340 
-5.951238516776858 
-5.951238516767996 
-5.951238516758510 
-5.951238516749379 
-5.951238516741149 
-5.951238516732806 
-5.951238516723688 
-5.951238516714845 
-5.951238516705666 
-5.951238516696479 
-5.951238516686566 
-5.951238516676747 
-5.951238516667578 
-5.951238516658482 
-5.951238516647787 
-5.951238516637962 
-5.951238516627242 
-5.951238516617241 
-5.951238516607008 
-5.951238516597456 
-5.951238516586839 
-5.951238516576725 
-5.951238516565176 
-5.951238516555152 
-5.951238516544859 
-5.951238516534412 
-5.951238516522423 
-5.951238516511616 
-5.951238516500697 
-5.951238516489574 
-5.951238516478147 
-5.951238516466545 
-5.951238516453832 
-5.951238516441507 
-5.951238516430880 
-5.951238516419176 
-5.951238516405751 
-5.951238516395225 
-5.951238516383198 
-5.951238516370679 
-5.951238516359166 
-5.951238516346637 
-5.951238516335258 
-5.951238516322596 
-5.951238516308947 
-5.951238516295958 
-5.951238516283118 
-5.951238516269711 
-5.951238516256216 
-5.951238516243768 
-5.951238516230257 
-5.951238516217497 
-5.951238516204722 
-5.951238516190800 
-5.951238516176896 
-5.951238516163346 
-5.951238516149212 
-5.951238516134779 
-5.951238516120380 
-5.951238516107067 
-5.951238516092167 
-5.951238516077405 
-5.951238516063305 
-5.951238516049635 
-5.951238516035645 
-5.951238516021035 
-5.951238516007303 
-5.951238515991779 
-5.951238515976963 
-5.951238515961548 
-5.951238515946759 
-5.951238515930378 
-5.951238515914454 
-5.951238515899990 
-5.951238515885446 
-5.951238515871228 
-5.951238515855707 
-5.951238515839225 
-5.951238515823335 
-5.951238515807799 
-5.951238515792173 
-5.951238515775802 
-5.951238515761235 
-5.951238515745366 
-5.951238515729480 
-5.951238515713943 
-5.951238515698924 
-5.951238515683006 
-5.951238515667235 
-5.951238515652377 
-5.951238515635626 
-5.951238515618989 
-5.951238515602981 
-5.951238515585588 
-5.951238515569052 
-5.951238515551741 
-5.951238515535152 
-5.951238515517115 
-5.951238515500014 
-5.951238515482965 
-5.951238515467025 
-5.951238515449777 
-5.951238515432871 
-5.951238515415892 
-5.951238515399350 
-5.951238515383173 
-5.951238515366774 
-5.951238515350252 
-5.951238515332607 
-5.951238515315145 
-5.951238515298859 
-5.951238515281569 
-5.951238515264315 
-5.951238515247021 
-5.951238515229570 
-5.951238515212562 
-5.951238515196381 
-5.951238515178938 
-5.951238515161796 
-5.951238515144537 
-5.951238515127234 
-5.951238515110650 
-5.951238515092323 
-5.951238515075199 
-5.951238515057079 
-5.951238515039363 
-5.951238515022152 
-5.951238515005114 
-5.951238514986961 
-5.951238514970592 
-5.951238514952632 
-5.951238514936393 
-5.951238514918908 
-5.951238514901600 
-5.951238514884527 
-5.951238514866688 
-5.951238514848562 
-5.951238514830830 
-5.951238514814695 
-5.951238514797417 
-5.951238514780234 
-5.951238514763219 
-5.951238514745905 
-5.951238514727503 
-5.951238514710786 
-5.951238514691378 
-5.951238514672792 
-5.951238514655793 
-5.951238514638450 
-5.951238514620518 
-5.951238514603061 
-5.951238514585103 
-5.951238514567570 
-5.951238514549942 
-5.951238514531173 
-5.951238514513205 
-5.951238514496098 
-5.951238514477890 
-5.951238514459298 
-5.951238514441810 
-5.951238514423405 
-5.951238514405631 
-5.951238514386550 
-5.951238514369058 
-5.951238514350267 
-5.951238514332601 
-5.951238514313909 
-5.951238514295467 
-5.951238514277987 
-5.951238514259326 
-5.951238514241312 
-5.951238514222921 
-5.951238514204081 
-5.951238514186008 
-5.951238514168161 
-5.951238514148831 
-5.951238514130451 
-5.951238514112724 
-5.951238514094987 
-5.951238514076952 
-5.951238514059235 
-5.951238514040984 
-5.951238514022579 
-5.951238514003149 
-5.951238513984316 
-5.951238513965005 
-5.951238513946439 
-5.951238513928642 
-5.951238513909304 
-5.951238513890914 
-5.951238513872205 
-5.951238513853240 
-5.951238513834926 
-5.951238513815130 
-5.951238513795391 
-5.951238513776258 
-5.951238513757287 
-5.951238513737766 
-5.951238513718493 
-5.951238513699130 
-5.951238513681507 
-5.951238513663004 
-5.951238513643917 
-5.951238513626222 
-5.951238513607347 
-5.951238513589243 
-5.951238513571262 
-5.951238513550144 
-5.951238513531440 
-5.951238513512807 
-5.951238513495244 
-5.951238513476432 
-5.951238513457400 
-5.951238513438311 
-5.951238513419801 
-5.951238513399463 
-5.951238513380439 
-5.951238513360650 
-5.951238513340726 
-5.951238513321943 
-5.951238513303791 
-5.951238513285286 
-5.951238513267537 
-5.951238513247954 
-5.951238513230066 
-5.951238513210414 
-5.951238513193003 
-5.951238513173052 
-5.951238513154475 
-5.951238513136389 
-5.951238513118905 
-5.951238513100850 
-5.951238513082774 
-5.951238513065851 
-5.951238513048676 
-5.951238513029660 
-5.951238513012665 
-5.951238512994715 
-5.951238512977685 
-5.951238512960053 
-5.951238512943315 
-5.951238512926961 
-5.951238512909841 
-5.951238512893049 
-5.951238512875848 
-5.951238512858646 
-5.951238512841195 
-5.951238512823590 
-5.951238512806196 
-5.951238512789808 
-5.951238512774200 
-5.951238512758204 
-5.951238512742302 
-5.951238512726303 
-5.951238512710653 
-5.951238512694114 
-5.951238512678489 
-5.951238512662592 
-5.951238512646497 
-5.951238512630922 
-5.951238512615246 
-5.951238512600044 
-5.951238512583677 
-5.951238512568541 
-5.951238512553595 
-5.951238512539446 
-5.951238512524810 
-5.951238512510177 
-5.951238512494859 
-5.951238512480858 
-5.951238512466851 
-5.951238512451968 
-5.951238512436795 
-5.951238512423132 
-5.951238512407968 
-5.951238512394653 
-5.951238512379392 
-5.951238512365660 
-5.951238512351623 
-5.951238512337695 
-5.951238512323366 
-5.951238512309314 
-5.951238512296859 
-5.951238512284331 
-5.951238512271261 
-5.951238512257762 
-5.951238512245630 
-5.951238512232274 
-5.951238512218759 
-5.951238512206509 
-5.951238512194283 
-5.951238512181594 
-5.951238512169065 
-5.951238512156238 
-5.951238512144316 
-5.951238512132478 
-5.951238512120553 
-5.951238512109521 
-5.951238512098627 
-5.951238512087270 
-5.951238512075705 
-5.951238512066773 
-5.951238512055697 
-5.951238512045520 
-5.951238512035093 
-5.951238512024172 
-5.951238512014815 
-5.951238512004411 
-5.951238511994519 
-5.951238511985225 
-5.951238511976085 
-5.951238511966990 
-5.951238511956740 
-5.951238511947349 
-5.951238511937716 
-5.951238511928118 
-5.951238511919242 
-5.951238511909850 
-5.951238511902363 
-5.951238511893791 
-5.951238511885736 
-5.951238511877445 
-5.951238511869236 
-5.951238511862560 
-5.951238511853646 
-5.951238511846823 
-5.951238511837793 
-5.951238511829434 
-5.951238511822474 
-5.951238511815316 
-5.951238511808418 
-5.951238511800773 
-5.951238511793902 
-5.951238511787449 
-5.951238511780620 
-5.951238511773702 
-5.951238511767706 
-5.951238511760113 
-5.951238511752075 
-5.951238511746643 
-5.951238511739822 
-5.951238511734994 
-5.951238511728468 
-5.951238511723455 
-5.951238511717915 
-5.951238511713801 
-5.951238511707155 
-5.951238511703250 
-5.951238511697147 
-5.951238511692849 
-5.951238511687455 
-5.951238511682838 
-5.951238511676392 
-5.951238511671610 
-5.951238511665919 
-5.951238511660104 
-5.951238511655744 
-5.951238511650926 
-5.951238511645083 
-5.951238511640280 
-5.951238511635599 
-5.951238511630874 
-5.951238511627089 
-5.951238511624791 
-5.951238511620580 
-5.951238511616798 
-5.951238511611781 
-5.951238511609780 
-5.951238511606679 
-5.951238511602370 
-5.951238511598183 
-5.951238511595443 
-5.951238511590577 
-5.951238511587764 
-5.951238511583702 
-5.951238511581720 
-5.951238511578134 
-5.951238511574886 
-5.951238511570743 
-5.951238511567182 
-5.951238511564839 
-5.951238511561122 
-5.951238511558014 
-5.951238511555873 
-5.951238511553443 
-5.951238511551061 
-5.951238511548194 
-5.951238511545285 
-5.951238511542305 
-5.951238511540947 
-5.951238511538752 
-5.951238511535246 
-5.951238511533658 
-5.951238511530326 
-5.951238511528397 
-5.951238511527015 
-5.951238511524613 
-5.951238511522527 
-5.951238511519449 
-5.951238511517360 
-5.951238511514468 
-5.951238511512250 
-5.951238511509165 
-5.951238511507530 
-5.951238511506375 
-5.951238511504593 
-5.951238511501739 
-5.951238511499236 
-5.951238511497576 
-5.951238511495736 
-5.951238511494263 
-5.951238511492729 
-5.951238511491487 
-5.951238511488838 
-5.951238511488532 
-5.951238511488207 
-5.951238511486287 
-5.951238511486422 
-5.951238511486015 
-5.951238511485478 
-5.951238511484402 
-5.951238511483933 
-5.951238511483323 
-5.951238511483048 
-5.951238511482179 
-5.951238511482042 
-5.951238511481977 
-5.951238511481968 
-5.951238511481735 
-5.951238511481586 
-5.951238511481870 
-5.951238511483032 
-5.951238511482624 
-5.951238511483680 
-5.951238511484121 
-5.951238511484219 
-5.951238511485925 
-5.951238511485580 
-5.951238511485983 
-5.951238511486769 
-5.951238511487428 
-5.951238511487510 
-5.951238511488724 
-5.951238511489454 
-5.951238511491095 
-5.951238511491720 
-5.951238511493386 
-5.951238511494140 
-5.951238511495140 
-5.951238511496330 
-5.951238511497884 
-5.951238511498962 
-5.951238511499227 
-5.951238511500817 
-5.951238511503599 
-5.951238511506494 
-5.951238511509535 
-5.951238511512290 
-5.951238511515399 
-5.951238511517015 
-5.951238511518711 
-5.951238511522075 
-5.951238511524731 
-5.951238511528302 
-5.951238511532074 
-5.951238511536403 
-5.951238511539700 
-5.951238511542789 
-5.951238511545658 
-5.951238511549140 
-5.951238511551999 
-5.951238511555868 
-5.951238511559283 
-5.951238511564168 
-5.951238511567432 
-5.951238511572733 
-5.951238511576578 
-5.951238511580903 
-5.951238511584753 
-5.951238511589031 
-5.951238511594569 
-5.951238511599445 
-5.951238511604062 
-5.951238511609168 
-5.951238511614246 
-5.951238511618982 
-5.951238511623687 
-5.951238511629177 
-5.951238511634556 
-5.951238511641793 
-5.951238511646714 
-5.951238511652907 
-5.951238511657690 
-5.951238511664071 
-5.951238511669265 
-5.951238511675576 
-5.951238511682759 
-5.951238511688612 
-5.951238511695619 
-5.951238511700776 
-5.951238511706704 
-5.951238511713650 
-5.951238511720807 
-5.951238511729576 
-5.951238511736621 
-5.951238511745390 
-5.951238511752415 
-5.951238511759179 
-5.951238511766329 
-5.951238511772684 
-5.951238511779822 
-5.951238511786948 
-5.951238511793946 
-5.951238511802162 
-5.951238511810161 
-5.951238511818120 
-5.951238511826480 
-5.951238511834624 
-5.951238511843314 
-5.951238511852033 
-5.951238511861030 
-5.951238511869479 
-5.951238511878673 
-5.951238511887898 
-5.951238511895315 
-5.951238511903130 
-5.951238511912974 
-5.951238511920611 
-5.951238511929207 
-5.951238511939188 
-5.951238511948111 
-5.951238511957786 
-5.951238511966515 
-5.951238511974552 
-5.951238511983965 
-5.951238511993740 
-5.951238512001670 
-5.951238512012075 
-5.951238512022064 
-5.951238512031798 
-5.951238512042480 
-5.951238512052538 
-5.951238512061998 
-5.951238512073208 
-5.951238512083858 
-5.951238512093459 
-5.951238512104761 
-5.951238512115149 
-5.951238512125421 
-5.951238512135935 
-5.951238512146725 
-5.951238512157220 
-5.951238512166999 
-5.951238512177896 
-5.951238512188087 
-5.951238512197771 
-5.951238512208381 
-5.951238512219136 
-5.951238512231185 
-5.951238512241934 
-5.951238512253463 
-5.951238512263579 
-5.951238512275862 
-5.951238512286673 
-5.951238512299961 
-5.951238512310895 
-5.951238512323107 
-5.951238512335031 
-5.951238512348266 
-5.951238512360603 
-5.951238512371840 
-5.951238512382243 
-5.951238512394768 
-5.951238512406281 
-5.951238512418079 
-5.951238512431201 
-5.951238512443697 
-5.951238512456798 
-5.951238512470044 
-5.951238512482446 
-5.951238512495051 
-5.951238512507140 
-5.951238512519085 
-5.951238512531789 
-5.951238512543821 
-5.951238512556721 
-5.951238512569195 
-5.951238512582760 
-5.951238512596498 
-5.951238512609609 
-5.951238512623576 
-5.951238512636968 
-5.951238512649500 
-5.951238512662601 
-5.951238512674255 
-5.951238512687582 
-5.951238512700698 
-5.951238512713504 
-5.951238512727713 
-5.951238512741307 
-5.951238512755670 
-5.951238512768182 
-5.951238512782631 
-5.951238512795566 
-5.951238512809168 
-5.951238512821485 
-5.951238512835323 
-5.951238512848960 
-5.951238512862836 
-5.951238512876535 
-5.951238512891861 
-5.951238512906272 
-5.951238512920632 
-5.951238512934307 
-5.951238512947942 
-5.951238512961439 
-5.951238512975634 
-5.951238512990544 
-5.951238513005126 
-5.951238513019056 
-5.951238513032141 
-5.951238513046999 
-5.951238513061184 
-5.951238513076385 
-5.951238513091795 
-5.951238513107208 
-5.951238513123144 
-5.951238513137886 
-5.951238513152230 
-5.951238513167260 
-5.951238513181247 
-5.951238513195451 
-5.951238513210966 
-5.951238513225859 
-5.951238513241258 
-5.951238513255849 
-5.951238513270916 
-5.951238513286555 
-5.951238513301604 
-5.951238513318773 
-5.951238513333537 
-5.951238513348079 
-5.951238513363148 
-5.951238513377525 
-5.951238513392713 
-5.951238513408352 
-5.951238513424533 
-5.951238513439923 
-5.951238513456018 
-5.951238513471841 
-5.951238513487646 
-5.951238513502030 
-5.951238513518621 
-5.951238513535737 
-5.951238513550285 
-5.951238513566042 
-5.951238513582762 
-5.951238513598286 
-5.951238513615950 
-5.951238513632974 
-5.951238513649589 
-5.951238513665263 
-5.951238513680696 
-5.951238513696164 
-5.951238513712979 
-5.951238513728926 
-5.951238513744832 
-5.951238513759959 
-5.951238513775718 
-5.951238513790432 
-5.951238513805561 
-5.951238513821275 
-5.951238513836188 
-5.951238513851402 
-5.951238513867174 
-5.951238513882829 
-5.951238513898113 
-5.951238513912779 
-5.951238513927178 
-5.951238513941292 
-5.951238513957913 
-5.951238513973749 
-5.951238513989051 
-5.951238514003100 
-5.951238514017777 
-5.951238514032709 
-5.951238514047563 
-5.951238514061718 
-5.951238514077009 
-5.951238514091916 
-5.951238514106176 
-5.951238514122188 
-5.951238514136246 
-5.951238514150972 
-5.951238514165217 
-5.951238514180187 
-5.951238514193700 
-5.951238514208087 
-5.951238514221778 
-5.951238514236171 
-5.951238514249759 
-5.951238514262852 
-5.951238514275389 
-5.951238514289756 
-5.951238514302387 
-5.951238514317495 
-5.951238514332211 
-5.951238514345732 
-5.951238514359331 
-5.951238514373186 
-5.951238514386388 
-5.951238514399705 
-5.951238514413514 
-5.951238514427459 
-5.951238514441190 
-5.951238514454769 
-5.951238514467127 
-5.951238514478962 
-5.951238514493195 
-5.951238514504282 
-5.951238514517405 
-5.951238514530810 
-5.951238514543796 
-5.951238514556726 
-5.951238514568331 
-5.951238514580771 
-5.951238514592768 
-5.951238514605306 
-5.951238514618270 
-5.951238514631167 
-5.951238514642530 
-5.951238514654101 
-5.951238514665588 
-5.951238514677434 
-5.951238514687938 
-5.951238514697556 
-5.951238514708225 
-5.951238514720236 
-5.951238514731843 
-5.951238514742597 
-5.951238514753725 
-5.951238514764905 
-5.951238514776152 
-5.951238514787337 
-5.951238514798527 
-5.951238514809751 
-5.951238514818927 
-5.951238514829376 
-5.951238514839160 
-5.951238514850067 
-5.951238514859554 
-5.951238514869985 
-5.951238514880740 
-5.951238514891005 
-5.951238514901595 
-5.951238514911563 
-5.951238514921113 
-5.951238514929504 
-5.951238514940459 
-5.951238514951073 
-5.951238514961149 
-5.951238514969575 
-5.951238514977868 
-5.951238514987550 
-5.951238514997256 
-5.951238515006099 
-5.951238515015336 
-5.951238515024171 
-5.951238515033289 
-5.951238515040618 
-5.951238515049740 
-5.951238515059062 
-5.951238515066327 
-5.951238515075400 
-5.951238515084968 
-5.951238515092795 
-5.951238515102114 
-5.951238515111644 
-5.951238515119650 
-5.951238515127298 
-5.951238515135949 
-5.951238515145331 
-5.951238515152896 
-5.951238515161777 
-5.951238515169352 
-5.951238515176751 
-5.951238515185391 
-5.951238515193698 
-5.951238515202565 
-5.951238515210635 
-5.951238515218488 
-5.951238515226022 
-5.951238515234505 
-5.951238515242874 
-5.951238515250241 
-5.951238515258466 
-5.951238515266864 
-5.951238515275687 
-5.951238515283833 
-5.951238515290522 
-5.951238515299785 
-5.951238515307585 
-5.951238515316410 
-5.951238515323211 
-5.951238515331582 
-5.951238515339900 
-5.951238515345546 
-5.951238515353395 
-5.951238515360719 
-5.951238515368262 
-5.951238515375350 
-5.951238515383088 
-5.951238515389042 
-5.951238515397288 
-5.951238515406207 
-5.951238515412283 
-5.951238515421087 
-5.951238515427376 
-5.951238515433875 
-5.951238515440963 
-5.951238515446882 
-5.951238515454641 
-5.951238515462407 
-5.951238515470568 
-5.951238515478230 
-5.951238515485210 
-5.951238515492195 
-5.951238515500046 
-5.951238515506413 
-5.951238515513246 
-5.951238515519705 
-5.951238515526007 
-5.951238515532450 
-5.951238515540459 
-5.951238515546322 
-5.951238515552951 
-5.951238515559007 
-5.951238515565901 
-5.951238515572745 
-5.951238515579292 
-5.951238515585805 
-5.951238515592328 
-5.951238515598550 
-5.951238515605351 
-5.951238515611563 
-5.951238515616177 
-5.951238515622784 
-5.951238515628068 
-5.951238515633788 
-5.951238515640474 
-5.951238515646689 
-5.951238515654407 
-5.951238515660930 
-5.951238515667354 
-5.951238515673930 
-5.951238515679657 
-5.951238515686667 
-5.951238515694294 
-5.951238515699856 
-5.951238515706518 
-5.951238515714286 
-5.951238515720005 
-5.951238515726102 
-5.951238515732248 
-5.951238515739844 
-5.951238515748015 
-5.951238515754826 
-5.951238515761712 
-5.951238515769165 
-5.951238515777261 
-5.951238515784705 
-5.951238515791292 
-5.951238515798190 
-5.951238515805252 
-5.951238515812163 
-5.951238515818434 
-5.951238515824725 
-5.951238515832669 
-5.951238515837916 
-5.951238515844953 
-5.951238515851619 
-5.951238515860187 
-5.951238515867948 
-5.951238515873419 
-5.951238515880592 
-5.951238515887770 
-5.951238515894218 
-5.951238515901435 
-5.951238515908749 
-5.951238515914687 
-5.951238515922091 
-5.951238515929262 
-5.951238515936370 
-5.951238515942897 
-5.951238515947982 
-5.951238515955048 
-5.951238515962249 
-5.951238515969058 
-5.951238515975088 
-5.951238515981643 
-5.951238515989292 
-5.951238515997608 
-5.951238516005836 
-5.951238516012586 
-5.951238516022051 
-5.951238516028299 
-5.951238516035747 
-5.951238516043345 
-5.951238516050597 
-5.951238516057552 
-5.951238516064894 
-5.951238516070736 
-5.951238516077542 
-5.951238516085743 
-5.951238516092383 
-5.951238516100063 
-5.951238516106922 
-5.951238516113423 
-5.951238516119799 
-5.951238516126759 
-5.951238516133284 
-5.951238516141107 
-5.951238516148892 
-5.951238516154748 
-5.951238516161252 
-5.951238516167940 
-5.951238516174783 
-5.951238516183262 
-5.951238516189638 
-5.951238516197421 
-5.951238516203811 
-5.951238516210132 
-5.951238516216558 
-5.951238516221970 
-5.951238516227844 
-5.951238516235366 
-5.951238516242599 
-5.951238516249489 
-5.951238516257296 
-5.951238516262681 
-5.951238516268825 
-5.951238516274840 
-5.951238516281812 
-5.951238516287868 
-5.951238516293921 
-5.951238516301395 
-5.951238516306969 
-5.951238516312312 
-5.951238516318350 
-5.951238516323459 
-5.951238516328271 
-5.951238516332277 
-5.951238516337382 
-5.951238516342306 
-5.951238516347245 
-5.951238516352625 
-5.951238516358782 
-5.951238516364860 
-5.951238516368175 
-5.951238516374318 
-5.951238516377927 
-5.951238516382327 
-5.951238516386150 
-5.951238516390159 
-5.951238516395735 
-5.951238516399062 
-5.951238516403388 
-5.951238516407088 
-5.951238516411001 
-5.951238516414677 
-5.951238516416684 
-5.951238516419821 
-5.951238516422644 
-5.951238516425972 
-5.951238516428428 
-5.951238516430832 
-5.951238516434681 
-5.951238516437675 
-5.951238516440073 
-5.951238516442749 
-5.951238516443676 
-5.951238516445211 
-5.951238516447367 
-5.951238516449780 
-5.951238516451190 
-5.951238516451729 
-5.951238516452109 
-5.951238516453008 
-5.951238516454904 
-5.951238516457077 
-5.951238516457874 
-5.951238516459031 
-5.951238516459911 
-5.951238516459568 
-5.951238516460029 
-5.951238516459505 
-5.951238516458679 
-5.951238516458760 
-5.951238516458268 
-5.951238516456733 
-5.951238516454636 
-5.951238516454564 
-5.951238516454033 
-5.951238516454259 
-5.951238516452760 
-5.951238516451133 
-5.951238516449639 
-5.951238516448697 
-5.951238516447456 
-5.951238516446972 
-5.951238516445237 
-5.951238516442915 
-5.951238516440153 
-5.951238516437622 
-5.951238516435001 
-5.951238516432167 
-5.951238516429008 
-5.951238516426530 
-5.951238516422372 
-5.951238516420405 
-5.951238516416225 
-5.951238516413333 
-5.951238516410546 
-5.951238516406786 
-5.951238516403774 
-5.951238516400840 
-5.951238516396817 
-5.951238516393097 
-5.951238516389258 
-5.951238516385100 
-5.951238516381316 
-5.951238516377982 
-5.951238516373452 
-5.951238516369719 
-5.951238516364231 
-5.951238516359387 
-5.951238516355643 
-5.951238516351498 
-5.951238516347015 
-5.951238516341961 
-5.951238516337233 
-5.951238516334152 
-5.951238516328768 
-5.951238516323956 
-5.951238516318358 
-5.951238516313628 
-5.951238516308941 
-5.951238516303102 
-5.951238516297863 
-5.951238516292700 
-5.951238516287935 
-5.951238516281572 
-5.951238516276584 
-5.951238516270356 
-5.951238516265661 
-5.951238516260773 
-5.951238516253452 
-5.951238516247848 
-5.951238516241876 
-5.951238516235652 
-5.951238516229884 
-5.951238516223225 
-5.951238516216936 
-5.951238516211034 
-5.951238516205347 
-5.951238516196817 
-5.951238516189376 
-5.951238516183148 
-5.951238516176176 
-5.951238516169687 
-5.951238516162670 
-5.951238516153837 
-5.951238516145830 
-5.951238516138276 
-5.951238516129861 
-5.951238516122332 
-5.951238516113900 
-5.951238516106424 
-5.951238516099349 
-5.951238516091289 
-5.951238516083528 
-5.951238516074421 
-5.951238516066251 
-5.951238516059736 
-5.951238516051497 
-5.951238516042773 
-5.951238516034155 
-5.951238516025351 
-5.951238516017670 
-5.951238516010060 
-5.951238516000830 
-5.951238515991814 
-5.951238515982787 
-5.951238515974946 
-5.951238515967724 
-5.951238515960033 
-5.951238515949975 
-5.951238515940971 
-5.951238515932324 
-5.951238515923247 
-5.951238515913296 
-5.951238515902428 
-5.951238515893329 
-5.951238515883406 
-5.951238515874438 
-5.951238515864997 
-5.951238515855632 
-5.951238515845748 
-5.951238515835412 
-5.951238515826018 
-5.951238515817129 
-5.951238515806725 
-5.951238515797357 
-5.951238515787566 
-5.951238515779321 
-5.951238515770829 
-5.951238515762106 
-5.951238515752983 
-5.951238515743341 
-5.951238515733428 
-5.951238515723609 
-5.951238515713713 
-5.951238515704299 
-5.951238515694731 
-5.951238515686162 
-5.951238515677049 
-5.951238515668028 
-5.951238515658821 
-5.951238515648710 
-5.951238515639409 
-5.951238515630079 
-5.951238515620540 
-5.951238515610386 
-5.951238515601627 
-5.951238515592857 
-5.951238515582526 
-5.951238515572165 
-5.951238515562430 
-5.951238515552949 
-5.951238515543377 
-5.951238515532811 
-5.951238515523196 
-5.951238515513345 
-5.951238515504704 
-5.951238515496746 
-5.951238515486935 
-5.951238515477316 
-5.951238515468057 
-5.951238515459482 
-5.951238515449860 
-5.951238515440390 
-5.951238515430418 
-5.951238515422435 
-5.951238515414409 
-5.951238515405656 
-5.951238515396495 
-5.951238515388094 
-5.951238515380397 
-5.951238515372361 
-5.951238515364690 
-5.951238515357295 
-5.951238515348455 
-5.951238515338906 
-5.951238515331026 
-5.951238515322363 
-5.951238515314097 
-5.951238515304953 
-5.951238515296437 
-5.951238515287960 
-5.951238515280157 
-5.951238515273293 
-5.951238515266081 
-5.951238515259074 
-5.951238515250990 
-5.951238515243742 
-5.951238515235845 
-5.951238515227336 
-5.951238515220850 
-5.951238515213447 
-5.951238515207335 
-5.951238515201211 
-5.951238515194390 
-5.951238515186996 
-5.951238515180813 
-5.951238515173920 
-5.951238515166494 
-5.951238515158352 
-5.951238515153941 
-5.951238515147040 
-5.951238515140702 
-5.951238515134547 
-5.951238515128205 
-5.951238515121128 
-5.951238515114976 
-5.951238515107992 
-5.951238515101531 
-5.951238515096353 
-5.951238515090909 
-5.951238515083878 
-5.951238515078571 
-5.951238515072386 
-5.951238515066668 
-5.951238515061688 
-5.951238515055878 
-5.951238515048749 
-5.951238515042437 
-5.951238515037078 
-5.951238515031538 
-5.951238515026890 
-5.951238515023435 
-5.951238515017263 
-5.951238515012655 
-5.951238515007503 
-5.951238515002656 
-5.951238514999156 
-5.951238514994548 
-5.951238514990200 
-5.951238514984777 
-5.951238514979931 
-5.951238514973545 
-5.951238514969360 
-5.951238514965750 
-5.951238514962096 
-5.951238514957019 
-5.951238514952122 
-5.951238514948070 
-5.951238514943805 
-5.951238514939423 
-5.951238514935628 
-5.951238514932053 
-5.951238514928630 
-5.951238514924916 
-5.951238514920512 
-5.951238514916030 
-5.951238514913020 
-5.951238514909637 
-5.951238514905803 
-5.951238514902244 
-5.951238514898249 
-5.951238514895323 
-5.951238514890880 
-5.951238514887474 
-5.951238514884225 
-5.951238514879629 
-5.951238514876463 
-5.951238514872115 
-5.951238514869647 
-5.951238514866582 
-5.951238514864358 
-5.951238514861442 
-5.951238514858087 
-5.951238514855804 
-5.951238514852877 
-5.951238514849644 
-5.951238514845674 
-5.951238514843097 
-5.951238514840006 
-5.951238514836547 
-5.951238514833969 
-5.951238514831211 
-5.951238514828007 
-5.951238514825463 
-5.951238514823551 
-5.951238514821178 
-5.951238514818922 
-5.951238514816842 
-5.951238514813778 
-5.951238514811147 
-5.951238514808956 
-5.951238514807168 
-5.951238514806803 
-5.951238514804756 
-5.951238514803629 
-5.951238514803282 
-5.951238514800873 
-5.951238514799293 
-5.951238514797348 
-5.951238514795649 
-5.951238514793800 
-5.951238514793851 
-5.951238514793451 
-5.951238514792319 
-5.951238514791401 
-5.951238514789170 
-5.951238514788837 
-5.951238514788550 
-5.951238514787147 
-5.951238514786604 
-5.951238514785680 
-5.951238514784650 
-5.951238514785593 
-5.951238514784650 
-5.951238514782505 
-5.951238514782739 
-5.951238514782704 
-5.951238514781945 
-5.951238514780984 
-5.951238514781399 
-5.951238514781810 
-5.951238514781972 
-5.951238514783074 
-5.951238514782446 
-5.951238514782512 
-5.951238514783588 
-5.951238514783848 
-5.951238514783881 
-5.951238514784860 
-5.951238514786464 
-5.951238514788409 
-5.951238514789470 
-5.951238514789122 
-5.951238514790187 
-5.951238514791747 
-5.951238514793776 
-5.951238514793678 
-5.951238514794890 
-5.951238514795562 
-5.951238514798245 
-5.951238514799378 
-5.951238514799815 
-5.951238514801704 
-5.951238514802601 
-5.951238514803768 
-5.951238514804913 
-5.951238514807150 
-5.951238514809558 
-5.951238514811780 
-5.951238514813353 
-5.951238514816322 
-5.951238514817449 
-5.951238514817834 
-5.951238514818487 
-5.951238514820369 
-5.951238514822089 
-5.951238514822985 
-5.951238514825498 
-5.951238514827454 
-5.951238514830594 
-5.951238514833291 
-5.951238514835723 
-5.951238514838797 
-5.951238514841303 
-5.951238514843797 
-5.951238514847411 
-5.951238514849058 
-5.951238514850449 
-5.951238514852890 
-5.951238514855800 
-5.951238514860292 
-5.951238514864344 
-5.951238514866469 
-5.951238514869608 
-5.951238514872252 
-5.951238514875080 
-5.951238514878839 
-5.951238514881119 
-5.951238514883515 
-5.951238514886636 
-5.951238514889420 
-5.951238514892728 
-5.951238514895719 
-5.951238514897918 
-5.951238514900964 
-5.951238514904293 
-5.951238514908088 
-5.951238514911505 
-5.951238514915033 
-5.951238514919349 
