1.000000000000000 
0.998252178045712 
0.996677934734891 
0.995252104824966 
0.993953652435906 
0.992764881571881 
0.991670821436167 
0.990658742242259 
0.989717769853465 
0.988838576234981 
0.988013128738418 
0.987234485520767 
0.986496627484068 
0.985794319374637 
0.985122994347114 
0.984478657545833 
0.983857805199730 
0.983257356448295 
0.982674595672450 
0.982107123537251 
0.981552815292875 
0.981009785148809 
0.980476355749777 
0.979951031953023 
0.979432478244552 
0.978919499243648 
0.978411022836119 
0.977906085551275 
0.977403819859019 
0.976903443114120 
0.976404247916772 
0.975905593693574 
0.975406899332326 
0.974907636728552 
0.974407325122286 
0.973905526121086 
0.973401839319929 
0.972895898441114 
0.972387367927946 
0.971875939934971 
0.971361331665263 
0.970843283011884 
0.970321554466275 
0.969795925261212 
0.969266191720153 
0.968732165788386 
0.968193673724538 
0.967650554933666 
0.967102660925501 
0.966549854383441 
0.965992008331642 
0.965429005389085 
0.964860737100837 
0.964287103337859 
0.963708011757787 
0.963123377319915 
0.962533121848467 
0.961937173638865 
0.961335467102337 
0.960727942444697 
0.960114545375641 
0.959495226845234 
0.958869942804720 
0.958238653988988 
0.957601325718428 
0.956957927718046 
0.956308433952016 
0.955652822471986 
0.954991075277656 
0.954323178188289 
0.953649120723966 
0.952968895995505 
0.952282500602090 
0.951589934535746 
0.950891201091894 
0.950186306785292 
0.949475261270751 
0.948758077268073 
0.948034770490730 
0.947305359577835 
0.946569866029043 
0.945828314142014 
0.945080730952163 
0.944327146174420 
0.943567592146766 
0.942802103775362 
0.942030718481077 
0.941253476147269 
0.940470419068698 
0.939681591901442 
0.938887041613730 
0.938086817437611 
0.937280970821371 
0.936469555382651 
0.935652626862206 
0.934830243078253 
0.934002463881367 
0.933169351109882 
0.932330968545765 
0.931487381870914 
0.930638658623861 
0.929784868156824 
0.928926081593089 
0.928062371784674 
0.927193813270240 
0.926320482233214 
0.925442456460066 
0.924559815298725 
0.923672639617067 
0.922781011761447 
0.921885015515220 
0.920984736057228 
0.920080259920178 
0.919171674948910 
0.918259070258482 
0.917342536192056 
0.916422164278545 
0.915498047189997 
0.914570278698677 
0.913638953633851 
0.912704167838240 
0.911766018124138 
0.910824602229204 
0.909880018771931 
0.908932367206802 
0.907981747779160 
0.907028261479833 
0.906072009999544 
0.905113095683166 
0.904151621483870 
0.903187690917268 
0.902221408015579 
0.901252877281961 
0.900282203645063 
0.899309492413928 
0.898334849233340 
0.897358380039736 
0.896380191017817 
0.895400388557945 
0.894419079214493 
0.893436369665224 
0.892452366671855 
0.891467177041892 
0.890480907591853 
0.889493665111954 
0.888505556332365 
0.887516687891062 
0.886527166303358 
0.885537097933101 
0.884546588965562 
0.883555745381974 
0.882564672935684 
0.881573477129821 
0.880582263196380 
0.879591136076586 
0.878600200402368 
0.877609560478733 
0.876619320266836 
0.875629583367487 
0.874640453004814 
0.873652032009792 
0.872664422803335 
0.871677727378605 
0.870692047282225 
0.869707483594028 
0.868724136905035 
0.867742107293291 
0.866761494297263 
0.865782396886465 
0.864804913429043 
0.863829141656033 
0.862855178622074 
0.861883120662365 
0.860913063345712 
0.859945101423533 
0.858979328774765 
0.858015838346626 
0.857054722091266 
0.856096070898377 
0.855139974523886 
0.854186521514914 
0.853235799131219 
0.852287893263411 
0.851342888348267 
0.850400867281513 
0.849461911328490 
0.848526100033174 
0.847593511126032 
0.846664220431239 
0.845738301773808 
0.844815826887218 
0.843896865322107 
0.842981484356641 
0.842069748909157 
0.841161721453683 
0.840257461938907 
0.839357027711192 
0.838460473442171 
0.837567851061452 
0.836679209694933 
0.835794595609176 
0.834914052162257 
0.834037619761453 
0.833165335828121 
0.832297234769989 
0.831433347961137 
0.830573703729795 
0.829718327354100 
0.828867241065876 
0.828020464062439 
0.827178012526428 
0.826339899653557 
0.825506135688179 
0.824676727966524 
0.823851680967383 
0.823030996370037 
0.822214673119168 
0.821402707496455 
0.820595093198566 
0.819791821421190 
0.818992880948792 
0.818198258249685 
0.817407937576072 
0.816621901068634 
0.815840128865278 
0.815062599213603 
0.814289288586664 
0.813520171801603 
0.812755222140672 
0.811994411474213 
0.811237710385128 
0.810485088294344 
0.809736513586843 
0.808991953737727 
0.808251375437878 
0.807514744718710 
0.806782027075544 
0.806053187589138 
0.805328191044891 
0.804607002049289 
0.803889585143144 
0.803175904911195 
0.802465926087688 
0.801759613657558 
0.801056932952844 
0.800357849744047 
0.799662330326138 
0.798970341598972 
0.798281851141908 
0.797596827282475 
0.796915239158965 
0.796237056776890 
0.795562251059276 
0.794890793890821 
0.794222658155987 
0.793557817771147 
0.792896247710949 
0.792237924029082 
0.791582823873721 
0.790930925497877 
0.790282208265005 
0.789636652650154 
0.788994240237036 
0.788354953711352 
0.787718776850742 
0.787085694511732 
0.786455692614001 
0.785828758122336 
0.785204879026553 
0.784584044319700 
0.783966243974757 
0.783351468920057 
0.782739711013578 
0.782130963016216 
0.781525218564094 
0.780922472139908 
0.780322719043265 
0.779725955359892 
0.779132177929577 
0.778541384312630 
0.777953572754625 
0.777368742149141 
0.776786891998210 
0.776208022370136 
0.775632133854359 
0.775059227513047 
0.774489304829090 
0.773922367650207 
0.773358418128920 
0.772797458658179 
0.772239491802491 
0.771684520224467 
0.771132546606785 
0.770583573569637 
0.770037603583836 
0.769494638879833 
0.768954681353025 
0.768417732465788 
0.767883793146816 
0.767352863688411 
0.766824943642473 
0.766300031716012 
0.765778125667091 
0.765259222202162 
0.764743316875771 
0.764230403993727 
0.763720476520712 
0.763213525993426 
0.762709542440236 
0.762208514308330 
0.761710428399228 
0.761215269813496 
0.760723021905339 
0.760233666247669 
0.759747182608100 
0.759263548936164 
0.758782741361936 
0.758304734206050 
0.757829500000979 
0.757357009523297 
0.756887231836487 
0.756420134343771 
0.755955682850274 
0.755493841633800 
0.755034573523371 
0.754577839984666 
0.754123601211431 
0.753671816221944 
0.753222442959589 
0.752775438396673 
0.752330758640595 
0.751888359041588 
0.751448194301289 
0.751010218581483 
0.750574385612458 
0.750140648800474 
0.749708961333980 
0.749279276288254 
0.748851546728270 
0.748425725809650 
0.748001766877645 
0.747579623564139 
0.747159249882748 
0.746740600322085 
0.746323629937326 
0.745908294440207 
0.745494550287590 
0.745082354768697 
0.744671666091125 
0.744262443465672 
0.743854647189969 
0.743448238730866 
0.743043180805397 
0.742639437460129 
0.742236974148563 
0.741835757806200 
0.741435756922775 
0.741036941611080 
0.740639283671722 
0.740242756653091 
0.739847335905723 
0.739452998630245 
0.739059723918016 
0.738667492783608 
0.738276288188248 
0.737886095053435 
0.737496900263954 
0.737108692659662 
0.736721463015501 
0.736335204009355 
0.735949910177545 
0.735565577857938 
0.735182205120830 
0.734799791688023 
0.734418338840671 
0.734037849316737 
0.733658327199069 
0.733279777795292 
0.732902207510889 
0.732525623716951 
0.732150034614179 
0.731775449094785 
0.731401876603919 
0.731029327002268 
0.730657810431350 
0.730287337182969 
0.729917917574096 
0.729549561828330 
0.729182279964855 
0.728816081695609 
0.728450976331193 
0.728086972695786 
0.727724079051174 
0.727362303029767 
0.727001651576345 
0.726642130898094 
0.726283746422384 
0.725926502761671 
0.725570403684813 
0.725215452094083 
0.724861650007143 
0.724508998543286 
0.724157497913265 
0.723807147412117 
0.723457945414436 
0.723109889371656 
0.722762975810966 
0.722417200335573 
0.722072557626127 
0.721729041443161 
0.721386644630522 
0.721045359119756 
0.720705175935543 
0.720366085202222 
0.720028076151549 
0.719691137131795 
0.719355255618291 
0.719020418225570 
0.718686610721156 
0.718353818041104 
0.718022024307324 
0.717691212846695 
0.717361366211946 
0.717032466204247 
0.716704493897419 
0.716377429663628 
0.716051253200424 
0.715725943558933 
0.715401479173023 
0.715077837889211 
0.714754996997126 
0.714432933260267 
0.714111622946875 
0.713791041860683 
0.713471165371362 
0.713151968444476 
0.712833425670790 
0.712515511294793 
0.712198199242336 
0.711881463147289 
0.711565276377187 
0.711249612057831 
0.710934443096852 
0.710619742206288 
0.710305481924224 
0.709991634635605 
0.709678172592319 
0.709365067932705 
0.709052292700618 
0.708739818864254 
0.708427618334886 
0.708115662985717 
0.707803924671060 
0.707492375246010 
0.707180986586850 
0.706869730612351 
0.706558579306171 
0.706247504740526 
0.705936479101301 
0.705625474714750 
0.705314464075914 
0.705003419878884 
0.704692315048990 
0.704381122776994 
0.704069816555335 
0.703758370216454 
0.703446757973179 
0.703134954461176 
0.702822934783371 
0.702510674556294 
0.702198149958204 
0.701885337778885 
0.701572215470923 
0.701258761202264 
0.700944953909842 
0.700630773354007 
0.700316200173465 
0.700001215940424 
0.699685803215591 
0.699369945602665 
0.699053627801918 
0.698736835662463 
0.698419556232767 
0.698101777808968 
0.697783489980547 
0.697464683672883 
0.697145351186275 
0.696825486230951 
0.696505083957700 
0.696184140983715 
0.695862655413314 
0.695540626853283 
0.695218056422587 
0.694894946756329 
0.694571302003886 
0.694247127821241 
0.693922431357643 
0.693597221236794 
0.693271507532912 
0.692945301742029 
0.692618616749068 
0.692291466791254 
0.691963867418510 
0.691635835451527 
0.691307388938260 
0.690978547109565 
0.690649330334737 
0.690319760077644 
0.689989858854124 
0.689659650191207 
0.689329158588679 
0.688998409483349 
0.688667429216308 
0.688336245003298 
0.688004884908217 
0.687673377819619 
0.687341753429998 
0.687010042217463 
0.686678275429388 
0.686346485067484 
0.686014703873710 
0.685682965316419 
0.685351303576086 
0.685019753530015 
0.684688350735434 
0.684357131410467 
0.684026132412508 
0.683695391213669 
0.683364945872993 
0.683034835005314 
0.682705097746683 
0.682375773716419 
0.682046902975932 
0.681718525984544 
0.681390683552632 
0.681063416792438 
0.680736767066962 
0.680410775937377 
0.680085485109396 
0.679760936379006 
0.679437171577985 
0.679114232519549 
0.678792160944419 
0.678470998467582 
0.678150786525882 
0.677831566326567 
0.677513378796825 
0.677196264534270 
0.676880263758296 
0.676565416262160 
0.676251761365619 
0.675939337867912 
0.675628184000890 
0.675318337382072 
0.675009834967433 
0.674702713003778 
0.674397006980556 
0.674092751581059 
0.673789980632995 
0.673488727058486 
0.673189022823610 
0.672890898887682 
0.672594385152535 
0.672299510412101 
0.672006302302668 
0.671714787254237 
0.671424990443391 
0.671136935748169 
0.670850645705394 
0.670566141470921 
0.670283442783241 
0.670002567930862 
0.669723533723815 
0.669446355469609 
0.669171046953881 
0.668897620425943 
0.668626086589320 
0.668356454597361 
0.668088732053876 
0.667822925018745 
0.667559038018334 
0.667297074060543 
0.667037034654233 
0.666778919832755 
0.666522728181282 
0.666268456867604 
0.666016101676050 
0.665765657044194 
0.665517116102001 
0.665270470713070 
0.665025711517673 
0.664782827977271 
0.664541808420236 
0.664302640088521 
0.664065309185049 
0.663829800921619 
0.663596099567126 
0.663364188495969 
0.663134050236488 
0.662905666519320 
0.662679018325567 
0.662454085934709 
0.662230848972165 
0.662009286456457 
0.661789376845911 
0.661571098084858 
0.661354427649269 
0.661139342591800 
0.660925819586195 
0.660713834971003 
0.660503364792578 
0.660294384847296 
0.660086870722972 
0.659880797839408 
0.659676141488036 
0.659472876870612 
0.659270979136893 
0.659070423421283 
0.658871184878365 
0.658673238717295 
0.658476560235009 
0.658281124848193 
0.658086908123990 
0.657893885809389 
0.657702033859279 
0.657511328463124 
0.657321746070238 
0.657133263413643 
0.656945857532475 
0.656759505792939 
0.656574185907788 
0.656389875954331 
0.656206554390957 
0.656024200072181 
0.655842792262207 
0.655662310647026 
0.655482735345057 
0.655304046916338 
0.655126226370291 
0.654949255172075 
0.654773115247561 
0.654597788986938 
0.654423259246995 
0.654249509352096 
0.654076523093890 
0.653904284729795 
0.653732778980276 
0.653561991024986 
0.653391906497792 
0.653222511480736 
0.653053792496984 
0.652885736502813 
0.652718330878684 
0.652551563419462 
0.652385422323833 
0.652219896182985 
0.652054973968611 
0.651890645020296 
0.651726899032352 
0.651563726040170 
0.651401116406158 
0.651239060805331 
0.651077550210612 
0.650916575877940 
0.650756129331219 
0.650596202347210 
0.650436786940415 
0.650277875348022 
0.650119460014980 
0.649961533579276 
0.649804088857451 
0.649647118830443 
0.649490616629794 
0.649334575524276 
0.649178988906987 
0.649023850282965 
0.648869153257357 
0.648714891524169 
0.648561058855656 
0.648407649092351 
0.648254656133772 
0.648102073929826 
0.647949896472918 
0.647798117790780 
0.647646731940036 
0.647495733000485 
0.647345115070137 
0.647194872260962 
0.647044998695378 
0.646895488503467 
0.646746335820885 
0.646597534787499 
0.646449079546710 
0.646300964245453 
0.646153183034873 
0.646005730071656 
0.645858599519991 
0.645711785554172 
0.645565282361788 
0.645419084147509 
0.645273185137430 
0.645127579583962 
0.644982261771224 
0.644837226020933 
0.644692466698729 
0.644547978220915 
0.644403755061565 
0.644259791759951 
0.644116082928236 
0.643972623259375 
0.643829407535159 
0.643686430634332 
0.643543687540716 
0.643401173351244 
0.643258883283837 
0.643116812685036 
0.642974957037286 
0.642833311965793 
0.642691873244864 
0.642550636803631 
0.642409598731087 
0.642268755280330 
0.642128102871969 
0.641987638096593 
0.641847357716268 
0.641707258665002 
0.641567338048150 
0.641427593140734 
0.641288021384676 
0.641148620384955 
0.641009387904715 
0.640870321859369 
0.640731420309758 
0.640592681454460 
0.640454103621313 
0.640315685258296 
0.640177424923873 
0.640039321276932 
0.639901373066481 
0.639763579121232 
0.639625938339249 
0.639488449677809 
0.639351112143623 
0.639213924783597 
0.639076886676253 
0.638939996923959 
0.638803254646094 
0.638666658973240 
0.638530209042527 
0.638393903994155 
0.638257742969197 
0.638121725108675 
0.637985849553938 
0.637850115448323 
0.637714521940065 
0.637579068186400 
0.637443753358785 
0.637308576649145 
0.637173537277032 
0.637038634497569 
0.636903867610059 
0.636769235967087 
0.636634738983995 
0.636500376148548 
0.636366147030651 
0.636232051291967 
0.636098088695265 
0.635964259113392 
0.635830562537697 
0.635696999085824 
0.635563569008739 
0.635430272696914 
0.635297110685584 
0.635164083659016 
0.635031192453750 
0.634898438060779 
0.634765821626667 
0.634633344453589 
0.634501007998337 
0.634368813870311 
0.634236763828543 
0.634104859777807 
0.633973103763895 
0.633841497968109 
0.633710044701067 
0.633578746395898 
0.633447605600895 
0.633316624971739 
0.633185807263344 
0.633055155321417 
0.632924672073796 
0.632794360521639 
0.632664223730522 
0.632534264821479 
0.632404486962055 
0.632274893357377 
0.632145487241282 
0.632016271867513 
0.631887250500993 
0.631758426409172 
0.631629802853451 
0.631501383080656 
0.631373170314569 
0.631245167747477 
0.631117378531735 
0.630989805771321 
0.630862452513364 
0.630735321739626 
0.630608416357952 
0.630481739193644 
0.630355292980796 
0.630229080353575 
0.630103103837472 
0.629977365840533 
0.629851868644614 
0.629726614396671 
0.629601605100149 
0.629476842606489 
0.629352328606829 
0.629228064623919 
0.629104052004337 
0.628980291911035 
0.628856785316276 
0.628733532995032 
0.628610535518854 
0.628487793250300 
0.628365306337937 
0.628243074711949 
0.628121098080402 
0.627999375926152 
0.627877907504438 
0.627756691841149 
0.627635727731765 
0.627515013740963 
0.627394548202872 
0.627274329221947 
0.627154354674441 
0.627034622210431 
0.626915129256368 
0.626795873018105 
0.626676850484354 
0.626558058430542 
0.626439493422999 
0.626321151823452 
0.626203029793770 
0.626085123300923 
0.625967428122116 
0.625849939850056 
0.625732653898331 
0.625615565506864 
0.625498669747423 
0.625381961529159 
0.625265435604172 
0.625149086573075 
0.625032908890566 
0.624916896870987 
0.624801044693887 
0.624685346409579 
0.624569795944699 
0.624454387107772 
0.624339113594816 
0.624223968994946 
0.624108946796053 
0.623994040390510 
0.623879243080957 
0.623764548086168 
0.623649948546996 
0.623535437532428 
0.623421008045745 
0.623306653030810 
0.623192365378468 
0.623078137933091 
0.622963963499256 
0.622849834848556 
0.622735744726562 
0.622621685859914 
0.622507650963553 
0.622393632748090 
0.622279623927296 
0.622165617225717 
0.622051605386405 
0.621937581178748 
0.621823537406398 
0.621709466915287 
0.621595362601703 
0.621481217420445 
0.621367024393005 
0.621252776615804 
0.621138467268438 
0.621024089621936 
0.620909637047015 
0.620795103022317 
0.620680481142616 
0.620565765126979 
0.620450948826879 
0.620336026234229 
0.620220991489353 
0.620105838888849 
0.619990562893366 
0.619875158135264 
0.619759619426151 
0.619643941764293 
0.619528120341886 
0.619412150552177 
0.619296027996434 
0.619179748490744 
0.619063308072653 
0.618946703007616 
0.618829929795272 
0.618712985175515 
0.618595866134382 
0.618478569909721 
0.618361093996653 
0.618243436152818 
0.618125594403382 
0.618007567045820 
0.617889352654451 
0.617770950084713 
0.617652358477190 
0.617533577261343 
0.617414606158977 
0.617295445187393 
0.617176094662228 
0.617056555199978 
0.616936827720150 
0.616816913447069 
0.616696813911293 
0.616576530950613 
0.616456066710629 
0.616335423644864 
0.616214604514398 
0.616093612386990 
0.615972450635655 
0.615851122936674 
0.615729633267005 
0.615607985901056 
0.615486185406789 
0.615364236641146 
0.615242144744729 
0.615119915135737 
0.614997553503121 
0.614875065798929 
0.614752458229827 
0.614629737247772 
0.614506909539833 
0.614383982017138 
0.614260961802956 
0.614137856219920 
0.614014672776383 
0.613891419151949 
0.613768103182193 
0.613644732842602 
0.613521316231784 
0.613397861553997 
0.613274377101057 
0.613150871233692 
0.613027352362419 
0.612903828928033 
0.612780309381796 
0.612656802165425 
0.612533315690989 
0.612409858320818 
0.612286438347548 
0.612163063974409 
0.612039743295882 
0.611916484278845 
0.611793294744322 
0.611670182349956 
0.611547154573320 
0.611424218696164 
0.611301381789718 
0.611178650701131 
0.611056032041136 
0.610933532173016 
0.610811157202953 
0.610688912971777 
0.610566805048205 
0.610444838723562 
0.610323019008019 
0.610201350628353 
0.610079838027210 
0.609958485363857 
0.609837296516395 
0.609716275085359 
0.609595424398690 
0.609474747517964 
0.609354247245840 
0.609233926134608 
0.609113786495745 
0.608993830410407 
0.608874059740695 
0.608754476141623 
0.608635081073650 
0.608515875815658 
0.608396861478257 
0.608278039017285 
0.608159409247397 
0.608040972855611 
0.607922730414693 
0.607804682396280 
0.607686829183624 
0.607569171083860 
0.607451708339707 
0.607334441140502 
0.607217369632514 
0.607100493928443 
0.606983814116063 
0.606867330265954 
0.606751042438285 
0.606634950688620 
0.606519055072735 
0.606403355650439 
0.606287852488405 
0.606172545662026 
0.606057435256330 
0.605942521365989 
0.605827804094473 
0.605713283552402 
0.605598959855170 
0.605484833119916 
0.605370903461915 
0.605257170990489 
0.605143635804529 
0.605030297987716 
0.604917157603558 
0.604804214690330 
0.604691469256035 
0.604578921273472 
0.604466570675523 
0.604354417350751 
0.604242461139407 
0.604130701829917 
0.604019139155951 
0.603907772794133 
0.603796602362456 
0.603685627419466 
0.603574847464246 
0.603464261937251 
0.603353870222013 
0.603243671647716 
0.603133665492667 
0.603023850988639 
0.602914227326069 
0.602804793660089 
0.602695549117347 
0.602586492803566 
0.602477623811794 
0.602368941231276 
0.602260444156873 
0.602152131698954 
0.602044002993688 
0.601936057213629 
0.601828293578522 
0.601720711366232 
0.601613309923693 
0.601506088677801 
0.601399047146139 
0.601292184947450 
0.601185501811767 
0.601078997590110 
0.600972672263666 
0.600866525952366 
0.600760558922792 
0.600654771595343 
0.600549164550578 
0.600443738534699 
0.600338494464111 
0.600233433429006 
0.600128556695948 
0.600023865709411 
0.599919362092255 
0.599815047645122 
0.599710924344737 
0.599606994341113 
0.599503259953676 
0.599399723666303 
0.599296388121310 
0.599193256112401 
0.599090330576633 
0.598987614585413 
0.598885111334584 
0.598782824133663 
0.598680756394263 
0.598578911617788 
0.598477293382451 
0.598375905329687 
0.598274751150054 
0.598173834568667 
0.598073159330280 
0.597972729184073 
0.597872547868237 
0.597772619094437 
0.597672946532239 
0.597573533793579 
0.597474384417364 
0.597375501854263 
0.597276889451794 
0.597178550439753 
0.597080487916061 
0.596982704833114 
0.596885203984658 
0.596787987993280 
0.596691059298544 
0.596594420145826 
0.596498072575878 
0.596402018415161 
0.596306259266972 
0.596210796503384 
0.596115631258011 
0.596020764419620 
0.595926196626568 
0.595831928262097 
0.595737959450450 
0.595644290053804 
0.595550919670022 
0.595457847631179 
0.595365073002850 
0.595272594584135 
0.595180410908393 
0.595088520244639 
0.594996920599593 
0.594905609720322 
0.594814585097461 
0.594723843968959 
0.594633383324325 
0.594543199909323 
0.594453290231106 
0.594363650563713 
0.594274276953933 
0.594185165227483 
0.594096310995461 
0.594007709661065 
0.593919356426522 
0.593831246300225 
0.593743374104033 
0.593655734480714 
0.593568321901515 
0.593481130673834 
0.593394154948970 
0.593307388729946 
0.593220825879376 
0.593134460127369 
0.593048285079459 
0.592962294224545 
0.592876480942836 
0.592790838513785 
0.592705360124012 
0.592620038875211 
0.592534867792021 
0.592449839829875 
0.592364947882809 
0.592280184791231 
0.592195543349653 
0.592111016314375 
0.592026596411117 
0.591942276342610 
0.591858048796130 
0.591773906450977 
0.591689841985902 
0.591605848086475 
0.591521917452392 
0.591438042804718 
0.591354216893079 
0.591270432502763 
0.591186682461779 
0.591102959647823 
0.591019256995179 
0.590935567501538 
0.590851884234737 
0.590768200339404 
0.590684509043524 
0.590600803664894 
0.590517077617496 
0.590433324417742 
0.590349537690627 
0.590265711175754 
0.590181838733236 
0.590097914349473 
0.590013932142788 
0.589929886368920 
0.589845771426374 
0.589761581861601 
0.589677312374029 
0.589592957820908 
0.589508513221990 
0.589423973764016 
0.589339334805013 
0.589254591878391 
0.589169740696839 
0.589084777156001 
0.588999697337942 
0.588914497514388 
0.588829174149737 
0.588743723903834 
0.588658143634516 
0.588572430399905 
0.588486581460466 
0.588400594280813 
0.588314466531264 
0.588228196089154 
0.588141781039883 
0.588055219677730 
0.587968510506403 
0.587881652239347 
0.587794643799805 
0.587707484320631 
0.587620173143867 
0.587532709820081 
0.587445094107470 
0.587357325970741 
0.587269405579757 
0.587181333307985 
0.587093109730709 
0.587004735623054 
0.586916211957799 
0.586827539903001 
0.586738720819424 
0.586649756257787 
0.586560647955833 
0.586471397835215 
0.586382007998230 
0.586292480724360 
0.586202818466672 
0.586113023848042 
0.586023099657232 
0.585933048844794 
0.585842874518831 
0.585752579940599 
0.585662168519942 
0.585571643810588 
0.585481009505274 
0.585390269430721 
0.585299427542447 
0.585208487919425 
0.585117454758584 
0.585026332369145 
0.584935125166811 
0.584843837667797 
0.584752474482711 
0.584661040310289 
0.584569539930994 
0.584477978200478 
0.584386360042928 
0.584294690444298 
0.584202974445446 
0.584111217135188 
0.584019423643290 
0.583927599133411 
0.583835748796030 
0.583743877841363 
0.583651991492310 
0.583560094977450 
0.583468193524109 
0.583376292351535 
0.583284396664205 
0.583192511645287 
0.583100642450295 
0.583008794200955 
0.582916971979313 
0.582825180822113 
0.582733425715451 
0.582641711589749 
0.582550043315057 
0.582458425696687 
0.582366863471214 
0.582275361302829 
0.582183923780072 
0.582092555412930 
0.582001260630307 
0.581910043777859 
0.581818909116188 
0.581727860819376 
0.581636902973853 
0.581546039577572 
0.581455274539488 
0.581364611679288 
0.581274054727380 
0.581183607325093 
0.581093273025073 
0.581003055291831 
0.580912957502441 
0.580822982947332 
0.580733134831159 
0.580643416273734 
0.580553830310966 
0.580464379895823 
0.580375067899248 
0.580285897111054 
0.580196870240743 
0.580107989918254 
0.580019258694624 
0.579930679042541 
0.579842253356788 
0.579753983954583 
0.579665873075784 
0.579577922882991 
0.579490135461524 
0.579402512819292 
0.579315056886561 
0.579227769515614 
0.579140652480341 
0.579053707475748 
0.578966936117404 
0.578880339940847 
0.578793920400965 
0.578707678871353 
0.578621616643684 
0.578535734927104 
0.578450034847658 
0.578364517447774 
0.578279183685836 
0.578194034435822 
0.578109070487071 
0.578024292544168 
0.577939701226948 
0.577855297070677 
0.577771080526368 
0.577687051961293 
0.577603211659656 
0.577519559823466 
0.577436096573606 
0.577352821951100 
0.577269735918587 
0.577186838361996 
0.577104129092435 
0.577021607848277 
0.576939274297460 
0.576857128039973 
0.576775168610549 
0.576693395481532 
0.576611808065937 
0.576530405720668 
0.576449187749909 
0.576368153408656 
0.576287301906393 
0.576206632410893 
0.576126144052137 
0.576045835926325 
0.575965707099987 
0.575885756614161 
0.575805983488632 
0.575726386726217 
0.575646965317091 
0.575567718243115 
0.575488644482195 
0.575409743012611 
0.575331012817342 
0.575252452888348 
0.575174062230821 
0.575095839867373 
0.575017784842161 
0.574939896224930 
0.574862173114985 
0.574784614645058 
0.574707219985065 
0.574629988345770 
0.574552918982311 
0.574476011197605 
0.574399264345621 
0.574322677834504 
0.574246251129557 
0.574169983756059 
0.574093875301931 
0.574017925420222 
0.573942133831430 
0.573866500325628 
0.573791024764416 
0.573715707082666 
0.573640547290074 
0.573565545472492 
0.573490701793054 
0.573416016493072 
0.573341489892708 
0.573267122391399 
0.573192914468048 
0.573118866680956 
0.573044979667493 
0.572971254143515 
0.572897690902495 
0.572824290814386 
0.572751054824199 
0.572677983950296 
0.572605079282382 
0.572532341979218 
0.572459773266031 
0.572387374431628 
0.572315146825217 
0.572243091852941 
0.572171210974116 
0.572099505697199 
0.572027977575469 
0.571956628202456 
0.571885459207115 
0.571814472248753 
0.571743669011750 
0.571673051200057 
0.571602620531520 
0.571532378732033 
0.571462327529557 
0.571392468648008 
0.571322803801076 
0.571253334685956 
0.571184062977063 
0.571114990319729 
0.571046118323928 
0.570977448558053 
0.570908982542783 
0.570840721745043 
0.570772667572129 
0.570704821365990 
0.570637184397702 
0.570569757862176 
0.570502542873101 
0.570435540458155 
0.570368751554510 
0.570302177004626 
0.570235817552376 
0.570169673839497 
0.570103746402372 
0.570038035669169 
0.569972541957321 
0.569907265471356 
0.569842206301082 
0.569777364420105 
0.569712739684695 
0.569648331832970 
0.569584140484403 
0.569520165139629 
0.569456405180548 
0.569392859870689 
0.569329528355846 
0.569266409664936 
0.569203502711092 
0.569140806292945 
0.569078319096097 
0.569016039694755 
0.568953966553508 
0.568892098029237 
0.568830432373133 
0.568768967732807 
0.568707702154495 
0.568646633585307 
0.568585759875559 
0.568525078781120 
0.568464587965815 
0.568404285003852 
0.568344167382249 
0.568284232503304 
0.568224477687054 
0.568164900173747 
0.568105497126323 
0.568046265632889 
0.567987202709211 
0.567928305301197 
0.567869570287398 
0.567810994481508 
0.567752574634877 
0.567694307439037 
0.567636189528243 
0.567578217482028 
0.567520387827785 
0.567462697043368 
0.567405141559712 
0.567347717763495 
0.567290421999808 
0.567233250574871 
0.567176199758771 
0.567119265788228 
0.567062444869397 
0.567005733180687 
0.566949126875618 
0.566892622085692 
0.566836214923294 
0.566779901484600 
0.566723677852509 
0.566667540099582 
0.566611484290983 
0.566555506487422 
0.566499602748095 
0.566443769133610 
0.566388001708901 
0.566332296546109 
0.566276649727451 
0.566221057348034 
0.566165515518642 
0.566110020368472 
0.566054568047806 
0.565999154730635 
0.565943776617208 
0.565888429936506 
0.565833110948647 
0.565777815947190 
0.565722541261361 
0.565667283258176 
0.565612038344466 
0.565556802968792 
0.565501573623251 
0.565446346845171 
0.565391119218679 
0.565335887376155 
0.565280647999555 
0.565225397821613 
0.565170133626906 
0.565114852252797 
0.565059550590233 
0.565004225584428 
0.564948874235396 
0.564893493598368 
0.564838080784066 
0.564782632958855 
0.564727147344768 
0.564671621219406 
0.564616051915723 
0.564560436821688 
0.564504773379848 
0.564449059086776 
0.564393291492426 
0.564337468199396 
0.564281586862105 
0.564225645185899 
0.564169640926080 
0.564113571886887 
0.564057435920414 
0.564001230925502 
0.563944954846588 
0.563888605672540 
0.563832181435489 
0.563775680209639 
0.563719100110118 
0.563662439291816 
0.563605695948289 
0.563548868310673 
0.563491954646664 
0.563434953259553 
0.563377862487325 
0.563320680701833 
0.563263406308053 
0.563206037743429 
0.563148573477295 
0.563091012010408 
0.563033351874572 
0.562975591632353 
0.562917729876903 
0.562859765231878 
0.562801696351445 
0.562743521920383 
0.562685240654275 
0.562626851299766 
0.562568352634900 
0.562509743469518 
0.562451022645700 
0.562392189038248 
0.562333241555192 
0.562274179138318 
0.562215000763669 
0.562155705442052 
0.562096292219486 
0.562036760177614 
0.561977108434031 
0.561917336142536 
0.561857442493261 
0.561797426712699 
0.561737288063570 
0.561677025844548 
0.561616639389802 
0.561556128068358 
0.561495491283263 
0.561434728470525 
0.561373839097842 
0.561312822663090 
0.561251678692578 
0.561190406739053 
0.561129006379463 
0.561067477212470 
0.561005818855711 
0.560944030942831 
0.560882113120267 
0.560820065043813 
0.560757886374972 
0.560695576777108 
0.560633135911417 
0.560570563432732 
0.560507858985196 
0.560445022197819 
0.560382052679940 
0.560318950016637 
0.560255713764114 
0.560192343445082 
0.560128838544188 
0.560065198503515 
0.560001422718203 
0.559937510532208 
0.559873461234255 
0.559809274054020 
0.559744948158572 
0.559680482649123 
0.559615876558108 
0.559551128846653 
0.559486238402452 
0.559421204038074 
0.559356024489775 
0.559290698416779 
0.559225224401125 
0.559159600948045 
0.559093826486935 
0.559027899372908 
0.558961817888965 
0.558895580248780 
0.558829184600112 
0.558762629028844 
0.558695911563645 
0.558629030181262 
0.558561982812410 
0.558494767348264 
0.558427381647520 
0.558359823544015 
0.558292090854864 
0.558224181389087 
0.558156092956695 
0.558087823378178 
0.558019370494365 
0.557950732176601 
0.557881906337184 
0.557812890940012 
0.557743684011373 
0.557674283650824 
0.557604688042086 
0.557534895463896 
0.557464904300738 
0.557394713053391 
0.557324320349214 
0.557253724952117 
0.557182925772118 
0.557111921874444 
0.557040712488093 
0.556969297013794 
0.556897675031310 
0.556825846306016 
0.556753810794700 
0.556681568650542 
0.556609120227225 
0.556536466082132 
0.556463606978615 
0.556390543887303 
0.556317277986416 
0.556243810661120 
0.556170143501879 
0.556096278301842 
0.556022217053270 
0.555947961943037 
0.555873515347241 
0.555798879824951 
0.555724058111184 
0.555649053109118 
0.555573867881652 
0.555498505642369 
0.555422969745967 
0.555347263678278 
0.555271391045917 
0.555195355565688 
0.555119161053814 
0.555042811415101 
0.554966310632097 
0.554889662754380 
0.554812871888011 
0.554735942185268 
0.554658877834722 
0.554581683051734 
0.554504362069426 
0.554426919130186 
0.554349358477763 
0.554271684349987 
0.554193900972129 
0.554116012550958 
0.554038023269469 
0.553959937282316 
0.553881758711933 
0.553803491645326 
0.553725140131526 
0.553646708179675 
0.553568199757696 
0.553489618791530 
0.553410969164871 
0.553332254719370 
0.553253479255240 
0.553174646532216 
0.553095760270804 
0.553016824153760 
0.552937841827763 
0.552858816905177 
0.552779752965892 
0.552700653559158 
0.552621522205369 
0.552542362397752 
0.552463177603895 
0.552383971267096 
0.552304746807477 
0.552225507622826 
0.552146257089160 
0.552066998560948 
0.551987735371012 
0.551908470830075 
0.551829208225924 
0.551749950822231 
0.551670701856999 
0.551591464540635 
0.551512242053689 
0.551433037544247 
0.551353854125002 
0.551274694870042 
0.551195562811361 
0.551116460935125 
0.551037392177745 
0.550958359421767 
0.550879365491628 
0.550800413149325 
0.550721505090019 
0.550642643937628 
0.550563832240452 
0.550485072466863 
0.550406367001113 
0.550327718139296 
0.550249128085499 
0.550170598948204 
0.550092132736948 
0.550013731359308 
0.549935396618226 
0.549857130209717 
0.549778933720994 
0.549700808629023 
0.549622756299560 
0.549544777986667 
0.549466874832756 
0.549389047869156 
0.549311298017236 
0.549233626090095 
0.549156032794833 
0.549078518735405 
0.549001084416083 
0.548923730245512 
0.548846456541384 
0.548769263535718 
0.548692151380756 
0.548615120155466 
0.548538169872660 
0.548461300486699 
0.548384511901815 
0.548307803981000 
0.548231176555476 
0.548154629434726 
0.548078162417061 
0.548001775300708 
0.547925467895394 
0.547849240034398 
0.547773091587032 
0.547697022471517 
0.547621032668209 
0.547545122233130 
0.547469291311732 
0.547393540152858 
0.547317869122801 
0.547242278719405 
0.547166769586109 
0.547091342525860 
0.547015998514774 
0.546940738715450 
0.546865564489828 
0.546790477411458 
0.546715479277069 
0.546640572117299 
0.546565758206456 
0.546491040071178 
0.546416420497851 
0.546341902538667 
0.546267489516163 
0.546193185026156 
0.546118992938921 
0.546044917398529 
0.545970962820248 
0.545897133885916 
0.545823435537241 
0.545749872966974 
0.545676451607941 
0.545603177119930 
0.545530055374460 
0.545457092437499 
0.545384294550174 
0.545311668107620 
0.545239219636061 
0.545166955768308 
0.545094883217824 
0.545023008751584 
0.544951339161934 
0.544879881237694 
0.544808641734751 
0.544737627346405 
0.544666844673741 
0.544596300196286 
0.544526000243228 
0.544455950965444 
0.544386158308610 
0.544316627987601 
0.544247365462421 
0.544178375915844 
0.544109664232950 
0.544041234982694 
0.543973092401627 
0.543905240379856 
0.543837682449303 
0.543770421774296 
0.543703461144475 
0.543636802970001 
0.543570449279009 
0.543504401717207 
0.543438661549556 
0.543373229663864 
0.543308106576199 
0.543243292437948 
0.543178787044360 
0.543114589844427 
0.543050699951909 
0.542987116157343 
0.542923836940870 
0.542860860485706 
0.542798184692102 
0.542735807191638 
0.542673725361718 
0.542611936340118 
0.542550437039488 
0.542489224161678 
0.542428294211815 
0.542367643512024 
0.542307268214745 
0.542247164315566 
0.542187327665546 
0.542127753982966 
0.542068438864506 
0.542009377795807 
0.541950566161432 
0.541891999254199 
0.541833672283909 
0.541775580385471 
0.541717718626442 
0.541660082013996 
0.541602665501345 
0.541545463993650 
0.541488472353420 
0.541431685405461 
0.541375097941380 
0.541318704723684 
0.541262500489498 
0.541206479953944 
0.541150637813193 
0.541094968747236 
0.541039467422383 
0.540984128493546 
0.540928946606294 
0.540873916398745 
0.540819032503285 
0.540764289548161 
0.540709682158963 
0.540655204960004 
0.540600852575643 
0.540546619631542 
0.540492500755900 
0.540438490580659 
0.540384583742720 
0.540330774885163 
0.540277058658504 
0.540223429721989 
0.540169882744949 
0.540116412408214 
0.540063013405620 
0.540009680445593 
0.539956408252840 
0.539903191570146 
0.539850025160294 
0.539796903808109 
0.539743822322630 
0.539690775539426 
0.539637758323059 
0.539584765569692 
0.539531792209844 
0.539478833211317 
0.539425883582263 
0.539372938374416 
0.539319992686481 
0.539267041667681 
0.539214080521447 
0.539161104509266 
0.539108108954667 
0.539055089247346 
0.539002040847415 
0.538948959289771 
0.538895840188576 
0.538842679241830 
0.538789472236022 
0.538736215050846 
0.538682903663984 
0.538629534155889 
0.538576102714611 
0.538522605640596 
0.538469039351462 
0.538415400386715 
0.538361685412402 
0.538307891225644 
0.538254014759055 
0.538200053085003 
0.538146003419693 
0.538091863127041 
0.538037629722320 
0.537983300875541 
0.537928874414554 
0.537874348327841 
0.537819720766966 
0.537764990048682 
0.537710154656646 
0.537655213242745 
0.537600164628004 
0.537545007803062 
0.537489741928204 
0.537434366332936 
0.537378880515100 
0.537323284139522 
0.537267577036182 
0.537211759197922 
0.537155830777689 
0.537099792085316 
0.537043643583859 
0.536987385885504 
0.536931019747046 
0.536874546064986 
0.536817965870239 
0.536761280322503 
0.536704490704294 
0.536647598414692 
0.536590604962825 
0.536533511961111 
0.536476321118312 
0.536419034232410 
0.536361653183363 
0.536304179925755 
0.536246616481379 
0.536188964931800 
0.536131227410908 
0.536073406097510 
0.536015503207977 
0.535957520988988 
0.535899461710387 
0.535841327658175 
0.535783121127672 
0.535724844416859 
0.535666499819913 
0.535608089620968 
0.535549616088098 
0.535491081467539 
0.535432487978164 
0.535373837806212 
0.535315133100276 
0.535256375966560 
0.535197568464395 
0.535138712602031 
0.535079810332684 
0.535020863550856 
0.534961874088908 
0.534902843713892 
0.534843774124635 
0.534784666949065 
0.534725523741777 
0.534666345981834 
0.534607135070797 
0.534547892330961 
0.534488619003820 
0.534429316248719 
0.534369985141714 
0.534310626674619 
0.534251241754229 
0.534191831201718 
0.534132395752207 
0.534072936054486 
0.534013452670888 
0.533953946077307 
0.533894416663348 
0.533834864732614 
0.533775290503105 
0.533715694107739 
0.533656075594976 
0.533596434929550 
0.533536771993283 
0.533477086586010 
0.533417378426560 
0.533357647153836 
0.533297892327959 
0.533238113431472 
0.533178309870617 
0.533118480976662 
0.533058626007280 
0.532998744147983 
0.532938834513590 
0.532878896149745 
0.532818928034466 
0.532758929079734 
0.532698898133106 
0.532638833979361 
0.532578735342171 
0.532518600885796 
0.532458429216796 
0.532398218885766 
0.532337968389085 
0.532277676170686 
0.532217340623828 
0.532156960092889 
0.532096532875167 
0.532036057222686 
0.531975531344009 
0.531914953406062 
0.531854321535957 
0.531793633822818 
0.531732888319615 
0.531672083044986 
0.531611215985083 
0.531550285095385 
0.531489288302544 
0.531428223506203 
0.531367088580830 
0.531305881377541 
0.531244599725930 
0.531183241435886 
0.531121804299427 
0.531060286092521 
0.530998684576912 
0.530936997501957 
0.530875222606451 
0.530813357620481 
0.530751400267263 
0.530689348265003 
0.530627199328770 
0.530564951172367 
0.530502601510239 
0.530440148059373 
0.530377588541235 
0.530314920683715 
0.530252142223097 
0.530189250906051 
0.530126244491643 
0.530063120753374 
0.529999877481236 
0.529936512483794 
0.529873023590287 
0.529809408652755 
0.529745665548175 
0.529681792180622 
0.529617786483439 
0.529553646421422 
0.529489369993002 
0.529424955232442 
0.529360400212023 
0.529295703044227 
0.529230861883902 
0.529165874930420 
0.529100740429798 
0.529035456676803 
0.528970022017014 
0.528904434848846 
0.528838693625528 
0.528772796857035 
0.528706743111962 
0.528640531019345 
0.528574159270416 
0.528507626620305 
0.528440931889674 
0.528374073966296 
0.528307051806570 
0.528239864436986 
0.528172510955540 
0.528104990533108 
0.528037302414784 
0.527969445921195 
0.527901420449811 
0.527833225476248 
0.527764860555599 
0.527696325323792 
0.527627619499005 
0.527558742883148 
0.527489695363448 
0.527420476914130 
0.527351087598246 
0.527281527569653 
0.527211797075165 
0.527141896456906 
0.527071826154873 
0.527001586709738 
0.526931178765890 
0.526860603074749 
0.526789860498349 
0.526718952013196 
0.526647878714428 
0.526576641820242 
0.526505242676615 
0.526433682762295 
0.526361963694059 
0.526290087232203 
0.526218055286267 
0.526145869920944 
0.526073533362155 
0.526001048003243 
0.525928416411257 
0.525855641333259 
0.525782725702624 
0.525709672645269 
0.525636485485747 
0.525563167753162 
0.525489723186829 
0.525416155741617 
0.525342469592922 
0.525268669141186 
0.525194759015924 
0.525120744079174 
0.525046629428324 
0.524972420398260 
0.524898122562779 
0.524823741735225 
0.524749283968308 
0.524674755553058 
0.524600163016910 
0.524525513120879 
0.524450812855815 
0.524376069437739 
0.524301290302261 
0.524226483098080 
0.524151655679593 
0.524076816098640 
0.524001972595402 
0.523927133588511 
0.523852307664401 
0.523777503565952 
0.523702730180492 
0.523627996527204 
0.523553311744007 
0.523478685073966 
0.523404125851313 
0.523329643487123 
0.523255247454733 
0.523180947274950 
0.523106752501129 
0.523032672704160 
0.522958717457445 
0.522884896321908 
0.522811218831086 
0.522737694476360 
0.522664332692358 
0.522591142842585 
0.522518134205295 
0.522445315959653 
0.522372697172220 
0.522300286783765 
0.522228093596449 
0.522156126261392 
0.522084393266637 
0.522012902925538 
0.521941663365575 
0.521870682517623 
0.521799968105678 
0.521729527637055 
0.521659368393081 
0.521589497420278 
0.521519921522067 
0.521450647250994 
0.521381680901500 
0.521313028503243 
0.521244695814989 
0.521176688319085 
0.521109011216529 
0.521041669422643 
0.520974667563375 
0.520908009972226 
0.520841700687822 
0.520775743452130 
0.520710141709342 
0.520644898605397 
0.520580016988188 
0.520515499408404 
0.520451348121047 
0.520387565087585 
0.520324151978744 
0.520261110177926 
0.520198440785235 
0.520136144622089 
0.520074222236396 
0.520012673908275 
0.519951499656287 
0.519890699244144 
0.519830272187873 
0.519770217763390 
0.519710535014452 
0.519651222760955 
0.519592279607522 
0.519533703952368 
0.519475493996369 
0.519417647752332 
0.519360163054389 
0.519303037567502 
0.519246268797032 
0.519189854098325 
0.519133790686300 
0.519078075644970 
0.519022705936905 
0.518967678412561 
0.518912989819484 
0.518858636811326 
0.518804615956682 
0.518750923747687 
0.518697556608387 
0.518644510902837 
0.518591782942925 
0.518539368995904 
0.518487265291605 
0.518435468029352 
0.518383973384530 
0.518332777514837 
0.518281876566187 
0.518231266678282 
0.518180943989833 
0.518130904643444 
0.518081144790166 
0.518031660593697 
0.517982448234264 
0.517933503912182 
0.517884823851083 
0.517836404300845 
0.517788241540214 
0.517740331879137 
0.517692671660813 
0.517645257263470 
0.517598085101882 
0.517551151628643 
0.517504453335199 
0.517457986752655 
0.517411748452369 
0.517365735046356 
0.517319943187487 
0.517274369569521 
0.517229010926977 
0.517183864034845 
0.517138925708163 
0.517094192801458 
0.517049662208081 
0.517005330859419 
0.516961195724026 
0.516917253806653 
0.516873502147215 
0.516829937819681 
0.516786557930908 
0.516743359619428 
0.516700340054188 
0.516657496433265 
0.516614825982543 
0.516572325954379 
0.516529993626255 
0.516487826299419 
0.516445821297528 
0.516403975965294 
0.516362287667141 
0.516320753785878 
0.516279371721382 
0.516238138889309 
0.516197052719837 
0.516156110656425 
0.516115310154618 
0.516074648680876 
0.516034123711449 
0.515993732731289 
0.515953473233006 
0.515913342715865 
0.515873338684832 
0.515833458649668 
0.515793700124067 
0.515754060624852 
0.515714537671208 
0.515675128783984 
0.515635831485032 
0.515596643296606 
0.515557561740813 
0.515518584339113 
0.515479708611878 
0.515440932078003 
0.515402252254561 
0.515363666656523 
0.515325172796528 
0.515286768184691 
0.515248450328488 
0.515210216732668 
0.515172064899227 
0.515133992327433 
0.515095996513893 
0.515058074952681 
0.515020225135493 
0.514982444551875 
0.514944730689475 
0.514907081034356 
0.514869493071340 
0.514831964284413 
0.514794492157158 
0.514757074173237 
0.514719707816917 
0.514682390573629 
0.514645119930581 
0.514607893377394 
0.514570708406790 
0.514533562515313 
0.514496453204086 
0.514459377979607 
0.514422334354581 
0.514385319848788 
0.514348331989982 
0.514311368314823 
0.514274426369851 
0.514237503712479 
0.514200597912022 
0.514163706550760 
0.514126827225021 
0.514089957546295 
0.514053095142375 
0.514016237658514 
0.513979382758613 
0.513942528126424 
0.513905671466768 
0.513868810506771 
0.513831942997112 
0.513795066713279 
0.513758179456833 
0.513721279056668 
0.513684363370281 
0.513647430285028 
0.513610477719369 
0.513573503624109 
0.513536505983610 
0.513499482816984 
0.513462432179260 
0.513425352162503 
0.513388240896912 
0.513351096551856 
0.513313917336865 
0.513276701502557 
0.513239447341509 
0.513202153189046 
0.513164817423959 
0.513127438469137 
0.513090014792110 
0.513052544905490 
0.513015027367319 
0.512977460781299 
0.512939843796916 
0.512902175109440 
0.512864453459807 
0.512826677634366 
0.512788846464509 
0.512750958826150 
0.512713013639081 
0.512675009866187 
0.512636946512524 
0.512598822624252 
0.512560637287444 
0.512522389626750 
0.512484078803930 
0.512445704016264 
0.512407264494831 
0.512368759502676 
0.512330188332862 
0.512291550306419 
0.512252844770195 
0.512214071094627 
0.512175228671428 
0.512136316911211 
0.512097335241064 
0.512058283102073 
0.512019159946825 
0.511979965236887 
0.511940698440287 
0.511901359029003 
0.511861946476476 
0.511822460255161 
0.511782899834129 
0.511743264676733 
0.511703554238354 
0.511663767964235 
0.511623905287416 
0.511583965626790 
0.511543948385278 
0.511503852948135 
0.511463678681417 
0.511423424930580 
0.511383091019254 
0.511342676248180 
0.511302179894315 
0.511261601210121 
0.511220939423026 
0.511180193735080 
0.511139363322774 
0.511098447337072 
