0.226871938675262 
0.000022814393012 
0.012612982828615 
0.000003083426606 
0.012925149427430 
0.000002880878907 
0.012257594864754 
0.000002682917068 
0.011632369115183 
0.000002502008514 
0.011048500445327 
0.000002336241901 
0.010503557086199 
0.000002184078523 
0.009995222020583 
0.000002044177150 
0.009521285617625 
0.000001915368276 
0.009079646785951 
0.000001796619361 
0.008668313290621 
0.000001687017355 
0.008285400818684 
0.000001585750769 
0.007929130788209 
0.000001492100300 
0.007597827119894 
0.000001405416763 
0.007289912205963 
0.000001325118318 
0.007003902342463 
0.000001250683284 
0.006738402839964 
0.000001181639301 
0.006492103010578 
0.000001117560118 
0.006263771150149 
0.000001058057074 
0.006052249651628 
0.000001002776275 
0.005856450278671 
0.000000951397485 
0.005675349744193 
0.000000903627510 
0.005507985546549 
0.000000859199781 
0.005353452092138 
0.000000817864814 
0.005210897153386 
0.000000779406736 
0.005079518631824 
0.000000743609459 
0.004958561566535 
0.000000710288983 
0.004847315447603 
0.000000679265693 
0.004745111757430 
0.000000650386890 
0.004651321686153 
0.000000623493900 
0.004565354098655 
0.000000598456558 
0.004486653596916 
0.000000575150304 
0.004414698736604 
0.000000553446899 
0.004349000354903 
0.000000533251452 
0.004289100004281 
0.000000514451836 
0.004234568370257 
0.000000496956030 
0.004185003899329 
0.000000480678711 
0.004140031323720 
0.000000465543765 
0.004099300326167 
0.000000451466493 
0.004062484187466 
0.000000438381377 
0.004029278534216 
0.000000426223109 
0.003999400047187 
0.000000414925356 
0.003972585241288 
0.000000404437824 
0.003948589303747 
0.000000394702456 
0.003927184934919 
0.000000385674260 
0.003908161250699 
0.000000377305696 
0.003891322701588 
0.000000369542863 
0.003876488119256 
0.000000362357776 
0.003863489656143 
0.000000355702926 
0.003852171958334 
0.000000349553996 
0.003842391230626 
0.000000343859194 
0.003834014440300 
0.000000338606506 
0.003826918554111 
0.000000333751500 
0.003820989769465 
0.000000329277658 
0.003816122866000 
0.000000325154900 
0.003812220564518 
0.000000321366147 
0.003809192914534 
0.000000317874573 
0.003806956760760 
0.000000314674911 
0.003805435238335 
0.000000311739092 
0.003804557249847 
0.000000309047840 
0.003804257087420 
0.000000306594378 
0.003804473984039 
0.000000304355686 
0.003805151758066 
0.000000302313662 
0.003806238445727 
0.000000300462133 
0.003807686015484 
0.000000298788311 
0.003809450027740 
0.000000297278003 
0.003811489430966 
0.000000295911926 
0.003813766230785 
0.000000294686818 
0.003816245346510 
0.000000293608295 
0.003818894315296 
0.000000292643926 
0.003821683155030 
0.000000291793157 
0.003824584209933 
0.000000291059707 
0.003827571881746 
0.000000290417744 
0.003830622618652 
0.000000289873892 
0.003833714617284 
0.000000289424417 
0.003836827853856 
0.000000289049206 
0.003839943849503 
0.000000288763038 
0.003843045600509 
0.000000288533945 
0.003846117486535 
0.000000288373405 
0.003849145138395 
0.000000288290355 
0.003852115388064 
0.000000288252255 
0.003855016176763 
0.000000288272830 
0.003857836455449 
0.000000288347602 
0.003860566136266 
0.000000288468127 
0.003863196003380 
0.000000288640175 
0.003865717688437 
0.000000288848115 
0.003868123543417 
0.000000289109600 
0.003870406673721 
0.000000289399433 
0.003872560790305 
0.000000289719949 
0.003874580255079 
0.000000290075847 
0.003876459955171 
0.000000290467626 
0.003878195287202 
0.000000290881676 
0.003879782167716 
0.000000291324798 
0.003881216916305 
0.000000291792424 
0.003882496265278 
0.000000292292324 
0.003883617295264 
0.000000292800513 
0.003884577470174 
0.000000293334390 
0.003885374550488 
0.000000293889431 
0.003886006565437 
0.000000294467367 
0.003886471840763 
0.000000295052685 
0.003886768932444 
0.000000295646169 
0.003886896601333 
0.000000296266494 
0.003886853872197 
0.000000296903504 
0.003886639893382 
0.000000297536475 
0.003886254030876 
0.000000298189942 
0.003885695835354 
0.000000298861094 
0.003884964965809 
0.000000299534713 
0.003884061266045 
0.000000300212324 
0.003882984709051 
0.000000300890348 
0.003881735371901 
0.000000301575316 
0.003880313466132 
0.000000302275938 
0.003878719367167 
0.000000302985329 
0.003876953431286 
0.000000303696426 
0.003875016288783 
0.000000304404116 
0.003872908530954 
0.000000305100789 
0.003870630891225 
0.000000305819865 
0.003868184199933 
0.000000306547682 
0.003865569373938 
0.000000307258231 
0.003862787370588 
0.000000307975788 
0.003859839236074 
0.000000308688349 
0.003856726118617 
0.000000309399700 
0.003853449118448 
0.000000310129497 
0.003850009518973 
0.000000310837610 
0.003846408548009 
0.000000311549137 
0.003842647492413 
0.000000312262290 
0.003838727648094 
0.000000312976940 
0.003834650362263 
0.000000313691040 
0.003830416939449 
0.000000314397067 
0.003826028712199 
0.000000315100730 
0.003821486957338 
0.000000315800358 
0.003816792974072 
0.000000316503521 
0.003811947931254 
0.000000317197307 
0.003806953023410 
0.000000317890445 
0.003801809328521 
0.000000318603397 
0.003796517873617 
0.000000319298732 
0.003791079564466 
0.000000319990582 
0.003785495205606 
0.000000320698031 
0.003779765519877 
0.000000321393951 
0.003773891069135 
0.000000322080720 
0.003767872305303 
0.000000322785714 
0.003761709500726 
0.000000323479952 
0.003755402820330 
0.000000324176740 
0.003748952251919 
0.000000324882973 
0.003742357636419 
0.000000325582229 
0.003735618659204 
0.000000326292928 
0.003728734814273 
0.000000327003553 
0.003721705551593 
0.000000327734027 
0.003714530036200 
0.000000328436863 
0.003707207386476 
0.000000329172095 
0.003699736585087 
0.000000329894688 
0.003692116526220 
0.000000330624818 
0.003684345929675 
0.000000331354837 
0.003676423534526 
0.000000332093909 
0.003668348025660 
0.000000332851390 
0.003660118017373 
0.000000333595293 
0.003651732195430 
0.000000334336531 
0.003643189262983 
0.000000335090275 
0.003634487991027 
0.000000335853209 
0.003625627224168 
0.000000336619418 
0.003616606087043 
0.000000337380621 
0.003607423737746 
0.000000338133930 
0.003598079625387 
0.000000338904153 
0.003588573490270 
0.000000339664471 
0.003578905312116 
0.000000340411684 
0.003569075406014 
0.000000341180480 
0.003559084543635 
0.000000341930578 
0.003548933768380 
0.000000342703623 
0.003538624730451 
0.000000343451968 
0.003528159417847 
0.000000344184764 
0.003517540317627 
0.000000344914954 
0.003506770505971 
0.000000345642546 
0.003495853525819 
0.000000346363509 
0.003484793532613 
0.000000347071822 
0.003473595187177 
0.000000347753545 
0.003462263742168 
0.000000348424853 
0.003450805029745 
0.000000349086499 
0.003439225404976 
0.000000349713645 
0.003427531845348 
0.000000350341889 
0.003415731765549 
0.000000350942643 
0.003403833243558 
0.000000351542148 
0.003391844755842 
0.000000352107966 
0.003379775283895 
0.000000352638358 
0.003367634265629 
0.000000353177932 
0.003355431534974 
0.000000353659972 
0.003343177315569 
0.000000354145223 
0.003330882181293 
0.000000354586313 
0.003318556902126 
0.000000355013598 
0.003306212639346 
0.000000355426197 
0.003293860607814 
0.000000355803208 
0.003281512228288 
0.000000356150109 
0.003269178968669 
0.000000356492055 
0.003256872424344 
0.000000356794987 
0.003244604065757 
0.000000357064624 
0.003232385344954 
0.000000357327176 
0.003220227567937 
0.000000357573806 
0.003208141933469 
0.000000357784482 
0.003196139292726 
0.000000357977684 
0.003184230303889 
0.000000358154455 
0.003172425317996 
0.000000358293713 
0.003160734251033 
0.000000358445095 
0.003149166613771 
0.000000358565724 
0.003137731533249 
0.000000358675134 
0.003126437593706 
0.000000358773159 
0.003115292831259 
0.000000358879471 
0.003104304791027 
0.000000358951339 
0.003093480414571 
0.000000359022021 
0.003082826034288 
0.000000359091493 
0.003072347334920 
0.000000359157073 
0.003062049399125 
0.000000359235112 
0.003051936561161 
0.000000359311544 
0.003042012587549 
0.000000359366138 
0.003032280491346 
0.000000359440674 
0.003022742603079 
0.000000359547453 
0.003013400496081 
0.000000359619634 
0.003004255115579 
0.000000359726470 
0.002995306665431 
0.000000359850000 
0.002986554528081 
0.000000359970070 
0.002977997523480 
0.000000360111846 
0.002969633589869 
0.000000360271187 
0.002961460008554 
0.000000360468296 
0.002953473364860 
0.000000360669619 
0.002945669414482 
0.000000360886666 
0.002938043290041 
0.000000361152062 
0.002930589308002 
0.000000361427852 
0.002923301166890 
0.000000361719907 
0.002916171743793 
0.000000362029654 
0.002909193269917 
0.000000362377143 
0.002902357313367 
0.000000362740424 
0.002895654717575 
0.000000363141382 
0.002889075680340 
0.000000363568676 
0.002882609709375 
0.000000364013104 
0.002876245834115 
0.000000364473023 
0.002869972291848 
0.000000364971664 
0.002863776969710 
0.000000365465759 
0.002857647104267 
0.000000366015896 
0.002851569441838 
0.000000366544547 
0.002845530346678 
0.000000367141960 
0.002839515787234 
0.000000367734573 
0.002833511326733 
0.000000368343233 
0.002827502365428 
0.000000368950972 
0.002821473887056 
0.000000369597520 
0.002815410883419 
0.000000370223045 
0.002809298170988 
0.000000370892569 
0.002803120562053 
0.000000371542707 
0.002796862921994 
0.000000372184429 
0.002790510139321 
0.000000372831033 
0.002784047313847 
0.000000373504280 
0.002777459911128 
0.000000374148161 
0.002770733534176 
0.000000374794493 
0.002763854452469 
0.000000375419348 
0.002756809061963 
0.000000376066482 
0.002749584567578 
0.000000376646499 
0.002742168691299 
0.000000377252646 
0.002734549767781 
0.000000377809811 
0.002726716912589 
0.000000378371570 
0.002718660031397 
0.000000378877891 
0.002710369785180 
0.000000379400783 
0.002701837778437 
0.000000379843071 
0.002693056475391 
0.000000380303273 
0.002684019327723 
0.000000380683534 
0.002674720683656 
0.000000381069790 
0.002665155859415 
0.000000381406255 
0.002655321307282 
0.000000381681260 
0.002645214415579 
0.000000381942074 
0.002634833483036 
0.000000382155486 
0.002624177913478 
0.000000382324357 
0.002613248083730 
0.000000382440878 
0.002602045295303 
0.000000382511855 
0.002590571888571 
0.000000382559013 
0.002578831000695 
0.000000382551636 
0.002566826806857 
0.000000382485155 
0.002554564251147 
0.000000382370460 
0.002542049086092 
0.000000382229310 
0.002529287968808 
0.000000382011221 
0.002516288186233 
0.000000381757630 
0.002503057837312 
0.000000381440473 
0.002489605626590 
0.000000381118178 
0.002475940874678 
0.000000380707127 
0.002462073528219 
0.000000380265548 
0.002448014100509 
0.000000379761123 
0.002433773527896 
0.000000379245733 
0.002419363362513 
0.000000378654803 
0.002404795413076 
0.000000378037043 
0.002390082003623 
0.000000377370454 
0.002375235798066 
0.000000376646507 
0.002360269725103 
0.000000375924866 
0.002345197124038 
0.000000375122613 
0.002330031429805 
0.000000374300523 
0.002314786423116 
0.000000373439690 
0.002299475981725 
0.000000372546725 
0.002284114169110 
0.000000371632472 
0.002268715221819 
0.000000370649440 
0.002253293325544 
0.000000369669350 
0.002237862781062 
0.000000368628833 
0.002222437893979 
0.000000367591400 
0.002207032792174 
0.000000366532823 
0.002191661712435 
0.000000365436717 
0.002176338595318 
0.000000364313576 
0.002161077239114 
0.000000363172434 
0.002145891267472 
0.000000362019000 
0.002130793889230 
0.000000360825305 
0.002115798109433 
0.000000359644818 
0.002100916418132 
0.000000358458547 
0.002086160991709 
0.000000357247612 
0.002071543478235 
0.000000356051789 
0.002057075032799 
0.000000354801962 
0.002042766171955 
0.000000353583544 
0.002028626813733 
0.000000352326904 
0.002014666387511 
0.000000351118537 
0.002000893355697 
0.000000349860268 
0.001987315821737 
0.000000348631394 
0.001973940868118 
0.000000347402716 
0.001960775148191 
0.000000346175839 
0.001947824321803 
0.000000344947652 
0.001935093487314 
0.000000343746859 
0.001922586926704 
0.000000342534115 
0.001910308274900 
0.000000341358347 
0.001898260473211 
0.000000340170144 
0.001886445738828 
0.000000339002939 
0.001874865698557 
0.000000337847630 
0.001863521336716 
0.000000336696509 
0.001852413036928 
0.000000335589066 
0.001841540677464 
0.000000334463347 
0.001830903628094 
0.000000333400971 
0.001820500764262 
0.000000332326376 
0.001810330488184 
0.000000331286523 
0.001800390802665 
0.000000330234909 
0.001790679284728 
0.000000329222438 
0.001781193278598 
0.000000328245022 
0.001771929551629 
0.000000327259854 
0.001762884750687 
0.000000326333200 
0.001754055114551 
0.000000325426832 
0.001745436615718 
0.000000324520956 
0.001737024935464 
0.000000323648713 
0.001728815351742 
0.000000322812056 
0.001720803001988 
0.000000321985342 
0.001712982730188 
0.000000321187667 
0.001705348899616 
0.000000320415210 
0.001697895769272 
0.000000319669710 
0.001690617257108 
0.000000318945035 
0.001683506889717 
0.000000318261904 
0.001676557962685 
0.000000317590710 
0.001669763406318 
0.000000316946578 
0.001663115846236 
0.000000316336885 
0.001656607610821 
0.000000315744675 
0.001650230689059 
0.000000315194627 
0.001643976780399 
0.000000314624801 
0.001637837280316 
0.000000314120678 
0.001631803378078 
0.000000313628885 
0.001625865924566 
0.000000313166450 
0.001620015709366 
0.000000312697666 
0.001614243292490 
0.000000312264892 
0.001608539165724 
0.000000311870708 
0.001602893585268 
0.000000311442761 
0.001597297173372 
0.000000311096445 
0.001591740272403 
0.000000310736251 
0.001586213637577 
0.000000310402593 
0.001580708231425 
0.000000310089467 
0.001575215220889 
0.000000309733734 
0.001569726369762 
0.000000309416173 
0.001564233823306 
0.000000309084627 
0.001558730360626 
0.000000308771324 
0.001553209510734 
0.000000308411010 
0.001547665532980 
0.000000308090685 
0.001542093433999 
0.000000307738232 
0.001536489329390 
0.000000307368358 
0.001530849996174 
0.000000306980336 
0.001525173516427 
0.000000306559099 
0.001519458642084 
0.000000306142133 
0.001513705333874 
0.000000305657521 
0.001507914462077 
0.000000305181552 
0.001502087814570 
0.000000304658366 
0.001496228013951 
0.000000304106362 
0.001490338487953 
0.000000303491614 
0.001484423403128 
0.000000302877205 
0.001478487468551 
0.000000302196418 
0.001472535813925 
0.000000301455427 
0.001466573942337 
0.000000300712429 
0.001460607507933 
0.000000299884403 
0.001454642379768 
0.000000299023915 
0.001448684227982 
0.000000298120278 
0.001442738476269 
0.000000297199363 
0.001436810540479 
0.000000296198524 
0.001430905215487 
0.000000295168035 
0.001425027104570 
0.000000294102176 
0.001419180134346 
0.000000292985400 
0.001413367819981 
0.000000291832442 
0.001407593167589 
0.000000290659757 
0.001401858696683 
0.000000289424249 
0.001396166529903 
0.000000288149380 
0.001390518314205 
0.000000286891069 
0.001384915360455 
0.000000285593194 
0.001379358817670 
0.000000284255450 
0.001373849500168 
0.000000282883884 
0.001368388228710 
0.000000281523339 
0.001362975852015 
0.000000280146619 
0.001357613275199 
0.000000278781086 
0.001352301467044 
0.000000277345268 
0.001347041691451 
0.000000275941859 
0.001341835445990 
0.000000274518875 
0.001336684643484 
0.000000273098288 
0.001331591424358 
0.000000271713525 
0.001326558337091 
0.000000270285648 
0.001321588339537 
0.000000268895779 
0.001316684785405 
0.000000267491570 
0.001311851307854 
0.000000266090725 
0.001307091788192 
0.000000264729521 
0.001302410541698 
0.000000263347236 
0.001297812111196 
0.000000261984246 
0.001293301109534 
0.000000260669251 
0.001288882341525 
0.000000259328632 
0.001284560544113 
0.000000258011538 
0.001280340651176 
0.000000256724093 
0.001276227345911 
0.000000255444647 
0.001272225271361 
0.000000254212580 
0.001268338844419 
0.000000252983380 
0.001264572270789 
0.000000251778568 
0.001260929325381 
0.000000250607348 
0.001257413638246 
0.000000249452005 
0.001254028323487 
0.000000248337134 
0.001250776281083 
0.000000247229716 
0.001247659660204 
0.000000246175985 
0.001244680484029 
0.000000245136348 
0.001241840139929 
0.000000244094044 
0.001239139717453 
0.000000243120551 
0.001236579846274 
0.000000242161173 
0.001234160484988 
0.000000241228610 
0.001231881572970 
0.000000240329319 
0.001229742418382 
0.000000239471066 
0.001227742143597 
0.000000238634522 
0.001225879461597 
0.000000237851633 
0.001224152772241 
0.000000237081157 
0.001222560225035 
0.000000236334517 
0.001221099939187 
0.000000235626901 
0.001219769569130 
0.000000234940834 
0.001218566950683 
0.000000234302912 
0.001217489525540 
0.000000233716571 
0.001216534791689 
0.000000233136916 
0.001215700181968 
0.000000232547985 
0.001214983093788 
0.000000232055993 
0.001214380912090 
0.000000231558567 
0.001213891121552 
0.000000231067143 
0.001213511070733 
0.000000230644127 
0.001213238375622 
0.000000230215175 
0.001213070433840 
0.000000229866365 
0.001213004951838 
0.000000229518163 
0.001213039640839 
0.000000229157442 
0.001213172101427 
0.000000228861859 
0.001213400234537 
0.000000228596958 
0.001213721782146 
0.000000228335105 
0.001214134563950 
0.000000228124500 
0.001214636605674 
0.000000227943776 
0.001215225668103 
0.000000227803479 
0.001215899765799 
0.000000227601367 
0.001216656714029 
0.000000227517472 
0.001217494332059 
0.000000227422328 
0.001218410451462 
0.000000227348543 
0.001219402758945 
0.000000227322405 
0.001220468875041 
0.000000227308652 
0.001221606313251 
0.000000227298172 
0.001222812537802 
0.000000227345294 
0.001224084636645 
0.000000227374512 
0.001225419891194 
0.000000227470713 
0.001226815079431 
0.000000227567372 
0.001228266999549 
0.000000227717614 
0.001229772220859 
0.000000227844688 
0.001231327161324 
0.000000228037463 
0.001232927821431 
0.000000228229213 
0.001234570283252 
0.000000228436374 
0.001236250140804 
0.000000228650793 
0.001237963008939 
0.000000228911358 
0.001239704152741 
0.000000229208153 
0.001241468574467 
0.000000229548224 
0.001243251286521 
0.000000229866496 
0.001245046864420 
0.000000230185207 
0.001246849793859 
0.000000230551899 
0.001248654459359 
0.000000230921424 
0.001250454919806 
0.000000231331592 
0.001252245254036 
0.000000231719182 
0.001254019281359 
0.000000232151979 
0.001255770705473 
0.000000232581408 
0.001257493247491 
0.000000233043846 
0.001259180452918 
0.000000233493798 
0.001260825811003 
0.000000233956359 
0.001262422753560 
0.000000234457089 
0.001263964916049 
0.000000234912186 
0.001265445501123 
0.000000235365326 
0.001266858210457 
0.000000235867760 
0.001268196506011 
0.000000236367821 
0.001269453979722 
0.000000236836547 
0.001270624407928 
0.000000237335144 
0.001271701516184 
0.000000237801889 
0.001272679330370 
0.000000238318303 
0.001273551841290 
0.000000238737693 
0.001274313354860 
0.000000239210102 
0.001274958341710 
0.000000239678647 
0.001275481275394 
0.000000240113008 
0.001275877036210 
0.000000240504663 
0.001276140721783 
0.000000240919318 
0.001276267460721 
0.000000241323401 
0.001276252899546 
0.000000241673815 
0.001276092859677 
0.000000242001510 
0.001275783319175 
0.000000242334147 
0.001275320741052 
0.000000242655787 
0.001274701902702 
0.000000242930260 
0.001273923870919 
0.000000243194488 
0.001272984068461 
0.000000243420334 
0.001271880567268 
0.000000243615666 
0.001270611506480 
0.000000243806275 
0.001269175759415 
0.000000243959903 
0.001267572741798 
0.000000244062510 
0.001265802295078 
0.000000244174131 
0.001263864747959 
0.000000244256035 
0.001261761195120 
0.000000244283539 
0.001259493221314 
0.000000244292339 
0.001257063161917 
0.000000244280963 
0.001254473798157 
0.000000244203658 
0.001251728717499 
0.000000244113147 
0.001248832055693 
0.000000244019441 
0.001245788642885 
0.000000243876471 
0.001242603888382 
0.000000243694018 
0.001239283614115 
0.000000243479843 
0.001235834596829 
0.000000243253428 
0.001232263503927 
0.000000242989229 
0.001228577973192 
0.000000242710047 
0.001224785695118 
0.000000242392587 
0.001220894834306 
0.000000242028797 
0.001216913689553 
0.000000241723930 
0.001212850786117 
0.000000241319029 
0.001208714614928 
0.000000240904113 
0.001204513767882 
0.000000240486840 
0.001200256744612 
0.000000240035558 
0.001195951754679 
0.000000239556199 
0.001191606974712 
0.000000239107711 
0.001187230032339 
0.000000238564660 
0.001182828413561 
0.000000238048523 
0.001178408943759 
0.000000237528123 
0.001173978306771 
0.000000236976206 
0.001169542162139 
0.000000236443085 
0.001165105996619 
0.000000235878382 
0.001160674759002 
0.000000235319569 
0.001156252432832 
0.000000234716892 
0.001151842727350 
0.000000234118301 
0.001147448625004 
0.000000233540438 
0.001143072641516 
0.000000232920710 
0.001138716530845 
0.000000232298841 
0.001134381638888 
0.000000231698334 
0.001130068808669 
0.000000231058814 
0.001125778388087 
0.000000230400414 
0.001121510178826 
0.000000229780798 
0.001117263748802 
0.000000229136948 
0.001113038354028 
0.000000228448578 
0.001108832612281 
0.000000227778029 
0.001104645372287 
0.000000227107342 
0.001100474915375 
0.000000226399882 
0.001096319365050 
0.000000225707642 
0.001092176877122 
0.000000224962821 
0.001088045499224 
0.000000224276338 
0.001083923057014 
0.000000223543036 
0.001079807537715 
0.000000222778937 
0.001075696895008 
0.000000222000482 
0.001071589076966 
0.000000221222630 
0.001067482151097 
0.000000220407980 
0.001063374325581 
0.000000219601766 
0.001059263847956 
0.000000218755141 
0.001055149180665 
0.000000217914259 
0.001051028968929 
0.000000217100077 
0.001046902058243 
0.000000216195176 
0.001042767405773 
0.000000215295150 
0.001038624369680 
0.000000214399762 
0.001034472430702 
0.000000213495328 
0.001030311349492 
0.000000212588999 
0.001026141178020 
0.000000211651357 
0.001021962259398 
0.000000210719837 
0.001017775220691 
0.000000209758200 
0.001013581066393 
0.000000208820429 
0.001009380934244 
0.000000207871439 
0.001005176363446 
0.000000206915716 
0.001000969264164 
0.000000205980804 
0.000996761745169 
0.000000204994749 
0.000992556235475 
0.000000204029874 
0.000988355461270 
0.000000203088603 
0.000984162375762 
0.000000202144660 
0.000979980293822 
0.000000201224532 
0.000975812615028 
0.000000200269308 
0.000971663018327 
0.000000199374923 
0.000967535461644 
0.000000198465921 
0.000963433863473 
0.000000197574651 
0.000959362534988 
0.000000196682418 
0.000955325573287 
0.000000195829638 
0.000951327537098 
0.000000194960599 
0.000947372684176 
0.000000194122272 
0.000943465625150 
0.000000193350725 
0.000939610637806 
0.000000192511227 
0.000935812165483 
0.000000191768842 
0.000932074526424 
0.000000190997012 
0.000928401946316 
0.000000190239586 
0.000924798539912 
0.000000189559285 
0.000921268279293 
0.000000188871113 
0.000917814821738 
0.000000188170572 
0.000914441914724 
0.000000187564331 
0.000911152861703 
0.000000186939693 
0.000907950696757 
0.000000186333474 
0.000904838437718 
0.000000185763326 
0.000901818539424 
0.000000185228597 
0.000898893483674 
0.000000184707272 
0.000896065184638 
0.000000184214148 
0.000893335441932 
0.000000183760268 
0.000890705663652 
0.000000183318420 
0.000888176898161 
0.000000182894307 
0.000885750142854 
0.000000182500065 
0.000883425747656 
0.000000182138766 
0.000881203875686 
0.000000181799877 
0.000879084566296 
0.000000181472390 
0.000877067255753 
0.000000181196334 
0.000875151271072 
0.000000180922649 
0.000873335697412 
0.000000180656085 
0.000871619293994 
0.000000180435795 
0.000870000434869 
0.000000180257161 
0.000868477448496 
0.000000180075530 
0.000867048414273 
0.000000179918338 
0.000865710957834 
0.000000179774870 
0.000864462703927 
0.000000179657317 
0.000863301119049 
0.000000179589833 
0.000862223398049 
0.000000179485187 
0.000861226632293 
0.000000179441243 
0.000860307637507 
0.000000179394688 
0.000859463242483 
0.000000179352176 
0.000858690246815 
0.000000179351948 
0.000857985112691 
0.000000179349678 
0.000857344422370 
0.000000179393746 
0.000856764641963 
0.000000179409251 
0.000856242139879 
0.000000179449032 
0.000855773296868 
0.000000179505391 
0.000855354485212 
0.000000179554884 
0.000854982010372 
0.000000179622998 
0.000854652217234 
0.000000179710563 
0.000854361601942 
0.000000179791964 
0.000854106379975 
0.000000179879937 
0.000853883169653 
0.000000179981100 
0.000853688348835 
0.000000180099248 
0.000853518522751 
0.000000180204326 
0.000853370331736 
0.000000180320403 
0.000853240535581 
0.000000180418637 
0.000853125900567 
0.000000180550300 
0.000853023378605 
0.000000180617650 
0.000852929947298 
0.000000180733119 
0.000852842864611 
0.000000180865422 
0.000852759170997 
0.000000180979623 
0.000852676443735 
0.000000181082015 
0.000852592106329 
0.000000181218806 
0.000852503831635 
0.000000181321255 
0.000852409399712 
0.000000181425259 
0.000852306718456 
0.000000181494251 
0.000852193942536 
0.000000181597731 
0.000852069193264 
0.000000181675244 
0.000851930954955 
0.000000181731092 
0.000851777637221 
0.000000181810190 
0.000851607969905 
0.000000181891306 
0.000851420851375 
0.000000181929614 
0.000851215011641 
0.000000182021475 
0.000850989831477 
0.000000182026402 
0.000850744443932 
0.000000182072546 
0.000850478182191 
0.000000182084272 
0.000850190737028 
0.000000182099715 
0.000849881705375 
0.000000182120326 
0.000849550917472 
0.000000182095651 
0.000849198346099 
0.000000182099151 
0.000848823996366 
0.000000182061495 
0.000848428053309 
0.000000182031303 
0.000848010902022 
0.000000181981349 
0.000847572894840 
0.000000181943113 
0.000847114506571 
0.000000181871550 
0.000846636408934 
0.000000181788951 
0.000846139333233 
0.000000181688178 
0.000845623963270 
0.000000181612450 
0.000845091256522 
0.000000181500067 
0.000844542238103 
0.000000181368030 
0.000843977769201 
0.000000181254920 
0.000843398969050 
0.000000181123579 
0.000842807016224 
0.000000180948068 
0.000842203090598 
0.000000180820008 
0.000841588410391 
0.000000180629923 
0.000840964211986 
0.000000180448506 
0.000840331814557 
0.000000180286639 
0.000839692508644 
0.000000180100714 
0.000839047647361 
0.000000179871022 
0.000838398561129 
0.000000179672189 
0.000837746633135 
0.000000179425911 
0.000837093060255 
0.000000179198195 
0.000836439246212 
0.000000178977406 
0.000835786525662 
0.000000178712436 
0.000835136148742 
0.000000178481733 
0.000834489278031 
0.000000178208807 
0.000833847124625 
0.000000177925118 
0.000833210895014 
0.000000177674874 
0.000832581658049 
0.000000177357407 
0.000831960290918 
0.000000177102676 
0.000831347844379 
0.000000176784940 
0.000830745279694 
0.000000176485625 
0.000830153229572 
0.000000176186880 
0.000829572398732 
0.000000175867480 
0.000829003554514 
0.000000175539522 
0.000828447026600 
0.000000175226690 
0.000827903325811 
0.000000174897412 
0.000827372717908 
0.000000174566583 
0.000826855465326 
0.000000174248100 
0.000826351515581 
0.000000173899070 
0.000825861131592 
0.000000173530823 
0.000825384013647 
0.000000173194689 
0.000824920014485 
0.000000172855086 
0.000824468856766 
0.000000172496416 
0.000824030128217 
0.000000172140110 
0.000823603405794 
0.000000171785892 
0.000823188085631 
0.000000171420346 
0.000822783589277 
0.000000171028386 
0.000822389179591 
0.000000170669068 
0.000822004083122 
0.000000170306138 
0.000821627531897 
0.000000169934170 
0.000821258685722 
0.000000169539091 
0.000820896695248 
0.000000169160094 
0.000820540516318 
0.000000168782320 
0.000820189328235 
0.000000168410196 
0.000819842171007 
0.000000168012240 
0.000819498147578 
0.000000167624760 
0.000819156250167 
0.000000167236777 
0.000818815575456 
0.000000166865854 
0.000818475238852 
0.000000166465066 
0.000818134339021 
0.000000166076035 
0.000817792043794 
0.000000165664854 
0.000817447438138 
0.000000165261084 
0.000817099819617 
0.000000164861769 
0.000816748402768 
0.000000164444384 
0.000816392381686 
0.000000164070721 
0.000816031103703 
0.000000163665923 
0.000815663872243 
0.000000163272243 
0.000815290138246 
0.000000162877983 
0.000814909117828 
0.000000162475442 
0.000814520286601 
0.000000162080182 
0.000814123128565 
0.000000161696187 
0.000813716919689 
0.000000161311036 
0.000813301247088 
0.000000160904051 
0.000812875496269 
0.000000160533701 
0.000812439092337 
0.000000160151933 
0.000811991475196 
0.000000159770130 
0.000811531972020 
0.000000159403156 
0.000811060121123 
0.000000159014085 
0.000810575211613 
0.000000158665057 
0.000810076639214 
0.000000158312218 
0.000809563805788 
0.000000157970521 
0.000809035829590 
0.000000157606181 
0.000808492228157 
0.000000157278451 
0.000807932049145 
0.000000156949252 
0.000807354616813 
0.000000156623168 
0.000806759160986 
0.000000156295544 
0.000806144719215 
0.000000156002460 
0.000805510597254 
0.000000155696741 
0.000804855817586 
0.000000155417309 
0.000804179594958 
0.000000155135496 
0.000803480954075 
0.000000154856540 
0.000802759037767 
0.000000154594455 
0.000802012999371 
0.000000154338110 
0.000801241959060 
0.000000154083366 
0.000800445051210 
0.000000153830998 
0.000799621493496 
0.000000153592794 
0.000798770402406 
0.000000153372425 
0.000797891163875 
0.000000153125317 
0.000796983085833 
0.000000152916889 
0.000796045493296 
0.000000152713474 
0.000795077905952 
0.000000152498370 
0.000794079833024 
0.000000152333500 
0.000793050990182 
0.000000152116204 
0.000791991002246 
0.000000151896743 
0.000790899791802 
0.000000151719533 
0.000789777274713 
0.000000151510317 
0.000788623502653 
0.000000151337906 
0.000787438776188 
0.000000151194951 
0.000786223294812 
0.000000150999173 
0.000784977626575 
0.000000150816257 
0.000783702250642 
0.000000150624421 
0.000782397936127 
0.000000150463862 
0.000781065568676 
0.000000150250447 
0.000779706124804 
0.000000150113415 
0.000778320642476 
0.000000149923654 
0.000776910436123 
0.000000149761927 
0.000775476808294 
0.000000149577491 
0.000774021145599 
0.000000149387243 
0.000772545126076 
0.000000149198956 
0.000771050298171 
0.000000149065303 
0.000769538468722 
0.000000148870876 
0.000768011373321 
0.000000148721142 
0.000766470838478 
0.000000148537921 
0.000764918904159 
0.000000148344954 
0.000763357217032 
0.000000148204729 
0.000761787900727 
0.000000147995852 
0.000760212925396 
0.000000147801939 
0.000758634194240 
0.000000147644333 
0.000757053508993 
0.000000147470144 
0.000755472821974 
0.000000147291468 
0.000753893961959 
0.000000147138554 
0.000752318639671 
0.000000146966327 
0.000750748573774 
0.000000146786502 
0.000749185347361 
0.000000146638388 
0.000747630461367 
0.000000146451353 
0.000746085423529 
0.000000146274191 
0.000744551319038 
0.000000146135302 
0.000743029459585 
0.000000145956554 
0.000741520934605 
0.000000145785479 
0.000740026627997 
0.000000145645081 
0.000738547433009 
0.000000145463748 
0.000737083980333 
0.000000145364952 
0.000735636958268 
0.000000145185683 
0.000734206699597 
0.000000145062786 
0.000732793657464 
0.000000144913799 
0.000731398016568 
0.000000144786680 
0.000730020013381 
0.000000144646012 
0.000728659632810 
0.000000144526565 
0.000727316967142 
0.000000144383537 
0.000725991664617 
0.000000144301404 
0.000724683760352 
0.000000144224708 
0.000723392931933 
0.000000144057394 
0.000722118991100 
0.000000143952327 
0.000720861658135 
0.000000143873912 
0.000719620418295 
0.000000143789684 
0.000718395051609 
0.000000143680119 
0.000717185267083 
0.000000143612455 
0.000715990602760 
0.000000143550922 
0.000714810791453 
0.000000143441924 
0.000713645484075 
0.000000143381268 
0.000712494535967 
0.000000143335797 
0.000711357562204 
0.000000143211672 
0.000710234480291 
0.000000143169009 
0.000709125110338 
0.000000143125200 
0.000708029363919 
0.000000143082266 
0.000706947182315 
0.000000143026503 
0.000705878675632 
0.000000143035594 
0.000704823901740 
0.000000143008909 
0.000703782978683 
0.000000142970921 
0.000702756233316 
0.000000142934745 
0.000701743867617 
0.000000142940350 
0.000700746241480 
0.000000142932562 
0.000699763652591 
0.000000142933186 
0.000698796685002 
0.000000142957364 
0.000697845801729 
0.000000142964409 
0.000696911578226 
0.000000142934291 
0.000695994538692 
0.000000142988337 
0.000695095385995 
0.000000143014034 
0.000694214726116 
0.000000143069436 
0.000693353248460 
0.000000143088118 
0.000692511739683 
0.000000143143046 
0.000691690861902 
0.000000143174568 
0.000690891410548 
0.000000143231938 
0.000690114052935 
0.000000143320192 
0.000689359642523 
0.000000143398641 
0.000688628895995 
0.000000143453475 
0.000687922670599 
0.000000143550447 
0.000687241595130 
0.000000143673633 
0.000686586481317 
0.000000143760332 
0.000685958004148 
0.000000143804807 
0.000685356862960 
0.000000143986811 
0.000684783822262 
0.000000144107861 
0.000684239450109 
0.000000144223145 
0.000683724489921 
0.000000144323904 
0.000683239415520 
0.000000144482941 
0.000682784923323 
0.000000144623177 
0.000682361427693 
0.000000144787278 
0.000681969619600 
0.000000144959258 
0.000681609780792 
0.000000145117656 
0.000681282437603 
0.000000145281348 
0.000680988028561 
0.000000145480239 
0.000680726807146 
0.000000145667340 
0.000680499244513 
0.000000145860874 
0.000680305442847 
0.000000146048667 
0.000680145747482 
0.000000146265113 
0.000680020379481 
0.000000146472221 
0.000679929476913 
0.000000146741823 
0.000679873147702 
0.000000146937824 
0.000679851466670 
0.000000147155119 
0.000679864506568 
0.000000147366015 
0.000679912166476 
0.000000147644384 
0.000679994468556 
0.000000147892213 
0.000680111333386 
0.000000148130449 
0.000680262610298 
0.000000148380441 
0.000680448115374 
0.000000148670452 
0.000680667616400 
0.000000148899219 
0.000680920833976 
0.000000149158081 
0.000681207518264 
0.000000149429658 
0.000681527325730 
0.000000149673825 
0.000681879976423 
0.000000149953134 
0.000682264877713 
0.000000150238740 
0.000682681663065 
0.000000150540429 
0.000683129840933 
0.000000150763469 
0.000683608850217 
0.000000151079918 
0.000684118101368 
0.000000151317199 
0.000684657176200 
0.000000151638266 
0.000685225243445 
0.000000151897132 
0.000685821665284 
0.000000152169484 
0.000686445852157 
0.000000152438041 
0.000687096916594 
0.000000152722105 
0.000687774217547 
0.000000153013192 
0.000688476983493 
0.000000153266295 
0.000689204406459 
0.000000153552322 
0.000689955582833 
0.000000153803687 
0.000690729734516 
0.000000154074212 
0.000691525949006 
0.000000154338488 
0.000692343353472 
0.000000154625082 
0.000693181012233 
0.000000154881465 
0.000694038111297 
0.000000155129815 
0.000694913578846 
0.000000155356640 
0.000695806623748 
0.000000155660224 
0.000696716236322 
0.000000155883761 
0.000697641356241 
0.000000156111200 
0.000698581164913 
0.000000156349886 
0.000699534654418 
0.000000156595678 
0.000700500841516 
0.000000156827780 
0.000701478735985 
0.000000157044206 
0.000702467409858 
0.000000157286048 
0.000703465998647 
0.000000157512208 
0.000704473414095 
0.000000157711739 
0.000705488704179 
0.000000157896735 
0.000706510990715 
0.000000158105509 
0.000707539289442 
0.000000158338085 
0.000708572764293 
0.000000158527116 
0.000709610375915 
0.000000158682396 
0.000710651356128 
0.000000158890286 
0.000711694669543 
0.000000159071500 
0.000712739574812 
0.000000159284497 
0.000713785052216 
0.000000159431643 
0.000714830430530 
0.000000159646088 
0.000715874715273 
0.000000159804471 
0.000716917185749 
0.000000159906107 
0.000717956966394 
0.000000160137106 
0.000718993328642 
0.000000160303066 
0.000720025461371 
0.000000160486364 
0.000721052648737 
0.000000160589168 
0.000722074057926 
0.000000160790227 
0.000723089032201 
0.000000160882311 
0.000724096923414 
0.000000161034380 
0.000725096954233 
0.000000161201624 
0.000726088514785 
0.000000161320348 
0.000727070932980 
0.000000161488650 
0.000728043680452 
0.000000161607471 
0.000729006069015 
0.000000161762665 
0.000729957559781 
0.000000161863491 
0.000730897497068 
0.000000162010919 
0.000731825488763 
0.000000162169285 
0.000732740909074 
0.000000162263812 
0.000733643285938 
0.000000162384876 
0.000734532184128 
0.000000162528991 
0.000735407094611 
0.000000162637741 
0.000736267704329 
0.000000162770789 
0.000737113495868 
0.000000162923453 
0.000737944007208 
0.000000163021250 
0.000738759077749 
0.000000163160844 
0.000739558093501 
0.000000163300378 
0.000740340944959 
0.000000163432719 
0.000741107190189 
0.000000163538461 
0.000741856502665 
0.000000163691838 
0.000742588618556 
0.000000163789991 
0.000743303283621 
0.000000163964695 
0.000744000172874 
0.000000164084691 
0.000744678977961 
0.000000164220632 
0.000745339476236 
0.000000164359357 
0.000745981374476 
0.000000164474940 
0.000746604336425 
0.000000164605454 
0.000747208217137 
0.000000164749135 
0.000747792580858 
0.000000164883657 
0.000748357351068 
0.000000165003629 
0.000748901936432 
0.000000165173179 
0.000749426178174 
0.000000165257127 
0.000749929833114 
0.000000165399697 
0.000750412349022 
0.000000165518606 
0.000750873506225 
0.000000165685139 
0.000751312798740 
0.000000165799268 
0.000751729879095 
0.000000165908632 
0.000752124273884 
0.000000166011099 
0.000752495492032 
0.000000166141682 
0.000752843015913 
0.000000166282496 
0.000753166347005 
0.000000166400703 
0.000753464901457 
0.000000166497323 
0.000753738145820 
0.000000166605782 
0.000753985372241 
0.000000166704249 
0.000754205985009 
0.000000166801006 
0.000754399285976 
0.000000166923955 
0.000754564519164 
0.000000167000333 
0.000754701097269 
0.000000167053622 
0.000754808136576 
0.000000167114110 
0.000754885015444 
0.000000167173283 
0.000754930845227 
0.000000167214946 
0.000754944841802 
0.000000167254277 
0.000754926384221 
0.000000167292913 
0.000754874554526 
0.000000167340600 
0.000754788578025 
0.000000167395903 
0.000754667818120 
0.000000167358383 
0.000754511299030 
0.000000167299034 
0.000754318514670 
0.000000167291867 
0.000754088726894 
0.000000167269277 
0.000753821158342 
0.000000167205674 
0.000753515460702 
0.000000167154389 
0.000753170844859 
0.000000167088297 
0.000752786977240 
0.000000166991481 
0.000752363312982 
0.000000166910526 
0.000751899544539 
0.000000166781206 
0.000751395352845 
0.000000166618420 
0.000750850587860 
0.000000166468437 
0.000750265072541 
0.000000166308244 
0.000749638932395 
0.000000166153857 
0.000748972053867 
0.000000165935036 
0.000748264678873 
0.000000165737493 
0.000747517124340 
0.000000165514880 
0.000746729714586 
0.000000165272682 
0.000745902901801 
0.000000165003698 
0.000745037380381 
0.000000164755507 
0.000744133795701 
0.000000164469038 
0.000743192923656 
0.000000164154258 
0.000742215753080 
0.000000163842824 
0.000741203119141 
0.000000163465971 
0.000740156278626 
0.000000163157902 
0.000739076450027 
0.000000162775725 
0.000737964689801 
0.000000162371784 
0.000736822567481 
0.000000161963386 
0.000735651526329 
0.000000161609227 
0.000734452877028 
0.000000161180441 
0.000733228334649 
0.000000160754518 
0.000731979460490 
0.000000160299363 
0.000730707901002 
0.000000159848298 
0.000729415349844 
0.000000159386910 
0.000728103482206 
0.000000158894438 
0.000726773930346 
0.000000158407505 
0.000725428547661 
0.000000157949972 
0.000724068952844 
0.000000157408481 
0.000722696837304 
0.000000156872374 
0.000721313898101 
0.000000156380804 
0.000719921622109 
0.000000155862257 
0.000718521640842 
0.000000155340283 
0.000717115417203 
0.000000154815582 
0.000715704393323 
0.000000154266244 
0.000714290030020 
0.000000153729317 
0.000712873506931 
0.000000153180322 
0.000711455950723 
0.000000152612254 
0.000710038564270 
0.000000152027379 
0.000708622245724 
0.000000151505002 
0.000707207910156 
0.000000150931163 
0.000705796450229 
0.000000150375799 
0.000704388515377 
0.000000149800674 
0.000702984487351 
0.000000149226439 
0.000701584973676 
0.000000148674179 
0.000700190309164 
0.000000148111048 
0.000698800681050 
0.000000147534051 
0.000697416247067 
0.000000146969864 
0.000696037003186 
0.000000146381337 
0.000694662875343 
0.000000145821701 
0.000693293589115 
0.000000145241331 
0.000691929029447 
0.000000144691436 
0.000690568652921 
0.000000144112283 
0.000689212177737 
0.000000143554445 
0.000687858917282 
0.000000143039678 
0.000686508394361 
0.000000142460452 
0.000685159847598 
0.000000141884495 
0.000683812649546 
0.000000141321439 
0.000682465921785 
0.000000140768350 
0.000681118959805 
0.000000140221935 
0.000679770790898 
0.000000139678757 
0.000678420667628 
0.000000139134462 
0.000677067570222 
0.000000138595246 
0.000675710735761 
0.000000137977152 
0.000674349147028 
0.000000137479270 
0.000672981888867 
0.000000136932063 
0.000671608077553 
0.000000136411486 
0.000670226953410 
0.000000135862909 
0.000668837467021 
0.000000135323398 
0.000667438923693 
0.000000134793625 
0.000666030478137 
0.000000134255984 
0.000664611275298 
0.000000133726344 
0.000663180768025 
0.000000133180430 
0.000661738270954 
0.000000132661411 
0.000660283178887 
0.000000132112721 
0.000658814834923 
0.000000131571765 
0.000657332882914 
0.000000131084586 
0.000655836868117 
0.000000130586102 
0.000654326509316 
0.000000130021509 
0.000652801461660 
0.000000129558834 
0.000651261491967 
0.000000129025237 
0.000649706583253 
0.000000128551831 
0.000648136652135 
0.000000128035229 
0.000646551696589 
0.000000127516892 
0.000644951843147 
0.000000127047502 
0.000643337372162 
0.000000126526029 
0.000641708280219 
0.000000126078418 
0.000640065266493 
0.000000125570416 
0.000638408564645 
0.000000125108417 
0.000636738588464 
0.000000124620363 
0.000635056112051 
0.000000124172847 
0.000633361570020 
0.000000123698445 
0.000631655819172 
0.000000123292560 
0.000629939601387 
0.000000122828117 
0.000628213676655 
0.000000122393760 
0.000626479054457 
0.000000121988942 
0.000624736636599 
0.000000121577075 
0.000622987527099 
0.000000121186148 
0.000621232686629 
0.000000120735814 
0.000619473327925 
0.000000120340333 
0.000617710431566 
0.000000120003957 
0.000615945389698 
0.000000119616908 
0.000614179393122 
0.000000119248890 
0.000612413632523 
0.000000118889698 
0.000610649442191 
0.000000118568093 
0.000608888139335 
0.000000118245316 
0.000607131074574 
0.000000117937209 
0.000605379614664 
0.000000117630459 
0.000603635081757 
0.000000117328832 
0.000601898924333 
0.000000117042573 
0.000600172344489 
0.000000116766171 
0.000598456875491 
0.000000116539204 
0.000596753786639 
0.000000116326204 
0.000595064462875 
0.000000116067248 
0.000593390177137 
0.000000115887858 
0.000591732273343 
0.000000115659052 
0.000590092001417 
0.000000115488494 
0.000588470737426 
0.000000115308995 
0.000586869692765 
0.000000115174451 
0.000585289952294 
0.000000115025591 
0.000583732932509 
0.000000114921037 
0.000582199501028 
0.000000114787251 
0.000580690925742 
0.000000114728256 
0.000579208240216 
0.000000114605251 
0.000577752397547 
0.000000114572881 
0.000576324513643 
0.000000114483567 
0.000574925433040 
0.000000114472761 
0.000573555965419 
0.000000114444021 
0.000572217072914 
0.000000114445084 
0.000570909605666 
0.000000114458530 
0.000569634139040 
0.000000114485750 
0.000568391551156 
0.000000114490790 
0.000567182309777 
0.000000114570667 
0.000566007125816 
0.000000114666407 
0.000564866557955 
0.000000114722175 
0.000563761139157 
0.000000114824754 
0.000562691270268 
0.000000114904046 
0.000561657468749 
0.000000115062102 
0.000560660062657 
0.000000115204477 
0.000559699359541 
0.000000115294503 
0.000558775720448 
0.000000115488388 
0.000557889216798 
0.000000115618795 
0.000557040291646 
0.000000115827001 
0.000556228893556 
0.000000116025469 
0.000555455282597 
0.000000116280784 
0.000554719490904 
0.000000116503475 
0.000554021616512 
0.000000116732898 
0.000553361611544 
0.000000116912410 
0.000552739477675 
0.000000117185464 
0.000552155127969 
0.000000117479945 
0.000551608505035 
0.000000117736451 
0.000551099430102 
0.000000118039855 
0.000550627752017 
0.000000118319392 
0.000550193265224 
0.000000118661996 
0.000549795718695 
0.000000118957899 
0.000549434925552 
0.000000119308889 
0.000549110643319 
0.000000119612077 
0.000548822327408 
0.000000119952075 
0.000548569870257 
0.000000120292713 
0.000548352670895 
0.000000120677520 
0.000548170518046 
0.000000121037671 
0.000548022853960 
0.000000121405695 
0.000547909329688 
0.000000121796334 
0.000547829298023 
0.000000122199669 
0.000547782425814 
0.000000122555320 
0.000547768020663 
0.000000122999284 
0.000547785624060 
0.000000123400539 
0.000547834563302 
0.000000123799973 
0.000547914291306 
0.000000124196009 
0.000548024203801 
0.000000124646066 
0.000548163525756 
0.000000125091340 
0.000548331701962 
0.000000125490560 
0.000548527944417 
0.000000125940772 
0.000548751591654 
0.000000126401858 
0.000549001843678 
0.000000126838935 
0.000549277981619 
0.000000127300286 
0.000549579225672 
0.000000127768729 
0.000549904787652 
0.000000128195318 
0.000550253729712 
0.000000128654866 
0.000550625327750 
0.000000129094829 
0.000551018708280 
0.000000129568483 
0.000551433016188 
0.000000130023271 
0.000551867399974 
0.000000130490803 
0.000552320838629 
0.000000130959766 
0.000552792424478 
0.000000131399896 
0.000553281307467 
0.000000131884790 
0.000553786575892 
0.000000132344230 
0.000554307161066 
0.000000132829302 
0.000554842146343 
0.000000133263917 
0.000555390589663 
0.000000133743991 
0.000555951367256 
0.000000134187356 
0.000556523622489 
0.000000134654261 
0.000557106356724 
0.000000135115238 
0.000557698465279 
0.000000135555558 
0.000558298875376 
0.000000136039188 
0.000558906709232 
0.000000136423911 
0.000559520817221 
0.000000136898269 
0.000560140264125 
0.000000137350826 
0.000560763949532 
0.000000137786673 
0.000561390750031 
0.000000138179499 
0.000562019783153 
0.000000138626163 
0.000562649969582 
0.000000139052645 
0.000563280107586 
0.000000139484996 
0.000563909334423 
0.000000139871627 
0.000564536597389 
0.000000140278547 
0.000565160742897 
0.000000140644508 
0.000565780968472 
0.000000141002896 
0.000566395975412 
0.000000141410706 
0.000567005020829 
0.000000141782800 
0.000567606902644 
0.000000142154652 
0.000568200674830 
0.000000142514528 
0.000568785496246 
0.000000142803692 
0.000569360228777 
0.000000143166679 
0.000569924037422 
0.000000143501724 
0.000570475920967 
0.000000143779824 
0.000571015068841 
0.000000144097290 
0.000571540463236 
0.000000144377602 
0.000572051383101 
0.000000144659014 
0.000572546855649 
0.000000144923933 
0.000573026298544 
0.000000145193421 
0.000573488616186 
0.000000145421881 
0.000573933247451 
0.000000145674026 
0.000574359492788 
0.000000145892893 
0.000574766493473 
0.000000146110251 
0.000575153866333 
0.000000146271394 
0.000575520729620 
0.000000146483484 
0.000575866733051 
0.000000146636503 
0.000576191155107 
0.000000146800131 
0.000576493768820 
0.000000146940860 
0.000576773989307 
0.000000147085709 
0.000577031310284 
0.000000147221886 
0.000577265737447 
0.000000147296502 
0.000577476649114 
0.000000147383125 
0.000577663966013 
0.000000147464469 
0.000577827582566 
0.000000147532687 
0.000577967159150 
0.000000147577862 
0.000578082920534 
0.000000147632359 
0.000578174615897 
0.000000147609302 
0.000578242436685 
0.000000147650746 
0.000578286320543 
0.000000147664897 
0.000578306601165 
0.000000147612176 
0.000578303411175 
0.000000147564148 
0.000578276949215 
0.000000147538633 
0.000578227731339 
0.000000147489506 
0.000578155912082 
0.000000147405822 
0.000578061919999 
0.000000147321250 
0.000577946186450 
0.000000147236579 
0.000577809384430 
0.000000147140849 
0.000577651886037 
0.000000146990296 
0.000577474233728 
0.000000146880229 
0.000577277209839 
0.000000146763322 
0.000577061247723 
0.000000146587450 
0.000576826961068 
0.000000146391727 
0.000576575275822 
0.000000146249650 
0.000576306554151 
0.000000146065755 
0.000576021592620 
0.000000145859519 
0.000575721146937 
0.000000145666192 
0.000575405898215 
0.000000145478154 
0.000575076406501 
0.000000145248477 
0.000574733535374 
0.000000145029543 
0.000574377838129 
0.000000144800286 
0.000574010042716 
0.000000144552248 
0.000573630797400 
0.000000144310612 
0.000573240542380 
0.000000144059499 
0.000572840056560 
0.000000143830492 
0.000572429858234 
0.000000143537878 
0.000572010485517 
0.000000143306154 
0.000571582437529 
0.000000143017858 
0.000571146124999 
0.000000142764661 
0.000570702230450 
0.000000142478977 
0.000570250892284 
0.000000142176730 
0.000569792540530 
0.000000141913566 
0.000569327657980 
0.000000141659147 
0.000568856421563 
0.000000141325790 
0.000568379205623 
0.000000141045577 
0.000567896185642 
0.000000140768105 
0.000567407640277 
0.000000140475171 
0.000566913639612 
0.000000140195161 
0.000566414558514 
0.000000139928257 
0.000565910408299 
0.000000139591454 
0.000565401256362 
0.000000139318324 
0.000564887263923 
0.000000139029329 
0.000564368695502 
0.000000138742676 
0.000563845320950 
0.000000138433593 
0.000563317295262 
0.000000138153379 
0.000562784862018 
0.000000137878603 
0.000562247869887 
0.000000137560940 
0.000561706504011 
0.000000137275719 
0.000561160659457 
0.000000136965834 
0.000560610538096 
0.000000136692525 
0.000560056097758 
0.000000136447744 
0.000559497562725 
0.000000136125181 
0.000558934767410 
0.000000135821925 
0.000558368088433 
0.000000135588283 
0.000557797367545 
0.000000135282084 
0.000557222871875 
0.000000135048878 
0.000556644855329 
0.000000134728279 
0.000556063174734 
0.000000134480840 
0.000555478326493 
0.000000134213410 
0.000554890360760 
0.000000133931638 
0.000554299488839 
0.000000133701510 
0.000553705912409 
0.000000133413190 
0.000553110089752 
0.000000133172528 
0.000552512169177 
0.000000132878939 
0.000551912432380 
0.000000132680698 
0.000551311267735 
0.000000132417570 
0.000550708878721 
0.000000132159692 
0.000550105894611 
0.000000131918705 
0.000549502514059 
0.000000131684279 
0.000548899039319 
0.000000131489634 
0.000548295974229 
0.000000131205130 
0.000547693845472 
0.000000131016813 
0.000547092808352 
0.000000130768426 
0.000546493451476 
0.000000130594410 
0.000545896153454 
0.000000130360670 
0.000545301327962 
0.000000130118188 
0.000544709338331 
0.000000129958209 
0.000544120720643 
0.000000129764420 
0.000543535779019 
0.000000129521699 
0.000542954874489 
0.000000129363870 
0.000542378494886 
0.000000129170443 
0.000541806860523 
0.000000128987287 
0.000541240288446 
0.000000128787563 
0.000540679410040 
0.000000128640043 
0.000540124137861 
0.000000128468277 
0.000539574846777 
0.000000128286818 
0.000539031872444 
0.000000128144525 
0.000538495315931 
0.000000127986163 
0.000537965305037 
0.000000127850640 
0.000537442132484 
0.000000127699318 
0.000536925789673 
0.000000127543558 
0.000536416326639 
0.000000127433323 
0.000535913827355 
0.000000127299604 
0.000535418180971 
0.000000127161277 
0.000534929435898 
0.000000127031961 
0.000534447422007 
0.000000126907197 
0.000533972066257 
0.000000126826968 
0.000533503062517 
0.000000126694307 
0.000533040320155 
0.000000126563844 
0.000532583448503 
0.000000126487668 
0.000532132361242 
0.000000126375727 
0.000531686439492 
0.000000126284835 
0.000531245443341 
0.000000126197093 
0.000530808897305 
0.000000126062458 
0.000530376333869 
0.000000125990534 
0.000529947288061 
0.000000125867359 
0.000529521230440 
0.000000125847324 
0.000529097588612 
0.000000125726201 
0.000528675747229 
0.000000125644597 
0.000528254998911 
0.000000125534541 
0.000527834756969 
0.000000125455117 
0.000527414441188 
0.000000125438112 
0.000526993050732 
0.000000125330224 
0.000526570105550 
0.000000125238245 
0.000526144846206 
0.000000125174417 
0.000525716288672 
0.000000125101267 
0.000525283815965 
0.000000124991675 
0.000524846555787 
0.000000124921878 
0.000524403728062 
0.000000124849086 
0.000523954424603 
0.000000124762267 
0.000523497855017 
0.000000124666462 
0.000523033176139 
0.000000124570339 
0.000522559599496 
0.000000124490643 
0.000522076084778 
0.000000124403852 
0.000521582128359 
0.000000124347945 
0.000521076597523 
0.000000124223737 
0.000520558887008 
0.000000124098312 
0.000520027986799 
0.000000123990323 
0.000519483320815 
0.000000123927267 
0.000518923950523 
0.000000123772819 
0.000518349238190 
0.000000123639118 
0.000517758296086 
0.000000123520311 
0.000517150571732 
0.000000123412601 
0.000516525315328 
0.000000123291147 
0.000515881945619 
0.000000123120541 
0.000515219868373 
0.000000122967304 
0.000514538336548 
0.000000122795335 
0.000513837154698 
0.000000122652058 
0.000513115608450 
0.000000122473847 
0.000512373296826 
0.000000122263961 
0.000511609898070 
0.000000122083726 
0.000510825100418 
0.000000121876376 
0.000510018636306 
0.000000121706787 
0.000509190119043 
0.000000121452899 
0.000508339656654 
0.000000121232775 
0.000507466991016 
0.000000120995829 
0.000506572131322 
0.000000120755761 
0.000505655132321 
0.000000120486047 
0.000504716037493 
0.000000120182539 
0.000503754980845 
0.000000119943226 
0.000502772283894 
0.000000119644358 
0.000501768087177 
0.000000119359180 
0.000500742869945 
0.000000119034537 
0.000499697001401 
0.000000118701140 
0.000498630954045 
0.000000118358872 
0.000497545182899 
0.000000118000741 
0.000496440394993 
0.000000117697145 
0.000495317179280 
0.000000117332322 
0.000494176236077 
0.000000116914811 
0.000493018187601 
0.000000116524202 
0.000491844042484 
0.000000116153420 
0.000490654560990 
0.000000115729794 
0.000489450485125 
0.000000115324017 
0.000488232703992 
0.000000114889303 
0.000487002334590 
0.000000114460763 
0.000485760240201 
0.000000114031660 
0.000484507420999 
0.000000113541386 
0.000483244798479 
0.000000113116222 
0.000481973488208 
0.000000112632728 
0.000480694349933 
0.000000112153993 
0.000479408588102 
0.000000111702361 
0.000478117092661 
0.000000111185868 
0.000476820913555 
0.000000110732655 
0.000475521098956 
0.000000110233006 
0.000474218618672 
0.000000109698809 
0.000472914449273 
0.000000109206592 
0.000471609541659 
0.000000108731087 
0.000470304817947 
0.000000108216778 
0.000469001288605 
0.000000107691874 
0.000467699758881 
0.000000107164203 
0.000466401149013 
0.000000106673639 
0.000465106248955 
0.000000106168599 
0.000463816015372 
0.000000105688269 
0.000462530975845 
0.000000105140020 
0.000461252221155 
0.000000104641125 
0.000459980183719 
0.000000104169359 
0.000458715672809 
0.000000103668939 
0.000457459391415 
0.000000103174014 
0.000456212083889 
0.000000102639373 
0.000454974120285 
0.000000102175710 
0.000453746388621 
0.000000101713316 
0.000452529202535 
0.000000101236820 
0.000451323238883 
0.000000100796489 
0.000450129140411 
0.000000100320410 
0.000448947174369 
0.000000099865951 
0.000447778192041 
0.000000099437239 
0.000446622329140 
0.000000099017148 
0.000445480341771 
0.000000098568817 
0.000444352597793 
0.000000098141399 
0.000443239556399 
0.000000097755272 
0.000442141730639 
0.000000097345689 
0.000441059512276 
0.000000096973689 
0.000439993436879 
0.000000096566515 
0.000438943839669 
0.000000096223673 
0.000437911240120 
0.000000095802425 
0.000436896122442 
0.000000095466194 
0.000435898807945 
0.000000095116881 
0.000434919862627 
0.000000094814282 
0.000433959684017 
0.000000094477379 
0.000433018695066 
0.000000094205667 
0.000432097283167 
0.000000093840608 
0.000431195945157 
0.000000093569314 
0.000430315188944 
0.000000093288456 
0.000429455233335 
0.000000093020241 
0.000428616735379 
0.000000092722586 
0.000427799929540 
0.000000092474716 
0.000427005235996 
0.000000092211469 
0.000426233245679 
0.000000092015472 
0.000425484060921 
0.000000091764903 
0.000424758237348 
0.000000091514584 
0.000424056039241 
0.000000091313458 
0.000423377945908 
0.000000091131967 
0.000422724066368 
0.000000090944198 
0.000422094823967 
0.000000090717866 
0.000421490520801 
0.000000090548609 
0.000420911470890 
0.000000090383633 
0.000420357810455 
0.000000090257436 
0.000419829720879 
0.000000090088880 
0.000419327537075 
0.000000089954677 
0.000418851430610 
0.000000089781858 
0.000418401423321 
0.000000089637743 
0.000417977839777 
0.000000089518178 
0.000417580599704 
0.000000089407066 
0.000417209805960 
0.000000089303324 
0.000416865571229 
0.000000089210436 
0.000416548010142 
0.000000089068020 
0.000416256908983 
0.000000088988695 
0.000415992326149 
0.000000088857955 
0.000415754435885 
0.000000088785368 
0.000415542953939 
0.000000088679550 
0.000415357840901 
0.000000088611160 
0.000415199037004 
0.000000088519108 
0.000415066453266 
0.000000088429737 
0.000414959870495 
0.000000088372773 
0.000414879217962 
0.000000088317173 
0.000414824461897 
0.000000088264104 
0.000414795130632 
0.000000088188537 
0.000414791293547 
0.000000088118598 
0.000414812582727 
0.000000088101511 
0.000414859001643 
0.000000088020797 
0.000414930286260 
0.000000087938509 
0.000415026133960 
0.000000087885511 
0.000415146559395 
0.000000087888966 
0.000415291071201 
0.000000087794069 
0.000415459552586 
0.000000087809393 
0.000415651944515 
0.000000087713641 
0.000415867970300 
0.000000087727880 
0.000416107355377 
0.000000087714413 
0.000416369920639 
0.000000087650672 
0.000416655686415 
0.000000087600956 
0.000416963994894 
0.000000087575743 
0.000417295039557 
0.000000087562745 
0.000417648651510 
0.000000087531284 
0.000418024483852 
0.000000087492432 
0.000418422479010 
0.000000087506601 
0.000418842392237 
0.000000087440974 
0.000419284119729 
0.000000087423225 
0.000419747535035 
0.000000087389979 
0.000420232464303 
0.000000087386214 
0.000420738763627 
0.000000087381213 
0.000421266277438 
0.000000087353904 
0.000421815049471 
0.000000087340262 
0.000422384676265 
0.000000087290267 
0.000422975325440 
0.000000087365107 
0.000423586533215 
0.000000087305098 
0.000424218496086 
0.000000087344095 
0.000424870854296 
0.000000087320038 
0.000425543605755 
0.000000087320308 
0.000426236625232 
0.000000087317883 
0.000426949715275 
0.000000087304964 
0.000427682699266 
0.000000087316764 
0.000428435591793 
0.000000087345952 
0.000429207980367 
0.000000087331559 
0.000429999803218 
0.000000087358477 
0.000430810986690 
0.000000087350401 
0.000431641212242 
0.000000087422649 
0.000432490317981 
0.000000087412153 
0.000433358066786 
0.000000087401744 
0.000434244167513 
0.000000087429436 
0.000435148411035 
0.000000087472666 
0.000436070575653 
0.000000087530831 
0.000437010142581 
0.000000087543210 
0.000437967039765 
0.000000087623179 
0.000438940716598 
0.000000087661432 
0.000439930944567 
0.000000087695929 
0.000440937380159 
0.000000087769541 
0.000441959580355 
0.000000087804109 
0.000442996861144 
0.000000087872539 
0.000444049108037 
0.000000087930052 
0.000445115779319 
0.000000087999970 
0.000446196135073 
0.000000088087228 
0.000447289969340 
0.000000088122875 
0.000448396574754 
0.000000088251334 
0.000449515344745 
0.000000088315651 
0.000450645810309 
0.000000088425473 
0.000451787346920 
0.000000088527815 
0.000452939244568 
0.000000088614022 
0.000454101009904 
0.000000088686756 
0.000455271879711 
0.000000088833397 
0.000456451262334 
0.000000088944660 
0.000457638465157 
0.000000089076024 
0.000458832853363 
0.000000089181633 
0.000460033677021 
0.000000089311055 
0.000461240347774 
0.000000089476496 
0.000462452066400 
0.000000089589759 
0.000463668294044 
0.000000089745767 
0.000464888222136 
0.000000089898650 
0.000466111317113 
0.000000090060054 
0.000467336814892 
0.000000090210591 
0.000468564226756 
0.000000090441127 
0.000469792748543 
0.000000090615339 
0.000471021935706 
0.000000090744904 
0.000472251177458 
0.000000090913009 
0.000473479892809 
0.000000091099886 
0.000474707642486 
0.000000091349684 
0.000475933811185 
0.000000091568857 
0.000477158085299 
0.000000091742331 
0.000478380112688 
0.000000091968836 
0.000479599608592 
0.000000092186983 
0.000480815915043 
0.000000092447314 
0.000482029074673 
0.000000092648510 
0.000483238866275 
0.000000092937685 
0.000484444968343 
0.000000093164046 
0.000485647442098 
0.000000093408588 
0.000486846157644 
0.000000093660139 
0.000488041212364 
0.000000093927703 
0.000489232705376 
0.000000094258266 
0.000490420546905 
0.000000094533125 
0.000491605220148 
0.000000094831572 
0.000492786811465 
0.000000095124335 
0.000493965693568 
0.000000095403443 
0.000495142098625 
0.000000095759663 
0.000496316568447 
0.000000096066747 
0.000497489595794 
0.000000096435605 
0.000498661622977 
0.000000096761706 
0.000499833299617 
0.000000097115100 
0.000501005184303 
0.000000097471468 
0.000502177971109 
0.000000097869825 
0.000503352197080 
0.000000098223761 
0.000504528705857 
0.000000098603025 
0.000505708391001 
0.000000099023516 
0.000506891746218 
0.000000099432100 
0.000508079653423 
0.000000099851425 
0.000509272921713 
0.000000100285257 
0.000510472189703 
0.000000100695504 
0.000511678403829 
0.000000101205846 
0.000512892241797 
0.000000101624270 
0.000514114389028 
0.000000102139775 
0.000515345614351 
0.000000102608938 
0.000516586541787 
0.000000103111514 
0.000517837699492 
0.000000103617314 
0.000519099855152 
0.000000104113953 
0.000520373302745 
0.000000104669864 
0.000521658538492 
0.000000105175373 
0.000522955849457 
0.000000105710827 
0.000524265618248 
0.000000106248713 
0.000525587925630 
0.000000106791787 
0.000526922900596 
0.000000107370232 
0.000528270434481 
0.000000107963196 
0.000529630458631 
0.000000108550430 
0.000531002755085 
0.000000109122882 
0.000532386774932 
0.000000109738382 
0.000533782222365 
0.000000110348763 
0.000535188384013 
0.000000110945184 
0.000536604647892 
0.000000111603680 
0.000538030136021 
0.000000112226012 
0.000539463741006 
0.000000112867203 
0.000540904466680 
0.000000113509166 
0.000542351204594 
0.000000114100998 
0.000543802390352 
0.000000114775238 
0.000545256839738 
0.000000115383445 
0.000546712768352 
0.000000116057707 
0.000548168724932 
0.000000116710812 
0.000549622935289 
0.000000117354369 
0.000551073493409 
0.000000118011001 
0.000552518652734 
0.000000118661855 
0.000553956268601 
0.000000119301594 
0.000555384496704 
0.000000119926085 
0.000556801168724 
0.000000120567990 
0.000558204187670 
0.000000121193680 
0.000559591413069 
0.000000121822379 
0.000560960782755 
0.000000122419786 
0.000562310027852 
0.000000123052871 
0.000563637125181 
0.000000123651570 
0.000564939915365 
0.000000124275723 
0.000566216349300 
0.000000124870067 
0.000567464217983 
0.000000125443570 
0.000568681749384 
0.000000125996727 
0.000569866851635 
0.000000126586515 
0.000571017764674 
0.000000127139163 
0.000572132731894 
0.000000127650046 
0.000573210078182 
0.000000128203492 
0.000574248052922 
0.000000128681262 
0.000575245362161 
0.000000129192015 
0.000576200669140 
0.000000129689526 
0.000577112625000 
0.000000130156478 
0.000577980134242 
0.000000130594885 
0.000578802200554 
0.000000131064493 
0.000579578017665 
0.000000131482028 
0.000580306759691 
0.000000131917684 
0.000580987840135 
0.000000132280883 
0.000581620891756 
0.000000132702344 
0.000582205427513 
0.000000133058504 
0.000582741285981 
0.000000133425758 
0.000583228354955 
0.000000133765733 
0.000583666634584 
0.000000134068267 
0.000584056431183 
0.000000134391388 
0.000584397723369 
0.000000134717240 
0.000584691192719 
0.000000134967140 
0.000584937019638 
0.000000135295494 
0.000585135959369 
0.000000135543256 
0.000585288465352 
0.000000135789343 
0.000585395477186 
0.000000136037240 
0.000585457702434 
0.000000136234978 
0.000585476003294 
0.000000136427367 
0.000585451290090 
0.000000136645014 
0.000585384652444 
0.000000136853927 
0.000585277062305 
0.000000137069051 
0.000585129548267 
0.000000137225121 
0.000584943306319 
0.000000137375591 
0.000584719457709 
0.000000137536992 
0.000584459071635 
0.000000137654451 
0.000584163399880 
0.000000137799478 
0.000583833562004 
0.000000137927207 
0.000583470770704 
0.000000138031612 
0.000583076122589 
0.000000138162282 
0.000582650815379 
0.000000138249288 
0.000582195935889 
0.000000138355216 
0.000581712686626 
0.000000138423164 
0.000581202073914 
0.000000138515679 
0.000580665175153 
0.000000138571494 
0.000580103021304 
0.000000138638615 
0.000579516647263 
0.000000138684616 
0.000578906917620 
0.000000138777303 
0.000578274720436 
0.000000138764632 
0.000577621039450 
0.000000138847679 
0.000576946593121 
0.000000138829040 
0.000576252202302 
0.000000138851123 
0.000575538644893 
0.000000138846790 
0.000574806440847 
0.000000138865881 
0.000574056334590 
0.000000138840018 
0.000573289013920 
0.000000138825896 
0.000572504958947 
0.000000138797134 
0.000571704566401 
0.000000138757299 
0.000570888395889 
0.000000138724430 
0.000570056906127 
0.000000138637681 
0.000569210335968 
0.000000138586630 
0.000568349311729 
0.000000138488501 
0.000567473892619 
0.000000138395262 
0.000566584478872 
0.000000138314900 
0.000565681376507 
0.000000138156295 
0.000564764715720 
0.000000138044524 
0.000563834730824 
0.000000137884393 
0.000562891649946 
0.000000137734736 
0.000561935620942 
0.000000137574684 
0.000560966707154 
0.000000137392723 
0.000559985220920 
0.000000137196410 
0.000558991156653 
0.000000136950238 
0.000557984580932 
0.000000136775923 
0.000556965703350 
0.000000136531124 
0.000555934584699 
0.000000136250455 
0.000554891327601 
0.000000136013381 
0.000553835863585 
0.000000135707196 
0.000552768390532 
0.000000135436424 
0.000551688916607 
0.000000135128509 
0.000550597637130 
0.000000134820816 
0.000549494475268 
0.000000134497166 
0.000548379487986 
0.000000134090084 
0.000547252821985 
0.000000133760530 
0.000546114483225 
0.000000133363387 
0.000544964489752 
0.000000132988614 
0.000543802928440 
0.000000132586237 
0.000542629918729 
0.000000132159430 
0.000541445450410 
0.000000131724297 
0.000540249691253 
0.000000131313510 
0.000539042578877 
0.000000130849950 
0.000537824164994 
0.000000130320472 
0.000536594663365 
0.000000129878243 
0.000535354073769 
0.000000129367803 
0.000534102488989 
0.000000128841005 
0.000532839912162 
0.000000128312702 
0.000531566535297 
0.000000127772000 
0.000530282442610 
0.000000127222476 
0.000528987705491 
0.000000126643388 
0.000527682496549 
0.000000126092434 
0.000526366874583 
0.000000125496390 
0.000525041024056 
0.000000124874277 
0.000523705093581 
0.000000124275482 
0.000522359064460 
0.000000123645331 
0.000521003347278 
0.000000122973641 
0.000519638034359 
0.000000122359665 
0.000518263176885 
0.000000121731772 
0.000516879243948 
0.000000121013884 
0.000515486251661 
0.000000120324466 
0.000514084386630 
0.000000119654758 
0.000512674053855 
0.000000118965290 
0.000511255361026 
0.000000118199607 
0.000509828828880 
0.000000117518645 
0.000508394453082 
0.000000116793343 
0.000506952682813 
0.000000116025286 
0.000505503853645 
0.000000115270999 
0.000504048234743 
0.000000114520898 
0.000502586202173 
0.000000113783639 
0.000501118263979 
0.000000112991841 
0.000499644501280 
0.000000112204950 
0.000498165558627 
0.000000111423094 
0.000496681697906 
0.000000110608413 
0.000495193474399 
0.000000109787078 
0.000493701302927 
0.000000108980696 
0.000492205475895 
0.000000108184822 
0.000490706665734 
0.000000107361427 
0.000489205291359 
0.000000106550936 
0.000487701853002 
0.000000105723343 
0.000486196843327 
0.000000104883011 
0.000484690895111 
0.000000104007716 
0.000483184437339 
0.000000103210661 
0.000481678130722 
0.000000102397825 
0.000480172502929 
0.000000101550665 
0.000478668329993 
0.000000100708432 
0.000477166005995 
0.000000099850579 
0.000475666369333 
0.000000099017245 
0.000474169967142 
0.000000098165551 
0.000472677613083 
0.000000097317545 
0.000471189980504 
0.000000096484653 
0.000469707798071 
0.000000095622199 
0.000468231923349 
0.000000094832305 
0.000466762998292 
0.000000093974037 
0.000465302007781 
0.000000093131963 
0.000463849611817 
0.000000092349517 
0.000462406825248 
0.000000091505801 
0.000460974453473 
0.000000090739251 
0.000459553465693 
0.000000089937330 
0.000458144648354 
0.000000089159853 
0.000456749129832 
0.000000088324510 
0.000455367763078 
0.000000087552627 
0.000454001402555 
0.000000086792740 
0.000452651272400 
0.000000086061875 
0.000451318180455 
0.000000085313568 
0.000450003076544 
0.000000084552944 
0.000448707040121 
0.000000083859348 
0.000447430978984 
0.000000083141736 
0.000446175931553 
0.000000082456969 
0.000444942695689 
0.000000081748650 
0.000443732339023 
0.000000081097942 
0.000442545724587 
0.000000080429580 
0.000441383755893 
0.000000079768352 
0.000440247412640 
0.000000079118332 
0.000439137248816 
0.000000078540240 
0.000438054143326 
0.000000077946422 
0.000436999005686 
0.000000077363296 
0.000435972396587 
0.000000076773524 
0.000434975039049 
0.000000076220018 
0.000434007612218 
0.000000075667520 
0.000433070640547 
0.000000075181086 
0.000432164667701 
0.000000074638395 
0.000431290289458 
0.000000074150830 
0.000430447864321 
0.000000073702454 
0.000429637912264 
0.000000073239554 
0.000428860745840 
0.000000072811990 
0.000428116676648 
0.000000072419867 
0.000427406172244 
0.000000071994575 
0.000426729316082 
0.000000071608438 
0.000426086451035 
0.000000071265219 
0.000425477797292 
0.000000070922720 
0.000424903479487 
0.000000070597886 
0.000424363835177 
0.000000070251557 
0.000423858715086 
0.000000069974264 
0.000423388477504 
0.000000069729054 
0.000422953045696 
0.000000069435478 
0.000422552621314 
0.000000069208992 
0.000422187290152 
0.000000068962837 
0.000421857088880 
0.000000068760857 
0.000421561955586 
0.000000068576488 
0.000421302021699 
0.000000068391465 
0.000421077194642 
0.000000068255493 
0.000420887653335 
0.000000068115133 
0.000420733240018 
0.000000067941431 
0.000420614004348 
0.000000067868200 
0.000420529960939 
0.000000067716337 
0.000420481046235 
0.000000067693531 
0.000420467287840 
0.000000067609818 
0.000420488542589 
0.000000067548209 
0.000420544750070 
0.000000067517605 
0.000420636113778 
0.000000067472653 
0.000420762202961 
0.000000067477479 
0.000420923146965 
0.000000067474566 
0.000421118755025 
0.000000067467989 
0.000421349111507 
0.000000067513246 
0.000421613851445 
0.000000067568262 
0.000421913007169 
0.000000067616349 
0.000422246428161 
0.000000067714512 
0.000422613939395 
0.000000067737333 
0.000423015372259 
0.000000067867831 
0.000423450595753 
0.000000067939142 
0.000423919368323 
0.000000068048054 
0.000424421534629 
0.000000068186064 
0.000424956833553 
0.000000068301818 
0.000425525106606 
0.000000068433093 
0.000426126098020 
0.000000068586204 
0.000426759482486 
0.000000068789265 
0.000427425083507 
0.000000068920668 
0.000428122626823 
0.000000069104120 
0.000428851652249 
0.000000069291760 
0.000429612095273 
0.000000069504291 
0.000430403499231 
0.000000069666674 
0.000431225512448 
0.000000069892031 
0.000432077769424 
0.000000070125158 
0.000432959933036 
0.000000070357092 
0.000433871770041 
0.000000070568625 
0.000434812631006 
0.000000070786328 
0.000435782234647 
0.000000071036235 
0.000436780177044 
0.000000071305460 
0.000437805996720 
0.000000071558306 
0.000438859282420 
0.000000071832653 
0.000439939353781 
0.000000072130506 
0.000441045996370 
0.000000072394841 
0.000442178484176 
0.000000072665841 
0.000443336419569 
0.000000073001138 
0.000444519146870 
0.000000073231189 
0.000445726187498 
0.000000073534976 
0.000446956838092 
0.000000073885603 
0.000448210567891 
0.000000074172551 
0.000449486743132 
0.000000074489104 
0.000450784673739 
0.000000074802020 
0.000452103665239 
0.000000075108206 
0.000453443031463 
0.000000075436743 
0.000454802061392 
0.000000075810903 
0.000456179939395 
0.000000076106021 
0.000457575882383 
0.000000076473413 
0.000458989122559 
0.000000076788012 
0.000460418742337 
0.000000077171370 
0.000461863920997 
0.000000077479828 
0.000463323746305 
0.000000077864495 
0.000464797313514 
0.000000078201518 
0.000466283700034 
0.000000078523678 
0.000467781787291 
0.000000078895388 
0.000469290739656 
0.000000079290878 
0.000470809328769 
0.000000079632053 
0.000472336718984 
0.000000080004406 
0.000473871643808 
0.000000080387453 
0.000475413116884 
0.000000080711828 
0.000476959944621 
0.000000081119419 
0.000478510918473 
0.000000081485432 
0.000480064906786 
0.000000081863070 
0.000481620828133 
0.000000082236756 
0.000483177319956 
0.000000082596155 
0.000484733233407 
0.000000082945780 
0.000486287299299 
0.000000083374118 
0.000487838418100 
0.000000083735088 
0.000489385084303 
0.000000084072725 
0.000490926311847 
0.000000084444246 
0.000492460700797 
0.000000084825018 
0.000493987010220 
0.000000085173767 
0.000495504016210 
0.000000085539091 
0.000497010525356 
0.000000085892547 
0.000498505252856 
0.000000086241870 
0.000499987042284 
0.000000086643124 
0.000501454696212 
0.000000086974110 
0.000502906982746 
0.000000087372967 
0.000504342728007 
0.000000087723689 
0.000505760951200 
0.000000088056962 
0.000507160463742 
0.000000088440454 
0.000508540281859 
0.000000088771248 
0.000509899269182 
0.000000089105745 
0.000511236541795 
0.000000089425418 
0.000512550997098 
0.000000089746270 
0.000513841853406 
0.000000090081933 
0.000515108184341 
0.000000090390089 
0.000516349201573 
0.000000090720196 
0.000517564115209 
0.000000091033155 
0.000518752243139 
0.000000091346778 
0.000519912701120 
0.000000091617566 
0.000521045082779 
0.000000091901871 
0.000522148562070 
0.000000092223756 
0.000523222820713 
0.000000092490109 
0.000524267173923 
0.000000092795833 
0.000525281333254 
0.000000093051522 
0.000526264709399 
0.000000093313313 
0.000527217090422 
0.000000093605349 
0.000528138002275 
0.000000093853557 
0.000529027304180 
0.000000094126782 
0.000529884647836 
0.000000094372663 
0.000530709961403 
0.000000094613248 
0.000531502968110 
0.000000094834950 
0.000532263572041 
0.000000095032219 
0.000532991771498 
0.000000095292210 
0.000533687345327 
0.000000095526502 
0.000534350535859 
0.000000095726739 
0.000534981140757 
0.000000095891675 
0.000535579353878 
0.000000096133629 
0.000536145231014 
0.000000096309162 
0.000536678903381 
0.000000096518915 
0.000537180345820 
0.000000096709822 
0.000537650051882 
0.000000096890685 
0.000538088011523 
0.000000097065834 
0.000538494546994 
0.000000097234449 
0.000538869897509 
0.000000097415982 
0.000539214369165 
0.000000097576203 
0.000539528358070 
0.000000097704684 
0.000539812160983 
0.000000097893631 
0.000540066287673 
0.000000098022277 
0.000540290984525 
0.000000098150259 
0.000540486785325 
0.000000098289406 
0.000540654248742 
0.000000098412505 
0.000540793885693 
0.000000098516522 
0.000540906237672 
0.000000098699755 
0.000540991910092 
0.000000098782791 
0.000541051533285 
0.000000098860901 
0.000541085719962 
0.000000098952274 
0.000541095202834 
0.000000099062450 
0.000541080760113 
0.000000099122313 
0.000541043130741 
0.000000099212847 
0.000540983085911 
0.000000099307090 
0.000540901526787 
0.000000099402621 
0.000540799198024 
0.000000099428275 
0.000540677128995 
0.000000099521809 
0.000540536206483 
0.000000099582492 
0.000540377366583 
0.000000099619159 
0.000540201679857 
0.000000099640862 
0.000540010075852 
0.000000099687163 
0.000539803650702 
0.000000099703843 
0.000539583470333 
0.000000099739718 
0.000539350649775 
0.000000099737062 
0.000539106333593 
0.000000099788249 
0.000538851633550 
0.000000099731998 
0.000538587775194 
0.000000099742433 
0.000538315882524 
0.000000099743407 
0.000538037093595 
0.000000099732662 
0.000537752801456 
0.000000099692705 
0.000537464028571 
0.000000099663321 
0.000537172214914 
0.000000099609497 
0.000536878502886 
0.000000099600258 
0.000536584093463 
0.000000099545476 
0.000536290247136 
0.000000099460562 
0.000535998351025 
0.000000099418529 
0.000535709531606 
0.000000099345233 
0.000535425071254 
0.000000099257963 
0.000535146188509 
0.000000099180785 
0.000534874157338 
0.000000099089263 
0.000534610182845 
0.000000098993966 
0.000534355476570 
0.000000098905955 
0.000534111144410 
0.000000098817062 
0.000533878506332 
0.000000098703785 
0.000533658578254 
0.000000098577125 
0.000533452606633 
0.000000098493470 
0.000533261607799 
0.000000098351315 
0.000533086749673 
0.000000098188542 
0.000532928910908 
0.000000098089163 
0.000532789258615 
0.000000097939330 
0.000532668621165 
0.000000097793663 
0.000532568276205 
0.000000097653497 
0.000532488715322 
0.000000097515016 
0.000532431096495 
0.000000097366458 
0.000532396133307 
0.000000097259609 
0.000532384602483 
0.000000097069309 
0.000532397233586 
0.000000096907917 
0.000532434770803 
0.000000096768258 
0.000532497812147 
0.000000096636831 
0.000532587028253 
0.000000096486371 
0.000532702963332 
0.000000096325520 
0.000532846069690 
0.000000096184888 
0.000533016819360 
0.000000096042348 
0.000533215606251 
0.000000095882874 
0.000533442933320 
0.000000095730070 
0.000533698935139 
0.000000095564299 
0.000533983923032 
0.000000095440964 
0.000534298217313 
0.000000095304554 
0.000534641874014 
0.000000095182764 
0.000535015065066 
0.000000095030838 
0.000535417792173 
0.000000094878333 
0.000535850119676 
0.000000094768954 
0.000536312100606 
0.000000094606050 
0.000536803579981 
0.000000094490437 
0.000537324504626 
0.000000094364920 
0.000537874749970 
0.000000094253441 
0.000538454116478 
0.000000094136224 
0.000539062307200 
0.000000094025969 
0.000539699143792 
0.000000093900346 
0.000540364336815 
0.000000093808754 
0.000541057483854 
0.000000093736883 
0.000541778190886 
0.000000093626737 
0.000542526236292 
0.000000093584754 
0.000543301009720 
0.000000093470732 
0.000544102169305 
0.000000093413271 
0.000544929066488 
0.000000093292264 
0.000545781317009 
0.000000093215157 
0.000546658363027 
0.000000093190272 
0.000547559525612 
0.000000093107899 
0.000548484340719 
0.000000093055219 
0.000549432027206 
0.000000092986752 
0.000550402021629 
0.000000092961068 
0.000551393671364 
0.000000092917235 
0.000552406167550 
0.000000092901632 
0.000553438858638 
0.000000092848084 
0.000554490969610 
0.000000092823141 
0.000555561727160 
0.000000092793807 
0.000556650348948 
0.000000092791671 
0.000557756010394 
0.000000092779133 
0.000558877725804 
0.000000092783655 
0.000560014851777 
0.000000092775839 
0.000561166341756 
0.000000092795219 
0.000562331285581 
0.000000092817115 
0.000563508799163 
0.000000092821730 
0.000564697857603 
0.000000092809178 
0.000565897402334 
0.000000092848289 
0.000567106621971 
0.000000092887050 
0.000568324260618 
0.000000092932416 
0.000569549399267 
0.000000092951216 
0.000570780857593 
0.000000092979826 
0.000572017579408 
0.000000093004017 
0.000573258417007 
0.000000093120222 
0.000574502137193 
0.000000093180056 
0.000575747714487 
0.000000093205002 
0.000576993745866 
0.000000093301717 
0.000578239228137 
0.000000093318080 
0.000579482694668 
0.000000093403933 
0.000580723023445 
0.000000093516148 
0.000581958844273 
0.000000093614372 
0.000583188906883 
0.000000093682394 
0.000584411947183 
0.000000093781994 
0.000585626485264 
0.000000093882075 
0.000586831271014 
0.000000093991723 
0.000588024836632 
0.000000094045087 
0.000589205947405 
0.000000094215825 
0.000590373091534 
0.000000094285144 
0.000591524851225 
0.000000094385442 
0.000592659933429 
0.000000094570707 
0.000593776872188 
0.000000094668453 
0.000594874204039 
0.000000094861512 
0.000595950510458 
0.000000094969679 
0.000597004247505 
0.000000095103458 
0.000598034191650 
0.000000095236856 
0.000599038607151 
0.000000095390684 
0.000600016310391 
0.000000095540727 
0.000600965697941 
0.000000095695151 
0.000601885409231 
0.000000095875284 
0.000602773850331 
0.000000096023777 
0.000603629660533 
0.000000096222846 
0.000604451433735 
0.000000096378243 
0.000605237502600 
0.000000096550291 
0.000605986634406 
0.000000096719648 
0.000606697261305 
0.000000096891756 
0.000607367999733 
0.000000097097425 
0.000607997451285 
0.000000097283238 
0.000608584087506 
0.000000097414904 
0.000609126460104 
0.000000097649740 
0.000609623279241 
0.000000097775821 
0.000610073035185 
0.000000098013778 
0.000610474406632 
0.000000098174998 
0.000610825946446 
0.000000098366496 
0.000611126378543 
0.000000098566320 
0.000611374295967 
0.000000098675446 
0.000611568398742 
0.000000098871480 
0.000611707448064 
0.000000099059866 
0.000611790251628 
0.000000099225195 
0.000611815434365 
0.000000099385411 
0.000611781986257 
0.000000099541245 
0.000611688679851 
0.000000099720780 
0.000611534544563 
0.000000099840465 
0.000611318437652 
0.000000100010770 
0.000611039464242 
0.000000100145498 
0.000610696885919 
0.000000100206957 
0.000610289672068 
0.000000100373884 
0.000609817300549 
0.000000100476773 
0.000609279016013 
0.000000100593816 
0.000608674336827 
0.000000100673326 
0.000608002763980 
0.000000100733262 
0.000607263967198 
0.000000100802602 
0.000606457823509 
0.000000100830462 
0.000605584013193 
0.000000100883124 
0.000604642753054 
0.000000100932946 
0.000603633981672 
0.000000100930347 
0.000602557891347 
0.000000100942317 
0.000601415013134 
0.000000100935838 
0.000600205580703 
0.000000100933016 
0.000598930309275 
0.000000100854275 
0.000597589883269 
0.000000100824225 
0.000596185091951 
0.000000100729284 
0.000594716732851 
0.000000100648840 
0.000593185941018 
0.000000100580018 
0.000591593839514 
0.000000100467496 
0.000589941544500 
0.000000100278586 
0.000588230260770 
0.000000100154762 
0.000586461455517 
0.000000099967801 
0.000584636536433 
0.000000099810613 
0.000582756876235 
0.000000099612240 
0.000580824069471 
0.000000099402638 
0.000578839755211 
0.000000099130651 
0.000576805332977 
0.000000098885613 
0.000574722516324 
0.000000098640873 
0.000572592910938 
0.000000098360024 
0.000570418090060 
0.000000098088212 
0.000568199692414 
0.000000097783077 
0.000565939324924 
0.000000097522911 
0.000563638569469 
0.000000097107670 
0.000561299004925 
0.000000096809955 
0.000558922088646 
0.000000096430621 
0.000556509440888 
0.000000096066343 
0.000554062360768 
0.000000095654912 
0.000551582377524 
0.000000095265523 
0.000549070838049 
0.000000094921524 
0.000546529177488 
0.000000094516640 
0.000543958590332 
0.000000094059589 
0.000541360441187 
0.000000093624097 
0.000538735947505 
0.000000093206947 
0.000536086241288 
0.000000092745441 
0.000533412647346 
0.000000092300685 
0.000530716350062 
0.000000091852439 
0.000527998398850 
0.000000091428036 
0.000525260090795 
0.000000090940176 
0.000522502302797 
0.000000090461412 
0.000519726528561 
0.000000089985793 
0.000516933659925 
0.000000089434482 
0.000514125067466 
0.000000089002911 
0.000511301705689 
0.000000088488387 
0.000508465063706 
0.000000088047447 
0.000505616155171 
0.000000087504890 
0.000502756330993 
0.000000087079130 
0.000499886992383 
0.000000086547872 
0.000497009379861 
0.000000086027997 
0.000494124823372 
0.000000085559454 
0.000491234994365 
0.000000085034726 
0.000488341134169 
0.000000084573831 
0.000485445079084 
0.000000084093892 
0.000482548053810 
0.000000083631750 
0.000479651974550 
0.000000083092518 
0.000476758328586 
0.000000082709160 
0.000473868914697 
0.000000082180766 
0.000470985500915 
0.000000081764416 
0.000468109931281 
0.000000081287425 
0.000465243900719 
0.000000080824031 
0.000462389382635 
0.000000080369527 
0.000459548145156 
0.000000079901166 
0.000456722158871 
0.000000079475603 
0.000453913385115 
0.000000079066395 
0.000451123745238 
0.000000078661747 
0.000448354965309 
0.000000078273085 
0.000445609103032 
0.000000077802005 
0.000442888167785 
0.000000077433683 
0.000440193772259 
0.000000077057621 
0.000437528052348 
0.000000076653991 
0.000434892603230 
0.000000076386616 
0.000432289283333 
0.000000076000658 
0.000429719854741 
0.000000075640398 
0.000427185922570 
0.000000075247376 
0.000424689242588 
0.000000075012887 
0.000422231094214 
0.000000074650298 
0.000419813142100 
0.000000074320851 
0.000417436907308 
0.000000074074179 
0.000415103341219 
0.000000073735773 
0.000412814055150 
0.000000073525255 
0.000410569904067 
0.000000073239625 
0.000408372013955 
0.000000072946156 
0.000406221401009 
0.000000072711190 
0.000404118987787 
0.000000072525621 
0.000402065311934 
0.000000072248382 
0.000400061094021 
0.000000072045151 
0.000398106979497 
0.000000071851647 
0.000396203284463 
0.000000071638057 
0.000394350504780 
0.000000071463564 
0.000392548696546 
0.000000071285968 
0.000390798177510 
0.000000071133502 
0.000389098897456 
0.000000070986358 
0.000387450775149 
0.000000070832786 
0.000385853763697 
0.000000070693207 
0.000384307499129 
0.000000070571397 
0.000382811904101 
0.000000070430707 
0.000381366212057 
0.000000070347978 
0.000379970233654 
0.000000070218524 
0.000378623335753 
0.000000070109603 
0.000377324861421 
0.000000070062307 
0.000376074198089 
0.000000069907252 
0.000374870535800 
0.000000069853883 
0.000373713010110 
0.000000069749639 
0.000372600926583 
0.000000069664267 
0.000371533146542 
0.000000069596500 
0.000370508914743 
0.000000069583166 
0.000369527124456 
0.000000069562589 
0.000368586873538 
0.000000069503209 
0.000367687023989 
0.000000069480849 
0.000366826593316 
0.000000069405884 
0.000366004444212 
0.000000069379402 
0.000365219436244 
0.000000069400746 
0.000364470480275 
0.000000069373603 
0.000363756565736 
0.000000069342694 
0.000363076397664 
0.000000069322092 
0.000362428949082 
0.000000069300723 
0.000361813231548 
0.000000069362145 
0.000361227912647 
0.000000069305523 
0.000360672069567 
0.000000069307361 
0.000360144632099 
0.000000069312404 
0.000359644357300 
0.000000069304410 
0.000359170432104 
0.000000069333582 
0.000358721706880 
0.000000069326085 
0.000358297237704 
0.000000069316219 
0.000357896001984 
0.000000069323018 
0.000357517183530 
0.000000069319221 
0.000357159699470 
0.000000069363863 
0.000356822991721 
0.000000069430870 
0.000356505823604 
0.000000069388054 
0.000356207657840 
0.000000069372041 
0.000355927612338 
0.000000069396486 
0.000355664943606 
0.000000069400911 
0.000355419044037 
0.000000069472475 
0.000355189121888 
0.000000069480606 
0.000354974690879 
0.000000069504197 
0.000354775008830 
0.000000069506696 
0.000354589733423 
0.000000069510007 
0.000354418074824 
0.000000069546282 
0.000354259868941 
0.000000069564519 
0.000354114392578 
0.000000069548993 
0.000353981486551 
0.000000069532628 
0.000353860732501 
0.000000069576967 
0.000353751619323 
0.000000069612565 
0.000353654104401 
0.000000069609875 
0.000353567865893 
0.000000069661289 
0.000353492580328 
0.000000069640116 
0.000353428169826 
0.000000069578626 
0.000353374522274 
0.000000069665141 
0.000353331449286 
0.000000069660446 
0.000353298914756 
0.000000069645675 
0.000353276873408 
0.000000069662819 
0.000353265300454 
0.000000069688860 
0.000353264177927 
0.000000069664549 
0.000353273496656 
0.000000069711437 
0.000353293496280 
0.000000069728775 
0.000353323956407 
0.000000069663835 
0.000353365426663 
0.000000069689471 
0.000353417635822 
0.000000069644811 
0.000353480928096 
0.000000069698797 
0.000353555383465 
0.000000069650185 
0.000353641235954 
0.000000069676339 
0.000353738802174 
0.000000069716702 
0.000353848122180 
0.000000069651217 
0.000353969553851 
0.000000069678066 
0.000354103273657 
0.000000069659798 
0.000354249509037 
0.000000069696709 
0.000354408559012 
0.000000069694058 
0.000354580704342 
0.000000069697543 
0.000354766075490 
0.000000069689557 
0.000354965104753 
0.000000069708005 
0.000355178056175 
0.000000069672244 
0.000355405051264 
0.000000069678492 
0.000355646551162 
0.000000069649725 
0.000355902697540 
0.000000069695536 
0.000356173718630 
0.000000069648241 
0.000356459747195 
0.000000069671598 
0.000356761322387 
0.000000069658212 
0.000357078477249 
0.000000069727602 
0.000357411273428 
0.000000069664647 
0.000357760100672 
0.000000069688418 
0.000358125211860 
0.000000069719771 
0.000358506446626 
0.000000069746446 
0.000358904242267 
0.000000069720232 
0.000359318611188 
0.000000069757712 
0.000359749557809 
0.000000069757497 
0.000360197208832 
0.000000069723860 
0.000360661615959 
0.000000069750489 
0.000361142765979 
0.000000069786900 
0.000361640845376 
0.000000069811964 
0.000362155454518 
0.000000069792730 
0.000362686763668 
0.000000069861517 
0.000363234562268 
0.000000069847229 
0.000363798885692 
0.000000069877865 
0.000364379476098 
0.000000069886494 
0.000364976103201 
0.000000069887445 
0.000365588556197 
0.000000069924569 
0.000366216653555 
0.000000069933957 
0.000366860074442 
0.000000069976248 
0.000367518404052 
0.000000069990694 
0.000368191379374 
0.000000069984148 
0.000368878694029 
0.000000070043397 
0.000369579694217 
0.000000070074040 
0.000370294208705 
0.000000070137632 
0.000371021554674 
0.000000070119993 
0.000371761262417 
0.000000070167531 
0.000372512885377 
0.000000070180475 
0.000373275633684 
0.000000070256128 
0.000374049143417 
0.000000070278974 
0.000374832703409 
0.000000070325983 
0.000375625490766 
0.000000070358333 
0.000376426975369 
0.000000070394833 
0.000377236362184 
0.000000070396810 
0.000378052926576 
0.000000070462319 
0.000378876041493 
0.000000070534574 
0.000379704737477 
0.000000070535122 
0.000380538189029 
0.000000070577135 
0.000381375672912 
0.000000070626192 
0.000382216393207 
0.000000070669334 
0.000383059245805 
0.000000070686027 
0.000383903661351 
0.000000070760756 
0.000384748546424 
0.000000070781279 
0.000385593071066 
0.000000070818844 
0.000386436360472 
0.000000070889727 
0.000387277380505 
0.000000070957806 
0.000388115470003 
0.000000071001857 
0.000388949552262 
0.000000071000146 
0.000389778707206 
0.000000071027361 
0.000390602046242 
0.000000071079796 
0.000391418754764 
0.000000071130071 
0.000392227912082 
0.000000071215797 
0.000393028717269 
0.000000071232833 
0.000393820115124 
0.000000071257880 
0.000394601448119 
0.000000071297137 
0.000395371851706 
0.000000071387973 
0.000396130578468 
0.000000071379651 
0.000396876817367 
0.000000071414026 
0.000397609898972 
0.000000071405951 
0.000398329162995 
0.000000071452714 
0.000399033773002 
0.000000071500837 
0.000399723226589 
0.000000071502889 
0.000400396874937 
0.000000071560031 
0.000401054225599 
0.000000071589353 
0.000401694830102 
0.000000071611350 
0.000402318083080 
0.000000071653631 
0.000402923708173 
0.000000071678542 
0.000403511263112 
0.000000071667759 
0.000404080507502 
0.000000071723907 
0.000404631086195 
0.000000071736446 
0.000405162899187 
0.000000071731049 
0.000405675651957 
0.000000071738274 
0.000406169434667 
0.000000071728345 
0.000406644068532 
0.000000071716756 
0.000407099621058 
0.000000071769036 
0.000407536177309 
0.000000071752353 
0.000407953687244 
0.000000071749400 
0.000408352457434 
0.000000071831613 
0.000408732702611 
0.000000071816250 
0.000409094790370 
0.000000071788593 
0.000409438742782 
0.000000071810684 
0.000409765135315 
0.000000071802140 
0.000410074384435 
0.000000071799540 
0.000410366869075 
0.000000071773362 
0.000410643128276 
0.000000071818426 
0.000410903715134 
0.000000071796365 
0.000411149129084 
0.000000071730079 
0.000411380020329 
0.000000071765642 
0.000411597020014 
0.000000071723068 
0.000411800646974 
0.000000071720044 
0.000411991743616 
0.000000071741281 
0.000412170970383 
0.000000071740599 
0.000412338907793 
0.000000071713679 
0.000412496473373 
0.000000071662553 
0.000412644261158 
0.000000071678116 
0.000412783020114 
0.000000071645224 
0.000412913572084 
0.000000071613354 
0.000413036490386 
0.000000071610058 
0.000413152589498 
0.000000071573825 
