73.180531051827529 
1.161932986090854 
0.031204981799861 
0.001074872372040 
0.000045776722008 
0.000002218550605 
0.000000186759955 
14.743493873774424 
0.249673144905331 
0.007170485481755 
0.000275350869778 
0.000012368148560 
0.000000623330484 
3.647436454250914 
0.070958356353793 
0.001924802214433 
0.000075188450733 
0.000003504918378 
0.000000232901103 
1.061935742181012 
0.019686975213249 
0.000508805662912 
0.000017901215744 
0.000000797142437 
0.360971816923040 
0.007311090409200 
0.000192386710404 
0.000006508078803 
0.000000286109615 
0.194135594417562 
0.005879186848554 
0.000184477087335 
0.000007111899778 
0.000000345662059 
0.153490823848137 
0.005097994709415 
0.000167202483847 
0.000006380827808 
0.000000308698862 
0.131951099132000 
0.004304198588966 
0.000143697526295 
0.000005393457350 
0.000000264168222 
0.114935037504353 
0.003634741425565 
0.000123057506888 
0.000004578453439 
0.000000248986224 
0.100930449457007 
0.003097960875905 
0.000106180634358 
0.000003943619826 
0.000000220739644 
0.089379449029115 
0.002667399587611 
0.000092401809967 
0.000003424202120 
0.000000211463195 
0.079782842822300 
0.002318237925555 
0.000081044077054 
0.000002996174071 
0.000000188907705 
0.071725850124129 
0.002031742093263 
0.000071634519222 
0.000002644315854 
0.000000183312918 
0.064888015900806 
0.001794099817217 
0.000063712622943 
0.000002351873986 
0.000000174723890 
0.059026586648930 
0.001595028518758 
0.000057015144636 
0.000002098544805 
0.000000168699000 
0.053956995422880 
0.001426768772193 
0.000051306205628 
0.000001895958389 
0.000000167803176 
0.049537271681640 
0.001283357933802 
0.000046385976817 
0.000001708055973 
0.000000162433402 
0.045656693659132 
0.001160227925073 
0.000042135456824 
0.000001553136669 
0.000000154910310 
0.042227759044200 
0.001053771918254 
0.000038433415239 
0.000001421410597 
0.000000155133281 
0.039180558000920 
0.000961150865202 
0.000035188057935 
0.000001304312569 
0.000000157308158 
0.036458520796419 
0.000880086193403 
0.000032350067260 
0.000001192831799 
0.000000153952218 
0.034015514899161 
0.000808751042353 
0.000029821968573 
0.000001102611708 
0.000000153097404 
0.031813503363600 
0.000745662755638 
0.000027573267297 
0.000001029314187 
0.000000153535617 
0.029820871374046 
0.000689610677729 
0.000025570311223 
0.000000946670900 
0.028011175155674 
0.000639591970016 
0.000023776421328 
0.000000893342705 
0.026362091639446 
0.000594786525590 
0.000022157746973 
0.000000834989734 
0.024854723431934 
0.000554475229103 
0.000020693816690 
0.000000779781060 
0.023472901576800 
0.000518097301428 
0.000019381582126 
0.000000734525550 
0.022202761919908 
0.000485163839224 
0.000018185906783 
0.000000685598214 
0.021032346898106 
0.000455234393553 
0.000017092692493 
0.000000647587044 
0.019951326471641 
0.000427965032531 
0.000016084508288 
0.000000611991518 
0.018950611162018 
0.000403053357008 
0.000015174365285 
0.000000579192173 
0.018022364852171 
0.000380226997401 
0.000014329834592 
0.000000552299868 
0.017159629018209 
0.000359271006355 
0.000013554710021 
0.000000525673147 
0.016356308939275 
0.000339980969429 
0.000012845726007 
0.000000501933405 
0.015606972015993 
0.000322191074474 
0.000012182442282 
0.000000470370519 
0.014906873502735 
0.000305736050690 
0.000011563431433 
0.000000455984760 
0.014251765798573 
0.000290510582469 
0.000011008050706 
0.000000435620020 
0.013637802525360 
0.000276358286200 
0.000010466552675 
0.000000417463814 
0.013061592264574 
0.000263195193747 
0.000009983807779 
0.000000400442823 
0.012520116837001 
0.000250951645353 
0.000009526813666 
0.000000385288334 
0.012010583564138 
0.000239528541304 
0.000009096043690 
0.000000366258932 
0.011530524514526 
0.000228843179517 
0.000008700428430 
0.000000360160187 
0.011077703996877 
0.000218847032387 
0.000008326996210 
0.000000340058830 
0.010650119280620 
0.000209479212984 
0.000007976343573 
0.000000334764047 
0.010245931978698 
0.000200691415859 
0.000007638630441 
0.000000327088232 
0.009863427386591 
0.000192433766583 
0.000007328333409 
0.000000318890221 
0.009501115013194 
0.000184662635797 
0.000007041590925 
0.000000300114604 
0.009157584916241 
0.000177337307087 
0.000006760051296 
0.000000292755026 
0.008831554419594 
0.000170433369403 
0.000006500103042 
0.000000280966049 
0.008521892189306 
0.000163920643084 
0.000006253967645 
0.000000283256182 
0.008227498130354 
0.000157748987250 
0.000006008646066 
0.000000276972454 
0.007947382944519 
0.000151921316493 
0.000005797210319 
0.000000263310066 
0.007680688241621 
0.000146391999391 
0.000005593756325 
0.000000261400379 
0.007426522677164 
0.000141158405516 
0.000005392900241 
0.000000249170153 
0.007184158493681 
0.000136192102933 
0.000005204942169 
0.000000249539636 
0.006952862293516 
0.000131468509005 
0.000005025509903 
0.000000246893968 
0.006731985460323 
0.000126981193866 
0.000004856039361 
0.000000237966764 
0.006520915624510 
0.000122704741594 
0.000004698842721 
0.000000230493545 
0.006319094351462 
0.000118641654870 
0.000004531874168 
0.000000233345452 
0.006125984855947 
0.000114774255374 
0.000004389749983 
0.000000227719251 
0.005941079284722 
0.000111081889681 
0.000004249158354 
0.000000231187791 
0.005763969472340 
0.000107554157584 
0.000004115402177 
0.000000210526232 
0.005594212200524 
0.000104188651330 
0.000003987223599 
0.000000213220897 
0.005431388232346 
0.000100968349598 
0.000003866639633 
0.000000210217937 
0.005275156585923 
0.000097892768846 
0.000003742208016 
0.000000208241760 
0.005125179695586 
0.000094953071159 
0.000003637656333 
0.000000206123302 
0.004981099698264 
0.000092131002871 
0.000003530562825 
0.000000201929371 
0.004842650447197 
0.000089426467021 
0.000003416349675 
0.000000212616243 
0.004709523170426 
0.000086842543640 
0.000003324601067 
0.000000194505084 
0.004581471401759 
0.000084351268665 
0.000003235185688 
0.000000199996573 
0.004458224263150 
0.000081970682932 
0.000003132602557 
0.000000193580659 
0.004339585586427 
0.000079684671254 
0.000003055634914 
0.000000198240374 
0.004225304031897 
0.000077488753275 
0.000002968354593 
0.000000183994488 
0.004115150767581 
0.000075369178312 
0.000002890154294 
0.000000189892621 
0.004008991096772 
0.000073344885013 
0.000002808459672 
0.000000189597558 
0.003906601694248 
0.000071381195861 
0.000002735285517 
0.000000190622321 
0.003807821973112 
0.000069494381400 
0.000002671885894 
0.000000184727087 
0.003712477677041 
0.000067690654995 
0.000002603767643 
0.000000188188006 
0.003620421176755 
0.000065938510393 
0.000002533062753 
0.000000179901893 
0.003531503789768 
0.000064256993999 
0.000002469145483 
0.000000176462229 
0.003445597069076 
0.000062636320461 
0.000002404781606 
0.000000189294778 
0.003362563752081 
0.000061066060209 
0.000002340958498 
0.000000179406737 
0.003282275959950 
0.000059559923828 
0.000002290710500 
0.000000176216657 
0.003204624894444 
0.000058090644811 
0.000002229314729 
0.000000174902301 
0.003129516425101 
0.000056686047165 
0.000002172585695 
0.000000171752496 
0.003056799684086 
0.000055329628686 
0.000002131209384 
0.000000172530847 
0.002986404727770 
0.000054016825741 
0.000002068685768 
0.000000173059243 
0.002918207324840 
0.000052744977885 
0.000002027683314 
0.000000175646531 
0.002852195997843 
0.000051511571933 
0.000001978916027 
0.000000177314250 
0.002788191807985 
0.000050316347551 
0.000001935307609 
0.000000169491607 
0.002726175715514 
0.000049164499465 
0.000001889570068 
0.000000177890588 
0.002666014352148 
0.000048051089726 
0.000001846363984 
0.000000179515289 
0.002607703075810 
0.000046961836805 
0.000001802608526 
0.000000176881650 
0.002551112847919 
0.000045921974666 
0.000001768712433 
0.000000165892016 
0.002496225221496 
0.000044902467737 
0.000001730063430 
0.000000167838598 
0.002442939615832 
0.000043925241315 
0.000001690341234 
0.000000175349775 
0.002391197505167 
0.000042972439967 
0.000001652876316 
0.000000175950392 
0.002340972877153 
0.000042048230624 
0.000001611150509 
0.000000164932994 
0.002292181904893 
0.000041148958086 
0.000001579432529 
0.000000165319648 
0.002244784930341 
0.000040276683280 
0.000001546378874 
0.000000168296979 
0.002198699472641 
0.000039436977194 
0.000001521000750 
0.000000172912943 
0.002153943190391 
0.000038616500301 
0.000001491173047 
0.000000172822299 
0.002110394696121 
0.000037824213919 
0.000001458113062 
0.000000172480010 
0.002068057863241 
0.000037043059395 
0.000001418165421 
0.000000174200462 
0.002026865664130 
0.000036289024829 
0.000001396644799 
0.000000165022725 
0.001986825946262 
0.000035558339794 
0.000001374007787 
0.000000170582486 
0.001947827373562 
0.000034848650649 
0.000001345176026 
0.000000170032718 
0.001909883584802 
0.000034147548004 
0.000001314949523 
0.000000173807994 
0.001872963510869 
0.000033475749782 
0.000001293431523 
0.000000166554449 
0.001836966731022 
0.000032828936367 
0.000001269580930 
0.000000162212491 
0.001801966108597 
0.000032193006965 
0.000001242418586 
0.000000171805023 
0.001767838177508 
0.000031575701280 
0.000001214227212 
0.000000168394038 
0.001734600828457 
0.000030968561288 
0.000001190376662 
0.000000162340892 
0.001702211896703 
0.000030380005298 
0.000001171663551 
0.000000170774493 
0.001670643585833 
0.000029809662007 
0.000001150772019 
0.000000160574963 
0.001639875649986 
0.000029255076917 
0.000001125502076 
0.000000167497143 
0.001609869918296 
0.000028703430702 
0.000001110370963 
0.000000168331696 
0.001580617951980 
0.000028179892091 
0.000001088330786 
0.000000166818905 
0.001552079398151 
0.000027666309530 
0.000001069960720 
0.000000174517712 
0.001524230302947 
0.000027151604097 
0.000001052930893 
0.000000168179008 
0.001497077615657 
0.000026672028797 
0.000001031567498 
0.000000167848793 
0.001470564907890 
0.000026195565227 
0.000001012178158 
0.000000170288168 
0.001444719206297 
0.000025725221276 
0.000000999696608 
0.001419455480319 
0.000025270071713 
0.000000979156328 
0.001394809205284 
0.000024822848469 
0.000000959644858 
0.001370735414215 
0.000024394691470 
0.000000938634483 
0.001347237576192 
0.000023975466381 
0.000000928138422 
0.001324272345563 
0.000023559198226 
0.000000909249381 
0.001301846791638 
0.000023157817323 
0.000000892747603 
0.001279934572997 
0.000022758200316 
0.000000888890849 
0.001258528159238 
0.000022376156515 
0.000000868509225 
0.001237577125187 
0.000022000961868 
0.000000856757987 
0.001217123153859 
0.000021634121010 
0.000000837279376 
0.001197128399101 
0.000021278166080 
0.000000825591399 
0.001177555055043 
0.000020924023507 
0.000000816491932 
0.001158431284669 
0.000020582535309 
0.000000806692646 
0.001139742173891 
0.000020247283459 
0.000000784315223 
0.001121443795655 
0.000019920463703 
0.000000778710209 
0.001103547667811 
0.000019604602259 
0.000000757619431 
0.001086033068489 
0.000019287480237 
0.000000755616009 
0.001068905501689 
0.000018978249154 
0.000000738115379 
0.001052131256599 
0.000018685248048 
0.000000733477910 
0.001035722823139 
0.000018387524811 
0.000000711985193 
0.001019644351591 
0.000018097570453 
0.000000704076578 
0.001003924451533 
0.000017821079440 
0.000000699103170 
0.000988527830109 
0.000017546265410 
0.000000679900337 
0.000973438056351 
0.000017277711913 
0.000000676265218 
0.000958656289782 
0.000017016980675 
0.000000666716915 
0.000944209865360 
0.000016755611827 
0.000000663242117 
0.000930027449064 
0.000016504665760 
0.000000654799321 
0.000916140294649 
0.000016253733908 
0.000000634947228 
0.000902529608396 
0.000016013485100 
0.000000628784616 
0.000889207753340 
0.000015773982997 
0.000000620251800 
0.000876126955965 
0.000015539830712 
0.000000612594121 
0.000863329132702 
0.000015312940788 
0.000000602197820 
0.000850778329172 
0.000015092113981 
0.000000601479199 
0.000838470578209 
0.000014873480080 
0.000000591343095 
0.000826401470765 
0.000014655023984 
0.000000589189182 
0.000814582736592 
0.000014446200424 
0.000000579740294 
0.000802968101083 
0.000014244521236 
0.000000563648818 
0.000791580341253 
0.000014038890403 
0.000000558383822 
0.000780428634946 
0.000013838152907 
0.000000552847337 
0.000769493167697 
0.000013643664943 
0.000000540120864 
0.000758747741887 
0.000013456756165 
0.000000534994780 
0.000748189403861 
0.000013269928829 
0.000000537355929 
0.000737853333282 
0.000013087162231 
0.000000519819705 
0.000727715044321 
0.000012905231888 
0.000000515293050 
0.000717750196677 
0.000012728198515 
0.000000509458679 
0.000707976881852 
0.000012556840537 
0.000000500311041 
0.000698378823924 
0.000012383818860 
0.000000494461448 
0.000688945734749 
0.000012210519269 
0.000000488822493 
0.000679707640276 
0.000012054300250 
0.000000488307327 
0.000670625572989 
0.000011889123289 
0.000000480565953 
0.000661700564930 
0.000011734882384 
0.000000472781757 
0.000652962864658 
0.000011577970851 
0.000000464898601 
0.000644349445155 
0.000011427715046 
0.000000459733198 
0.000635894703267 
0.000011279553857 
0.000000459589837 
0.000627607668017 
0.000011127275205 
0.000000447828208 
0.000619436003948 
0.000010985805859 
0.000000444777526 
0.000611445473800 
0.000010838978846 
0.000000443470156 
0.000603563268324 
0.000010705717428 
0.000000443611232 
0.000595845052048 
0.000010561625665 
0.000000428332823 
0.000588251106831 
0.000010432983776 
0.000000428289334 
0.000580785215906 
0.000010301406970 
0.000000422811878 
0.000573429764334 
0.000010168519330 
0.000000414422947 
0.000566231500732 
0.000010039198570 
0.000000412149531 
0.000559116537165 
0.000009918634617 
0.000000410049230 
0.000552147863404 
0.000009792833985 
0.000000409399821 
0.000545308633977 
0.000009662807916 
0.000000397807192 
0.000538559205577 
0.000009555361270 
0.000000394809198 
0.000531925720089 
0.000009431580248 
0.000000392196718 
0.000525415916655 
0.000009319973636 
0.000000390662342 
0.000519004571026 
0.000009207892081 
0.000000382965016 
0.000512694167598 
0.000009089026456 
0.000000375282614 
0.000506490017911 
0.000008982414262 
0.000000385405015 
0.000500404150435 
0.000008871275065 
0.000000378427118 
0.000494403401991 
0.000008767503267 
0.000000365301716 
0.000488505662898 
0.000008668429724 
0.000000367502584 
0.000482693356027 
0.000008554360595 
0.000000352342843 
0.000476982141324 
0.000008461195396 
0.000000358768385 
0.000471352248191 
0.000008364806383 
0.000000355857395 
0.000465806947367 
0.000008262272154 
0.000000344264423 
0.000460374581576 
0.000008165148953 
0.000000348192824 
0.000455012220682 
0.000008069885179 
0.000000343683709 
0.000449750517817 
0.000007983254607 
0.000000349309764 
0.000444541020269 
0.000007890338188 
0.000000337739123 
0.000439428452146 
0.000007802858888 
0.000000336331806 
0.000434411408858 
0.000007706387822 
0.000000332786520 
0.000429449988682 
0.000007622055964 
0.000000326872529 
0.000424557715305 
0.000007532338539 
0.000000322328608 
0.000419760777581 
0.000007451523958 
0.000000329849572 
0.000415030028679 
0.000007364636279 
0.000000323087641 
0.000410394270975 
0.000007284963364 
0.000000325104695 
0.000405800823737 
0.000007201210355 
0.000000320271896 
0.000401262920450 
0.000007120608456 
0.000000309438236 
0.000396839262931 
0.000007043384819 
0.000000314259467 
0.000392437470973 
0.000006964146331 
0.000000304311068 
0.000388124744228 
0.000006893664511 
0.000000304931433 
0.000383862157472 
0.000006814352362 
0.000000298559258 
0.000379678170352 
0.000006742416359 
0.000000295583576 
0.000375550085429 
0.000006672994186 
0.000000299680646 
0.000371488413111 
0.000006600442941 
0.000000293749964 
0.000367471899047 
0.000006530301582 
0.000000297981136 
0.000363532309320 
0.000006455323386 
0.000000291072632 
0.000359632839121 
0.000006388221348 
0.000000286399237 
0.000355799067950 
0.000006325163291 
0.000000284416566 
0.000352004388178 
0.000006256665247 
0.000000287782872 
0.000348289132517 
0.000006188569789 
0.000000283986675 
0.000344615857495 
0.000006128789504 
0.000000281233448 
0.000341000471331 
0.000006065391986 
0.000000281030898 
0.000337415265012 
0.000005998110866 
0.000000272689200 
0.000333905551555 
0.000005937257214 
0.000000269908552 
0.000330436932145 
0.000005873774793 
0.000000283324077 
0.000327020804870 
0.000005810792330 
0.000000279399571 
0.000323650589257 
0.000005755994848 
0.000000275785528 
0.000320318535822 
0.000005685636230 
0.000000264388597 
0.000317028327136 
0.000005634525707 
0.000000262362127 
0.000313807348213 
0.000005583809495 
0.000000266102249 
0.000310612828836 
0.000005524183387 
0.000000264810495 
0.000307465987873 
0.000005468945393 
0.000000254886855 
0.000304365854362 
0.000005414638484 
0.000000267573809 
0.000301300588394 
0.000005358029768 
0.000000262595829 
0.000298287180541 
0.000005308554258 
0.000000258788084 
0.000295317624061 
0.000005257961544 
0.000000257810488 
0.000292373646574 
0.000005201531058 
0.000000261212898 
0.000289485741372 
0.000005144585015 
0.000000256277976 
0.000286610335769 
0.000005096438498 
0.000000246244579 
0.000283787124513 
0.000005046616734 
0.000000250938588 
0.000281014406062 
0.000004999197793 
0.000000259241271 
0.000278261161512 
0.000004953644815 
0.000000244053906 
0.000275560985398 
0.000004904695644 
0.000000242742754 
0.000272884615418 
0.000004860315643 
0.000000245028802 
0.000270259451536 
0.000004808264233 
0.000000245450849 
0.000267645848833 
0.000004761653824 
0.000000236539506 
0.000265067614701 
0.000004712089200 
0.000000240776567 
0.000262545437753 
0.000004674512265 
0.000000243886540 
0.000260044880364 
0.000004624984445 
0.000000242321415 
0.000257562083311 
0.000004589090224 
0.000000228017122 
0.000255122566449 
0.000004537788649 
0.000000236648360 
0.000252714351379 
0.000004500556575 
0.000000237417816 
0.000250342757162 
0.000004462975774 
0.000000233113467 
0.000247991780109 
0.000004414640746 
0.000000228608300 
0.000245672893764 
0.000004374640414 
0.000000228440408 
0.000243381200336 
0.000004333785539 
0.000000233369523 
0.000241136018626 
0.000004300356502 
0.000000231715469 
0.000238910583698 
0.000004257150856 
0.000000225638417 
0.000236688413989 
0.000004223597436 
0.000000226160278 
0.000234523986012 
0.000004178315976 
0.000000227773253 
0.000232381361987 
0.000004145928369 
0.000000227310157 
0.000230249450624 
0.000004107395277 
0.000000221921094 
0.000228161933685 
0.000004068982514 
0.000000219622496 
0.000226081782398 
0.000004030425022 
0.000000220091756 
0.000224027759570 
0.000003986467484 
0.000000223517313 
0.000222028226458 
0.000003954231329 
0.000000213964991 
0.000220038592265 
0.000003923443198 
0.000000215273208 
0.000218064876486 
0.000003892427734 
0.000000214150741 
0.000216108235280 
0.000003857532128 
0.000000218143093 
0.000214192411502 
0.000003818169322 
0.000000213440412 
0.000212290363951 
0.000003785951249 
0.000000216034513 
0.000210437795016 
0.000003752944119 
0.000000220439048 
0.000208571341192 
0.000003713846495 
0.000000218971578 
0.000206741191323 
0.000003688957156 
0.000000220598913 
0.000204932052210 
0.000003654443952 
0.000000204341392 
0.000203137305683 
0.000003618410095 
0.000000210509057 
0.000201367039172 
0.000003597747491 
0.000000207021504 
0.000199626470683 
0.000003568367450 
0.000000206799400 
0.000197904020274 
0.000003535759846 
0.000000209382956 
0.000196195223971 
0.000003503557643 
0.000000199934447 
0.000194506327582 
0.000003481042474 
0.000000205034318 
0.000192847655111 
0.000003442449412 
0.000000208498346 
0.000191203317931 
0.000003415300627 
0.000000201889108 
0.000189578245661 
0.000003389878851 
0.000000208950682 
0.000187954958994 
0.000003356829672 
0.000000205087894 
0.000186382411199 
0.000003325015092 
0.000000196032990 
0.000184791816019 
0.000003301190288 
0.000000211780559 
0.000183268795086 
0.000003274131502 
0.000000204405742 
0.000181721943305 
0.000003249458089 
0.000000197154793 
0.000180196361332 
0.000003219547371 
0.000000204651822 
0.000178706070023 
0.000003193281515 
0.000000204350884 
0.000177221008128 
0.000003167203454 
0.000000199834062 
0.000175749914200 
0.000003143520624 
0.000000199340562 
0.000174308090401 
0.000003117356799 
0.000000195663130 
0.000172866762734 
0.000003091043157 
0.000000199324485 
0.000171461437400 
0.000003067120531 
0.000000202616901 
0.000170054562364 
0.000003037961224 
0.000000200050145 
0.000168663102897 
0.000003019722743 
0.000000208630118 
0.000167300929161 
0.000002992587102 
0.000000197549156 
0.000165940297408 
0.000002967423912 
0.000000198455654 
0.000164587395980 
0.000002945088557 
0.000000187928940 
0.000163272271922 
0.000002923990466 
0.000000189187489 
0.000161947286554 
0.000002897117066 
0.000000196777654 
0.000160666634428 
0.000002876846382 
0.000000188696081 
0.000159382696825 
0.000002850064613 
0.000000199728259 
0.000158116013292 
0.000002828697981 
0.000000195193866 
0.000156853853095 
0.000002802479560 
0.000000193179543 
0.000155606124377 
0.000002784063517 
0.000000184018097 
0.000154393439044 
0.000002768117357 
0.000000185025477 
0.000153172486189 
0.000002746040094 
0.000000191736399 
0.000151976597816 
0.000002720268670 
0.000000193493670 
0.000150783792250 
0.000002694550845 
0.000000196861506 
0.000149609121928 
0.000002676713582 
0.000000188248637 
0.000148445219298 
0.000002658530329 
0.000000189024234 
0.000147296180062 
0.000002634262072 
0.000000191047059 
0.000146145617433 
0.000002617913994 
0.000000187204035 
0.000145030332430 
0.000002593481890 
0.000000180630947 
0.000143911142710 
0.000002575337329 
0.000000186490280 
0.000142804361980 
0.000002555093185 
0.000000196417067 
0.000141710470861 
0.000002539969630 
0.000000186935693 
0.000140621898461 
0.000002529056194 
0.000000183510352 
0.000139556752580 
0.000002507103785 
0.000000180530100 
0.000138504285847 
0.000002482455675 
0.000000183510643 
0.000137455432630 
0.000002466426428 
0.000000182991581 
0.000136427189550 
0.000002442251104 
0.000000191620800 
0.000135388682589 
0.000002428200258 
0.000000183758580 
0.000134382902878 
0.000002410159696 
0.000000185407316 
0.000133372204523 
0.000002392351676 
0.000000183298213 
0.000132384757943 
0.000002372760820 
0.000000191168415 
0.000131395532587 
0.000002356630349 
0.000000188052407 
0.000130412399574 
0.000002333338675 
0.000000180010846 
0.000129463403578 
0.000002323537753 
0.000000183810085 
0.000128500142224 
0.000002311391042 
0.000000183215569 
0.000127559697473 
0.000002286722140 
0.000000175965162 
0.000126612272128 
0.000002267912138 
0.000000179943350 
0.000125701075086 
0.000002261247183 
0.000000181243439 
0.000124780255512 
0.000002236994932 
0.000000176175465 
0.000123859874465 
0.000002224341540 
0.000000180807271 
0.000122968262700 
0.000002216756789 
0.000000180216683 
0.000122066416496 
0.000002193332012 
0.000000190554947 
0.000121207114621 
0.000002179694593 
0.000000187280286 
0.000120318510298 
0.000002162645274 
0.000000180957128 
0.000119467791015 
0.000002150501957 
0.000000169282357 
0.000118620566275 
0.000002127910337 
0.000000179688205 
0.000117755281148 
0.000002115202694 
0.000000178161422 
0.000116922303181 
0.000002095500888 
0.000000172546442 
0.000116089703014 
0.000002093635420 
0.000000177011486 
0.000115265546206 
0.000002073209025 
0.000000185233456 
0.000114461903347 
0.000002059963237 
0.000000178335088 
0.000113657200778 
0.000002041841548 
0.000000178800713 
0.000112850111663 
0.000002029012835 
0.000000178462092 
0.000112045855672 
0.000002015371164 
0.000000186501567 
0.000111276377067 
0.000002001005089 
0.000000182297077 
0.000110507373642 
0.000001991390878 
0.000000179916734 
0.000109745830758 
0.000001977326227 
0.000000181067319 
0.000108971682463 
0.000001963050844 
0.000000179270842 
0.000108215506122 
0.000001948801803 
0.000000175055265 
0.000107464999204 
0.000001931385501 
0.000000178514116 
0.000106725491709 
0.000001918608650 
0.000000176726836 
0.000105989401694 
0.000001910919361 
0.000000169759093 
0.000105263866356 
0.000001896006987 
0.000000177025518 
0.000104567224251 
0.000001887231212 
0.000000175546391 
0.000103836100149 
0.000001868775755 
0.000000175861871 
0.000103143221239 
0.000001857171320 
0.000000177635168 
0.000102434100735 
0.000001846316375 
0.000000185492686 
0.000101753877124 
0.000001828803980 
0.000000173024035 
0.000101049520530 
0.000001818959047 
0.000000179830027 
0.000100374021826 
0.000001812725942 
0.000000178778436 
0.000099702491123 
0.000001795798218 
0.000000178573964 
0.000099038744970 
0.000001786638452 
0.000000173477892 
0.000098371597457 
0.000001772551618 
0.000000167781202 
0.000097722242992 
0.000001760629517 
0.000000173528436 
0.000097065453357 
0.000001754213074 
0.000000180512238 
0.000096426531331 
0.000001737826476 
0.000000184012291 
0.000095785787203 
0.000001725404768 
0.000000168264705 
0.000095170463310 
0.000001715218028 
0.000000175112961 
0.000094542623203 
0.000001710401904 
0.000000178689709 
0.000093919762356 
0.000001687979181 
0.000000173182764 
0.000093291488919 
0.000001679941685 
0.000000166801216 
0.000092695575814 
0.000001672037420 
0.000000168358368 
0.000092090285223 
0.000001660928498 
0.000000173976027 
0.000091492913551 
0.000001653589133 
0.000000165319252 
0.000090894498831 
0.000001638266011 
0.000000174942202 
0.000090314144234 
0.000001636351916 
0.000000172475505 
0.000089722121674 
0.000001618416960 
0.000000175849640 
0.000089140255623 
0.000001616253871 
0.000000172307705 
0.000088568911709 
0.000001601775433 
0.000000168045623 
0.000088012432880 
0.000001589632274 
0.000000174846286 
0.000087440110050 
0.000001581660459 
0.000000169435020 
0.000086893210150 
0.000001576606981 
0.000000173838383 
0.000086336132654 
0.000001559211193 
0.000000170705970 
0.000085787090631 
0.000001552499565 
0.000000170561912 
0.000085253524906 
0.000001540134753 
0.000000167120840 
0.000084720657809 
0.000001532861201 
0.000000177660654 
0.000084182121680 
0.000001521313839 
0.000000164846552 
0.000083655695018 
0.000001520668877 
0.000000174371769 
0.000083127295944 
0.000001502347215 
0.000000164941919 
0.000082605203307 
0.000001488801984 
0.000000176292955 
0.000082091801477 
0.000001491189581 
0.000000175076373 
0.000081574526780 
0.000001473520085 
0.000000164853629 
0.000081078085967 
0.000001468821455 
0.000000178400042 
0.000080573238564 
0.000001460739050 
0.000000161352700 
0.000080085109861 
0.000001448074121 
0.000000164366661 
0.000079581812024 
0.000001438383469 
0.000000169958110 
0.000079088192304 
0.000001432525263 
0.000000168786553 
0.000078616445069 
0.000001429104196 
0.000000167888755 
0.000078124755360 
0.000001413858740 
0.000000164199522 
0.000077645566908 
0.000001409336643 
0.000000175109291 
0.000077169352114 
0.000001395935081 
0.000000167263525 
0.000076705340180 
0.000001396870896 
0.000000171366488 
0.000076244078783 
0.000001381471709 
0.000000172731349 
0.000075782236638 
0.000001371846736 
0.000000174981775 
0.000075342043834 
0.000001362959497 
0.000000169117566 
0.000074871481653 
0.000001356992036 
0.000000175358870 
0.000074425953489 
0.000001352893404 
0.000000169580157 
0.000073975573813 
0.000001344785623 
0.000000167806602 
0.000073544032138 
0.000001333331937 
0.000000171275818 
0.000073100153926 
0.000001326805504 
0.000000166314874 
0.000072668700002 
0.000001318764858 
0.000000166328260 
0.000072226106293 
0.000001306723351 
0.000000170801337 
0.000071798830192 
0.000001307246474 
0.000000169056163 
0.000071377295467 
0.000001297317643 
0.000000170927577 
0.000070959805169 
0.000001292387304 
0.000000180787907 
0.000070540782546 
0.000001284065350 
0.000000166526696 
0.000070128652126 
0.000001266940523 
0.000000166803314 
0.000069721744551 
0.000001263087578 
0.000000160141828 
0.000069309662913 
0.000001259224819 
0.000000174099344 
0.000068905429270 
0.000001248632553 
0.000000162799737 
0.000068506469000 
0.000001246249249 
0.000000173004644 
0.000068103849416 
0.000001236053832 
0.000000162746305 
0.000067717873745 
0.000001229615086 
0.000000173965962 
0.000067317879188 
0.000001225387973 
0.000000172459655 
0.000066929979741 
0.000001222111843 
0.000000163323080 
0.000066558169025 
0.000001210731504 
0.000000159635973 
0.000066173609700 
0.000001202947580 
0.000000159319690 
0.000065791717151 
0.000001197818719 
0.000000165103560 
0.000065426264873 
0.000001187526827 
0.000000167290578 
0.000065043650825 
0.000001183801143 
0.000000166673886 
0.000064675685294 
0.000001175242866 
0.000000160319735 
0.000064304339734 
0.000001176246324 
0.000000167818227 
0.000063937777794 
0.000001164397867 
0.000000164186123 
0.000063576161938 
0.000001157783997 
0.000000172307109 
0.000063222881332 
0.000001154755946 
0.000000175265376 
0.000062858439269 
0.000001143809626 
0.000000164273032 
0.000062516570555 
0.000001133215434 
0.000000156201535 
0.000062168157385 
0.000001130603370 
0.000000165626823 
0.000061806297195 
0.000001125316884 
0.000000167869139 
0.000061473301469 
0.000001118868643 
0.000000159527608 
0.000061127662858 
0.000001115099920 
0.000000160412867 
0.000060777950016 
0.000001106114594 
0.000000167097339 
0.000060460450251 
0.000001103186709 
0.000000164758417 
0.000060117873188 
0.000001096933217 
0.000000158624642 
0.000059787679151 
0.000001089484654 
0.000000167260638 
0.000059462494816 
0.000001088670534 
0.000000166496378 
0.000059132992213 
0.000001083220971 
0.000000161497302 
0.000058803338657 
0.000001075125532 
0.000000163274693 
0.000058493220659 
0.000001067545689 
0.000000160762767 
0.000058171853036 
0.000001064615436 
0.000000168340482 
0.000057845407385 
0.000001063183999 
0.000000167145391 
0.000057529776666 
0.000001045886393 
0.000000163313462 
0.000057226071350 
0.000001047613035 
0.000000161919928 
0.000056915657946 
0.000001038990028 
0.000000159924000 
0.000056611229046 
0.000001031457791 
0.000000173014820 
0.000056304635285 
0.000001028023097 
0.000000153150360 
0.000056011472727 
0.000001027245972 
0.000000156317143 
0.000055709974713 
0.000001021789332 
0.000000165119956 
0.000055398732320 
0.000001015991580 
0.000000159152579 
0.000055111430380 
0.000001009573306 
0.000000164455883 
0.000054808468363 
0.000001006352716 
0.000000175849840 
0.000054511101728 
0.000000997796206 
0.000054241136131 
0.000000996258793 
0.000053953884934 
0.000000988709507 
0.000053664115483 
0.000000986553015 
0.000053378399200 
0.000000985312756 
0.000053103606259 
0.000000974132834 
0.000052824160635 
0.000000966605059 
0.000052554398184 
0.000000963719127 
0.000052269618872 
0.000000957124438 
0.000052001951883 
0.000000959557575 
0.000051725764447 
0.000000948936221 
0.000051463048612 
0.000000945138436 
0.000051198834806 
0.000000938307114 
0.000050929125325 
0.000000933937478 
0.000050664802779 
0.000000929581181 
0.000050403290246 
0.000000919652819 
0.000050150239574 
0.000000916389257 
0.000049884741697 
0.000000918307576 
0.000049631595334 
0.000000915162772 
0.000049379347232 
0.000000905292539 
0.000049131251823 
0.000000901235354 
0.000048876042581 
0.000000899903687 
0.000048634345286 
0.000000894981139 
0.000048383301186 
0.000000888436832 
0.000048125995903 
0.000000882113577 
0.000047880203477 
0.000000880779503 
0.000047653227749 
0.000000878012763 
0.000047414114143 
0.000000877409564 
0.000047169864775 
0.000000865252807 
0.000046936556004 
0.000000862753493 
0.000046712258881 
0.000000858290377 
0.000046470370949 
0.000000860512464 
0.000046243758640 
0.000000855605407 
0.000046022979293 
0.000000847643767 
0.000045779358772 
0.000000846106722 
0.000045551399969 
0.000000845043163 
0.000045328487784 
0.000000835756335 
0.000045104199417 
0.000000831094336 
0.000044879714127 
0.000000833692620 
0.000044658974900 
0.000000822996683 
0.000044437918379 
0.000000816915973 
0.000044222248225 
0.000000820434240 
0.000044014239890 
0.000000815670643 
0.000043788203396 
0.000000803989718 
0.000043579634793 
0.000000803716413 
0.000043371445808 
0.000000801852391 
0.000043165684813 
0.000000800381137 
0.000042950645690 
0.000000795372562 
0.000042746054190 
0.000000790471596 
0.000042543945110 
0.000000784456455 
0.000042335686180 
0.000000785633136 
0.000042127758679 
0.000000782185186 
0.000041938783917 
0.000000777118697 
0.000041714554660 
0.000000771394231 
0.000041522212234 
0.000000770363990 
0.000041336886046 
0.000000767486798 
0.000041133258162 
0.000000761828871 
0.000040935904228 
0.000000762139882 
0.000040738673934 
0.000000759852881 
0.000040549862824 
0.000000751456868 
0.000040371714432 
0.000000751379156 
0.000040169450672 
0.000000745812722 
0.000039987919100 
0.000000740107536 
0.000039787169533 
0.000000738981435 
0.000039605345297 
0.000000731292976 
0.000039433331826 
0.000000732422607 
0.000039238352875 
0.000000731885556 
0.000039051607232 
0.000000732618691 
0.000038879106609 
0.000000719380606 
0.000038691505210 
0.000000721128759 
0.000038512905834 
0.000000714641670 
0.000038337704243 
0.000000713302631 
0.000038165461522 
0.000000704481054 
0.000037987239195 
0.000000705336990 
0.000037805824206 
0.000000708868889 
0.000037632166727 
0.000000704971052 
0.000037458132876 
0.000000695204565 
0.000037291355236 
0.000000698687559 
0.000037131188014 
0.000000698137234 
0.000036958986084 
0.000000688657287 
0.000036793061606 
0.000000686743265 
0.000036621919679 
0.000000679606251 
0.000036451767820 
0.000000688681111 
0.000036291302689 
0.000000673620187 
0.000036126474479 
0.000000668002980 
0.000035959168217 
0.000000677161236 
0.000035814316359 
0.000000672397697 
0.000035638086183 
0.000000667134358 
0.000035472069746 
0.000000658523161 
0.000035317524341 
0.000000662173115 
0.000035161010169 
0.000000657222333 
0.000035017186264 
0.000000656076905 
0.000034845833406 
0.000000657584061 
0.000034687859299 
0.000000649447077 
0.000034540103685 
0.000000653021294 
0.000034383844828 
0.000000640645803 
0.000034236007103 
0.000000640832941 
0.000034089919633 
0.000000637017816 
0.000033936692531 
0.000000639109141 
0.000033782203534 
0.000000631804473 
0.000033639754496 
0.000000628694835 
0.000033489440716 
0.000000627148946 
0.000033347270165 
0.000000623208420 
0.000033212866557 
0.000000624775268 
0.000033060266888 
0.000000620388674 
0.000032910375649 
0.000000618979386 
0.000032776301400 
0.000000612241417 
0.000032613959192 
0.000000607881650 
0.000032487938249 
0.000000611238087 
0.000032348963748 
0.000000608684976 
0.000032212978632 
0.000000608561051 
0.000032075209620 
0.000000606053924 
0.000031932940922 
0.000000604460087 
0.000031792699997 
0.000000597448182 
0.000031654873906 
0.000000597551917 
0.000031521331881 
0.000000595184276 
0.000031397477451 
0.000000595058959 
0.000031252363813 
0.000000592513631 
0.000031124471632 
0.000000584497558 
0.000030996136602 
0.000000583012369 
0.000030870218363 
0.000000579098048 
0.000030734023967 
0.000000585065108 
0.000030605830739 
0.000000583154269 
0.000030475008605 
0.000000579690652 
0.000030349145052 
0.000000575699188 
0.000030211512810 
0.000000572690201 
0.000030094018833 
0.000000571360724 
0.000029967859040 
0.000000567527294 
0.000029838644487 
0.000000565961146 
0.000029721871228 
0.000000560843174 
0.000029598144238 
0.000000564641569 
0.000029465415703 
0.000000560373533 
0.000029351111857 
0.000000555045966 
0.000029236498866 
0.000000557283794 
0.000029111197437 
0.000000556584644 
0.000028987929325 
0.000000550967500 
0.000028861772201 
0.000000544197074 
0.000028759899741 
0.000000544238421 
0.000028631524732 
0.000000545437795 
0.000028513648722 
0.000000550087530 
0.000028390373185 
0.000000539816536 
0.000028283983891 
0.000000536858412 
0.000028171728670 
0.000000536639342 
0.000028051335337 
0.000000538245954 
0.000027932424016 
0.000000529901314 
0.000027828443026 
0.000000531868302 
0.000027703461787 
0.000000530864413 
0.000027603026289 
0.000000533877174 
0.000027475327198 
0.000000526539292 
0.000027382927866 
0.000000522509838 
0.000027269044180 
0.000000517051181 
0.000027157872882 
0.000000521185386 
0.000027054349916 
0.000000518944974 
0.000026945068860 
0.000000515842388 
0.000026836073168 
0.000000518758403 
0.000026725980991 
0.000000514586844 
0.000026624145249 
0.000000516977518 
0.000026522589112 
0.000000509173521 
0.000026415811567 
0.000000504261721 
0.000026306018217 
0.000000506891575 
0.000026201457370 
0.000000501648571 
0.000026099428215 
0.000000504372706 
0.000026000188480 
0.000000496253264 
0.000025894223885 
0.000000496217470 
0.000025798919401 
0.000000493082418 
0.000025689867510 
0.000000493448345 
0.000025592304042 
0.000000492647926 
0.000025489497030 
0.000000492254444 
0.000025395665200 
0.000000494978980 
0.000025294135861 
0.000000486328141 
0.000025199507594 
0.000000484990192 
0.000025105708115 
0.000000489111486 
0.000025004398766 
0.000000476673380 
0.000024909228236 
0.000000487100310 
0.000024821281462 
0.000000476829456 
0.000024709542143 
0.000000478709003 
0.000024613176231 
0.000000473879161 
0.000024526107981 
0.000000473154947 
0.000024428716374 
0.000000473521400 
0.000024333392404 
0.000000472253769 
0.000024242168912 
0.000000469226786 
0.000024151127862 
0.000000468691983 
0.000024060557188 
0.000000469436541 
0.000023962303246 
0.000000466877662 
0.000023877543686 
0.000000465101631 
0.000023792882947 
0.000000453379573 
0.000023697352303 
0.000000464178519 
0.000023611601026 
0.000000463712310 
0.000023523688327 
0.000000459267068 
0.000023428390297 
0.000000461028679 
0.000023343046023 
0.000000456614185 
0.000023255579769 
0.000000452967447 
0.000023161838818 
0.000000450856973 
0.000023081100081 
0.000000450073951 
0.000022995112876 
0.000000442154106 
0.000022914457431 
0.000000452415673 
0.000022818640474 
0.000000441568507 
0.000022737742724 
0.000000445151871 
0.000022653908397 
0.000000442070415 
0.000022570582370 
0.000000440230139 
0.000022490766948 
0.000000444874862 
0.000022402762119 
0.000000439018854 
0.000022322108382 
0.000000444017382 
0.000022243059979 
0.000000435619970 
0.000022159889770 
0.000000433539709 
0.000022068872507 
0.000000429263869 
0.000021994113439 
0.000000427948927 
0.000021917212899 
0.000000430641817 
0.000021834685515 
0.000000430711408 
0.000021757037690 
0.000000424534835 
0.000021680958937 
0.000000427766785 
0.000021597681105 
0.000000426973384 
0.000021514975945 
0.000000423325032 
0.000021442703543 
0.000000419396231 
0.000021363542204 
0.000000426322515 
0.000021283590924 
0.000000417458178 
0.000021213356807 
0.000000423274966 
0.000021136781729 
0.000000419358469 
0.000021058054167 
0.000000417810886 
0.000020981765574 
0.000000416142642 
0.000020908342820 
0.000000415659587 
0.000020828784208 
0.000000412637369 
0.000020756482225 
0.000000409604648 
0.000020684204618 
0.000000411263548 
0.000020614649624 
0.000000408372956 
0.000020532050938 
0.000000404710554 
0.000020464742098 
0.000000409475708 
0.000020391589813 
0.000000405254683 
0.000020315807226 
0.000000402187018 
0.000020247995096 
0.000000397617146 
0.000020179701787 
0.000000402438358 
0.000020104936711 
0.000000400040758 
0.000020032879329 
0.000000400598126 
0.000019956333298 
0.000000402395611 
0.000019893226314 
0.000000401481049 
0.000019826111573 
0.000000397779401 
0.000019761371254 
0.000000395477981 
0.000019686677797 
0.000000396986384 
0.000019616654962 
0.000000395063941 
0.000019547315895 
0.000000385623741 
0.000019477003891 
0.000000389903670 
0.000019415115699 
0.000000394640060 
0.000019346377636 
0.000000389360340 
0.000019284371801 
0.000000387617497 
0.000019209874233 
0.000000388258898 
0.000019149906128 
0.000000389690790 
0.000019083143332 
0.000000383890433 
0.000019017466413 
0.000000381431070 
0.000018955577724 
0.000000389996510 
0.000018885762400 
0.000000379679843 
0.000018819419984 
0.000000379979925 
0.000018762415862 
0.000000374209337 
0.000018700104378 
0.000000380449366 
0.000018628460270 
0.000000376559810 
0.000018568633404 
0.000000380835303 
0.000018500113266 
0.000000374631569 
0.000018446953651 
0.000000372251864 
0.000018374255029 
0.000000373335224 
0.000018318861154 
0.000000369826071 
0.000018255423087 
0.000000368199014 
0.000018192219249 
0.000000367052471 
0.000018130020943 
0.000000370258250 
0.000018077225347 
0.000000371470360 
0.000018017575190 
0.000000366020350 
0.000017954791540 
0.000000364718183 
0.000017888484884 
0.000000361443916 
0.000017823907613 
0.000000364628825 
0.000017780454578 
0.000000368656419 
0.000017716979235 
0.000000359911306 
0.000017651805805 
0.000000361498219 
0.000017594186884 
0.000000360291474 
0.000017529703261 
0.000000362225914 
0.000017478014344 
0.000000362105922 
0.000017417130317 
0.000000362719471 
0.000017357466271 
0.000000353417830 
0.000017307508101 
0.000000356557620 
0.000017244861190 
0.000000358210897 
0.000017190208079 
0.000000352049075 
0.000017135749271 
0.000000353023019 
0.000017081414703 
0.000000355346256 
0.000017020821671 
0.000000342742533 
0.000016972486188 
0.000000349472528 
0.000016913110264 
0.000000348629549 
0.000016859770193 
0.000000345562172 
0.000016805763834 
0.000000347292636 
0.000016754112343 
0.000000343119601 
0.000016696663673 
0.000000341361632 
0.000016644214551 
0.000000339699751 
0.000016592703563 
0.000000344756199 
0.000016532173265 
0.000000348085518 
0.000016496741340 
0.000000341030124 
0.000016430404467 
0.000000343303719 
0.000016378809781 
0.000000341368098 
0.000016321878013 
0.000000336894954 
0.000016269599512 
0.000000343012844 
0.000016221545556 
0.000000335201489 
0.000016170044711 
0.000000333940761 
0.000016119509160 
0.000000337857309 
0.000016070930925 
0.000000335749591 
0.000016014216567 
0.000000330580753 
0.000015965140329 
0.000000333681992 
0.000015916966733 
0.000000335268113 
0.000015867867431 
0.000000335924108 
0.000015824711982 
0.000000335907459 
0.000015773665008 
0.000000333767671 
0.000015721443228 
0.000000324517050 
0.000015661796187 
0.000000327596345 
0.000015621495847 
0.000000322413044 
0.000015572793805 
0.000000329548327 
0.000015521453164 
0.000000321998868 
0.000015476606372 
0.000000322844416 
0.000015424468394 
0.000000319511098 
0.000015377433900 
0.000000329747576 
0.000015327199410 
0.000000329349500 
0.000015287546463 
0.000000323498335 
0.000015240171168 
0.000000321961638 
0.000015195375886 
0.000000321972692 
0.000015140753967 
0.000000318573314 
0.000015102465762 
0.000000320885992 
0.000015047688720 
0.000000319489360 
0.000015005568449 
0.000000319950545 
0.000014953062244 
0.000000315790667 
0.000014914558472 
0.000000322375991 
0.000014864877709 
0.000000314437434 
0.000014814404711 
0.000000317330133 
0.000014773055968 
0.000000315380754 
0.000014730820140 
0.000000316012839 
0.000014682714569 
0.000000312206659 
0.000014648138510 
0.000000318750509 
0.000014591084646 
0.000000306374167 
0.000014553827221 
0.000000309004899 
0.000014508114818 
0.000000314887073 
0.000014469286393 
0.000000306587648 
0.000014417659353 
0.000000306323730 
0.000014374828309 
0.000000308520258 
0.000014332487014 
0.000000315430939 
0.000014294423076 
0.000000307668913 
0.000014252671537 
0.000000302860302 
0.000014209502694 
0.000000306328317 
0.000014172264113 
0.000000304003599 
0.000014126603107 
0.000000304131757 
0.000014074779257 
0.000000300196297 
0.000014040309400 
0.000000304665826 
0.000014002696423 
0.000000298506150 
0.000013958782768 
0.000000302279198 
0.000013917365925 
0.000000306470629 
0.000013874725640 
0.000000295099752 
0.000013833264466 
0.000000302702674 
0.000013786737280 
0.000000298172622 
0.000013747988900 
0.000000298394531 
0.000013710127121 
0.000000299027049 
0.000013675293802 
0.000000292402531 
0.000013633342071 
0.000000298553670 
0.000013587681480 
0.000000299632892 
0.000013545124792 
0.000000298220124 
0.000013510946936 
0.000000296429267 
0.000013472689247 
0.000000295859917 
0.000013429542196 
0.000000297375149 
0.000013395448801 
0.000000290986756 
0.000013356555094 
0.000000292289021 
0.000013323020436 
0.000000296082056 
0.000013279896042 
0.000000289872297 
0.000013241767513 
0.000000289913230 
0.000013204431804 
0.000000290336755 
0.000013165497370 
0.000000291638705 
0.000013128787496 
0.000000293273894 
0.000013090115254 
0.000000291760479 
0.000013055868010 
0.000000287748242 
0.000013016087754 
0.000000289109962 
0.000012977369361 
0.000000283019662 
0.000012943597444 
0.000000283440100 
0.000012900851332 
0.000000281204143 
0.000012868094504 
0.000000282657322 
0.000012832136591 
0.000000279965583 
0.000012790173336 
0.000000287186689 
0.000012759246658 
0.000000283035065 
0.000012729198804 
0.000000280087280 
0.000012687547012 
0.000000282983751 
0.000012652619167 
0.000000278022106 
0.000012624285341 
0.000000277658032 
0.000012579528045 
0.000000278098706 
0.000012546099163 
0.000000277370020 
0.000012511652267 
0.000000277115515 
0.000012470955822 
0.000000281364089 
0.000012441109944 
0.000000275454617 
0.000012409836101 
0.000000278041401 
0.000012365786111 
0.000000282145058 
0.000012341278766 
0.000000275667395 
0.000012302481532 
0.000000275445606 
0.000012274270243 
0.000000276161907 
0.000012245056276 
0.000000279468884 
0.000012204535877 
0.000000281244276 
0.000012165335938 
0.000000280067781 
0.000012136569132 
0.000000280214097 
0.000012108435708 
0.000000274328529 
0.000012061874091 
0.000000271504759 
0.000012044546492 
0.000000273868916 
0.000012005106173 
0.000000271082037 
0.000011974057503 
0.000000271815155 
0.000011949800996 
0.000000267857803 
0.000011904576150 
0.000000263370015 
0.000011870260993 
0.000000274520881 
0.000011842498661 
0.000000267895370 
0.000011809435139 
0.000000271434312 
0.000011781792309 
0.000000268048587 
0.000011744244291 
0.000000274873938 
0.000011719979502 
0.000000270530124 
0.000011681883509 
0.000000264952269 
0.000011650205134 
0.000000268108111 
0.000011631416997 
0.000000261076860 
0.000011592755224 
0.000000265661352 
0.000011563978635 
0.000000262697240 
0.000011532152554 
0.000000270119540 
0.000011498415042 
0.000000258112203 
0.000011459405486 
0.000000263482584 
0.000011439668960 
0.000000270420401 
0.000011412464573 
0.000000262458540 
0.000011372417504 
0.000000261236840 
0.000011338253331 
0.000000267383288 
0.000011314289008 
0.000000262359523 
0.000011290829032 
0.000000261836295 
0.000011261808663 
0.000000256426580 
0.000011231987490 
0.000000255155904 
0.000011200512017 
0.000000259381156 
0.000011174833120 
0.000000261760596 
0.000011143553531 
0.000000253813313 
0.000011103288478 
0.000000259031515 
0.000011085576291 
0.000000256734305 
0.000011055301324 
0.000000261206375 
0.000011020673841 
0.000000250826627 
0.000010994685831 
0.000000251704280 
0.000010961240636 
0.000000260177991 
0.000010930568847 
0.000000258515904 
0.000010912821912 
0.000000260641975 
0.000010875850955 
0.000000251290031 
0.000010845745382 
0.000000260061293 
0.000010824072902 
0.000000251958280 
0.000010799380518 
0.000000256895840 
0.000010774517311 
0.000000257478131 
0.000010744724480 
0.000000256067631 
0.000010710595781 
0.000000247858625 
0.000010687732927 
0.000000253237308 
0.000010661265974 
0.000000251278792 
0.000010638350961 
0.000000258906762 
0.000010608030765 
0.000000254734363 
0.000010585631471 
0.000000254620879 
0.000010560102006 
0.000000251106616 
0.000010525264293 
0.000000249352381 
0.000010499604806 
0.000000249830747 
0.000010473768462 
0.000000244463328 
0.000010446921134 
0.000000245729189 
0.000010424364180 
0.000000253218178 
0.000010399322122 
0.000000251814713 
0.000010370835444 
0.000000245018242 
0.000010346385234 
0.000000244840874 
0.000010320943822 
0.000000252807992 
0.000010295751772 
0.000000251264964 
0.000010272884141 
0.000000253504581 
0.000010245812315 
0.000000247460429 
0.000010217403315 
0.000000246246024 
0.000010186897817 
0.000000247021965 
0.000010170043335 
0.000000246193873 
0.000010140547499 
0.000000243715594 
0.000010117032161 
0.000000244342147 
0.000010085595279 
0.000000246221112 
0.000010065278937 
0.000000238741920 
0.000010036499587 
0.000000244596824 
0.000010011356881 
0.000000243121353 
0.000009995368516 
0.000000238530494 
0.000009966935401 
0.000000241078980 
0.000009950752494 
0.000000243884634 
0.000009928922816 
0.000000243269292 
0.000009900304899 
0.000000241026336 
0.000009875247023 
0.000000236135644 
0.000009850715576 
0.000000238806377 
0.000009820945088 
0.000000237468336 
0.000009795907464 
0.000000235401217 
0.000009778427115 
0.000000242368303 
0.000009750036860 
0.000000235232703 
0.000009723989219 
0.000000246536804 
0.000009702564590 
0.000000238105287 
0.000009682107526 
0.000000240838678 
0.000009668459203 
0.000000236837056 
0.000009640665945 
0.000000236851037 
0.000009615531018 
0.000000238971538 
0.000009588456291 
0.000000234718610 
0.000009570846999 
0.000000240089622 
0.000009542776658 
0.000000237540325 
0.000009521194601 
0.000000234268026 
0.000009496494238 
0.000000230341912 
0.000009481089502 
0.000000235343654 
0.000009456864047 
0.000000231336153 
0.000009436544106 
0.000000235762106 
0.000009412036624 
0.000000228958819 
0.000009382201687 
0.000000232056168 
0.000009365627508 
0.000000234126246 
0.000009336485184 
0.000000228268622 
0.000009331321562 
0.000000237522779 
0.000009309566162 
0.000000229867059 
0.000009275087417 
0.000000228858182 
0.000009254668934 
0.000000233032285 
0.000009245308299 
0.000000229541577 
0.000009223563347 
0.000000232878459 
0.000009195775601 
0.000000238746121 
0.000009167688716 
0.000000232657251 
0.000009156817612 
0.000000237736798 
0.000009128222283 
0.000000232356500 
0.000009107726924 
0.000000231361521 
0.000009091606980 
0.000000237989288 
0.000009076511057 
0.000000226467537 
0.000009045304922 
0.000000230272282 
0.000009032821949 
0.000000229603265 
0.000009001362408 
0.000000235605555 
0.000008986756312 
0.000000226756834 
0.000008969406836 
0.000000229969148 
0.000008946479238 
0.000000224490491 
0.000008921503717 
0.000000220780803 
0.000008900364474 
0.000000228480796 
0.000008890604482 
0.000000226611701 
0.000008869653747 
0.000000233893182 
0.000008851589309 
0.000000226779828 
0.000008822775967 
0.000000225225055 
0.000008804850207 
0.000000227903679 
0.000008783168228 
0.000000226020414 
0.000008771537819 
0.000000222874239 
0.000008731463633 
0.000000228559869 
0.000008730229912 
0.000000227675298 
0.000008705317160 
0.000000227972890 
0.000008690527732 
0.000000229731005 
0.000008671080493 
0.000000229764293 
0.000008654436280 
0.000000224947922 
0.000008627069760 
0.000000216594342 
0.000008612209630 
0.000000224893085 
0.000008593854167 
0.000000214637789 
0.000008575837949 
0.000000229313590 
0.000008543632005 
0.000000232265173 
0.000008540156264 
0.000000224758142 
0.000008514328750 
0.000000222777072 
0.000008499235836 
0.000000225664297 
0.000008475696696 
0.000000221153370 
0.000008454882511 
0.000000222868707 
0.000008436706959 
0.000000218115329 
0.000008415952952 
0.000000215775448 
0.000008404342340 
0.000000223587000 
0.000008384159712 
0.000000218413585 
0.000008368921684 
0.000000227575751 
0.000008353536234 
0.000000222371382 
0.000008324339754 
0.000000220506058 
0.000008311057040 
0.000000226843773 
0.000008300572968 
0.000000220717974 
0.000008283140030 
0.000000229282484 
0.000008255801873 
0.000000222969530 
0.000008250114904 
0.000000228082687 
0.000008219923616 
0.000000215266757 
0.000008199454023 
0.000000214466278 
0.000008189698717 
0.000000227823388 
0.000008170842770 
0.000000219291316 
0.000008154244089 
0.000000217685402 
0.000008134289477 
0.000000216535611 
0.000008117146599 
0.000000214015754 
0.000008106516525 
0.000000227087459 
0.000008087666712 
0.000000219229271 
0.000008067699584 
0.000000219835506 
0.000008048530230 
0.000000224507412 
0.000008042426251 
0.000000219191815 
0.000008011726267 
0.000000214308057 
0.000008001132998 
0.000000216811604 
0.000007975171558 
0.000000214846983 
0.000007966569909 
0.000000227768520 
0.000007949373317 
0.000000214341108 
0.000007928529161 
0.000000219878397 
0.000007913742243 
0.000000210491172 
0.000007901155306 
0.000000213191188 
0.000007880767389 
0.000000211298182 
0.000007865640759 
0.000000216097558 
0.000007852700168 
0.000000218099458 
0.000007832806791 
0.000000215523824 
0.000007820720843 
0.000000213117157 
0.000007800508300 
0.000000222363234 
0.000007786428671 
0.000000217784244 
0.000007766422989 
0.000000218664745 
0.000007753609222 
0.000000213006896 
0.000007731130695 
0.000000216295608 
0.000007723778370 
0.000000216743327 
0.000007704852509 
0.000000207852493 
0.000007691976876 
0.000000206520876 
0.000007674652911 
0.000000217359974 
0.000007663554407 
0.000000211694347 
0.000007644131806 
0.000000207355572 
0.000007621564739 
0.000000211789679 
0.000007610781985 
0.000000206079095 
0.000007600672530 
0.000000214435743 
0.000007587138803 
0.000000216071966 
0.000007573074461 
0.000000212589848 
0.000007550578650 
0.000000212388218 
0.000007533711282 
0.000000210790616 
0.000007519846915 
0.000000205425941 
0.000007510415341 
0.000000214931378 
0.000007494002787 
0.000000211042547 
0.000007474025325 
0.000000212945755 
0.000007465547193 
0.000000205131789 
0.000007455771648 
0.000000205452476 
0.000007429574184 
0.000000201645920 
0.000007417495295 
0.000000205670934 
0.000007404956176 
0.000000209674733 
0.000007383824029 
0.000000208696201 
0.000007375093823 
0.000000213362721 
0.000007361343665 
0.000000214351602 
0.000007340146737 
0.000000207314535 
0.000007329857629 
0.000000208458141 
0.000007311602437 
0.000000207849654 
0.000007298864069 
0.000000199512603 
0.000007283506899 
0.000000202925174 
0.000007276986661 
0.000000213322559 
0.000007258206476 
0.000000206477064 
0.000007249626734 
0.000000207854843 
0.000007230960201 
0.000000207074196 
0.000007218949281 
0.000000213517253 
0.000007200758556 
0.000000211752443 
0.000007187057090 
0.000000207303382 
0.000007179131955 
0.000000212737754 
0.000007158372905 
0.000000206598701 
0.000007142024356 
0.000000207581979 
0.000007131184244 
0.000000201249640 
0.000007121971184 
0.000000200845033 
0.000007101947444 
0.000000210379091 
0.000007090104097 
0.000000210638418 
0.000007077666359 
0.000000204175266 
0.000007062109983 
0.000000223810873 
0.000007045490939 
0.000000202125355 
0.000007036014353 
0.000000207067919 
0.000007019670557 
0.000000206365660 
0.000007003749125 
0.000000202333824 
0.000006993761158 
0.000000199124780 
0.000006980157218 
0.000000203022345 
0.000006965520262 
0.000000202767438 
0.000006959180535 
0.000000199308897 
0.000006947758905 
0.000000202564055 
0.000006931459046 
0.000000204862280 
0.000006922277123 
0.000000204431965 
0.000006904686929 
0.000000203200497 
0.000006892331096 
0.000000202468798 
0.000006879744867 
0.000000200522751 
0.000006860941808 
0.000000213451888 
0.000006853123447 
0.000000202480039 
0.000006849842238 
0.000000204220290 
0.000006826217498 
0.000000198834056 
0.000006808648722 
0.000000211667806 
0.000006799783909 
0.000000198437168 
0.000006784542424 
0.000000205184465 
0.000006773756229 
0.000000202906981 
0.000006761860652 
0.000000199980544 
0.000006753378373 
0.000000199637167 
0.000006733800791 
0.000000202624714 
0.000006718872273 
0.000000203523863 
0.000006706379478 
0.000000200140198 
0.000006708323322 
0.000000199543463 
0.000006687907944 
0.000000195980252 
0.000006671404520 
0.000000200546018 
0.000006660487881 
0.000000199900060 
0.000006652811546 
0.000000205528929 
0.000006635795001 
0.000000193210070 
0.000006626468280 
0.000000198297054 
0.000006617700541 
0.000000200007758 
0.000006608548905 
0.000000199252299 
0.000006592965127 
0.000000199853608 
0.000006571890343 
0.000000187173286 
0.000006563734466 
0.000000205931621 
0.000006557937877 
0.000000193891743 
0.000006537538139 
0.000000200795354 
0.000006530827540 
0.000000195192524 
0.000006514564762 
0.000000196939747 
0.000006509766615 
0.000000195885013 
0.000006494560475 
0.000000201137192 
0.000006487364310 
0.000000198887234 
0.000006477700540 
0.000000197959626 
0.000006463406238 
0.000000204113179 
0.000006440614638 
0.000000194708639 
0.000006434721091 
0.000000198186091 
0.000006426307221 
0.000000198394321 
0.000006416312582 
0.000000196312345 
0.000006411775202 
0.000000200731381 
0.000006392872940 
0.000000196998995 
0.000006388552733 
0.000000198196575 
0.000006359360092 
0.000000192673109 
0.000006352510928 
0.000000193774558 
0.000006349437171 
0.000000197130657 
0.000006343104681 
0.000000200203336 
0.000006324494323 
0.000000194909232 
0.000006319964304 
0.000000197012940 
0.000006299222647 
0.000000195675028 
0.000006292012883 
0.000000199984644 
0.000006278196055 
0.000000192696007 
0.000006266585223 
0.000000195355078 
0.000006265062902 
0.000000193406891 
0.000006248725770 
0.000000197164691 
0.000006242094740 
0.000000198417341 
0.000006231974721 
0.000000198612948 
0.000006216705251 
0.000000193192123 
0.000006198663247 
0.000000201249563 
0.000006192635237 
0.000000201629016 
0.000006186263148 
0.000000195465725 
0.000006173442927 
0.000000196623015 
0.000006169433493 
0.000000198932941 
0.000006146154076 
0.000000192100804 
0.000006139898293 
0.000000191312802 
0.000006127544922 
0.000000186839585 
0.000006118490785 
0.000000200025913 
0.000006104396958 
0.000000191815749 
0.000006099001071 
0.000000199430001 
0.000006085691072 
0.000000189698917 
0.000006075457318 
0.000000196095156 
0.000006063014803 
0.000000189353207 
0.000006056875990 
0.000000191548541 
0.000006048752200 
0.000000199128278 
0.000006032535161 
0.000000200547327 
0.000006024882753 
0.000000193453611 
0.000006015992376 
0.000000198606809 
0.000006007056401 
0.000000193120143 
0.000005996699439 
0.000000193491872 
0.000005984546179 
0.000000191154035 
0.000005970566645 
0.000000195397911 
0.000005963161224 
0.000000188585082 
0.000005957566639 
0.000000196565778 
0.000005942286667 
0.000000193414277 
0.000005945870296 
0.000000191610437 
0.000005926125772 
0.000000192891642 
0.000005915980982 
0.000000191781929 
0.000005908400351 
0.000000185011557 
0.000005897718524 
0.000000192899445 
0.000005890157325 
0.000000196878798 
0.000005874979555 
0.000000191314564 
0.000005869031947 
0.000000194452166 
0.000005855897508 
0.000000188545591 
0.000005845778375 
0.000000193062055 
0.000005837089863 
0.000000186778608 
0.000005829645339 
0.000000191105664 
0.000005814017054 
0.000000189504536 
0.000005809797967 
0.000000192242745 
0.000005800657341 
0.000000190434201 
0.000005787509358 
0.000000190206599 
0.000005780782548 
0.000000189205046 
0.000005768198976 
0.000000182449225 
0.000005760145482 
0.000000190827193 
0.000005756826339 
0.000000197437455 
0.000005737619153 
0.000000193747110 
0.000005728886357 
0.000000188960801 
0.000005732831612 
0.000000184365980 
0.000005714267258 
0.000000183843969 
0.000005700049357 
0.000000190750487 
0.000005693415901 
0.000000191095668 
0.000005688885824 
0.000000193578148 
0.000005676739438 
0.000000191161295 
0.000005659553932 
0.000000198364516 
0.000005656908818 
0.000000186148294 
0.000005655551832 
0.000000178556866 
0.000005648527029 
0.000000190465049 
0.000005624679004 
0.000000187328038 
0.000005617262663 
0.000000191236441 
0.000005616090988 
0.000000183784431 
0.000005602586982 
0.000000186909684 
0.000005595235522 
0.000000192910072 
0.000005585557953 
0.000000192154698 
0.000005577231605 
0.000000188605748 
0.000005565945525 
0.000000189270406 
0.000005559148646 
0.000000195921546 
0.000005554088697 
0.000000194057528 
0.000005539477465 
0.000000188642790 
0.000005534448773 
0.000000192406011 
0.000005520744601 
0.000000187853699 
0.000005509374066 
0.000000193308829 
0.000005508315666 
0.000000183075828 
0.000005491852958 
0.000000190066030 
0.000005490377406 
0.000000187626165 
0.000005473698021 
0.000000181534934 
0.000005467123567 
0.000000191472517 
0.000005461663692 
0.000000193414030 
0.000005454515549 
0.000000184913922 
0.000005449083965 
0.000000187945848 
0.000005435990181 
0.000000187733602 
0.000005429323125 
0.000000187814113 
0.000005421899754 
0.000000194991381 
0.000005406148697 
0.000000186661269 
0.000005400860822 
0.000000190569891 
0.000005390855509 
0.000000181212799 
0.000005384022850 
0.000000194328940 
0.000005376913987 
0.000000188343184 
0.000005370788442 
0.000000189418838 
0.000005365122605 
0.000000187780019 
0.000005353108201 
0.000000187673419 
0.000005350032292 
0.000000189690755 
0.000005331124105 
0.000000190982254 
0.000005330765254 
0.000000193660912 
0.000005310766564 
0.000000187392014 
0.000005312576183 
0.000000180981622 
0.000005301543629 
0.000000193337314 
0.000005292882350 
0.000000183066892 
0.000005285095872 
0.000000188831818 
0.000005279542955 
0.000000188522842 
0.000005265814520 
0.000000192016855 
0.000005261943456 
0.000000192534723 
0.000005249078476 
0.000000196110762 
0.000005244731540 
0.000000187804322 
0.000005231967948 
0.000000189937233 
0.000005229557923 
0.000000189748440 
0.000005222030936 
0.000000191729688 
0.000005217216430 
0.000000187511687 
0.000005204561935 
0.000000191434621 
0.000005197204220 
0.000000191939088 
0.000005185129525 
0.000000189267299 
0.000005181290477 
0.000000187118567 
0.000005173035027 
0.000000178615232 
0.000005171421204 
0.000000188610274 
0.000005155431114 
0.000000185876683 
0.000005149738600 
0.000000186305567 
0.000005143539954 
0.000000185949376 
0.000005136832814 
0.000000182845297 
0.000005127969257 
0.000000190619441 
0.000005121380418 
0.000000185859369 
0.000005109431489 
0.000000189754386 
0.000005101364942 
0.000000183787594 
0.000005092715857 
0.000000188299518 
0.000005090351137 
0.000000189089062 
0.000005075637488 
0.000000186714192 
0.000005077002787 
0.000000176326768 
0.000005071929689 
0.000000185787688 
0.000005051222740 
0.000000193268963 
0.000005044542064 
0.000000188845738 
0.000005043185147 
0.000000180237515 
0.000005039076377 
0.000000182379328 
0.000005029705627 
0.000000183937329 
0.000005023944998 
0.000000180320814 
0.000005018748077 
0.000000183728002 
0.000005003267683 
0.000000188912392 
0.000004996173941 
0.000000181441182 
0.000004990458591 
0.000000182493707 
0.000004989110203 
0.000000179011444 
0.000004978016891 
0.000000188691185 
0.000004970957515 
0.000000175923232 
0.000004963997616 
0.000000177588256 
0.000004957672048 
0.000000188572750 
0.000004947433352 
0.000000181989954 
0.000004938452608 
0.000000178717243 
0.000004933852388 
0.000000185518189 
0.000004925134967 
0.000000189524021 
0.000004919693416 
0.000000184661982 
0.000004909676061 
0.000000178366696 
0.000004910528911 
0.000000179230685 
0.000004891443034 
0.000000185090778 
0.000004888396569 
0.000000180952219 
0.000004878906105 
0.000000173993252 
0.000004868834291 
0.000000176952235 
0.000004866567579 
0.000000181509575 
0.000004855806110 
0.000000177357986 
0.000004855025260 
0.000000186803394 
0.000004841062426 
0.000000178024126 
0.000004837818566 
0.000000181839203 
0.000004831258703 
0.000000186002128 
0.000004821278862 
0.000000183196991 
0.000004816590528 
0.000000186680375 
0.000004807845994 
0.000000182637234 
0.000004801407175 
0.000000177300318 
0.000004799465680 
0.000000182093407 
0.000004788725408 
0.000000177716168 
0.000004781032604 
0.000000184025241 
0.000004769121912 
0.000000182818049 
0.000004772893356 
0.000000182808978 
0.000004762204154 
0.000000182242818 
0.000004754496735 
0.000000184061281 
0.000004747933944 
0.000000179387371 
0.000004739452998 
0.000000184725054 
0.000004732925830 
0.000000189926160 
0.000004728915122 
0.000000185277641 
0.000004722481493 
0.000000183470364 
0.000004717489519 
0.000000183562831 
0.000004706744059 
0.000000181715092 
0.000004704065901 
0.000000177063014 
0.000004694659311 
0.000000182674283 
0.000004685841087 
0.000000184095987 
0.000004668983369 
0.000000181547752 
0.000004672670239 
0.000000180891274 
0.000004672354068 
0.000000176861137 
0.000004662324848 
0.000000192443527 
0.000004655202576 
0.000000175342568 
0.000004642199275 
0.000000172608571 
0.000004639152543 
0.000000174042971 
0.000004634135511 
0.000000175093558 
0.000004624616768 
0.000000178514031 
0.000004618977013 
0.000000188633730 
0.000004615625244 
0.000000175653270 
0.000004606280034 
0.000000181425708 
0.000004601671366 
0.000000179794626 
0.000004597445380 
0.000000173583201 
0.000004592609178 
0.000000177024278 
0.000004583914885 
0.000000175767446 
0.000004576205094 
0.000000182274105 
0.000004566945031 
0.000000180758418 
0.000004560818306 
0.000000176842034 
0.000004555767571 
0.000000185116825 
0.000004547979631 
0.000000180108710 
0.000004539686503 
0.000000176809965 
0.000004535125038 
0.000000177643831 
0.000004529537680 
0.000000184479816 
0.000004527405065 
0.000000179174013 
0.000004515267781 
0.000000179668094 
0.000004515628472 
0.000000181478395 
0.000004511752079 
0.000000176811737 
0.000004501007716 
0.000000174221489 
0.000004497222629 
0.000000182837434 
0.000004490577378 
0.000000185056707 
0.000004478854272 
0.000000178788888 
0.000004473916619 
0.000000185313096 
0.000004466405649 
0.000000177925177 
0.000004459606923 
0.000000176629630 
0.000004456888490 
0.000000180615184 
0.000004449973733 
0.000000169741825 
0.000004444726851 
0.000000178625294 
0.000004434878987 
0.000000179230692 
0.000004426205586 
0.000000186259727 
0.000004423183301 
0.000000175444251 
0.000004419117923 
0.000000176825318 
0.000004419868828 
0.000000182832440 
0.000004407750576 
0.000000174666229 
0.000004405670314 
0.000000188375585 
0.000004392760988 
0.000000181729234 
0.000004384216483 
0.000000170476960 
0.000004390745720 
0.000000177300231 
0.000004377781264 
0.000000170497931 
0.000004371865229 
0.000000176898597 
0.000004363722970 
0.000000173598763 
0.000004355060884 
0.000000172194583 
0.000004344910771 
0.000000182351843 
0.000004350986690 
0.000000176358123 
0.000004340846877 
0.000000174648890 
0.000004327592172 
0.000000182888040 
0.000004327593138 
0.000000184792175 
0.000004312541327 
0.000000175591091 
0.000004311837541 
0.000000190127787 
0.000004312343502 
0.000000180415668 
0.000004298135730 
0.000000177637180 
0.000004294323580 
0.000000179278772 
0.000004297422433 
0.000000174282834 
0.000004286921498 
0.000000179900736 
0.000004281414127 
0.000000175124673 
0.000004280759008 
0.000000181259825 
0.000004271074724 
0.000000183162498 
0.000004265130687 
0.000000184090347 
0.000004258686037 
0.000000177426169 
0.000004259898931 
0.000000179420505 
0.000004247711005 
0.000000181144384 
0.000004238191451 
0.000000176711327 
0.000004237372954 
0.000000177041141 
0.000004228502208 
0.000000181641854 
0.000004223280383 
0.000000182860112 
0.000004216154422 
0.000000172527121 
0.000004210810314 
0.000000174530117 
0.000004205134291 
0.000000169226008 
0.000004193354827 
0.000000169739934 
0.000004199044620 
0.000000175783950 
0.000004189728053 
0.000000177823727 
0.000004186704187 
0.000000176928557 
0.000004178853387 
0.000000179100125 
0.000004171014554 
0.000000177279345 
0.000004160382512 
0.000000168532523 
0.000004161459511 
0.000000185330265 
0.000004155007924 
0.000000177499970 
0.000004155533850 
0.000000171239529 
0.000004141598026 
0.000000178029451 
0.000004141650280 
0.000000174681257 
0.000004138999829 
0.000000170299330 
0.000004130872320 
0.000000180831635 
0.000004127731064 
0.000000176101377 
0.000004113672844 
0.000000179408210 
0.000004113033654 
0.000000167722187 
0.000004113093938 
0.000000173072156 
0.000004100624273 
0.000000168016845 
0.000004094044160 
0.000000184299773 
0.000004092167095 
0.000000175425055 
0.000004083113265 
0.000000182943699 
0.000004078060543 
0.000000175513829 
0.000004072214732 
0.000000173715776 
0.000004066755051 
0.000000172913303 
0.000004065108487 
0.000000179847102 
0.000004055408254 
0.000000172799466 
0.000004055292137 
0.000000173907723 
0.000004046265965 
0.000000170844451 
0.000004041188951 
0.000000182184585 
0.000004031974626 
0.000000177341786 
0.000004030887614 
0.000000182061702 
0.000004026290661 
0.000000168677181 
0.000004025942594 
0.000000172039990 
0.000004012146157 
0.000000169678069 
0.000004010121310 
0.000000177149520 
0.000004001711871 
0.000000178039755 
0.000003998091814 
0.000000175058869 
0.000003997797480 
0.000000174912694 
0.000003985773865 
0.000000174339011 
0.000003984202200 
0.000000171582747 
0.000003973529120 
0.000000165871270 
0.000003975149359 
0.000000176349520 
0.000003974514716 
0.000000174968996 
0.000003967027006 
0.000000174029808 
0.000003960483047 
0.000000175983302 
0.000003953353690 
0.000000176850405 
0.000003945073915 
0.000000174466957 
0.000003943611645 
0.000000178184878 
0.000003934813992 
0.000000175046238 
0.000003934538938 
0.000000174149003 
0.000003928317173 
0.000000173422237 
0.000003924208550 
0.000000170191184 
0.000003916943329 
0.000000171966306 
0.000003909421423 
0.000000181811113 
0.000003900169829 
0.000000174558661 
0.000003902967800 
0.000000175398912 
0.000003895780688 
0.000000176051934 
0.000003884420034 
0.000000170650037 
0.000003882080198 
0.000000172613735 
0.000003879281253 
0.000000180249457 
0.000003873326303 
0.000000177277138 
0.000003867011456 
0.000000172738086 
0.000003865139713 
0.000000179652522 
0.000003858416212 
0.000000172185673 
0.000003855217307 
0.000000169532050 
0.000003854350295 
0.000000175030654 
0.000003838094674 
0.000000175231709 
0.000003840387082 
0.000000170359411 
0.000003830758754 
0.000000173486210 
0.000003827563321 
0.000000178017656 
0.000003825499990 
0.000000175259498 
0.000003813400604 
0.000000177685985 
0.000003813533551 
0.000000171127327 
0.000003814924888 
0.000000169974531 
0.000003807509982 
0.000000173019068 
0.000003804322267 
0.000000169350499 
0.000003804530856 
0.000000172484666 
0.000003788461775 
0.000000170745270 
0.000003782620758 
0.000000175010456 
0.000003784877379 
0.000000173585254 
0.000003776789213 
0.000000169029254 
0.000003772371165 
0.000000171014028 
0.000003764473595 
0.000000174366311 
0.000003762815645 
0.000000164392639 
0.000003760165644 
0.000000173292964 
0.000003749542422 
0.000000165147470 
0.000003741556680 
0.000000173013651 
0.000003740030424 
0.000000166174574 
0.000003735923009 
0.000000172314850 
0.000003733606147 
0.000000166947870 
0.000003728706827 
0.000000173037796 
0.000003722750232 
0.000000171338454 
0.000003718198610 
0.000000173387780 
0.000003714555867 
0.000000176418097 
0.000003708004877 
0.000000178300206 
0.000003700481523 
0.000000172718379 
0.000003698431220 
0.000000177250208 
0.000003694504542 
0.000000166532599 
0.000003690049870 
0.000000171912119 
0.000003686196874 
0.000000173009499 
0.000003685225927 
0.000000174256523 
0.000003681648813 
0.000000172108363 
0.000003673120699 
0.000000168542476 
0.000003666719125 
0.000000173899524 
0.000003662211145 
0.000000173161259 
0.000003653619240 
0.000000172150888 
0.000003649075399 
0.000000172543415 
0.000003645944387 
0.000000173293630 
0.000003640407564 
0.000000174051891 
0.000003636531479 
0.000000167612768 
0.000003630675350 
0.000000170168202 
0.000003632640639 
0.000000174368402 
0.000003622405601 
0.000000163167416 
0.000003619584463 
0.000000176168583 
0.000003613380273 
0.000000163210433 
0.000003611893128 
0.000000172925720 
0.000003609603498 
0.000000175268976 
0.000003601800275 
0.000000170867443 
0.000003591859100 
0.000000167725589 
0.000003599854111 
0.000000173024669 
0.000003586431482 
0.000000174699436 
0.000003585378794 
0.000000164298702 
0.000003577734679 
0.000000173907287 
0.000003577999217 
0.000000169977697 
0.000003566306700 
0.000000171874407 
0.000003569022145 
0.000000169988414 
0.000003560567189 
0.000000171515362 
0.000003546503166 
0.000000168707726 
0.000003553262950 
0.000000172737765 
0.000003543619812 
0.000000174506432 
0.000003547617297 
0.000000165839243 
0.000003542991759 
0.000000174484248 
0.000003529932215 
0.000000183318629 
0.000003531036800 
0.000000171670277 
0.000003523777295 
0.000000173335138 
0.000003522286132 
0.000000162230882 
0.000003511519091 
0.000000173441461 
0.000003513658922 
0.000000166844342 
0.000003504835556 
0.000000173806124 
0.000003499311849 
0.000000169336740 
0.000003493717323 
0.000000167063586 
0.000003498033055 
0.000000167463776 
0.000003489630330 
0.000000169208393 
0.000003485371776 
0.000000174481859 
0.000003483327865 
0.000000165061075 
0.000003479173295 
0.000000165655144 
0.000003467514686 
0.000000165263861 
0.000003464972378 
0.000000170622697 
0.000003461176340 
0.000000168383176 
0.000003455913951 
0.000000169034685 
0.000003455207261 
0.000000161520423 
0.000003451270595 
0.000000170219414 
0.000003441828378 
0.000000168851753 
0.000003440151660 
0.000000176546113 
0.000003434719749 
0.000000168619625 
0.000003433489972 
0.000000165595159 
0.000003430560407 
0.000000170083941 
0.000003424055896 
0.000000169140306 
0.000003419518758 
0.000000175975723 
0.000003416643457 
0.000000169399370 
0.000003410854969 
0.000000164674290 
0.000003410064761 
0.000000172959424 
0.000003402529643 
0.000000163768223 
0.000003403750044 
0.000000174078830 
