0.000000000000000 
0.000000000042706 
-0.000000001693431 
-0.000000002197794 
-0.000000003014354 
-0.000000003788511 
-0.000000003676053 
-0.000000002150169 
0.000000000382518 
0.000000003517118 
0.000000008087840 
0.000000015475347 
0.000000024770591 
0.000000031645458 
0.000000030248630 
0.000000014742185 
-0.000000019582600 
-0.000000073808703 
-0.000000143288317 
-0.000000218218904 
-0.000000287458657 
-0.000000342491244 
-0.000000379831165 
-0.000000399792400 
-0.000000405565186 
-0.000000402604571 
-0.000000400233967 
-0.000000411795076 
-0.000000451272868 
-0.000000459454543 
-0.000000472983565 
-0.000000491400544 
-0.000000513630356 
-0.000000540168192 
-0.000000571972889 
-0.000000609940155 
-0.000000656170184 
-0.000000721184950 
-0.000000732933022 
-0.000000755565443 
-0.000000791017588 
-0.000000834631103 
-0.000000881299386 
-0.000000930254374 
-0.000000982515111 
-0.000001036626789 
-0.000001089589936 
-0.000001138745377 
-0.000001182735565 
-0.000001221313375 
-0.000001254964441 
-0.000001542272545 
-0.000001810956005 
-0.000002043925419 
-0.000002237885963 
-0.000002406395821 
-0.000002560502676 
-0.000002707552539 
-0.000002853307303 
-0.000003000081339 
-0.000003146894871 
-0.000003292960170 
-0.000003438729272 
-0.000003585078812 
-0.000003732289630 
-0.000003878612425 
-0.000004020694234 
-0.000004152583823 
-0.000004263885516 
-0.000004335513557 
-0.000004335521890 
-0.000004217536041 
-0.000004178650454 
-0.000004106783244 
-0.000003997234620 
-0.000003867560232 
-0.000003761811120 
-0.000003703962524 
-0.000003426391974 
-0.000003207436117 
-0.000002992951250 
-0.000002760818022 
-0.000002730655635 
-0.000002694896330 
-0.000002652865665 
-0.000002605369833 
-0.000002553030125 
-0.000002496318571 
-0.000002435635142 
-0.000002371846738 
-0.000002306411732 
-0.000002241178654 
-0.000002178349778 
-0.000002120138722 
-0.000002067410650 
-0.000002019670157 
-0.000001976041002 
-0.000001936511326 
-0.000001901302790 
-0.000001870519416 
-0.000001843668962 
-0.000001819871989 
-0.000001798003012 
-0.000001776860954 
-0.000001755697902 
-0.000001733834035 
-0.000001710907890 
-0.000001687032796 
-0.000001426402192 
-0.000001162894374 
-0.000000900610464 
-0.000000643738343 
-0.000000395179767 
-0.000000156279241 
0.000000072893752 
0.000000293166246 
0.000000506331660 
0.000000715064423 
0.000000922247716 
0.000000941948561 
0.000000961576334 
0.000000980889634 
0.000000999346378 
0.000001015793055 
0.000001030661689 
0.000001049893742 
0.000001087121996 
0.000001154795032 
0.000001250148189 
0.000001355287172 
0.000001452038066 
0.000002308359721 
0.000003066650748 
0.000003782406639 
0.000004489466529 
0.000005177778867 
0.000005816520279 
0.000005875520721 
0.000005929528511 
0.000005983514644 
0.000006040842507 
0.000006102081480 
0.000006169536592 
0.000006245131798 
0.000006324742154 
0.000006399627924 
0.000006461873950 
0.000006507111523 
0.000006534175800 
0.000006646809453 
0.000006626506289 
0.000006490533995 
0.000006258369982 
0.000005952107735 
0.000005596934286 
0.000005221966211 
0.000004861012217 
0.000004551436166 
0.000004332003284 
0.000004236560537 
0.000004286549737 
0.000004482989622 
0.000004802287084 
0.000005197111776 
0.000005604917449 
0.000005959496884 
0.000006201653839 
0.000006286011653 
0.000006264920161 
0.000006222051033 
0.000006156819493 
0.000006069441636 
0.000005960752745 
0.000005832200173 
0.000005686928867 
0.000005529281740 
0.000005365530196 
0.000005202091153 
0.000005044417549 
0.000004895549843 
0.000004755785277 
0.000004623158709 
0.000004494730270 
0.000004367551220 
0.000004239144403 
0.000004107768852 
0.000003972390324 
0.000003832662735 
0.000003688447691 
0.000003540061670 
0.000003387945164 
0.000003232778688 
0.000003075282272 
0.000002916470322 
0.000002757631862 
0.000002599916954 
0.000002444771241 
0.000002293737751 
0.000002148353857 
0.000002010480557 
