-15320.696715495749231 
-15320.696715498952472 
-15320.696715507385306 
-15320.696715531594236 
-15320.696715560454322 
-15320.696715589561791 
-15320.696715618265443 
-15320.696715649013640 
-15320.696715679383487 
-15320.696715711750585 
-15320.696715742695233 
-15320.696715772344760 
-15320.696715800499078 
-15320.696715827858498 
-15320.696715853446221 
-15320.696715877005772 
-15320.696715900285199 
-15320.696715921927535 
-15320.696715942811352 
-15320.696715961566952 
-15320.696715979949659 
-15320.696715997715728 
-15320.696716014492267 
-15320.696716028949595 
-15320.696716042408298 
-15320.696716055188517 
-15320.696716067970556 
-15320.696716079051839 
-15320.696716090867994 
-15320.696716101540005 
-15320.696716112159265 
-15320.696716121921781 
-15320.696716131551511 
-15320.696716140711942 
-15320.696716148519045 
-15320.696716155982358 
-15320.696716162965458 
-15320.696716169833962 
-15320.696716176335030 
-15320.696716182486853 
-15320.696716188391292 
-15320.696716194837791 
-15320.696716200487572 
-15320.696716206128258 
-15320.696716211370585 
-15320.696716216285495 
-15320.696716220892995 
-15320.696716225833370 
-15320.696716230437232 
-15320.696716235366694 
-15320.696716239210218 
-15320.696716244159688 
-15320.696716248254234 
-15320.696716252397891 
-15320.696716256241416 
-15320.696716259772074 
-15320.696716263413691 
-15320.696716266149451 
-15320.696716269298122 
-15320.696716272112099 
-15320.696716275640938 
-15320.696716278893291 
-15320.696715956553817 
-15320.696715643780408 
-15320.696715341588060 
-15320.696715048248734 
-15320.696714763747877 
-15320.696714487514328 
-15320.696714220637659 
-15320.696713961828209 
-15320.696713710614858 
-15320.696713467099471 
-15320.696713231625836 
-15320.696713002660545 
-15320.696712780882081 
-15320.696712566061251 
-15320.696712356917487 
-15320.696712154425768 
-15320.696711957565640 
-15320.696711766215230 
-15320.696711581227646 
-15320.696711401928042 
-15320.696711227219566 
-15320.696711057498760 
-15320.696710893174895 
-15320.696710733162035 
-15320.696710577529302 
-15320.696710427318976 
-15320.696710280939442 
-15320.696710138900016 
-15320.696710001251631 
-15320.696709867253958 
-15320.696709737330821 
-15320.696709611380356 
-15320.696709489127898 
-15320.696709369745804 
-15320.696709253479639 
-15320.696709141662723 
-15320.696709032863509 
-15320.696708927409418 
-15320.696708824163579 
-15320.696708724208293 
-15320.696708627330736 
-15320.696708532814228 
-15320.696708440367729 
-15320.696708351248162 
-15320.696708264611516 
-15320.696708180885253 
-15320.696708099985699 
-15320.696708021430823 
-15320.696707945124217 
-15320.696707871018589 
-15320.696707798837451 
-15320.696707728651745 
-15320.696707660423272 
-15320.696707594559484 
-15320.696707530129061 
-15320.696707468343448 
-15320.696707407994836 
-15320.696707349830831 
-15320.696707292900101 
-15320.696707238279487 
-15320.696707185024934 
-15320.696707133512973 
-15320.696707083996444 
-15320.696707035393047 
-15320.696706987964717 
-15320.696706942439050 
-15320.696706898785123 
-15320.696706856424498 
-15320.696706814309437 
-15320.696706774309860 
-15320.696706735659973 
-15320.696706698145135 
-15320.696706661676217 
-15320.696706627231833 
-15320.696706593240378 
-15320.696706561131577 
-15320.696706529510266 
-15320.696706500206346 
-15320.696706470462232 
-15320.696706443104631 
-15320.696706415652443 
-15320.696706389746396 
-15320.696706364764395 
-15320.696706340408127 
-15320.696706317059579 
-15320.696706294740579 
-15320.696706272641677 
-15320.696706251223077 
-15320.696706231474309 
-15320.696706211772835 
-15320.696706193741193 
-15320.696706175804138 
-15320.696706158809320 
-15320.696706143175106 
-15320.696706129194354 
-15320.696706114707922 
-15320.696706100676238 
-15320.696706087774146 
-15320.696706074992107 
-15320.696706063339661 
-15320.696706053080561 
-15320.696706042393998 
-15320.696706033340888 
-15320.696706024662490 
-15320.696706016786266 
-15320.696706009013724 
-15320.696706001886923 
-15320.696705995836965 
-15320.696705989697875 
-15320.696705983587890 
-15320.696705978290993 
-15320.696705973950884 
-15320.696705969998220 
-15320.696705966289301 
-15320.696705964131979 
-15320.696705961010593 
-15320.696705958784150 
-15320.696705957529048 
-15320.696705956412188 
-15320.696705955881043 
-15320.696705956348524 
-15320.696705955886500 
-15320.696705956024744 
-15320.696705957365339 
-15320.696705958751409 
-15320.696705960464897 
-15320.696705961752741 
-15320.696705964321154 
-15320.696705967651724 
-15320.696705970292896 
-15320.696705973827193 
-15320.696705978616592 
-15320.696705983136781 
-15320.696705987615132 
-15320.696705992091665 
-15320.696705997608660 
-15320.696706003185682 
-15320.696706008895490 
-15320.696706015607560 
-15320.696706021482896 
-15320.696706028471453 
-15320.696706034850649 
-15320.696706042734149 
-15320.696706050439388 
-15320.696706058595737 
-15320.696706066155457 
-15320.696706074455506 
-15320.696706083050231 
-15320.696706092423483 
-15320.696706101763994 
-15320.696706110889863 
-15320.696706120097588 
-15320.696706129354425 
-15320.696706139478920 
-15320.696706150083628 
-15320.696706160928443 
-15320.696706171933329 
-15320.696706182196067 
-15320.696706193795762 
-15320.696706205206283 
-15320.696706217102474 
-15320.696706228123730 
-15320.696706240563799 
-15320.696706251645082 
-15320.696706263610395 
-15320.696706275621182 
-15320.696706287762936 
-15320.696706300890582 
-15320.696706313523464 
-15320.696706325887135 
-15320.696706338218064 
-15320.696706351965986 
-15320.696706365401042 
-15320.696706379112584 
-15320.696706393297063 
-15320.696706407470629 
-15320.696706421533236 
-15320.696706435956003 
-15320.696706450129568 
-15320.696706464710587 
-15320.696706479218847 
-15320.696706493850797 
-15320.696706508737407 
-15320.696706524431647 
-15320.696706539121806 
-15320.696706554457705 
-15320.696706569578964 
-15320.696706584903950 
-15320.696706599464960 
-15320.696706614367940 
-15320.696706629880282 
-15320.696706645867380 
-15320.696706661186909 
-15320.696706677990733 
-15320.696706693350279 
-15320.696706709508362 
-15320.696706725286276 
-15320.696706741942762 
-15320.696706758340952 
-15320.696706775190250 
-15320.696706791393808 
-15320.696706808237650 
-15320.696706824819557 
-15320.696706841325067 
-15320.696706857601384 
-15320.696706874150550 
-15320.696706891225404 
-15320.696706908431224 
-15320.696706925664330 
-15320.696706943303070 
-15320.696706960026859 
-15320.696706976210407 
-15320.696706992663167 
-15320.696707009517922 
-15320.696707026694639 
-15320.696707044266077 
-15320.696707061732013 
-15320.696707079583575 
-15320.696707096853061 
-15320.696707114930177 
-15320.696707132388838 
-15320.696707149818394 
-15320.696707167369823 
-15320.696707184579282 
-15320.696707201685058 
-15320.696707219922246 
-15320.696707238214003 
-15320.696707256367517 
-15320.696707273818902 
-15320.696707291455823 
-15320.696707309001795 
-15320.696707327158947 
-15320.696707345949108 
-15320.696707363809765 
-15320.696707381734086 
-15320.696707399081788 
-15320.696707416802383 
-15320.696707433529809 
