-61282.786917963734595 
-61282.786917985045875 
-61282.786918681769748 
-61282.786919030128047 
-61282.786919348254742 
-61282.786919680962455 
-61282.786920054371876 
-61282.786920470884070 
-61282.786920939237461 
-61282.786921439408616 
-61282.786922002473148 
-61282.786922635321389 
-61282.786923340136127 
-61282.786924117601302 
-61282.786924967818777 
-61282.786925882130163 
-61282.786926879103703 
-61282.786927980698238 
-61282.786929156660335 
-61282.786930406669853 
-61282.786931756309059 
-61282.786933169329131 
-61282.786934669828042 
-61282.786936247168342 
-61282.786937886863598 
-61282.786939605270163 
-61282.786941406549886 
-61282.786943270562915 
-61282.786945188156096 
-61282.786947163498553 
-61282.786949188695871 
-61282.786951264883101 
-61282.786953361544874 
-61282.786955494761060 
-61282.786957653603167 
-61282.786959837510949 
-61282.786962055790354 
-61282.786964267026633 
-61282.786966486302845 
-61282.786968704400351 
-61282.786970913715777 
-61282.786973143818614 
-61282.786975350551074 
-61282.786977538431529 
-61282.786979717391660 
-61282.786981881145039 
-61282.786984026737628 
-61282.786986117876950 
-61282.786988176449086 
-61282.786990211505326 
-61282.786992214911152 
-61282.786994181820774 
-61282.786996117589297 
-61282.786998017065343 
-61282.786999870251748 
-61282.787001691831392 
-61282.787003475183155 
-61282.787005216581747 
-61282.787006909667980 
-61282.787008568026067 
-61282.787010181942605 
-61282.787011752378021 
-61282.787013285975263 
-61282.787014791356341 
-61282.787016248519649 
-61282.787017668073531 
-61282.787019045747002 
-61282.787020397991000 
-61282.787021714219009 
-61282.787022999145847 
-61282.787024252509582 
-61282.787025464858743 
-61282.787026640246040 
-61282.787027782775112 
-61282.787028906590422 
-61282.787029995422927 
-61282.787031045816548 
-61282.787032073785667 
-61282.787033072323538 
-61282.787034049659269 
-61282.787034997032606 
-61282.787035929031845 
-61282.787036826353869 
-61282.787037703499664 
-61282.787038561786176 
-61282.787039388989797 
-61282.787040211718704 
-61282.787041011266410 
-61282.787041786868940 
-61282.787042552081402 
-61282.787043302130769 
-61282.787044035765575 
-61282.787044753051305 
-61282.787045442877570 
-61282.787046114885015 
-61282.787046769546578 
-61282.787047421312309 
-61282.787048051337479 
-61282.787048672806122 
-61282.787049276812468 
-61282.787049868042232 
-61282.787050444036140 
-61282.787051008577691 
-61282.787051560691907 
-61282.787052103682072 
-61282.787052635234431 
-61282.787053154417663 
-61282.787053666354041 
-61282.787054166663438 
-61282.787054659405840 
-61282.787055139633594 
-61282.787055612483528 
-61282.787056076202134 
-61282.787056525266962 
-61282.787056973276776 
-61282.787057406982058 
-61282.787057835812448 
-61282.787058259971673 
-61282.787058669477119 
-61282.787059066606162 
-61282.787059455404233 
-61282.787059842172312 
-61282.787060221948195 
-61282.787060596267111 
-61282.787060968177684 
-61282.787061332783196 
-61282.787061692135467 
-61282.787062044088088 
-61282.787062391129439 
-61282.787062732357299 
-61282.787063067975396 
-61282.787063391522679 
-61282.787063714727992 
-61282.787064028161694 
-61282.787064337135234 
-61282.787064642754558 
-61282.787064945710881 
-61282.787065248223371 
-61282.787065542201162 
-61282.787065834199893 
-61282.787066115808557 
-61282.787066393000714 
-61282.787066673896334 
-61282.787066946984851 
-61282.787067212040711 
-61282.787067466932058 
-61282.787067726982059 
-61282.787067986093462 
-61282.787068243305839 
-61282.787068490462843 
-61282.787068738223752 
-61282.787068978446769 
-61282.787069213365612 
-61282.787069440120831 
-61282.787069673497172 
-61282.787069903220981 
-61282.787070132952067 
-61282.787070349892019 
-61282.787070565274917 
-61282.787070777943882 
-61282.787070988430060 
-61282.787071196391480 
-61282.787071401733556 
-61282.787071610378916 
-61282.787071811908390 
-61282.787072010673000 
-61282.787072203551361 
-61282.787072397230077 
-61282.787072589242598 
-61282.787072780934977 
-61282.787072967410495 
-61282.787073149054777 
-61282.787073344705277 
-61282.787073525745654 
-61282.787073701067129 
-61282.787073873325426 
-61282.787092315862537 
-61282.787110642864718 
-61282.787128857598873 
-61282.787146959140955 
-61282.787164946523262 
-61282.787182817235589 
-61282.787200576414762 
-61282.787218222190859 
-61282.787235759431496 
-61282.787253182541463 
-61282.787270504457410 
-61282.787287709848897 
-61282.787304810546630 
-61282.787321804898966 
-61282.787338699679822 
-61282.787355499167461 
-61282.787372196558863 
-61282.787388792174170 
-61282.787405294962809 
-61282.787421704022563 
-61282.787438020881382 
-61282.787454251185409 
-61282.787470387636859 
-61282.787486438450287 
-61282.787502403458348 
-61282.787518286168051 
-61282.787534086528467 
-61282.787549804364971 
-61282.787565447659290 
-61282.787581008939014 
-61282.787596488858981 
-61282.787611898544128 
-61282.787627231708029 
-61282.787642493785825 
-61282.787657687018509 
-61282.787672811988159 
-61282.787687865769840 
-61282.787702855188400 
-61282.787717770996096 
-61282.787732619464805 
-61282.787747411144665 
-61282.787762132677017 
-61282.787776795572427 
-61282.787791394148371 
-61282.787805934771313 
-61282.787820416677278 
-61282.787834841547010 
-61282.787849203996302 
-61282.787863511104661 
-61282.787877759677940 
-61282.787891950814810 
-61282.787906089812168 
-61282.787920180722722 
-61282.787934222826152 
-61282.787948206227156 
-61282.787962139060255 
-61282.787976019884809 
-61282.787989855554770 
-61282.788003643683624 
-61282.788017383660190 
-61282.788031078329368 
-61282.788044728018576 
-61282.788058327831095 
-61282.788071885450336 
-61282.788085400621640 
-61282.788098874138086 
-61282.788112302820082 
-61282.788125688093714 
-61282.788139029697049 
-61282.788152327790158 
-61282.788165591067809 
-61282.788178808339580 
-61282.788191995605303 
-61282.788205133620067 
-61282.788218244153541 
-61282.788231315440498 
-61282.788244348863373 
-61282.788257343221630 
-61282.788270300719887 
-61282.788283226414933 
-61282.788296120634186 
-61282.788308974035317 
-61282.788321796353557 
-61282.788334580603987 
-61282.788347331705154 
-61282.788360055536032 
-61282.788372741735657 
-61282.788385396808735 
-61282.788398020471504 
-61282.788410616762121 
-61282.788423182755650 
-61282.788435714021034 
-61282.788448213788797 
-61282.788460686606413 
-61282.788473130356579 
-61282.788485548444442 
-61282.788497937064676 
-61282.788510301383212 
-61282.788522632647073 
-61282.788534935440111 
-61282.788547207477677 
-61282.788559458385862 
-61282.788571679979214 
-61282.788583870977163 
-61282.788596051119384 
-61282.788608196358837 
-61282.788620321640337 
-61282.788632415620668 
-61282.788644485786790 
-61282.788656535441987 
-61282.788668558889185 
-61282.788680558776832 
-61282.788692541384080 
-61282.788704497535946 
-61282.788716425347957 
-61282.788728330706363 
-61282.788740217001759 
-61282.788752077998652 
-61282.788763918317272 
-61282.788775736138632 
-61282.788787534751464 
-61282.788799310612376 
-61282.788811068770883 
-61282.788822811089631 
