2126.606541018133612 
2126.606541028612810 
2126.606541034694601 
2126.606541034028396 
2126.606541036602721 
2126.606541036159797 
2126.606541038617706 
2126.606541037949683 
2126.606541039233889 
2126.606541041339369 
2126.606541043422112 
2126.606541044158803 
2126.606541043513971 
2126.606541043333891 
2126.606541043629477 
2126.606541043086509 
2126.606541042071967 
2126.606541042128811 
2126.606541043562174 
2126.606541045761787 
2126.606541044369806 
2126.606541043366178 
2126.606541041822311 
2126.606541041757737 
2126.606541042092431 
2126.606541042330264 
2126.606541043351172 
2126.606541044276128 
2126.606541045187441 
2126.606541045424819 
2126.606541044488949 
2126.606541044076039 
2126.606541040762750 
2126.606541040272532 
2126.606541041101082 
2126.606541041562195 
2126.606541042013305 
2126.606541043402103 
2126.606541041957826 
2126.606541042602657 
2126.606541041595392 
2126.606541039154763 
2126.606541037966963 
2126.606541037141596 
2126.606541039436706 
2126.606541040767752 
2126.606541041201126 
2126.606541037991065 
2126.606541036934686 
2126.606541035612281 
2126.606541033675512 
2126.606541033185295 
2126.606541031434972 
2126.606541030344488 
2126.606541030738299 
2126.606541031415873 
2126.606541030148037 
2126.606541028421816 
2126.606541027414096 
2126.606541026447303 
2126.606541026923878 
2126.606541026996638 
2126.606541027930689 
2126.606541031082998 
2126.606541029806522 
2126.606541025879778 
2126.606541025546449 
2126.606541024365924 
2126.606541024260878 
2126.606541024259968 
2126.606541022847523 
2126.606541022806596 
2126.606541022926649 
2126.606541024226317 
2126.606541025448223 
2126.606541025562365 
2126.606541024380931 
2126.606541024490070 
2126.606541021048542 
2126.606541021805242 
2126.606541022335477 
2126.606541019107681 
2126.606541021055818 
2126.606541017943528 
2126.606541019261840 
2126.606541018989446 
2126.606541015504263 
2126.606541012870366 
2126.606541013237802 
2126.606541011753961 
2126.606541011371064 
2126.606541008578461 
2126.606541009738976 
2126.606541008018212 
2126.606541009138709 
2126.606541012130492 
2126.606541014923096 
2126.606541014198228 
2126.606541016439223 
2126.606541015994480 
2126.606541015754829 
2126.606541015908078 
2126.606541015803487 
2126.606541014038157 
2126.606541011683021 
2126.606541010490218 
2126.606541009333796 
2126.606541011471109 
2126.606541013285096 
2126.606541013237347 
2126.606541014245522 
2126.606541016386018 
2126.606541017864402 
2126.606541018139069 
2126.606541017712516 
2126.606541016386473 
2126.606541016546998 
2126.606541017034033 
2126.606541015478797 
2126.606541015516086 
2126.606541015734365 
2126.606541015602488 
2126.606541013202332 
2126.606541013101378 
2126.606541013807600 
2126.606541009769899 
2126.606541009030479 
2126.606541012219623 
2126.606541014882168 
2126.606541013185961 
2126.606541012596608 
2126.606541013726201 
2126.606541012086382 
2126.606541013037713 
2126.606541014109098 
2126.606541015532457 
2126.606541017279142 
2126.606541019391443 
2126.606541017335985 
2126.606541015516996 
2126.606541013661626 
2126.606541012757589 
2126.606541011683476 
2126.606541010095043 
2126.606541009081866 
2126.606541007719898 
2126.606541005004146 
2126.606541003573511 
2126.606541004277005 
2126.606541006619409 
2126.606541002877748 
2126.606541002603990 
2126.606541000163816 
2126.606540999498975 
2126.606540998637684 
2126.606540998074706 
2126.606540995729119 
2126.606540993630915 
2126.606540989086625 
2126.606540990279882 
2126.606540991301699 
2126.606540992599548 
2126.606540990314897 
2126.606540988976121 
2126.606540987102107 
2126.606540987724657 
2126.606540987566405 
2126.606540990540452 
2126.606540989376754 
2126.606540987494554 
2126.606540985026186 
2126.606540981134003 
2126.606540982158549 
2126.606540980054888 
2126.606540979777492 
2126.606540982297247 
2126.606540982074876 
2126.606540981602848 
2126.606540981020771 
2126.606540978596058 
2126.606540978709745 
2126.606540976972155 
2126.606540978179964 
2126.606540974900781 
2126.606540972021776 
2126.606540972184121 
2126.606540970442438 
2126.606540971589311 
2126.606540971533377 
2126.606540969618436 
2126.606540968172339 
2126.606540966618013 
2126.606540967334240 
2126.606540967645742 
2126.606540968573427 
2126.606540964932719 
2126.606540964789929 
2126.606540963074622 
2126.606540962486179 
2126.606540960633083 
2126.606540958749065 
2126.606540955670425 
2126.606540953241165 
2126.606540951228908 
2126.606540948228940 
2126.606540947288067 
2126.606540947641406 
2126.606540945869710 
2126.606540948647307 
2126.606540948826478 
2126.606540943921118 
2126.606540942508673 
2126.606540939156730 
2126.606540936634246 
2126.606540935305929 
2126.606540934808436 
2126.606540935938483 
2126.606540932940334 
2126.606540933038559 
2126.606540932013559 
2126.606540928268259 
2126.606540926553862 
2126.606540925584795 
2126.606540924154615 
2126.606540921015949 
2126.606540922110071 
2126.606540922427030 
2126.606540920883162 
2126.606540916404811 
2126.606540914684047 
2126.606540913352546 
2126.606540911878255 
2126.606540910237072 
2126.606540907304407 
2126.606540905774636 
2126.606540905096153 
2126.606540907271210 
2126.606540907552699 
2126.606540904228950 
2126.606540901581866 
2126.606540897660125 
2126.606540895718354 
2126.606540890586075 
2126.606540886974017 
2126.606540884813512 
2126.606540882015906 
2126.606540880362445 
2126.606540879955901 
2126.606540877059160 
2126.606540875158316 
2126.606540870939170 
2126.606540867768672 
2126.606540866278920 
2126.606540862818292 
2126.606540861909707 
2126.606540859948836 
2126.606540857566870 
2126.606540859590496 
2126.606540856686479 
2126.606540856698302 
2126.606540855864296 
2126.606540855165804 
2126.606540854189916 
2126.606540852270882 
2126.606540850648344 
2126.606540850102647 
2126.606540849954399 
2126.606540845903510 
2126.606540842765298 
2126.606540843999028 
2126.606540840451544 
2126.606540836430213 
2126.606540836044132 
2126.606540835895430 
2126.606540834963198 
2126.606540832396604 
2126.606540827056961 
2126.606540823378054 
2126.606540824020158 
2126.606540823977411 
2126.606540823820069 
2126.606540823627256 
2126.606540821573162 
2126.606540820263035 
2126.606540818593658 
2126.606540817911082 
2126.606540815263088 
2126.606540817190762 
2126.606540816615961 
2126.606540815768312 
2126.606540816035704 
2126.606540813750144 
2126.606540812768344 
2126.606540812538697 
2126.606540810426395 
2126.606540810207662 
2126.606540809025319 
2126.606540807524198 
2126.606540806065823 
2126.606540805969871 
