1681.948042834672151 
38.442484023806486 
1.170155278567452 
0.059588148043803 
0.003307657116665 
0.000201317920202 
0.000013014315784 
0.000000865308410 
940.067234640419429 
13.891872215788846 
0.582204994001750 
0.026187241207241 
0.001487921950786 
0.000097855905901 
0.000006719223713 
0.000000469097857 
207.700746763382170 
4.416614714492345 
0.201922507940549 
0.009295676624600 
0.000513216386649 
0.000031789317337 
0.000002053897566 
0.000000136142711 
82.085908914954047 
2.674997772028113 
0.138675620501250 
0.007937434546752 
0.000499170686060 
0.000033078780221 
0.000002239739954 
0.000000154056965 
44.785197872623250 
1.819191891794853 
0.102815560435534 
0.006404465292291 
0.000423744513883 
0.000029044825568 
0.000002020301978 
0.000000142115348 
28.325990277796976 
1.286767271466302 
0.076324307893645 
0.004925843485783 
0.000333729950528 
0.000023262246760 
0.000001641136883 
0.000000116760950 
19.644645780958562 
0.942120473860602 
0.057191330090866 
0.003739572757092 
0.000255730945717 
0.000017953665971 
0.000001274679233 
0.000000091171379 
14.530875521518876 
0.712719247878704 
0.043563558147102 
0.002849119803608 
0.000194891875751 
0.000013692331297 
0.000000973040054 
11.282854278022628 
0.555824237880946 
0.033847919955741 
0.002197068334186 
0.000149458874370 
0.000010460471782 
0.000000741281110 
9.107116937115391 
0.445688767608463 
0.026856127472186 
0.001722329328535 
0.000116095868998 
0.000008069282536 
0.000000568640324 
7.594293274537768 
0.366624462322882 
0.021762273002010 
0.001375659672546 
0.000091697500721 
0.000006317054350 
0.000000441903278 
6.515546875546560 
0.308843488763602 
0.018005168951874 
0.001120809816236 
0.000073820286300 
0.000005035590979 
0.000000349385763 
5.733509079172561 
0.266028042514181 
0.015202359499736 
0.000931914276286 
0.000060654539371 
0.000004096240293 
0.000000281739744 
5.160486171431634 
0.233954667413105 
0.013089850545995 
0.000790664054824 
0.000050891498887 
0.000003404091427 
0.000000232158617 
4.737750138164448 
0.209714746716322 
0.011482800327304 
0.000684088720334 
0.000043593070293 
0.000002890540654 
0.000000195598298 
4.424625773271558 
0.191258570803281 
0.010250053707282 
0.000602960398478 
0.000038089522508 
0.000002506392675 
0.000000168430727 
4.192317414958032 
0.177116439729219 
0.009297399038259 
0.000540674422544 
0.000033902370663 
0.000002216467116 
0.000000148076272 
4.020154980520533 
0.166220386376085 
0.008556369277867 
0.000492467706750 
0.000030688543627 
0.000001995618853 
0.000000132617643 
3.893162920902130 
0.157785963741687 
0.007976646043883 
0.000454875067896 
0.000028200419561 
0.000001825845564 
0.000000120812243 
3.800411890050554 
0.151231673404661 
0.007520852337262 
0.000425350562444 
0.000026257498058 
0.000001694134611 
0.000000111719502 
3.733869356854616 
0.146122972189295 
0.007160951484142 
0.000402005994218 
0.000024727266827 
0.000001590823254 
0.000000104633785 
3.687586506367521 
0.142132815691793 
0.006875732204055 
0.000383428635460 
0.000023511342536 
0.000001508938321 
0.000000098994340 
3.657119336972715 
0.139013547037063 
0.006649030121119 
0.000368553003425 
0.000022536265375 
0.000001443166832 
0.000000094441923 
3.639115237961343 
0.136576667242132 
0.006468449940666 
0.000356570708731 
0.000021746732327 
0.000001389671986 
0.000000090743707 
3.631016913800407 
0.134678121134777 
0.006324432314416 
0.000346863669039 
0.000021100959553 
0.000001345482327 
0.000000087647633 
3.630849378760445 
0.133207463328344 
0.006209562068537 
0.000338956065659 
0.000020567003544 
0.000001308399664 
0.000000085030046 
3.637065570011763 
0.132079758406909 
0.006118047098689 
0.000332477786964 
0.000020120259250 
0.000001276752836 
0.000000082704907 
3.648433259503117 
0.131229418999906 
0.006045322081349 
0.000327137492913 
0.000019741548781 
0.000001249218170 
0.000000080631093 
3.663951177577104 
0.130605429709184 
0.005987744137957 
0.000322702266182 
0.000019415515895 
0.000001224786757 
0.000000078831971 
3.682786085828364 
0.130167589314412 
0.005942358422497 
0.000318981774039 
0.000019129949398 
0.000001202596528 
0.000000077069289 
3.704225311370635 
0.129883531542205 
0.005906718583148 
0.000315817598908 
0.000018874511458 
0.000001182007888 
0.000000075408194 
3.727641191740263 
0.129726375811887 
0.005878751101697 
0.000313074677995 
0.000018640792185 
0.000001162570813 
0.000000073875407 
3.752465164320668 
0.129672916630324 
0.005856656098075 
0.000310635940427 
0.000018421365102 
0.000001143751035 
0.000000072263532 
3.778169982746014 
0.129702288965614 
0.005838838345207 
0.000308398510689 
0.000018210051569 
0.000001125266410 
0.000000070776820 
3.804258905021287 
0.129795057740362 
0.005823862636393 
0.000306271521004 
0.000018001440356 
0.000001106739012 
0.000000069215687 
3.830260766742885 
0.129932675130263 
0.005810428765937 
0.000304175482681 
0.000017791153817 
0.000001088111795 
0.000000067648683 
3.855729777711071 
0.130097243732595 
0.005797360844898 
0.000302041423523 
0.000017575624797 
0.000001068978461 
0.000000066067981 
3.880248744462598 
0.130271512848424 
0.005783606383402 
0.000299811732703 
0.000017351899743 
0.000001049347685 
0.000000064458176 
3.903434328272315 
0.130439036036680 
0.005768239832402 
0.000297439993155 
0.000017118232759 
0.000001029220330 
0.000000062850119 
3.924942927097506 
0.130584419752910 
0.005750468801285 
0.000294890944811 
0.000016873394901 
0.000001008436294 
0.000000061209693 
3.944475878153971 
0.130693603927636 
0.005729639062951 
0.000292140746717 
0.000016617041214 
0.000000987194257 
3.961782887716801 
0.130754129920901 
0.005705237739009 
0.000289176025559 
0.000016349440462 
0.000000965452225 
3.976662916509603 
0.130755365227440 
0.005676894589982 
0.000285993439995 
0.000016071401840 
0.000000943332724 
3.988962163084224 
0.130688667422748 
0.005644380505920 
0.000282598789332 
0.000015784530239 
0.000000921036598 
3.998569220278836 
0.130547479986778 
0.005607604834424 
0.000279005317826 
0.000015490277051 
0.000000898590397 
4.005407938726334 
0.130327355557086 
0.005566610203040 
0.000275233152177 
0.000015190813525 
0.000000876257419 
4.009428913907114 
0.130025911601110 
0.005521566189132 
0.000271307811514 
0.000014888328067 
0.000000854088500 
4.010600762352730 
0.129642725860163 
0.005472760430158 
0.000267259019432 
0.000014585024720 
0.000000832282000 
4.008902423595069 
0.129179183901768 
0.005420587454380 
0.000263120051626 
0.000014283224218 
0.000000811044747 
4.004317595023778 
0.128638296404610 
0.005365534179810 
0.000258925885885 
0.000013985158797 
0.000000790418054 
3.996832062335767 
0.128024501992208 
0.005308163206435 
0.000254712831909 
0.000013692743146 
0.000000770499853 
3.986434226981436 
0.127343467316795 
0.005249093274013 
0.000250517070923 
0.000013408059649 
0.000000751396907 
3.973118600904379 
0.126601885029239 
0.005188977074539 
0.000246373674638 
0.000013132582381 
0.000000733293070 
3.956891556200473 
0.125807258098493 
0.005128477801340 
0.000242315315878 
0.000012867769743 
0.000000716043569 
3.937778263396265 
0.124967654910712 
0.005068243736911 
0.000238371063234 
0.000012614717904 
0.000000699762836 
3.915829584577526 
0.124091413796929 
0.005008881168016 
0.000234565732210 
0.000012374019372 
0.000000684464424 
3.891127742833934 
0.123186792682425 
0.004950928502680 
0.000230918362223 
0.000012145978734 
0.000000670105805 
3.863789835662131 
0.122261570174521 
0.004894831150263 
0.000227441495383 
0.000011930437841 
0.000000656518240 
3.833968677623278 
0.121322633852673 
0.004840919176662 
0.000224140801114 
0.000011726885606 
0.000000643761600 
3.801850937460219 
0.120375605425293 
0.004789392827510 
0.000221014583225 
0.000011534307747 
0.000000631749598 
3.767653016977105 
0.119424565319350 
0.004740314526508 
0.000218053966834 
0.000011351550563 
0.000000620352875 
3.731615470870419 
0.118471936701040 
0.004693614486728 
0.000215244339177 
0.000011177090035 
0.000000609418452 
3.693996952806073 
0.117518570064408 
0.004649105280622 
0.000212565899105 
0.000011009054398 
0.000000598797273 
3.655068638134941 
0.116564034968525 
0.004606510914777 
0.000209996248392 
0.000010846003429 
0.000000588434413 
3.615109829689725 
0.115607096207876 
0.004565502882155 
0.000207512125923 
0.000010686118390 
0.000000578236085 
3.574405083911077 
0.114646305329883 
0.004525742268450 
0.000205092063245 
0.000010528193850 
0.000000568067905 
3.533242759859811 
0.113680623062426 
0.004486920486082 
0.000202718263166 
0.000010371153534 
0.000000557984887 
3.491914507174807 
0.112709972108455 
0.004448792603947 
0.000200378199958 
0.000010214599165 
0.000000547844404 
3.450714938125095 
0.111735641774404 
0.004411200344798 
0.000198065233638 
0.000010058277434 
0.000000537723564 
3.409940626871527 
0.110760486081705 
0.004374079760171 
0.000195778442185 
0.000009902289492 
0.000000527489089 
3.369887650573064 
0.109788902583469 
0.004337454839864 
0.000193522338649 
0.000009747461318 
0.000000517525360 
3.330847110467070 
0.108826610577607 
0.004301421303158 
0.000191304770371 
0.000009594564787 
0.000000507643158 
3.293098387740877 
0.107880270497899 
0.004266121781294 
0.000189136021045 
0.000009444265358 
0.000000497949897 
3.256900245164208 
0.106956999072489 
0.004231720404864 
0.000187026980259 
0.000009297624782 
0.000000488383315 
3.222480230497975 
0.106063822520895 
0.004198376841513 
0.000184987868168 
0.000009155500234 
0.000000479331664 
3.190023177683408 
0.105207105093007 
0.004166226037427 
0.000183027581715 
0.000009018583803 
0.000000470472367 
3.159659934566377 
0.104391987609845 
0.004135361135932 
0.000181152612919 
0.000008887424786 
0.000000462066800 
3.131457810605875 
0.103621883828073 
0.004105823645828 
0.000179367682230 
0.000008762670909 
0.000000454101054 
3.105414557905241 
0.102898118837681 
0.004077600395811 
0.000177674855575 
0.000008644602620 
0.000000446572377 
3.081457811661986 
0.102219819778166 
0.004050629664307 
0.000176074701223 
0.000008533728126 
0.000000439574739 
3.059451576278549 
0.101584174295944 
0.004024819846694 
0.000174566718258 
0.000008430116842 
0.000000432953827 
3.039210320619234 
0.100987113704162 
0.004000078291080 
0.000173150247608 
0.000008334328877 
0.000000426905828 
3.020519539203597 
0.100424365139677 
0.003976348956081 
0.000171825606459 
0.000008246787970 
0.000000421434709 
3.003159597581205 
0.099892663256938 
0.003953648913734 
0.000170594613631 
0.000008167813765 
0.000000416520307 
2.986928022286061 
0.099390793932559 
0.003932096816200 
0.000169461883040 
0.000008097821315 
0.000000412314912 
2.971654959695698 
0.098920127013939 
0.003911920097499 
0.000168434355026 
0.000008037446584 
0.000000408779944 
2.957207857221877 
0.098484416002977 
0.003893439574163 
0.000167521392894 
0.000007987027447 
0.000000405896917 
2.943484390842045 
0.098088872853853 
0.003877029426690 
0.000166733915305 
0.000007947179450 
0.000000403760594 
2.930396285837846 
0.097738763282296 
0.003863063839544 
0.000166083569165 
0.000007918086988 
0.000000402474022 
2.917849561521045 
0.097437910107986 
0.003851857590445 
0.000165580379446 
0.000007899898860 
0.000000401823632 
2.905727645972608 
0.097187479062096 
0.003843614221189 
0.000165231639684 
0.000007892512817 
0.000000402118153 
2.893882409425687 
0.096985276463436 
0.003838385617979 
0.000165039603329 
0.000007895474530 
0.000000403095849 
2.882135166559139 
0.096825601821802 
0.003836047952595 
0.000164999525335 
0.000007908018997 
0.000000404636620 
2.870286446469803 
0.096699547177501 
0.003836291133150 
0.000165098193989 
0.000007928658196 
0.000000406626194 
2.858131062291133 
0.096595573160635 
0.003838624209186 
0.000165313613919 
0.000007955518144 
0.000000409104751 
2.845474353030053 
0.096500208128552 
0.003842390129222 
0.000165613562608 
0.000007985983014 
0.000000411771656 
2.832146207579285 
0.096398786457183 
0.003846793178575 
0.000165958370515 
0.000008017381557 
0.000000414433324 
2.818010961506701 
0.096276199702894 
0.003850936243140 
0.000166300980924 
0.000008046475108 
0.000000416801468 
2.802972761916049 
0.096117671995602 
0.003853868338751 
0.000166590889108 
0.000008070059194 
0.000000418744724 
2.786977059287458 
0.095909560923650 
0.003854639261210 
0.000166776536447 
0.000008085180912 
0.000000419997954 
2.770009369661854 
0.095640150411883 
0.003852360131844 
0.000166808776512 
0.000008088708242 
0.000000420342023 
2.752092451000653 
0.095300362518086 
0.003846261883428 
0.000166644672306 
0.000008078655204 
0.000000419767877 
2.733282732202619 
0.094884291480947 
0.003835745933146 
0.000166249599342 
0.000008053575505 
0.000000418091429 
2.713666435221025 
0.094389477189507 
0.003820421147162 
0.000165599873627 
0.000008012405338 
0.000000415198987 
2.693355435943571 
0.093816874441196 
0.003800121245214 
0.000164683314871 
0.000007955179092 
0.000000411335970 
2.672482662275510 
0.093170535981687 
0.003774902450686 
0.000163499740138 
0.000007882634376 
0.000000406307013 
2.651196731570905 
0.092457077717642 
0.003745021779809 
0.000162059718244 
0.000007795836132 
0.000000400416615 
2.629655645713755 
0.091685027520189 
0.003710902803157 
0.000160383640984 
0.000007696492640 
0.000000393791264 
2.608019625144086 
0.090864156871825 
0.003673093821028 
0.000158499209388 
0.000007586377033 
0.000000386551540 
2.586443516351829 
0.090004871068297 
0.003632223829633 
0.000156439577168 
0.000007467739453 
0.000000378867307 
2.565069511459835 
0.089117696377312 
0.003588962978084 
0.000154240605622 
0.000007342439132 
0.000000370889333 
2.544021072206520 
0.088212880298434 
0.003543987862812 
0.000151939458610 
0.000007212650038 
0.000000362850143 
2.523398859379330 
0.087300093425886 
0.003497954028855 
0.000149572414791 
0.000007080230737 
0.000000354682444 
2.503279169966714 
0.086388227522919 
0.003451474148024 
0.000147173132302 
0.000006946927799 
0.000000346753147 
2.483714932826705 
0.085485278445569 
0.003405102933938 
0.000144771595058 
0.000006814172515 
0.000000338919795 
2.464738859458067 
0.084598305210058 
0.003359327272953 
0.000142394142028 
0.000006683257426 
0.000000331339717 
2.446368012716980 
0.083733456235951 
0.003314560914604 
0.000140062118679 
0.000006555367098 
0.000000324008975 
2.428608902942106 
0.082896041621843 
0.003271143530827 
0.000137792496718 
0.000006431062681 
0.000000316968685 
2.411462277522492 
0.082090633849835 
0.003229343476852 
0.000135597876592 
0.000006311196035 
0.000000310284459 
2.394926980555439 
0.081321170129184 
0.003189363163031 
0.000133487371390 
0.000006195982077 
0.000000303894265 
2.379002529388458 
0.080591039041906 
0.003151346348238 
0.000131466597889 
0.000006085639921 
0.000000297621731 
2.363690346901577 
0.079903135361449 
0.003115385773008 
0.000129538791230 
0.000005980359543 
0.000000291998677 
2.348993808014140 
0.079259880263524 
0.003081531302181 
0.000127705241768 
0.000005880157941 
0.000000286411877 
2.334917390032847 
0.078663206328077 
0.003049798005326 
0.000125965516903 
0.000005785017722 
0.000000281250957 
2.321465278260665 
0.078114518694431 
0.003020171184224 
0.000124318495670 
0.000005694609027 
0.000000276114200 
2.308639756255785 
0.077614641336700 
0.002992612814155 
0.000122761923962 
0.000005608877676 
0.000000271329756 
2.296439649287607 
0.077163761375691 
0.002967065401650 
0.000121293298486 
0.000005527665615 
0.000000266877881 
2.284859012860646 
0.076761383072476 
0.002943455409737 
0.000119909549535 
0.000005450715068 
0.000000262547217 
2.273886180515271 
0.076406297137857 
0.002921695794246 
0.000118607144523 
0.000005377707315 
0.000000258336094 
2.263503217698287 
0.076096574631012 
0.002901688235661 
0.000117382702145 
0.000005308505059 
0.000000254371774 
2.253685780228244 
0.075829582425597 
0.002883325178821 
0.000116232337219 
0.000005242778578 
0.000000250618795 
2.244403350791436 
0.075602025949606 
0.002866491130300 
0.000115151971776 
0.000005180254753 
0.000000246901130 
2.235619807082688 
0.075410012253177 
0.002851063812306 
0.000114137241243 
0.000005120943817 
0.000000243427275 
2.227294268505476 
0.075249133863809 
0.002836916189429 
0.000113184020993 
0.000005064290064 
0.000000240108758 
2.219382171677553 
0.075114568424066 
0.002823916608297 
0.000112287566320 
0.000005010108090 
0.000000236805569 
2.211836515699205 
0.075001192067064 
0.002811930382568 
0.000111443654515 
0.000004958275954 
0.000000233672547 
2.204609222503292 
0.074903700813974 
0.002800821355522 
0.000110647677995 
0.000004908675880 
0.000000230649828 
2.197652551855085 
0.074816739573632 
0.002790452001672 
0.000109895423145 
0.000004860858237 
0.000000227682968 
2.190920505169915 
0.074735032732141 
0.002780685844510 
0.000109182603587 
0.000004814843631 
0.000000224849746 
2.184370149528142 
0.074653513187221 
0.002771388799071 
0.000108505254958 
0.000004770417208 
0.000000222060601 
2.177962798403724 
0.074567446718125 
0.002762430748835 
0.000107859483355 
0.000004727549481 
0.000000219367637 
2.171664983881804 
0.074472545963182 
0.002753689075404 
0.000107242191794 
0.000004686068619 
0.000000216763786 
2.165449169565446 
0.074365071350443 
0.002745049479861 
0.000106649994906 
0.000004645999441 
0.000000214209946 
2.159294167633051 
0.074241914822321 
0.002736410293529 
0.000106080106786 
0.000004607166096 
0.000000211748363 
2.153185242332102 
0.074100663587310 
0.002727684290317 
0.000105530300976 
0.000004569768701 
0.000000209376558 
2.147113901976502 
0.073939642002417 
0.002718801458523 
0.000104998306268 
0.000004533533476 
0.000000207026041 
2.141077408590391 
0.073757931848050 
0.002709711051379 
0.000104482625671 
0.000004498536064 
0.000000204817851 
2.135078045932906 
0.073555370092429 
0.002700383634773 
0.000103981770901 
0.000004464887582 
0.000000202696058 
2.129122212714652 
0.073332528182333 
0.002690812169339 
0.000103494794705 
0.000004432326919 
0.000000200608816 
2.123219410315398 
0.073090672649507 
0.002681012659173 
0.000103021113207 
0.000004400991073 
0.000000198610277 
2.117381205791521 
0.072831713569816 
0.002671024197252 
0.000102560420562 
0.000004370805489 
0.000000196669197 
2.111620243700142 
0.072558141570805 
0.002660907946851 
0.000102112614436 
0.000004341684774 
0.000000195021579 
2.105949378944892 
0.072272958952034 
0.002650745818872 
0.000101677975483 
0.000004313784964 
0.000000193134498 
2.100380983487317 
0.071979607382558 
0.002640638292628 
0.000101257044907 
0.000004286791571 
0.000000191498050 
2.094926468660552 
0.071681895669505 
0.002630701365375 
0.000100850455143 
0.000004260751014 
0.000000189940832 
2.089596046014646 
0.071383928736211 
0.002621063371512 
0.000100459191685 
0.000004235571481 
0.000000188345407 
2.084398723410611 
0.071090038936913 
0.002611860897816 
0.000100084287507 
0.000004211475280 
0.000000186834599 
2.079342525902911 
0.070804719737529 
0.002603234332290 
0.000099726866857 
0.000004188024639 
0.000000185358529 
2.074434901922554 
0.070532556985878 
0.002595323927925 
0.000099388460458 
0.000004165544995 
0.000000183944380 
2.069683262329876 
0.070278157616691 
0.002588264006323 
0.000099070404583 
0.000004143957100 
0.000000182755812 
2.065095581110203 
0.070046064592580 
0.002582179116135 
0.000098774492369 
0.000004123472427 
0.000000181442855 
2.060680962911444 
0.069840654200348 
0.002577178309340 
0.000098502701575 
0.000004104028478 
0.000000180264428 
2.056450062078212 
0.069666006407720 
0.002573350960855 
0.000098257171194 
0.000004085800435 
0.000000179080826 
2.052415215707599 
0.069525740390955 
0.002570761703054 
0.000098040357186 
0.000004068893450 
0.000000178041548 
2.048590128419197 
0.069422813825871 
0.002569446325587 
0.000097854443923 
0.000004053584115 
0.000000177064712 
2.044988948643324 
0.069359285295753 
0.002569406251233 
0.000097701456284 
0.000004039719249 
0.000000176080260 
2.041624589552941 
0.069336053569905 
0.002570605114923 
0.000097582597717 
0.000004027736710 
0.000000175158170 
2.038506213725267 
0.069352592791103 
0.002572962859580 
0.000097498042679 
0.000004017166078 
0.000000174469458 
2.035635926500219 
0.069406714479479 
0.002576350911051 
0.000097445423292 
0.000004008211871 
0.000000173657824 
2.033004913596451 
0.069494395616510 
0.002580586747469 
0.000097419369527 
0.000004000236576 
0.000000173006004 
2.030589514015382 
0.069609712805626 
0.002585428467938 
0.000097410978956 
0.000003992884881 
0.000000172312990 
2.028348003760420 
0.069744920836352 
0.002590572271453 
0.000097407557478 
0.000003985246013 
0.000000171698365 
2.026219101065194 
0.069890702212376 
0.002595654311694 
0.000097392966207 
0.000003976850704 
0.000000170915427 
2.024123290208053 
0.070036601526116 
0.002600261110221 
0.000097348895789 
0.000003966697388 
0.000000170231826 
2.021967882412861 
0.070171637984065 
0.002603951049321 
0.000097257145641 
0.000003954139150 
0.000000169345355 
2.019656191548088 
0.070285073124290 
0.002606288503467 
0.000097102073205 
0.000003938655546 
0.000000168369030 
2.017100301402074 
0.070367281075626 
0.002606888207460 
0.000096872554540 
0.000003920118619 
0.000000167386199 
2.014235777631335 
0.070410641934917 
0.002605463665695 
0.000096565353919 
0.000003898605081 
0.000000166207160 
2.011035618192341 
0.070410340806195 
0.002601868462425 
0.000096184303413 
0.000003874490175 
0.000000164953508 
2.007520143069263 
0.070364924753845 
0.002596121867334 
0.000095741213070 
0.000003848940150 
0.000000163672282 
2.003759770284120 
0.070276471517621 
0.002588408043985 
0.000095253183142 
0.000003822641046 
0.000000162578749 
1.999868875821313 
0.070150273988822 
0.002579049527226 
0.000094740320255 
0.000003796794808 
0.000000161386150 
1.995991016201238 
0.069994042631647 
0.002568459219442 
0.000094222644709 
0.000003772149087 
0.000000160355354 
1.992278127213583 
0.069816762207457 
0.002557081387755 
0.000093717961703 
0.000003749617326 
0.000000159541476 
1.988868130242160 
0.069627447547157 
0.002545336364342 
0.000093239743212 
0.000003729519096 
0.000000158791721 
1.985865972189902 
0.069434075102752 
0.002533579290874 
0.000092797003401 
0.000003711799660 
0.000000158122120 
1.983332226012228 
0.069242914701806 
0.002522079645391 
0.000092394476144 
0.000003696632450 
0.000000157538723 
1.981281292487727 
0.069058357696270 
0.002511021218218 
0.000092033651243 
0.000003683826401 
0.000000157225009 
1.979688709971588 
0.068883195131516 
0.002500520949920 
0.000091714431640 
0.000003673108434 
0.000000156859708 
1.978504997507574 
0.068719191054739 
0.002490654024475 
0.000091436117408 
0.000003664248328 
0.000000156615558 
1.977672370030935 
0.068567758948887 
0.002481483976412 
0.000091198904508 
0.000003657470725 
0.000000156600118 
1.977140735732690 
0.068430566079798 
0.002473085620386 
0.000091004577459 
0.000003652612231 
0.000000156500777 
1.976880278084944 
0.068309953204167 
0.002465562112809 
0.000090857167383 
0.000003650024401 
0.000000156682093 
1.976889177581477 
0.068209124481601 
0.002459050773946 
0.000090762360885 
0.000003649842310 
0.000000156874949 
1.977196180312983 
0.068132112601439 
0.002453721655931 
0.000090727916178 
0.000003652689840 
0.000000157186304 
1.977858508758101 
0.068083558077988 
0.002449767543956 
0.000090762698463 
0.000003658804982 
0.000000157640092 
1.978955971189097 
0.068068344905236 
0.002447388683200 
0.000090875899194 
0.000003668653653 
0.000000158365582 
1.980582126985578 
0.068091132999703 
0.002446772745334 
0.000091075440076 
0.000003682711542 
0.000000159236134 
1.982833146759818 
0.068155810657945 
0.002448070919660 
0.000091367561117 
0.000003701047528 
0.000000160232096 
1.985794702673835 
0.068264881065451 
0.002451370634891 
0.000091754298361 
0.000003723774577 
0.000000161649633 
1.989526967622514 
0.068418788387709 
0.002456665873282 
0.000092232087388 
0.000003750421390 
0.000000163048119 
1.994047680902681 
0.068615194824358 
0.002463824787584 
0.000092790022037 
0.000003780400758 
0.000000164632931 
1.999313350357314 
0.068848232042307 
0.002472558002411 
0.000093407831114 
0.000003812663100 
0.000000166273764 
2.005199072137325 
0.069107776501098 
0.002482389374159 
0.000094054483860 
0.000003845036392 
0.000000167877882 
2.011478232023285 
0.069378840182594 
0.002492636308875 
0.000094688316319 
0.000003875710075 
0.000000169414699 
2.017804532149310 
0.069641209360552 
0.002502406000894 
0.000095256704845 
0.000003901812700 
0.000000170583349 
2.023700280731148 
0.069869512089714 
0.002510616784418 
0.000095699528184 
0.000003920447216 
0.000000171412160 
2.028556468604068 
0.070033924435625 
0.002516053210691 
0.000095953110710 
0.000003928511632 
0.000000171684947 
2.031651307677818 
0.070101717475370 
0.002517461730536 
0.000095957929316 
0.000003923606276 
0.000000171203234 
2.032193855412323 
0.070039775843918 
0.002513682925718 
0.000095665831133 
0.000003903733760 
0.000000170175656 
2.029397109403438 
0.069818066177957 
0.002503811040878 
0.000095050131456 
0.000003868491060 
0.000000168327027 
2.022579690149638 
0.069413790311435 
0.002487352023041 
0.000094111739276 
0.000003818641496 
0.000000165736351 
2.011286843510828 
0.068815668368545 
0.002464346308093 
0.000092882896401 
0.000003756680707 
0.000000162688655 
1.995411303485513 
0.068027532211320 
0.002435417552846 
0.000091424814581 
0.000003685904822 
0.000000159262258 
1.975285719884659 
0.067070288198674 
0.002401724328283 
0.000089819201346 
0.000003610812015 
0.000000155711287 
1.951715381157493 
0.065981437441409 
0.002364811607119 
0.000088155251762 
0.000003535599281 
0.000000152225390 
1.925927077095772 
0.064811766419295 
0.002326393157555 
0.000086514979055 
0.000003463625982 
0.000000148936500 
1.899428407104920 
0.063619491070095 
0.002288116489289 
0.000084961567420 
0.000003397298621 
0.000000146021183 
1.873797843427291 
0.062462854769337 
0.002251364468468 
0.000083533239282 
0.000003337717373 
0.000000143224831 
1.850450273326053 
0.061392699495886 
0.002217134918208 
0.000082243200870 
0.000003284735955 
0.000000140934165 
1.830434470993161 
0.060446612167002 
0.002186008874818 
0.000081085377865 
0.000003237661440 
0.000000138905237 
1.814310814086199 
0.059645812269444 
0.002158192950391 
0.000080041795625 
0.000003195134277 
0.000000137044360 
1.802131602927631 
0.058995140429135 
0.002133608053132 
0.000079090112843 
0.000003156148257 
0.000000135352990 
1.793514036431453 
0.058485639787536 
0.002111989448086 
0.000078209784046 
0.000003119644448 
0.000000133868054 
1.787771599107083 
0.058098658000978 
0.002092976758778 
0.000077384494022 
0.000003085064738 
0.000000132412298 
1.784062006242157 
0.057810276159777 
0.002076182258986 
0.000076603611026 
0.000003051946656 
0.000000131013170 
1.781517731758044 
0.057595146215026 
0.002061231713440 
0.000075861400557 
0.000003020203160 
0.000000129729230 
1.779340713046404 
0.057429262296096 
0.002047785341241 
0.000075155737617 
0.000002989732894 
0.000000128520486 
1.776857725845234 
0.057291600025529 
0.002035542750080 
0.000074486378137 
0.000002960863659 
0.000000127376136 
1.773542563212703 
0.057164812404252 
0.002024240997288 
0.000073853803937 
0.000002933538074 
0.000000126258538 
1.769014976048026 
0.057035272922796 
0.002013647478343 
0.000073258175251 
0.000002908094930 
0.000000125303635 
1.763026083319089 
0.056892742019176 
0.002003554676527 
0.000072698481135 
0.000002884429350 
0.000000124503715 
1.755437751785554 
0.056729868326024 
0.001993774868085 
0.000072172673026 
0.000002862648252 
0.000000123548522 
1.746200850180406 
0.056541661657668 
0.001984138911006 
0.000071677351508 
0.000002842530695 
0.000000122896213 
1.735335097342193 
0.056325009228395 
0.001974494836875 
0.000071208322634 
0.000002824011867 
0.000000122176196 
1.722911690100966 
0.056078266070513 
0.001964708403907 
0.000070760621652 
0.000002807019946 
0.000000121565314 
1.709038973246503 
0.055800922632639 
0.001954663742118 
0.000070328915519 
0.000002791146558 
0.000000121081536 
1.693850935168030 
0.055493340179697 
0.001944263693338 
0.000069907811688 
0.000002776120498 
0.000000120558284 
1.677498116998881 
0.055156543493798 
0.001933430549874 
0.000069492351841 
0.000002761764545 
0.000000119999542 
1.660140492096464 
0.054792057039602 
0.001922104757917 
0.000069077610430 
0.000002748007159 
0.000000119492550 
1.641941914160317 
0.054401774372234 
0.001910244693983 
0.000068659386742 
0.000002734307992 
0.000000119102842 
1.623065800223214 
0.053987853891185 
0.001897825150819 
0.000068234001924 
0.000002720879712 
0.000000118691938 
1.603671787717107 
0.053552635344060 
0.001884835668012 
0.000067798345212 
0.000002707067685 
0.000000118257428 
1.583913164343864 
0.053098572401270 
0.001871279484840 
0.000067350025390 
0.000002692974891 
0.000000117656644 
1.563934917473673 
0.052628178741342 
0.001857171297181 
0.000066887081381 
0.000002678392896 
0.000000117178640 
1.543872288137426 
0.052143985336542 
0.001842536033396 
0.000066408018379 
0.000002663249688 
0.000000116648439 
1.523849740527763 
0.051648507575054 
0.001827407817675 
0.000065912077738 
0.000002647408467 
0.000000116084020 
1.503980277552545 
0.051144218130186 
0.001811828153551 
0.000065398861243 
0.000002630749837 
0.000000115417530 
1.484365045743120 
0.050633527595461 
0.001795845699790 
0.000064868604396 
0.000002613351102 
0.000000114868959 
1.465093187034487 
0.050118767580764 
0.001779514257132 
0.000064321561357 
0.000002595066642 
0.000000114077725 
1.446241897462634 
0.049602179069996 
0.001762892910590 
0.000063759068120 
0.000002575903545 
0.000000113394653 
1.427876662286998 
0.049085900263738 
0.001746044275593 
0.000063181919078 
0.000002556102641 
0.000000112573291 
1.410051638245425 
0.048571958688435 
0.001729034088675 
0.000062591889363 
0.000002535273827 
0.000000111776300 
1.392810161516959 
0.048062261647750 
0.001711930437169 
0.000061990929798 
0.000002513818284 
0.000000110866808 
1.376185356012357 
0.047558589058231 
0.001694802512299 
0.000061381054567 
0.000002491502983 
0.000000109973697 
1.360200823665264 
0.047062585295541 
0.001677719902504 
0.000060764732556 
0.000002468755201 
0.000000109047961 
1.344871399229266 
0.046575752466545 
0.001660751615244 
0.000060144423044 
0.000002445414683 
0.000000108051866 
1.330203949693159 
0.046099444183219 
0.001643964752819 
0.000059522731843 
0.000002421649064 
0.000000107034224 
1.316198202784196 
0.045634861049938 
0.001627423974218 
0.000058902510935 
0.000002397409514 
0.000000105924472 
1.302847591689196 
0.045183045854061 
0.001611190600376 
0.000058286189179 
0.000002373013365 
0.000000104855415 
1.290140097591882 
0.044744882691942 
0.001595321180325 
0.000057676773126 
0.000002348517903 
0.000000103761972 
1.278059078243908 
0.044321097011860 
0.001579867741795 
0.000057076858546 
0.000002324026114 
0.000000102668189 
1.266584070893596 
0.043912257943098 
0.001564875921311 
0.000056488672707 
0.000002299635084 
0.000000101607520 
1.255691559610573 
0.043518783900271 
0.001550385676467 
0.000055914831340 
0.000002275324697 
0.000000100437546 
1.245355694072385 
0.043140948727221 
0.001536430196807 
0.000055357330573 
0.000002251526046 
0.000000099325854 
1.235548956202153 
0.042778892189948 
0.001523036083530 
0.000054818181435 
0.000002227900219 
0.000000098265914 
1.226242765470287 
0.042432630306097 
0.001510223218034 
0.000054299008113 
0.000002205021239 
0.000000097106593 
1.217408023068807 
0.042102068721097 
0.001498005413657 
0.000053801035486 
0.000002182663739 
0.000000096122805 
1.209015585836253 
0.041787015705458 
0.001486389863890 
0.000053325465209 
0.000002160986486 
0.000000095019247 
1.201036677348499 
0.041487196376733 
0.001475378555718 
0.000052873152502 
0.000002140070030 
0.000000094022781 
1.193443229931564 
0.041202266887842 
0.001464968212583 
0.000052444442525 
0.000002119988646 
0.000000093031413 
1.186208164806829 
0.040931827681994 
0.001455151115628 
0.000052039598975 
0.000002100649383 
0.000000092102096 
1.179305611844399 
0.040675436225233 
0.001445915637259 
0.000051658800835 
0.000002082319465 
0.000000091114544 
1.172711072514604 
0.040432618517493 
0.001437246793979 
0.000051301808211 
0.000002064895141 
0.000000090262572 
1.166401534499192 
0.040202878057184 
0.001429127204638 
0.000050968052068 
0.000002048399248 
0.000000089462327 
1.160355539564366 
0.039985704940918 
0.001421537411914 
0.000050656986781 
0.000002032810540 
0.000000088620583 
1.154553214223962 
0.039780581182634 
0.001414456194330 
0.000050367966656 
0.000002018144990 
0.000000087856438 
1.148976267541114 
0.039586986420476 
0.001407861564394 
0.000050099912393 
0.000002004375834 
0.000000087255997 
1.143607961299586 
0.039404399981295 
0.001401730374840 
0.000049852255811 
0.000001991603355 
0.000000086606657 
1.138433060743574 
0.039232303593275 
0.001396039285267 
0.000049623709413 
0.000001979536733 
0.000000085920130 
1.133437768646157 
0.039070181068113 
0.001390764805064 
0.000049413333112 
0.000001968364925 
0.000000085209851 
1.128609649344264 
0.038917518657431 
0.001385883060889 
0.000049219931778 
0.000001958022185 
0.000000084798265 
1.123937545522253 
0.038773803855886 
0.001381370539934 
0.000049042525323 
0.000001948567054 
0.000000084270043 
1.119411494061581 
0.038638524415881 
0.001377203558919 
0.000048880162740 
0.000001939806488 
0.000000083840227 
1.115022639157771 
0.038511167038331 
0.001373358881351 
0.000048731523111 
0.000001931619329 
0.000000083294650 
1.110763151906926 
0.038391216618385 
0.001369813119468 
0.000048595760755 
0.000001924174064 
0.000000082915039 
1.106626151626675 
0.038278155586306 
0.001366543176059 
0.000048471967186 
0.000001917335181 
0.000000082554920 
1.102605634833152 
0.038171463246568 
0.001363526318713 
0.000048358756736 
0.000001911089536 
0.000000082307870 
1.098696411899621 
0.038070618046277 
0.001360740096333 
0.000048255678332 
0.000001905324994 
0.000000082047856 
1.094894048486991 
0.037975097412108 
0.001358161971745 
0.000048161444186 
0.000001900008804 
0.000000081659952 
1.091194817532589 
0.037884381246647 
0.001355770250014 
0.000048075452548 
0.000001895163644 
0.000000081466444 
1.087595656354882 
0.037797954452938 
0.001353543472779 
0.000047996700461 
0.000001890681451 
0.000000081328008 
1.084094131521576 
0.037715310991446 
0.001351460812262 
0.000047924444489 
0.000001886599892 
0.000000081053382 
1.080688409774907 
0.037635958848610 
0.001349502289780 
0.000047858096179 
0.000001882723787 
0.000000080837741 
1.077377233868192 
0.037559424937586 
0.001347648667477 
0.000047796480285 
0.000001879126862 
0.000000080815910 
1.074159903834288 
0.037485261492664 
0.001345882187550 
0.000047739201158 
0.000001875778140 
0.000000080571746 
1.071036261269115 
0.037413052580195 
0.001344186029262 
0.000047685627634 
0.000001872653981 
0.000000080469623 
1.068006677771510 
0.037342420400367 
0.001342545079077 
0.000047634985471 
0.000001869401252 
0.000000080345341 
1.065072045271990 
0.037273033640445 
0.001340945921296 
0.000047586783583 
0.000001866489643 
0.000000080142909 
1.062233767673612 
0.037204614141038 
0.001339377299870 
0.000047540215516 
0.000001863568268 
0.000000080013091 
1.059493755186091 
0.037136944687058 
0.001337829931225 
0.000047494870965 
0.000001860675663 
0.000000079911555 
1.056854418700511 
0.037069877097973 
0.001336297154464 
0.000047450094494 
0.000001857721735 
0.000000079860456 
1.054318664282536 
0.037003338986993 
0.001334774597748 
0.000047405717447 
0.000001854734613 
0.000000079681796 
1.051889887357438 
0.036937341613156 
0.001333260965275 
0.000047361189610 
0.000001851709116 
0.000000079630700 
1.049571966859489 
0.036871986497670 
0.001331757763869 
0.000047315950580 
0.000001848531735 
0.000000079406998 
1.047369255808649 
0.036807470911003 
0.001330269568658 
0.000047270047721 
0.000001845353629 
0.000000079267546 
1.045286569026937 
0.036744092739939 
0.001328803795462 
0.000047223200459 
0.000001841849989 
0.000000079191222 
1.043329166353279 
0.036682254096633 
0.001327371168204 
0.000047174927223 
0.000001838227123 
0.000000079017891 
1.041502727187848 
0.036622462428247 
0.001325985100114 
0.000047125418062 
0.000001834348515 
0.000000078924184 
1.039813315293810 
0.036565329243729 
0.001324662623036 
0.000047074733308 
0.000001830346151 
0.000000078699543 
1.038267328455691 
0.036511566647835 
0.001323422731070 
0.000047022892435 
0.000001826286752 
0.000000078656085 
1.036871430236945 
0.036461979015487 
0.001322287319666 
0.000046970291583 
0.000001821968086 
0.000000078370309 
1.035632456719109 
0.036417451691701 
0.001321280336894 
0.000046917208842 
0.000001817511825 
0.000000078190379 
1.034557294362825 
0.036378934497280 
0.001320427743208 
0.000046864242213 
0.000001813072775 
0.000000078008051 
1.033652720738921 
0.036347420410863 
0.001319756597540 
0.000046811822501 
0.000001808573114 
0.000000077807016 
1.032925203331482 
0.036323918393970 
0.001319294838313 
0.000046761142597 
0.000001803872229 
0.000000077575699 
1.032380650041193 
0.036309421628585 
0.001319070680381 
0.000046712786913 
0.000001799332019 
0.000000077440811 
1.032024107284082 
0.036304869526972 
0.001319111587926 
0.000046668206996 
0.000001794995457 
0.000000077212079 
1.031859403090829 
0.036311106468893 
0.001319443437557 
0.000046628219896 
0.000001790549482 
0.000000077083098 
1.031888738334666 
0.036328836016348 
0.001320090078219 
0.000046594652279 
0.000001786728947 
0.000000076855991 
1.032112231678525 
0.036358573333364 
0.001321071218270 
0.000046568647067 
0.000001783050606 
0.000000076645428 
1.032527434004569 
0.036400597499244 
0.001322402376839 
0.000046551424508 
0.000001779645258 
0.000000076484243 
1.033128833539501 
0.036454906716492 
0.001324092124317 
0.000046544529677 
0.000001776861336 
0.000000076364811 
1.033907386026882 
0.036521177809925 
0.001326142095065 
0.000046548872571 
0.000001774616293 
0.000000076220658 
1.034850113157768 
0.036598735472699 
0.001328544102631 
0.000046565497615 
0.000001772838066 
0.000000076062230 
1.035939818854554 
0.036686532000196 
0.001331279523393 
0.000046594875626 
0.000001771614895 
0.000000075930128 
1.037154986085136 
0.036783144224135 
0.001334317520302 
0.000046636946504 
0.000001771049003 
0.000000075854162 
1.038469912582746 
0.036886787870195 
0.001337614946845 
0.000046691321547 
0.000001770834601 
0.000000075753125 
1.039855137690031 
0.036995353672059 
0.001341115156552 
0.000046756831973 
0.000001771157920 
0.000000075686266 
1.041278197660138 
0.037106466261021 
0.001344750132362 
0.000046832121603 
0.000001771787737 
0.000000075586304 
1.042704711099919 
0.037217564876301 
0.001348441070598 
0.000046914991868 
0.000001772727934 
0.000000075559740 
1.044099763663346 
0.037326003238166 
0.001352102273223 
0.000047003464839 
0.000001773990516 
0.000000075450448 
1.045429504589887 
0.037429162231793 
0.001355644307675 
0.000047094798030 
0.000001775324203 
0.000000075362135 
1.046662824262541 
0.037524568725307 
0.001358979405771 
0.000047186537771 
0.000001776728666 
0.000000075259011 
1.047772938631681 
0.037610004726917 
0.001362025540143 
0.000047276562423 
0.000001778231475 
0.000000075155717 
1.048738695319992 
0.037683600091680 
0.001364711003699 
0.000047362624262 
0.000001779631962 
0.000000075102465 
1.049545421258740 
0.037743891818008 
0.001366976974347 
0.000047443012526 
0.000001781112692 
0.000000075030494 
1.050185194713598 
0.037789845290810 
0.001368778940088 
0.000047516123051 
0.000001782491480 
0.000000074951314 
1.050656497844947 
0.037820835121723 
0.001370086234953 
0.000047580920334 
0.000001783782754 
0.000000074744022 
1.050963317825338 
0.037836590314746 
0.001370879179347 
0.000047636293515 
0.000001785093437 
0.000000074675511 
1.051113857344484 
0.037837120206823 
0.001371146267836 
0.000047680919772 
0.000001785943285 
0.000000074620927 
1.051119090750217 
0.037822636505142 
0.001370880249462 
0.000047713434153 
0.000001786791546 
0.000000074574166 
1.050991413569500 
0.037793496181099 
0.001370076207503 
0.000047732655344 
0.000001787391051 
0.000000074441717 
1.050743598017736 
0.037750177558739 
0.001368729851948 
0.000047736834966 
0.000001787594915 
0.000000074382793 
1.050388171955235 
0.037693298912326 
0.001366839499601 
0.000047724507045 
0.000001787246313 
0.000000074165344 
1.049937223339418 
0.037623671958034 
0.001364408541249 
0.000047693974854 
0.000001786382897 
0.000000074044980 
1.049402522678510 
0.037542378140364 
0.001361450658824 
0.000047644365341 
0.000001784895955 
0.000000073860852 
1.048795786683396 
0.037450840632760 
0.001357992851227 
0.000047574914441 
0.000001782743533 
0.000000073694010 
1.048128888139242 
0.037350869844461 
0.001354079825138 
0.000047485956968 
0.000001779879496 
0.000000073460944 
1.047413857394373 
0.037244662025393 
0.001349774514215 
0.000047378077790 
0.000001776293693 
0.000000073203217 
1.046662600423834 
0.037134738926401 
0.001345157709373 
0.000047253351482 
0.000001772107675 
0.000000072892488 
1.045886346044372 
0.037023833920509 
0.001340323757945 
0.000047113586214 
0.000001767256029 
0.000000072622114 
1.045094916738191 
0.036914734480269 
0.001335375835342 
0.000046961808809 
0.000001761641822 
0.000000072320253 
1.044295962233949 
0.036810101795191 
0.001330418745094 
0.000046801259187 
0.000001755770097 
0.000000072042282 
1.043494302240938 
0.036712294934583 
0.001325552481921 
0.000046635313379 
0.000001749454075 
0.000000071625019 
1.042691506386234 
0.036623218316361 
0.001320865941518 
0.000046467048774 
0.000001742791097 
0.000000071263245 
1.041885777894743 
0.036544213377400 
0.001316432507122 
0.000046299966663 
0.000001736109748 
0.000000070977078 
1.041072166412221 
0.036476001578651 
0.001312306636561 
0.000046136604509 
0.000001729390488 
0.000000070488464 
1.040243070662094 
0.036418681285860 
0.001308522548275 
0.000045979467180 
0.000001722774810 
0.000000070205219 
1.039388963291650 
0.036371773573693 
0.001305094580856 
0.000045830506497 
0.000001716184968 
0.000000069771503 
1.038499244969713 
0.036334305099478 
0.001302019387004 
0.000045691328390 
0.000001709972326 
0.000000069406044 
1.037563138387548 
0.036304915081601 
0.001299277306593 
0.000045562963137 
0.000001704119739 
0.000000069200572 
1.036570535768803 
0.036281974598854 
0.001296836339324 
0.000045445983113 
0.000001698664758 
0.000000068904863 
1.035512741475865 
0.036263704502498 
0.001294655061633 
0.000045340664773 
0.000001693604553 
0.000000068631371 
1.034383067324560 
0.036248284926599 
0.001292685706043 
0.000045246861455 
0.000001689238757 
0.000000068499001 
1.033177259654669 
0.036233948641109 
0.001290877257475 
0.000045163896538 
0.000001685326557 
0.000000068250658 
1.031893759470920 
0.036219056855822 
0.001289177907600 
0.000045091116897 
0.000001682069319 
0.000000068130943 
1.030533801811366 
0.036202155705120 
0.001287537473847 
0.000045027518565 
0.000001679306112 
0.000000067975657 
1.029101375999395 
0.036182014942178 
0.001285908822812 
0.000044971758579 
0.000001677190661 
0.000000067798534 
1.027603067200455 
0.036157649812931 
0.001284249909841 
0.000044922489138 
0.000001675517438 
0.000000067781726 
1.026047800547487 
0.036128329786077 
0.001282524535534 
0.000044878210490 
0.000001674632699 
0.000000067854796 
1.024446511761304 
0.036093576879197 
0.001280703306373 
0.000044837419360 
0.000001674018066 
0.000000067862070 
1.022811761942667 
0.036053154694712 
0.001278763736673 
0.000044798654900 
0.000001674041199 
0.000000067969862 
1.021157313218316 
0.036007052309230 
0.001276691479163 
0.000044760455828 
0.000001674450857 
0.000000068005391 
1.019497681736391 
0.035955464356116 
0.001274479222126 
0.000044721649336 
0.000001675152490 
0.000000068053094 
1.017847680601544 
0.035898769186081 
0.001272127754301 
0.000044681006007 
0.000001676306526 
0.000000068287739 
1.016221965029396 
0.035837505433133 
0.001269644344498 
0.000044637821469 
0.000001677730063 
0.000000068457496 
1.014634590341823 
0.035772349359709 
0.001267043431976 
0.000044591332682 
0.000001679371884 
0.000000068725147 
1.013098595994822 
0.035704092832285 
0.001264345629576 
0.000044541479268 
0.000001681412793 
0.000000068966738 
1.011625622353181 
0.035633621750945 
0.001261577047023 
0.000044487683734 
0.000001683267797 
0.000000069288307 
1.010225571189112 
0.035561895253123 
0.001258768758099 
0.000044430773698 
0.000001685585289 
0.000000069522829 
1.008906318519412 
0.035489924302922 
0.001255956192666 
0.000044371070143 
0.000001687845037 
0.000000069780101 
1.007673484526443 
0.035418750863966 
0.001253178221937 
0.000044309493173 
0.000001690490284 
0.000000070179265 
1.006530267608774 
0.035349424881500 
0.001250476129494 
0.000044247086230 
0.000001693136278 
0.000000070513909 
1.005477345734433 
0.035282980103790 
0.001247892909228 
0.000044185128411 
0.000001695836848 
0.000000070928628 
1.004512846373477 
0.035220408090880 
0.001245472218398 
0.000044125109894 
0.000001698897543 
0.000000071205794 
1.003632387050802 
0.035162630522731 
0.001243256908455 
0.000044068813399 
0.000001702093031 
0.000000071668695 
1.002829181319269 
0.035110469662597 
0.001241288054238 
0.000044017826487 
0.000001705359944 
0.000000072071571 
1.002094209727315 
0.035064619261299 
0.001239603193820 
0.000043973918514 
0.000001708964202 
0.000000072581215 
1.001416447764983 
0.035025615884079 
0.001238235481535 
0.000043938531356 
0.000001712969904 
0.000000072948519 
1.000783142481247 
0.034993812456210 
0.001237211671901 
0.000043913108607 
0.000001717054924 
0.000000073467018 
1.000180129950036 
0.034969357119032 
0.001236550675893 
0.000043899131537 
0.000001721469039 
0.000000074066026 
0.999592180753898 
0.034952175659499 
0.001236262615443 
0.000043897270276 
0.000001726107717 
0.000000074530285 
0.999003361056086 
0.034941962210437 
0.001236347506022 
0.000043908085189 
0.000001731116400 
0.000000075046790 
0.998397395868238 
0.034938177737074 
0.001236794415705 
0.000043931843062 
0.000001736269124 
0.000000075636675 
0.997758018357568 
0.034940055464937 
0.001237580630187 
0.000043967832404 
0.000001741505268 
0.000000076201669 
0.997069297488224 
0.034946615970610 
0.001238671737196 
0.000044015244647 
0.000001746747687 
0.000000076689066 
0.996315922598263 
0.034956687950746 
0.001240021636165 
0.000044072371411 
0.000001752276900 
0.000000077183764 
0.995483443840519 
0.034968936629953 
0.001241573399559 
0.000044137175152 
0.000001757352545 
0.000000077737535 
0.994558452236501 
0.034981895585222 
0.001243259839183 
0.000044206698528 
0.000001762130644 
0.000000078125463 
