-32.000000000000000 
-31.999999999523045 
-31.999999999066500 
-31.999999999574918 
-31.999999999333234 
-31.999999999183718 
-31.999999999084579 
-31.999999999084249 
-31.999999999245283 
-31.999999999474170 
-31.999999999488502 
-31.999999999624912 
-31.999999999465167 
-31.999999999408711 
-31.999999999216790 
-31.999999999191072 
-31.999999999228560 
-31.999999999193577 
-31.999999999257412 
-31.999999999364363 
-31.999999999352823 
-31.999999999381359 
-31.999999999622244 
-31.999999999698115 
-31.999999999649106 
-31.999999999593207 
-31.999999999617049 
-31.999999999781018 
-31.999999999856730 
-31.999999999835602 
-31.999999999747274 
-31.999999999798458 
-31.999999999853195 
-31.999999999790607 
-31.999999999768665 
-31.999999999809312 
-31.999999999886793 
-31.999999999857341 
-31.999999999916870 
-32.000000000065342 
-32.000000000045475 
-32.000000000001265 
-32.000000000036849 
-31.999999999999947 
-31.999999999996962 
-31.999999999864233 
-31.999999999825359 
-31.999999999819760 
-31.999999999789338 
-31.999999999690292 
-31.999999999623622 
-31.999999999681435 
-31.999999999718810 
-31.999999999717687 
-31.999999999734897 
-31.999999999697863 
-31.999999999724672 
-31.999999999721567 
-31.999999999781693 
-31.999999999848310 
-31.999999999842537 
-31.999999999861259 
-31.999999999843801 
-31.999999999759723 
-31.999999999725475 
-31.999999999706496 
-31.999999999674635 
-31.999999999672355 
-31.999999999718892 
-31.999999999799314 
-31.999999999845219 
-31.999999999791040 
-31.999999999951513 
-32.000000000069917 
-32.000000000036167 
-32.000000000106915 
-32.000000000062109 
-32.000000000088811 
-31.999999999985427 
-32.000000000056971 
-32.000000000000369 
-31.999999999956195 
-31.999999999988020 
-32.000000000071985 
-31.999999999957026 
-32.000000000017266 
-32.000000000082188 
-31.999999999997407 
-31.999999999982421 
-31.999999999903974 
-31.999999999956074 
-31.999999999946240 
-31.999999999974811 
-31.999999999918487 
-31.999999999888086 
-31.999999999857188 
-31.999999999998042 
-32.000000000067217 
-32.000000000171156 
-32.000000000209440 
-32.000000000283656 
-32.000000000255092 
-32.000000000307089 
-32.000000000307622 
-32.000000000375323 
-32.000000000309264 
-32.000000000302776 
-32.000000000225583 
-32.000000000290470 
-32.000000000374094 
-32.000000000384809 
-32.000000000374989 
-32.000000000253969 
-32.000000000196501 
-32.000000000191882 
-32.000000000280693 
-32.000000000139558 
-32.000000000188031 
-32.000000000276962 
-32.000000000205780 
-32.000000000197026 
-32.000000000237648 
-32.000000000084647 
-32.000000000004171 
-32.000000000034944 
-31.999999999941622 
-31.999999999903132 
-31.999999999905853 
-31.999999999796252 
-31.999999999689159 
-31.999999999517534 
-31.999999999514237 
-31.999999999613266 
-31.999999999411259 
-31.999999999440696 
-31.999999999373607 
-31.999999999507686 
-31.999999999506088 
-31.999999999475314 
-31.999999999589306 
-31.999999999454069 
-31.999999999189491 
-31.999999999246050 
-31.999999999170925 
-31.999999999333802 
-31.999999999257582 
-31.999999999275563 
-31.999999999287844 
-31.999999999181263 
-31.999999999157552 
-31.999999999123961 
-31.999999999172996 
-31.999999999110024 
-31.999999999209582 
-31.999999999230067 
-31.999999999231921 
-31.999999999074333 
-31.999999999021256 
-31.999999999000369 
-31.999999999033282 
-31.999999998997804 
-31.999999999026766 
-31.999999999062325 
-31.999999999118639 
-31.999999999144705 
-31.999999999147182 
-31.999999999248416 
-31.999999999217842 
-31.999999999236774 
-31.999999999279265 
-31.999999999173848 
-31.999999999305881 
-31.999999999261526 
-31.999999999347448 
-31.999999999325105 
-31.999999999410541 
-31.999999999308454 
-31.999999999309438 
-31.999999999265469 
-31.999999999217870 
-31.999999999158035 
-31.999999999154607 
-31.999999999108535 
-31.999999999223583 
-31.999999999188812 
-31.999999999172861 
-31.999999999113768 
-31.999999999147480 
-31.999999998885119 
-31.999999998765723 
-31.999999998654069 
-31.999999998650161 
-31.999999998644117 
-31.999999998711253 
-31.999999998535415 
-31.999999998457291 
-31.999999998590440 
-31.999999998442284 
-31.999999998458954 
-31.999999998494115 
-31.999999998436625 
-31.999999998461320 
-31.999999998483993 
-31.999999998435957 
-31.999999998445407 
-31.999999998647393 
-31.999999998735095 
-31.999999998620293 
-31.999999998604004 
-31.999999998638486 
-31.999999998681151 
-31.999999998764917 
-31.999999998733273 
-31.999999998756241 
-31.999999998781313 
-31.999999998749288 
-31.999999998925073 
-31.999999998803347 
-31.999999998841687 
-31.999999998797914 
-31.999999999032248 
-31.999999999099490 
-31.999999999133085 
-31.999999999067516 
-31.999999998910326 
-31.999999998935600 
-31.999999998934992 
-31.999999998937025 
-31.999999998928057 
-31.999999999195797 
-31.999999999264581 
-31.999999999365862 
-31.999999999430024 
-31.999999999485816 
-31.999999999454598 
-31.999999999395623 
-31.999999999372704 
-31.999999999276149 
-31.999999999528715 
-31.999999999506286 
-31.999999999420716 
-31.999999999310198 
-31.999999999475797 
-31.999999999379845 
-31.999999999433800 
-31.999999999490271 
-31.999999999583174 
-31.999999999784112 
-31.999999999818463 
-31.999999999751505 
-31.999999999567365 
-31.999999999518678 
-31.999999999445450 
-31.999999999517065 
-31.999999999562466 
-31.999999999663284 
-31.999999999768498 
-31.999999999787736 
-31.999999999664205 
-31.999999999516294 
-31.999999999553836 
-31.999999999612623 
-31.999999999401567 
-31.999999999626286 
-31.999999999363002 
-31.999999999056964 
-31.999999999143398 
-31.999999999084249 
-31.999999999023292 
-31.999999999065167 
-31.999999999146151 
-31.999999998965730 
-31.999999998955015 
-31.999999999024958 
-31.999999999046011 
-31.999999999140076 
-31.999999999254722 
-31.999999999389711 
-31.999999999426059 
-31.999999999379988 
-31.999999999473420 
-31.999999999546592 
-31.999999999391800 
-31.999999999350290 
-31.999999999302343 
-31.999999999104787 
-31.999999999405418 
-31.999999999414158 
-31.999999999577817 
-31.999999999512660 
-31.999999999727514 
-31.999999999738112 
-31.999999999784094 
-32.000000000016826 
-32.000000000028422 
-31.999999999988642 
-31.999999999836870 
-32.000000000174765 
-32.000000000354589 
-32.000000000186759 
-32.000000000062492 
-32.000000000174737 
-32.000000000414559 
-32.000000000622542 
-32.000000000634230 
-32.000000000640526 
-32.000000000483332 
-32.000000000367294 
-32.000000000558551 
-32.000000000670084 
-32.000000000744684 
-32.000000000681204 
-32.000000000954593 
-32.000000001194522 
-32.000000001209443 
-32.000000001332168 
-32.000000001347658 
-32.000000001491877 
-32.000000001314341 
-32.000000001519922 
-32.000000000000000 
-31.999999999523045 
-31.999999999066500 
-31.999999999574918 
-31.999999999333234 
-31.999999999183718 
-31.999999999084579 
-31.999999999084249 
-31.999999999245283 
-31.999999999474170 
-31.999999999488502 
-31.999999999624912 
-31.999999999465167 
-31.999999999408711 
-31.999999999216790 
-31.999999999191072 
-31.999999999228560 
-31.999999999193577 
-31.999999999257412 
-31.999999999364363 
-31.999999999352823 
-31.999999999381359 
-31.999999999622244 
-31.999999999698115 
-31.999999999649106 
-31.999999999593207 
-31.999999999617049 
-31.999999999781018 
-31.999999999856730 
-31.999999999835602 
-31.999999999747274 
-31.999999999798458 
-31.999999999853195 
-31.999999999790607 
-31.999999999768665 
-31.999999999809312 
-31.999999999886793 
-31.999999999857341 
-31.999999999916870 
-32.000000000065342 
-32.000000000045475 
-32.000000000001265 
-32.000000000036849 
-31.999999999999947 
-31.999999999996962 
-31.999999999864233 
-31.999999999825359 
-31.999999999819760 
-31.999999999789338 
-31.999999999690292 
-31.999999999623622 
-31.999999999681435 
-31.999999999718810 
-31.999999999717687 
-31.999999999734897 
-31.999999999697863 
-31.999999999724672 
-31.999999999721567 
-31.999999999781693 
-31.999999999848310 
-31.999999999842537 
-31.999999999861259 
-31.999999999843801 
-31.999999999759723 
-31.999999999725475 
-31.999999999706496 
-31.999999999674635 
-31.999999999672355 
-31.999999999718892 
-31.999999999799314 
-31.999999999845219 
-31.999999999791040 
-31.999999999951513 
-32.000000000069917 
-32.000000000036167 
-32.000000000106915 
-32.000000000062109 
-32.000000000088811 
-31.999999999985427 
-32.000000000056971 
-32.000000000000369 
-31.999999999956195 
-31.999999999988020 
-32.000000000071985 
-31.999999999957026 
-32.000000000017266 
-32.000000000082188 
-31.999999999997407 
-31.999999999982421 
-31.999999999903974 
-31.999999999956074 
-31.999999999946240 
-31.999999999974811 
-31.999999999918487 
-31.999999999888086 
-31.999999999857188 
-31.999999999998042 
-32.000000000067217 
-32.000000000171156 
-32.000000000209440 
-32.000000000283656 
-32.000000000255092 
-32.000000000307089 
-32.000000000307622 
-32.000000000375323 
-32.000000000309264 
-32.000000000302776 
-32.000000000225583 
-32.000000000290470 
-32.000000000374094 
-32.000000000384809 
-32.000000000374989 
-32.000000000253969 
-32.000000000196501 
-32.000000000191882 
-32.000000000280693 
-32.000000000139558 
-32.000000000188031 
-32.000000000276962 
-32.000000000205780 
-32.000000000197026 
-32.000000000237648 
-32.000000000084647 
-32.000000000004171 
-32.000000000034944 
-31.999999999941622 
-31.999999999903132 
-31.999999999905853 
-31.999999999796252 
-31.999999999689159 
-31.999999999517534 
-31.999999999514237 
-31.999999999613266 
-31.999999999411259 
-31.999999999440696 
-31.999999999373607 
-31.999999999507686 
-31.999999999506088 
-31.999999999475314 
-31.999999999589306 
-31.999999999454069 
-31.999999999189491 
-31.999999999246050 
-31.999999999170925 
-31.999999999333802 
-31.999999999257582 
-31.999999999275563 
-31.999999999287844 
-31.999999999181263 
-31.999999999157552 
-31.999999999123961 
-31.999999999172996 
-31.999999999110024 
-31.999999999209582 
-31.999999999230067 
-31.999999999231921 
-31.999999999074333 
-31.999999999021256 
-31.999999999000369 
-31.999999999033282 
-31.999999998997804 
-31.999999999026766 
-31.999999999062325 
-31.999999999118639 
-31.999999999144705 
-31.999999999147182 
-31.999999999248416 
-31.999999999217842 
-31.999999999236774 
-31.999999999279265 
-31.999999999173848 
-31.999999999305881 
-31.999999999261526 
-31.999999999347448 
-31.999999999325105 
-31.999999999410541 
-31.999999999308454 
-31.999999999309438 
-31.999999999265469 
-31.999999999217870 
-31.999999999158035 
-31.999999999154607 
-31.999999999108535 
-31.999999999223583 
-31.999999999188812 
-31.999999999172861 
-31.999999999113768 
-31.999999999147480 
-31.999999998885119 
-31.999999998765723 
-31.999999998654069 
-31.999999998650161 
-31.999999998644117 
-31.999999998711253 
-31.999999998535415 
-31.999999998457291 
-31.999999998590440 
-31.999999998442284 
-31.999999998458954 
-31.999999998494115 
-31.999999998436625 
-31.999999998461320 
-31.999999998483993 
-31.999999998435957 
-31.999999998445407 
-31.999999998647393 
-31.999999998735095 
-31.999999998620293 
-31.999999998604004 
-31.999999998638486 
-31.999999998681151 
-31.999999998764917 
-31.999999998733273 
-31.999999998756241 
-31.999999998781313 
-31.999999998749288 
-31.999999998925073 
-31.999999998803347 
-31.999999998841687 
-31.999999998797914 
-31.999999999032248 
-31.999999999099490 
-31.999999999133085 
-31.999999999067516 
-31.999999998910326 
-31.999999998935600 
-31.999999998934992 
-31.999999998937025 
-31.999999998928057 
-31.999999999195797 
-31.999999999264581 
-31.999999999365862 
-31.999999999430024 
-31.999999999485816 
-31.999999999454598 
-31.999999999395623 
-31.999999999372704 
-31.999999999276149 
-31.999999999528715 
-31.999999999506286 
-31.999999999420716 
-31.999999999310198 
-31.999999999475797 
-31.999999999379845 
-31.999999999433800 
-31.999999999490271 
-31.999999999583174 
-31.999999999784112 
-31.999999999818463 
-31.999999999751505 
-31.999999999567365 
-31.999999999518678 
-31.999999999445450 
-31.999999999517065 
-31.999999999562466 
-31.999999999663284 
-31.999999999768498 
-31.999999999787736 
-31.999999999664205 
-31.999999999516294 
-31.999999999553836 
-31.999999999612623 
-31.999999999401567 
-31.999999999626286 
-31.999999999363002 
-31.999999999056964 
-31.999999999143398 
-31.999999999084249 
-31.999999999023292 
-31.999999999065167 
-31.999999999146151 
-31.999999998965730 
-31.999999998955015 
-31.999999999024958 
-31.999999999046011 
-31.999999999140076 
-31.999999999254722 
-31.999999999389711 
-31.999999999426059 
-31.999999999379988 
-31.999999999473420 
-31.999999999546592 
-31.999999999391800 
-31.999999999350290 
-31.999999999302343 
-31.999999999104787 
-31.999999999405418 
-31.999999999414158 
-31.999999999577817 
-31.999999999512660 
-31.999999999727514 
-31.999999999738112 
-31.999999999784094 
-32.000000000016826 
-32.000000000028422 
-31.999999999988642 
-31.999999999836870 
-32.000000000174765 
-32.000000000354589 
-32.000000000186759 
-32.000000000062492 
-32.000000000174737 
-32.000000000414559 
-32.000000000622542 
-32.000000000634230 
-32.000000000640526 
-32.000000000483332 
-32.000000000367294 
-32.000000000558551 
-32.000000000670084 
-32.000000000744684 
-32.000000000681204 
-32.000000000954593 
-32.000000001194522 
-32.000000001209443 
-32.000000001332168 
-32.000000001347658 
-32.000000001491877 
-32.000000001314341 
-32.000000001519922 
