40.000000000000000 
40.000000027198531 
40.000000012698379 
40.000000003637794 
39.999999998971163 
39.999999995507785 
39.999999993009894 
39.999999991211880 
39.999999989939504 
39.999999989099919 
39.999999988560148 
39.999999988244632 
39.999999988103561 
39.999999988068453 
39.999999988131272 
39.999999988260768 
39.999999988442724 
39.999999988617134 
39.999999988811702 
39.999999988995697 
39.999999989179514 
39.999999989377962 
39.999999990405669 
39.999999991125733 
39.999999991631583 
39.999999991986314 
39.999999992212850 
39.999999992332619 
39.999999992366725 
39.999999992271029 
39.999999992104790 
39.999999991860321 
39.999999991448441 
39.999999990888554 
39.999999990131649 
39.999999989207183 
39.999999988029444 
39.999999986625170 
39.999999984972973 
39.999999983086425 
39.999999980996471 
39.999999978721874 
39.999999976255978 
39.999999973681099 
39.999999970951066 
39.999999968144195 
39.999999965263314 
39.999999962370666 
39.999999959467900 
39.999999956600064 
39.999999953721343 
39.999999950904709 
39.999999948100360 
39.999999945341706 
39.999999942639533 
39.999999939997814 
39.999999937498785 
39.999999935037380 
39.999999932672026 
39.999999930366855 
39.999999928151340 
39.999999926057640 
39.999999924078054 
39.999999922160811 
39.999999920287479 
39.999999918507250 
39.999999916802111 
39.999999915196526 
39.999999913663991 
39.999999912173941 
39.999999910771621 
39.999999909378460 
39.999999908134917 
39.999999906967290 
39.999999905780072 
39.999999904638223 
39.999999903592482 
39.999999902610625 
39.999999901649119 
39.999999900751916 
39.999999899932675 
39.999999899196979 
39.999999898497023 
39.999999897857762 
39.999999897259187 
39.999999896725967 
39.999999896214838 
39.999999895751827 
39.999999895291133 
39.999999894904789 
39.999999894499936 
39.999999894127257 
39.999999893774600 
39.999999893457513 
39.999999893107500 
39.999999892763228 
39.999999892472260 
39.999999892175992 
39.999999891903734 
39.999999891645672 
39.999999891377740 
39.999999891102838 
39.999999890889832 
39.999999890600819 
39.999999890313674 
39.999999890035291 
39.999999889772440 
39.999999889549528 
39.999999889341218 
39.999999889089366 
39.999999888877738 
39.999999888651239 
39.999999888518225 
39.999999888397170 
39.999999888224508 
39.999999888040648 
39.999999887926478 
39.999999887750398 
39.999999887660394 
39.999999887542387 
39.999999887463090 
39.999999887321835 
39.999999887204496 
39.999999887029674 
39.999999886839142 
39.999999886634292 
39.999999886327046 
39.999999885995692 
39.999999885592018 
39.999999885095150 
39.999999884594004 
39.999999884129942 
39.999999883505382 
39.999999882842353 
39.999999882116725 
39.999999881280878 
39.999999880426756 
39.999999879464220 
39.999999878472146 
39.999999877341175 
39.999999876052385 
39.999999874685145 
39.999999873183611 
39.999999871591498 
39.999999869868532 
39.999999868004323 
39.999999866036731 
39.999999863911412 
39.999999861628410 
39.999999859262019 
39.999999856861017 
39.999999854481601 
39.999999851976533 
39.999999849577293 
39.999999847159749 
39.999999844812756 
39.999999842584387 
39.999999840463403 
39.999999838405664 
39.999999836522576 
39.999999834715894 
39.999999833038366 
39.999999831506194 
39.999999830039656 
39.999999828615373 
39.999999827305615 
39.999999826038803 
39.999999824844437 
39.999999823673740 
39.999999822537532 
39.999999821497113 
39.999999820432677 
39.999999819453507 
39.999999818547195 
39.999999817706453 
39.999999816885918 
39.999999816209780 
39.999999815572096 
39.999999814911050 
39.999999814332355 
39.999999813814512 
39.999999813360915 
39.999999813003171 
39.999999812676194 
39.999999812406337 
39.999999812142221 
39.999999812010209 
39.999999811873543 
39.999999811810795 
39.999999811704029 
39.999999811698970 
39.999999811689158 
39.999999811741304 
39.999999811810575 
39.999999811889168 
39.999999811956627 
39.999999812703400 
39.999999813344786 
39.999999813976238 
39.999999814507433 
39.999999815035849 
39.999999815685015 
39.999999816304182 
39.999999817045790 
39.999999817902790 
39.999999818929020 
39.999999820010594 
39.999999821272240 
39.999999822710301 
39.999999824189516 
39.999999825948251 
39.999999827877133 
39.999999829957986 
39.999999832226997 
39.999999834654709 
39.999999837223584 
39.999999839958974 
39.999999842905787 
39.999999845955571 
39.999999849154207 
39.999999852485551 
39.999999855916947 
39.999999859476247 
39.999999863166821 
39.999999866977348 
39.999999870972829 
39.999999875101253 
39.999999879371984 
39.999999883785719 
39.999999888354864 
39.999999888110601 
39.999999887905645 
39.999999887658703 
39.999999887416323 
39.999999887128929 
39.999999886869659 
39.999999886597976 
39.999999886273457 
39.999999885996672 
39.999999885673269 
39.999999885357965 
39.999999892804198 
39.999999900600088 
39.999999908697987 
39.999999917125621 
39.999999925853679 
39.999999934903926 
39.999999944210629 
39.999999953774207 
39.999999963492542 
39.999999973375161 
39.999999983403114 
39.999999993617692 
40.000000003918892 
40.000000014221214 
40.000000024603111 
40.000000034949274 
40.000000045336051 
40.000000055712420 
40.000000066047164 
40.000000076338850 
40.000000086576421 
40.000000096751236 
40.000000106805579 
40.000000116755174 
40.000000126619682 
40.000000136280512 
40.000000145756474 
40.000000155212476 
40.000000164432343 
40.000000173510998 
40.000000182544952 
40.000000191398144 
40.000000200154091 
40.000000208793736 
40.000000217282619 
40.000000225714558 
40.000000234108114 
40.000000242369680 
40.000000250459934 
40.000000258509999 
40.000000266480356 
40.000000274468889 
40.000000282285285 
40.000000290066481 
40.000000297744620 
40.000000305273154 
40.000000312732126 
40.000000320149184 
40.000000327440731 
40.000000334635054 
40.000000341672106 
40.000000348673225 
40.000000355532016 
40.000000362234459 
40.000000368771921 
40.000000375197672 
40.000000381458293 
40.000000387599599 
40.000000393562807 
40.000000399381292 
40.000000404969185 
40.000000410405576 
40.000000415650504 
40.000000420604906 
40.000000425423835 
40.000000430025224 
40.000000434358896 
40.000000438543623 
40.000000442301904 
40.000000445874953 
40.000000449215818 
40.000000452277334 
40.000000455044059 
40.000000457587817 
40.000000459713036 
40.000000461530021 
40.000000463123449 
40.000000464431679 
40.000000465364920 
40.000000465950578 
40.000000466185732 
40.000000466127105 
40.000000465765794 
40.000000465034475 
40.000000464035764 
40.000000462701223 
40.000000461156020 
40.000000459231259 
40.000000457004887 
40.000000454610060 
40.000000451873987 
40.000000448897154 
40.000000445691853 
40.000000442322388 
40.000000438698457 
40.000000434899960 
40.000000430807333 
40.000000426649805 
40.000000422258104 
40.000000417728614 
40.000000412991028 
40.000000408197195 
40.000000403254433 
40.000000398176184 
40.000000393017359 
40.000000387733905 
40.000000382326945 
40.000000376851048 
40.000000371302491 
40.000000365652298 
40.000000359988071 
40.000000354267712 
40.000000348468106 
40.000000342727219 
40.000000336880447 
40.000000331075206 
40.000000325206102 
40.000000319353731 
40.000000313461243 
40.000000307582091 
40.000000301738176 
40.000000295900783 
40.000000290065394 
40.000000284337204 
40.000000278613449 
40.000000272921710 
40.000000267317390 
40.000000261770879 
40.000000256228958 
40.000000250731198 
40.000000245377642 
40.000000240101244 
40.000000234945887 
40.000000229864227 
40.000000224795073 
40.000000219845255 
40.000000215038042 
40.000000210364725 
40.000000205888654 
40.000000201435249 
40.000000197056188 
40.000000192858892 
40.000000188826647 
40.000000184878331 
40.000000181062532 
40.000000177421100 
40.000000173859299 
40.000000170471935 
40.000000167210082 
40.000000164062406 
40.000000161040539 
40.000000158282269 
40.000000155642525 
40.000000153098590 
40.000000150756847 
40.000000148592790 
40.000000146554612 
40.000000144731331 
40.000000143108494 
40.000000141651824 
40.000000140370560 
40.000000139255071 
40.000000138340255 
40.000000137645998 
40.000000137141456 
40.000000136789893 
40.000000136593236 
40.000000136589108 
40.000000136731501 
40.000000137154075 
40.000000137710224 
40.000000138488303 
40.000000139513951 
40.000000140760690 
40.000000142198743 
40.000000143829041 
40.000000145656209 
40.000000147695104 
40.000000150028299 
40.000000152545368 
40.000000155319015 
40.000000158320979 
40.000000161574206 
40.000000165056960 
40.000000168799914 
40.000000172770072 
40.000000176939153 
40.000000181312913 
40.000000185920427 
40.000000190734056 
40.000000195685345 
40.000000200877651 
40.000000206244010 
40.000000211703778 
40.000000217267399 
40.000000222955840 
40.000000228754701 
40.000000234595817 
40.000000240451513 
40.000000246251638 
40.000000252043165 
40.000000257878867 
40.000000263591176 
40.000000269291093 
40.000000274936966 
40.000000280492145 
40.000000286009154 
40.000000291495560 
40.000000296740147 
40.000000301860496 
40.000000306741846 
40.000000311413899 
40.000000315848268 
40.000000319960797 
40.000000323771403 
40.000000327126969 
40.000000330073604 
40.000000332576946 
40.000000334636994 
40.000000336206860 
40.000000337209300 
40.000000337697386 
40.000000337637836 
40.000000336989999 
40.000000335799257 
40.000000334111938 
40.000000331808124 
40.000000329019400 
40.000000325661944 
40.000000321829219 
40.000000317456156 
40.000000312536578 
40.000000307103136 
40.000000301206711 
40.000000294886632 
40.000000288008479 
40.000000280647754 
40.000000272835642 
40.000000264472177 
40.000000255606636 
40.000000246238322 
40.000000236532756 
40.000000226241916 
40.000000215517616 
40.000000204369400 
40.000000192784952 
40.000000180682896 
40.000000168219643 
40.000000155352041 
40.000000142038104 
40.000000128319982 
40.000000114241715 
40.000000099887018 
40.000000085186855 
40.000000070150847 
40.000000054787847 
40.000000039146023 
40.000000023345926 
40.000000007335650 
39.999999991067860 
39.999999974673742 
39.999999958103061 
39.999999941594133 
39.999999925006087 
39.999999908382833 
39.999999891753127 
39.999999875244910 
39.999999858858573 
39.999999842651917 
39.999999826616389 
39.999999810798691 
39.999999795323163 
39.999999780113583 
39.999999765311856 
39.999999750827442 
39.999999736821636 
39.999999723230331 
39.999999710073084 
39.999999697421799 
39.999999685200024 
39.999999673488709 
39.999999662247788 
39.999999651381373 
39.999999641015307 
39.999999631105197 
39.999999621610534 
39.999999612453720 
39.999999603608622 
39.999999595005974 
39.999999586710501 
39.999999578562466 
39.999999570602469 
39.999999562757857 
39.999999554909373 
39.999999547161977 
39.999999539419825 
39.999999531709790 
39.999999523921744 
39.999999516140889 
39.999999508300050 
39.999999500295331 
39.999999492168676 
39.999999483907061 
39.999999475469245 
39.999999466878414 
39.999999458127256 
39.999999449173274 
39.999999440081837 
39.999999430823856 
39.999999421450596 
39.999999411982600 
39.999999402308291 
39.999999392400781 
39.999999382401050 
39.999999372253797 
39.999999361968079 
39.999999351624325 
39.999999341118013 
39.999999330525647 
39.999999319766090 
39.999999309011059 
39.999999298099759 
39.999999287075397 
39.999999275988976 
39.999999264968551 
39.999999253882947 
39.999999242690393 
39.999999231478512 
39.999999220290150 
39.999999209099954 
39.999999197822810 
39.999999186582272 
39.999999175335326 
39.999999164043331 
39.999999152779935 
39.999999141537657 
39.999999130288430 
39.999999119057712 
39.999999107929099 
39.999999096890981 
39.999999085866172 
39.999999074882439 
39.999999063956366 
39.999999053076607 
39.999999042378661 
39.999999031643675 
39.999999020953638 
39.999999010364519 
39.999998999906303 
39.999998989505563 
39.999998979143683 
39.999998968945896 
39.999998958902097 
39.999998948892667 
39.999998938934937 
39.999998928994970 
39.999998919304716 
39.999998909706946 
39.999998900234964 
39.999998890897103 
39.999998881655024 
39.999998872458704 
39.999998863436893 
39.999998854427616 
39.999998845565031 
39.999998836853663 
39.999998828250284 
39.999998819781666 
39.999998811364520 
39.999998803082320 
39.999998794939188 
39.999998786859607 
39.999998778890401 
39.999998771037504 
39.999998763295380 
39.999998755566487 
39.999998747921346 
39.999998740346300 
39.999998732877103 
39.999998725516122 
39.999998718190611 
39.999998710874159 
39.999998703596788 
39.999998696436592 
39.999998689351216 
39.999998682275006 
39.999998675329095 
39.999998668347935 
39.999998661425053 
39.999998654490518 
39.999998647596229 
39.999998640761476 
39.999998633956984 
39.999998627126551 
39.999998620360223 
39.999998613585539 
39.999998606836648 
39.999998600092184 
39.999998593348614 
39.999998586628351 
39.999998579905593 
39.999998573263653 
39.999998566607957 
39.999998559996293 
39.999998553368528 
39.999998546699061 
39.999998540081336 
39.999998533513534 
39.999998526960880 
39.999998520405327 
39.999998513914036 
39.999998507400932 
39.999998500866326 
39.999998494428191 
39.999998487890878 
39.999998481384957 
39.999998474921362 
39.999998468522762 
39.999998462093266 
39.999998455699824 
39.999998449317218 
39.999998442946492 
39.999998436719792 
39.999998430416511 
39.999998424170244 
39.999998417922129 
39.999998411813053 
39.999998405643097 
39.999998399536246 
39.999998393496142 
39.999998387459975 
39.999998381526126 
39.999998375643379 
39.999998369758970 
39.999998363860115 
39.999998358005342 
39.999998352218363 
39.999998346466256 
39.999998340762822 
39.999998335190995 
39.999998329621064 
39.999998324014356 
39.999998318480891 
39.999998313015553 
39.999998307612188 
39.999998302254333 
39.999998296940419 
39.999998291681251 
39.999998286535842 
39.999998281465622 
39.999998276484746 
39.999998271511636 
39.999998266601423 
39.999998261745922 
39.999998256937502 
39.999998252193642 
39.999998247513957 
39.999998242899309 
39.999998238338804 
39.999998233778385 
39.999998229362490 
39.999998224978881 
39.999998220658867 
39.999998216414099 
39.999998212224753 
39.999998208029403 
39.999998203956622 
39.999998200021373 
39.999998196106773 
39.999998192306350 
39.999998188529048 
39.999998184791693 
39.999998181181823 
39.999998177672381 
39.999998174245391 
39.999998170813392 
39.999998167507258 
39.999998164383328 
39.999998161233449 
39.999998158180205 
39.999998155289227 
39.999998152481979 
39.999998149723922 
39.999998147013272 
39.999998144377344 
39.999998141902665 
39.999998139477540 
39.999998137170067 
39.999998134996893 
39.999998132896351 
39.999998130926059 
39.999998129045565 
39.999998127193010 
39.999998125506899 
39.999998123883017 
39.999998122374507 
39.999998121014826 
39.999998119720345 
39.999998118532282 
39.999998117503750 
39.999998116529881 
39.999998115701445 
39.999998114942841 
39.999998114379665 
39.999998113881851 
39.999998113601706 
39.999998113373238 
39.999998113300855 
39.999998113307058 
39.999998113431474 
39.999998113728296 
39.999998114137767 
39.999998114742411 
39.999998115449046 
39.999998116246744 
39.999998117190501 
39.999998118279215 
39.999998119549709 
39.999998120969892 
39.999998122416812 
39.999998124045675 
39.999998125844328 
39.999998127740142 
39.999998129784899 
39.999998131982920 
39.999998134345290 
39.999998136792030 
39.999998139426950 
39.999998142222978 
39.999998145145028 
39.999998148193242 
39.999998151420243 
39.999998154773607 
39.999998158272575 
39.999998161805621 
39.999998165535942 
39.999998169386188 
39.999998173391830 
39.999998177500174 
39.999998181776888 
39.999998186211570 
39.999998190753274 
39.999998195355985 
39.999998200119862 
39.999998205019068 
39.999998210107151 
39.999998215259936 
39.999998220522684 
39.999998225973243 
39.999998231560255 
39.999998237223480 
39.999998242962207 
39.999998248927909 
39.999998255014532 
39.999998261167491 
39.999998267486987 
39.999998273923623 
39.999998280463927 
39.999998287143271 
39.999998293865829 
39.999998300744309 
39.999998307665479 
39.999998314680226 
39.999998321862535 
39.999998329115428 
39.999998336461388 
39.999998343864306 
39.999998351327179 
39.999998358940630 
39.999998366686057 
39.999998374474046 
39.999998382396214 
39.999998390341247 
39.999998398460733 
39.999998406588645 
39.999998414823196 
39.999998423168876 
39.999998431516786 
39.999998439972245 
39.999998448416648 
39.999998457048491 
39.999998465652922 
39.999998474351386 
39.999998483159601 
39.999998491971724 
39.999998500867321 
39.999998509740024 
39.999998518628971 
39.999998527641011 
39.999998536713036 
39.999998545751083 
39.999998554804208 
39.999998563954605 
39.999998573135116 
39.999998582440099 
39.999998591756807 
39.999998601003554 
39.999998610344832 
39.999998619651365 
39.999998629023423 
39.999998638407916 
39.999998647774120 
39.999998657132579 
39.999998666478476 
39.999998675899050 
39.999998685252066 
39.999998694647218 
39.999998704058484 
39.999998713425285 
39.999998722784056 
39.999998732069230 
39.999998741335915 
39.999998750643854 
39.999998759944816 
39.999998769207124 
39.999998778489982 
39.999998787687844 
39.999998796854371 
39.999998806012940 
39.999998815125423 
39.999998824240279 
39.999998833313015 
39.999998842314895 
39.999998851311901 
39.999998860277657 
39.999998869220917 
39.999998878106155 
39.999998886863779 
39.999998895672363 
39.999998904324869 
39.999998912920603 
39.999998921576520 
39.999998930162477 
39.999998938714981 
39.999998947227780 
39.999998955696526 
39.999998964110119 
39.999998972449660 
39.999998980741651 
39.999998988998072 
39.999998997263390 
39.999999005458804 
39.999999013603329 
39.999999021673858 
39.999999029672594 
39.999999037711632 
39.999999045694423 
39.999999053561723 
39.999999061442708 
39.999999069322556 
39.999999077133353 
39.999999084897027 
39.999999092559662 
39.999999100281855 
39.999999107955233 
39.999999115547837 
39.999999123102370 
39.999999130627501 
39.999999138127365 
39.999999145584553 
39.999999153058425 
39.999999160431656 
39.999999167926575 
39.999999175310137 
39.999999182740112 
39.999999190162285 
39.999999197567604 
39.999999204903418 
39.999999212264427 
39.999999219590634 
39.999999226918845 
39.999999234258226 
39.999999241588910 
39.999999248870921 
39.999999256185447 
39.999999263458278 
39.999999270750379 
39.999999277985907 
39.999999285309059 
39.999999292659609 
39.999999299904232 
39.999999307205286 
39.999999314585068 
39.999999321883877 
39.999999329204414 
39.999999336618799 
39.999999343938029 
39.999999351240490 
39.999999358577156 
39.999999365893814 
39.999999373220177 
39.999999380522198 
39.999999387821418 
39.999999395122117 
39.999999402479077 
39.999999409797468 
39.999999417047505 
39.999999424268239 
39.999999431505572 
39.999999438702929 
39.999999445893096 
39.999999453038711 
39.999999460187411 
39.999999467288447 
39.999999474395622 
39.999999481476948 
39.999999488555261 
39.999999495551094 
39.999999502552782 
39.999999509532557 
39.999999516450146 
39.999999523337962 
39.999999530205017 
39.999999537048836 
39.999999543825737 
39.999999550534625 
39.999999557197825 
39.999999563826591 
39.999999570405237 
39.999999576940354 
39.999999583405540 
39.999999589814578 
39.999999596142885 
39.999999602395732 
39.999999608628542 
39.999999614754842 
39.999999620853913 
39.999999626864309 
39.999999632786043 
39.999999638691719 
39.999999644558770 
39.999999650303025 
39.999999655998863 
39.999999661609678 
39.999999667202488 
39.999999672734802 
39.999999678233436 
39.999999683628516 
39.999999689035718 
39.999999694377081 
39.999999699665395 
39.999999704905278 
39.999999710144237 
39.999999715418795 
39.999999720541382 
39.999999725737752 
39.999999730909494 
39.999999736050015 
39.999999741226617 
39.999999746454421 
39.999999751631279 
39.999999756850229 
39.999999762061378 
39.999999767320404 
39.999999772467916 
39.999999777740300 
39.999999782980510 
39.999999788263153 
39.999999793555531 
39.999999798877127 
39.999999804180192 
39.999999809574419 
39.999999814912670 
39.999999820374910 
39.999999825814712 
39.999999831272191 
39.999999836643482 
39.999999842085700 
39.999999847452003 
39.999999852798339 
39.999999858133549 
39.999999863467210 
39.999999868636252 
39.999999873796199 
39.999999878953702 
39.999999883915095 
39.999999888896639 
39.999999893853939 
39.999999898667340 
39.999999903417660 
39.999999908025401 
39.999999912628354 
39.999999917166235 
39.999999921602054 
39.999999925959727 
39.999999930306316 
39.999999934559469 
39.999999938786857 
39.999999942954346 
39.999999947070506 
39.999999951122888 
39.999999955149875 
39.999999959118128 
39.999999963079119 
39.999999966959578 
39.999999970872551 
39.999999974639067 
39.999999978476026 
39.999999982301375 
39.999999986049161 
39.999999989714993 
39.999999993388258 
39.999999997016360 
40.000000000753872 
40.000000004371032 
40.000000007964672 
40.000000011489220 
40.000000015093747 
40.000000018705336 
40.000000022258263 
40.000000025798641 
40.000000029321058 
40.000000032867788 
40.000000036405723 
40.000000039863764 
40.000000043297163 
40.000000046755247 
40.000000050200825 
40.000000053646303 
40.000000057157436 
40.000000060599291 
40.000000064056991 
40.000000067537414 
40.000000070971254 
40.000000074442866 
40.000000077921328 
40.000000081367418 
40.000000084715680 
40.000000088148198 
40.000000091629019 
40.000000095050410 
40.000000098498319 
40.000000101882250 
40.000000105262103 
40.000000108681277 
40.000000112061372 
40.000000115422367 
40.000000118810931 
40.000000122237338 
40.000000125651795 
40.000000129106212 
40.000000132554703 
40.000000135938734 
40.000000139451927 
40.000000142883863 
40.000000146324098 
40.000000149741851 
40.000000153190697 
40.000000156658530 
40.000000160121459 
40.000000163606430 
40.000000167049194 
40.000000170486913 
40.000000174009315 
40.000000177487067 
40.000000180993936 
40.000000184494553 
40.000000187979609 
40.000000191539385 
40.000000195095936 
40.000000198612000 
40.000000202135055 
40.000000205621802 
40.000000209149164 
40.000000212649937 
40.000000216192007 
40.000000219755265 
40.000000223234196 
40.000000226754167 
40.000000230316758 
40.000000233905723 
40.000000237402475 
40.000000240946619 
40.000000244581031 
40.000000248211478 
40.000000251779582 
40.000000255304414 
40.000000258883432 
40.000000262446989 
40.000000266044509 
40.000000269648211 
40.000000273258351 
40.000000276894170 
40.000000280555042 
40.000000284292270 
40.000000287962990 
40.000000291578857 
40.000000295198959 
40.000000298900474 
40.000000302572730 
40.000000306211106 
40.000000309890794 
40.000000313556697 
40.000000317279401 
40.000000320995440 
40.000000324683569 
40.000000328328596 
40.000000332066847 
40.000000335745824 
40.000000339476912 
40.000000343194316 
40.000000346919876 
40.000000350679329 
40.000000354438455 
40.000000358151439 
40.000000361834495 
40.000000365552012 
40.000000369359540 
40.000000373028115 
40.000000376797360 
40.000000380529045 
40.000000384276646 
40.000000388040831 
40.000000391838597 
40.000000395548184 
40.000000399257999 
40.000000403020977 
40.000000406833024 
40.000000410591483 
40.000000414341557 
40.000000418183120 
40.000000422002643 
40.000000425711079 
40.000000429486235 
40.000000433292271 
40.000000437073339 
40.000000440885472 
40.000000444693086 
40.000000448463382 
40.000000452230609 
40.000000456062281 
40.000000459868687 
40.000000463648206 
40.000000467483332 
40.000000471306777 
40.000000475164171 
40.000000479009529 
40.000000482905307 
40.000000486650364 
40.000000490550278 
40.000000494339361 
40.000000498150754 
40.000000501937549 
40.000000505732331 
40.000000509548570 
40.000000513381508 
40.000000517259195 
40.000000521112071 
40.000000524948291 
40.000000528757283 
40.000000532691814 
40.000000536627851 
40.000000540556172 
40.000000544461059 
40.000000548378893 
40.000000552212967 
40.000000556197008 
40.000000560020268 
40.000000563907889 
