1.000000000000000 
0.002217013834294 
0.002132329930098 
0.002124064051972 
0.002120907258105 
0.002119251248084 
0.002118233344969 
0.002117542894954 
0.002117040821006 
0.002116655812953 
0.002116347744974 
0.002116092439780 
0.002115874535096 
0.002115683842126 
0.002115513358410 
0.002115358123931 
0.002115214532899 
0.002115079903892 
0.002114952202547 
0.002114829857539 
0.002114711635383 
0.002114596553345 
0.002114483817660 
0.002114372778916 
0.002114262899320 
0.002114153728334 
0.002114044884296 
0.002113936040401 
0.002113826913875 
0.002113717257548 
0.002113606853212 
0.002113495506363 
0.002113383041985 
0.002113269301153 
0.002113154138281 
0.002113037418864 
0.002112919017623 
0.002112798816977 
0.002112676705755 
0.002112552578131 
0.002112426332724 
0.002112297871831 
0.002112167100779 
0.002112033927372 
0.002111898261413 
0.002111760014290 
0.002111619098624 
0.002111475427952 
0.002111328916462 
0.002111179478746 
0.002111027029597 
0.002110871483813 
0.002110712756041 
0.002110550760619 
0.002110385411448 
0.002110216621870 
0.002110044304559 
0.002109868371425 
0.002109688733521 
0.002109505300966 
0.002109317982864 
0.002109126687240 
0.002108931320974 
0.002108731789745 
0.002108527997975 
0.002108319848780 
0.002108107243922 
0.002107890083768 
0.002107668267250 
0.002107441691823 
0.002107210253437 
0.002106973846501 
0.002106732363854 
0.002106485696736 
0.002106233734765 
0.002105976365911 
0.002105713476476 
0.002105444951075 
0.002105170672614 
0.002104890522282 
0.002104604379530 
0.002104312122060 
0.002104013625820 
0.002103708764988 
0.002103397411971 
0.002103079437401 
0.002102754710127 
0.002102423097219 
0.002102084463970 
0.002101738673894 
0.002101385588740 
0.002101025068490 
0.002100656971379 
0.002100281153900 
0.002099897470822 
0.002099505775205 
0.002099105918422 
0.002098697750180 
0.002098281118543 
0.002097855869960 
0.002097421849299 
0.002096978899873 
0.002096526863481 
0.002096065580443 
0.002095594889644 
0.002095114628578 
0.002094624633395 
0.002094124738952 
0.002093614778869 
0.002093094585585 
0.002092563990418 
0.002092022823631 
0.002091470914500 
0.002090908091383 
0.002090334181800 
0.002089749012506 
0.002089152409577 
0.002088544198495 
0.002087924204238 
0.002087292251375 
0.002086648164162 
0.002085991766643 
0.002085322882760 
0.002084641336456 
0.002083946951793 
0.002083239553069 
0.002082518964936 
0.002081785012527 
0.002081037521589 
0.002080276318609 
0.002079501230955 
0.002078712087017 
0.002077908716351 
0.002077090949827 
0.002076258619779 
0.002075411560167 
0.002074549606728 
0.002073672597145 
0.002072780371212 
0.002071872770999 
0.002070949641030 
0.002070010828459 
0.002069056183242 
0.002068085558325 
0.002067098809826 
0.002066095797220 
0.002065076383531 
0.002064040435519 
0.002062987823877 
0.002061918423422 
0.002060832113296 
0.002059728777158 
0.002058608303385 
0.002057470585275 
0.002056315521242 
0.002055143015019 
0.002053952975857 
0.002052745318728 
0.002051519964522 
0.002050276840249 
0.002049015879234 
0.002047737021314 
0.002046440213034 
0.002045125407840 
0.002043792566267 
0.002042441656127 
0.002041072652694 
0.002039685538887 
0.002038280305440 
0.002036856951081 
0.002035415482697 
0.002033955915497 
0.002032478273172 
0.002030982588041 
0.002029468901201 
0.002027937262666 
0.002026387731496 
0.002024820375921 
0.002023235273461 
0.002021632511032 
0.002020012185047 
0.002018374401504 
0.002016719276074 
0.002015046934163 
0.002013357510985 
0.002011651151606 
0.002009928010985 
0.002008188254009 
0.002006432055506 
0.002004659600256 
0.002002871082982 
0.002001066708337 
0.001999246690869 
0.001997411254984 
0.001995560634890 
0.001993695074526 
0.001991814827482 
0.001989920156908 
0.001988011335401 
0.001986088644887 
0.001984152376485 
0.001982202830361 
0.001980240315561 
0.001978265149843 
0.001976277659483 
0.001974278179073 
0.001972267051310 
0.001970244626766 
0.001968211263644 
0.001966167327531 
0.001964113191125 
0.001962049233965 
0.001959975842134 
0.001957893407964 
0.001955802329721 
0.001953703011283 
0.001951595861811 
0.001949481295402 
0.001947359730741 
0.001945231590741 
0.001943097302176 
0.001940957295304 
0.001938812003485 
0.001936661862796 
0.001934507311635 
0.001932348790323 
0.001930186740700 
0.001928021605724 
0.001925853829055 
0.001923683854652 
0.001921512126357 
0.001919339087482 
0.001917165180402 
0.001914990846140 
0.001912816523962 
0.001910642650969 
0.001908469661698 
0.001906297987723 
0.001904128057261 
0.001901960294792 
0.001899795120673 
0.001897632950771 
0.001895474196101 
0.001893319262467 
0.001891168550124 
0.001889022453443 
0.001886881360588 
0.001884745653207 
0.001882615706137 
0.001880491887119 
0.001878374556526 
0.001876264067113 
0.001874160763770 
0.001872064983302 
0.001869977054216 
0.001867897296530 
0.001865826021592 
0.001863763531925 
0.001861710121076 
0.001859666073494 
0.001857631664418 
0.001855607159782 
0.001853592816140 
0.001851588880604 
0.001849595590801 
0.001847613174845 
0.001845641851325 
0.001843681829307 
0.001841733308352 
0.001839796478549 
0.001837871520564 
0.001835958605690 
0.001834057895929 
0.001832169544069 
0.001830293693776 
0.001828430479706 
0.001826580027608 
0.001824742454452 
0.001822917868558 
0.001821106369725 
0.001819308049381 
0.001817522990720 
0.001815751268859 
0.001813992950985 
0.001812248096514 
0.001810516757248 
0.001808798977527 
0.001807094794393 
0.001805404237744 
0.001803727330491 
0.001802064088713 
0.001800414521807 
0.001798778632642 
0.001797156417709 
0.001795547867260 
0.001793952965457 
0.001792371690510 
0.001790804014813 
0.001789249905082 
0.001787709322485 
0.001786182222774 
0.001784668556411 
0.001783168268696 
0.001781681299890 
0.001780207585343 
0.001778747055614 
0.001777299636592 
0.001775865249624 
0.001774443811634 
0.001773035235249 
0.001771639428922 
0.001770256297062 
0.001768885740155 
0.001767527654900 
0.001766181934337 
0.001764848467981 
0.001763527141959 
0.001762217839144 
0.001760920439303 
0.001759634819229 
0.001758360852895 
0.001757098411597 
0.001755847364101 
0.001754607576796 
0.001753378913848 
0.001752161237348 
0.001750954407471 
0.001749758282630 
0.001748572719630 
0.001747397573828 
0.001746232699285 
0.001745077948923 
0.001743933174679 
0.001742798227659 
0.001741672958290 
0.001740557216468 
0.001739450851708 
0.001738353713289 
0.001737265650393 
0.001736186512252 
0.001735116148278 
0.001734054408196 
0.001733001142177 
0.001731956200958 
0.001730919435966 
0.001729890699433 
0.001728869844508 
0.001727856725365 
0.001726851197304 
0.001725853116848 
0.001724862341841 
0.001723878731528 
0.001722902146645 
0.001721932449492 
0.001720969504011 
0.001720013175848 
0.001719063332423 
0.001718119842983 
0.001717182578660 
0.001716251412518 
0.001715326219598 
0.001714406876958 
0.001713493263710 
0.001712585261051 
0.001711682752289 
0.001710785622871 
0.001709893760399 
0.001709007054644 
0.001708125397567 
0.001707248683318 
0.001706376808250 
0.001705509670917 
0.001704647172074 
0.001703789214677 
0.001702935703874 
0.001702086546998 
0.001701241653556 
0.001700400935216 
0.001699564305790 
0.001698731681220 
0.001697902979555 
0.001697078120932 
0.001696257027552 
0.001695439623657 
0.001694625835503 
0.001693815591332 
0.001693008821343 
0.001692205457665 
0.001691405434323 
0.001690608687206 
0.001689815154037 
0.001689024774334 
0.001688237489382 
0.001687453242190 
0.001686671977461 
0.001685893641554 
0.001685118182444 
0.001684345549686 
0.001683575694379 
0.001682808569126 
0.001682044127992 
0.001681282326472 
0.001680523121445 
0.001679766471141 
0.001679012335095 
0.001678260674115 
0.001677511450235 
0.001676764626682 
0.001676020167834 
0.001675278039181 
0.001674538207287 
0.001673800639753 
0.001673065305172 
0.001672332173101 
0.001671601214016 
0.001670872399277 
0.001670145701093 
0.001669421092483 
0.001668698547243 
0.001667978039909 
0.001667259545723 
0.001666543040600 
0.001665828501095 
0.001665115904368 
0.001664405228155 
0.001663696450737 
0.001662989550906 
0.001662284507943 
0.001661581301581 
0.001660879911985 
0.001660180319719 
0.001659482505724 
0.001658786451292 
0.001658092138043 
0.001657399547899 
0.001656708663064 
0.001656019466005 
0.001655331939428 
0.001654646066261 
0.001653961829634 
0.001653279212866 
0.001652598199443 
0.001651918773008 
0.001651240917344 
0.001650564616361 
0.001649889854086 
0.001649216614648 
0.001648544882271 
0.001647874641263 
0.001647205876008 
0.001646538570959 
0.001645872710631 
0.001645208279596 
0.001644545262476 
0.001643883643943 
0.001643223408713 
0.001642564541545 
0.001641907027238 
0.001641250850633 
0.001640595996612 
0.001639942450098 
0.001639290196059 
0.001638639219508 
0.001637989505506 
0.001637341039168 
0.001636693805664 
0.001636047790228 
0.001635402978160 
0.001634759354830 
0.001634116905693 
0.001633475616284 
0.001632835472236 
0.001632196459279 
0.001631558563254 
0.001630921770119 
0.001630286065954 
0.001629651436977 
0.001629017869546 
0.001628385350170 
0.001627753865520 
0.001627123402434 
0.001626493947930 
0.001625865489210 
0.001625238013675 
0.001624611508925 
0.001623985962775 
0.001623361363258 
0.001622737698634 
0.001622114957398 
0.001621493128283 
0.001620872200272 
0.001620252162597 
0.001619633004749 
0.001619014716478 
0.001618397287801 
0.001617780709001 
0.001617164970633 
0.001616550063520 
0.001615935978759 
0.001615322707718 
0.001614710242034 
0.001614098573613 
0.001613487694628 
0.001612877597511 
0.001612268274954 
0.001611659719898 
0.001611051925534 
0.001610444885288 
0.001609838592820 
0.001609233042012 
0.001608628226961 
0.001608024141965 
0.001607420781521 
0.001606818140307 
0.001606216213171 
0.001605614995125 
0.001605014481327 
0.001604414667074 
0.001603815547783 
0.001603217118986 
0.001602619376311 
0.001602022315473 
0.001601425932260 
0.001600830222522 
0.001600235182155 
0.001599640807093 
0.001599047093297 
0.001598454036738 
0.001597861633391 
0.001597269879225 
0.001596678770187 
0.001596088302202 
0.001595498471155 
0.001594909272889 
0.001594320703194 
0.001593732757802 
0.001593145432381 
0.001592558722527 
0.001591972623762 
0.001591387131527 
0.001590802241180 
0.001590217947993 
0.001589634247151 
0.001589051133748 
0.001588468602785 
0.001587886649174 
0.001587305267736 
0.001586724453198 
0.001586144200200 
0.001585564503294 
0.001584985356945 
0.001584406755536 
0.001583828693366 
0.001583251164662 
0.001582674163573 
0.001582097684180 
0.001581521720496 
0.001580946266475 
0.001580371316013 
0.001579796862952 
0.001579222901087 
0.001578649424171 
0.001578076425917 
0.001577503900006 
0.001576931840092 
0.001576360239804 
0.001575789092752 
0.001575218392536 
0.001574648132745 
0.001574078306965 
0.001573508908784 
0.001572939931795 
0.001572371369600 
0.001571803215819 
0.001571235464089 
0.001570668108069 
0.001570101141447 
0.001569534557941 
0.001568968351305 
0.001568402515328 
0.001567837043845 
0.001567271930731 
0.001566707169913 
0.001566142755366 
0.001565578681119 
0.001565014941259 
0.001564451529930 
0.001563888441336 
0.001563325669745 
0.001562763209491 
0.001562201054973 
0.001561639200660 
0.001561077641090 
0.001560516370873 
0.001559955384693 
0.001559394677308 
0.001558834243550 
0.001558274078329 
0.001557714176632 
0.001557154533523 
0.001556595144146 
0.001556036003725 
0.001555477107563 
0.001554918451043 
0.001554360029632 
0.001553801838876 
0.001553243874403 
0.001552686131923 
0.001552128607229 
0.001551571296195 
0.001551014194779 
0.001550457299021 
0.001549900605043 
0.001549344109050 
0.001548787807330 
0.001548231696252 
0.001547675772270 
0.001547120031917 
0.001546564471813 
0.001546009088656 
0.001545453879228 
0.001544898840393 
0.001544343969097 
0.001543789262367 
0.001543234717313 
0.001542680331126 
0.001542126101077 
0.001541572024522 
0.001541018098894 
0.001540464321711 
0.001539910690569 
0.001539357203148 
0.001538803857207 
0.001538250650585 
0.001537697581206 
0.001537144647070 
0.001536591846261 
0.001536039176943 
0.001535486637361 
0.001534934225840 
0.001534381940787 
0.001533829780690 
0.001533277744118 
0.001532725829718 
0.001532174036223 
0.001531622362444 
0.001531070807275 
0.001530519369689 
0.001529968048742 
0.001529416843572 
0.001528865753398 
0.001528314777521 
0.001527763915322 
0.001527213166268 
0.001526662529904 
0.001526112005860 
0.001525561593847 
0.001525011293658 
0.001524461105171 
0.001523911028344 
0.001523361063220 
0.001522811209922 
0.001522261468660 
0.001521711839725 
0.001521162323491 
0.001520612920417 
0.001520063631044 
0.001519514455997 
0.001518965395986 
0.001518416451804 
0.001517867624327 
0.001517318914518 
0.001516770323422 
0.001516221852169 
0.001515673501974 
0.001515125274135 
0.001514577170038 
0.001514029191152 
0.001513481339031 
0.001512933615316 
0.001512386021732 
0.001511838560090 
0.001511291232290 
0.001510744040316 
0.001510196986239 
0.001509650072219 
0.001509103300502 
0.001508556673425 
0.001508010193411 
0.001507463862975 
0.001506917684721 
0.001506371661345 
0.001505825795636 
0.001505280090473 
0.001504734548833 
0.001504189173787 
0.001503643968502 
0.001503098936246 
0.001502554080384 
0.001502009404385 
0.001501464911823 
0.001500920606375 
0.001500376491828 
0.001499832572081 
0.001499288851147 
0.001498745333153 
0.001498202022349 
0.001497658923108 
0.001497116039931 
0.001496573377449 
0.001496030940429 
0.001495488733780 
0.001494946762556 
0.001494405031960 
0.001493863547353 
0.001493322314258 
0.001492781338365 
0.001492240625540 
0.001491700181830 
0.001491160013473 
0.001490620126900 
0.001490080528748 
0.001489541225868 
0.001489002225330 
0.001488463534433 
0.001487925160715 
0.001487387111962 
0.001486849396217 
0.001486312021789 
0.001485774997260 
0.001485238331501 
0.001484702033676 
0.001484166113253 
0.001483630580014 
0.001483095444061 
0.001482560715831 
0.001482026406096 
0.001481492525977 
0.001480959086950 
0.001480426100849 
0.001479893579875 
0.001479361536599 
0.001478829983966 
0.001478298935297 
0.001477768404289 
0.001477238405018 
0.001476708951930 
0.001476180059845 
0.001475651743944 
0.001475124019769 
0.001474596903206 
0.001474070410478 
0.001473544558129 
0.001473019363008 
0.001472494842253 
0.001471971013265 
0.001471447893691 
0.001470925501394 
0.001470403854429 
0.001469882971009 
0.001469362869478 
0.001468843568273 
0.001468325085890 
0.001467807440848 
0.001467290651649 
0.001466774736736 
0.001466259714455 
0.001465745603011 
0.001465232420425 
0.001464720184494 
0.001464208912746 
0.001463698622395 
0.001463189330303 
0.001462681052937 
0.001462173806330 
0.001461667606037 
0.001461162467105 
0.001460658404034 
0.001460155430742 
0.001459653560537 
0.001459152806086 
0.001458653179391 
0.001458154691765 
0.001457657353809 
0.001457161175401 
0.001456666165672 
0.001456172333002 
0.001455679685008 
0.001455188228541 
0.001454697969678 
0.001454208913727 
0.001453721065227 
0.001453234427954 
0.001452749004929 
0.001452264798426 
0.001451781809990 
0.001451300040442 
0.001450819489903 
0.001450340157810 
0.001449862042932 
0.001449385143393 
0.001448909456693 
0.001448434979733 
0.001447961708833 
0.001447489639762 
0.001447018767758 
0.001446549087557 
0.001446080593414 
0.001445613279129 
0.001445147138075 
0.001444682163220 
0.001444218347152 
0.001443755682104 
0.001443294159978 
0.001442833772368 
0.001442374510581 
0.001441916365662 
0.001441459328416 
0.001441003389423 
0.001440548539066 
0.001440094767544 
0.001439642064893 
0.001439190421005 
0.001438739825641 
0.001438290268453 
0.001437841738992 
0.001437394226730 
0.001436947721068 
0.001436502211352 
0.001436057686885 
0.001435614136937 
0.001435171550758 
0.001434729917589 
0.001434289226665 
0.001433849467234 
0.001433410628556 
0.001432972699917 
0.001432535670632 
0.001432099530056 
0.001431664267586 
0.001431229872668 
0.001430796334802 
0.001430363643549 
0.001429931788532 
0.001429500759441 
0.001429070546038 
0.001428641138158 
0.001428212525714 
0.001427784698698 
0.001427357647183 
0.001426931361328 
0.001426505831375 
0.001426081047656 
0.001425657000588 
0.001425233680680 
0.001424811078530 
0.001424389184828 
0.001423967990355 
0.001423547485984 
0.001423127662681 
0.001422708511502 
0.001422290023599 
0.001421872190212 
0.001421455002676 
0.001421038452417 
0.001420622530950 
0.001420207229884 
0.001419792540915 
0.001419378455830 
0.001418964966503 
0.001418552064898 
0.001418139743065 
0.001417727993139 
0.001417316807340 
0.001416906177975 
0.001416496097431 
0.001416086558178 
0.001415677552767 
0.001415269073829 
0.001414861114073 
0.001414453666286 
0.001414046723331 
0.001413640278146 
0.001413234323743 
0.001412828853206 
0.001412423859692 
0.001412019336426 
0.001411615276703 
0.001411211673885 
0.001410808521400 
0.001410405812741 
0.001410003541465 
0.001409601701192 
0.001409200285600 
0.001408799288430 
0.001408398703480 
0.001407998524603 
0.001407598745712 
0.001407199360769 
0.001406800363794 
0.001406401748856 
0.001406003510073 
0.001405605641617 
0.001405208137702 
0.001404810992591 
0.001404414200594 
0.001404017756061 
0.001403621653387 
0.001403225887007 
0.001402830451397 
0.001402435341070 
0.001402040550578 
0.001401646074508 
0.001401251907483 
0.001400858044156 
0.001400464479217 
0.001400071207383 
0.001399678223404 
0.001399285522055 
0.001398893098142 
0.001398500946494 
0.001398109061967 
0.001397717439439 
0.001397326073811 
0.001396934960005 
0.001396544092965 
0.001396153467652 
0.001395763079045 
0.001395372922140 
0.001394982991949 
0.001394593283499 
0.001394203791829 
0.001393814511992 
0.001393425439051 
0.001393036568081 
0.001392647894165 
0.001392259412394 
0.001391871117870 
0.001391483005697 
0.001391095070987 
0.001390707308859 
0.001390319714432 
0.001389932282830 
0.001389545009182 
0.001389157888614 
0.001388770916258 
0.001388384087243 
0.001387997396700 
0.001387610839758 
0.001387224411546 
0.001386838107190 
0.001386451921816 
0.001386065850547 
0.001385679888502 
0.001385294030799 
0.001384908272551 
0.001384522608870 
0.001384137034864 
0.001383751545636 
0.001383366136290 
0.001382980801923 
0.001382595537632 
0.001382210338510 
0.001381825199650 
0.001381440116143 
0.001381055083077 
0.001380670095544 
0.001380285148633 
0.001379900237438 
0.001379515357053 
0.001379130502577 
0.001378745669113 
0.001378360851772 
0.001377976045673 
0.001377591245941 
0.001377206447717 
0.001376821646151 
0.001376436836410 
0.001376052013677 
0.001375667173155 
0.001375282310069 
0.001374897419667 
0.001374512497224 
0.001374127538047 
0.001373742537473 
0.001373357490876 
0.001372972393669 
0.001372587241308 
0.001372202029295 
0.001371816753181 
0.001371431408571 
0.001371045991131 
0.001370660496585 
0.001370274920726 
0.001369889259417 
0.001369503508598 
0.001369117664289 
0.001368731722597 
0.001368345679717 
0.001367959531944 
0.001367573275672 
0.001367186907403 
0.001366800423752 
0.001366413821452 
0.001366027097364 
0.001365640248474 
0.001365253271911 
0.001364866164943 
0.001364478924990 
0.001364091549625 
0.001363704036586 
0.001363316383780 
0.001362928589286 
0.001362540651367 
0.001362152568475 
0.001361764339256 
0.001361375962557 
0.001360987437432 
0.001360598763150 
0.001360209939201 
0.001359820965300 
0.001359431841394 
0.001359042567670 
0.001358653144558 
0.001358263572737 
0.001357873853142 
0.001357483986967 
0.001357093975671 
0.001356703820982 
0.001356313524902 
0.001355923089708 
0.001355532517962 
0.001355141812505 
0.001354750976470 
0.001354360013274 
0.001353968926631 
0.001353577720542 
0.001353186399306 
0.001352794967514 
0.001352403430054 
0.001352011792104 
0.001351620059140 
0.001351228236926 
0.001350836331517 
0.001350444349255 
0.001350052296766 
0.001349660180958 
0.001349268009011 
0.001348875788381 
0.001348483526787 
0.001348091232210 
0.001347698912882 
0.001347306577285 
0.001346914234138 
0.001346521892391 
0.001346129561220 
0.001345737250012 
0.001345344968357 
0.001344952726043 
0.001344560533041 
0.001344168399494 
0.001343776335709 
0.001343384352146 
0.001342992459400 
0.001342600668199 
0.001342208989382 
0.001341817433894 
0.001341426012769 
0.001341034737122 
0.001340643618129 
0.001340252667021 
0.001339861895069 
0.001339471313569 
0.001339080933832 
0.001338690767170 
0.001338300824883 
0.001337911118248 
0.001337521658505 
0.001337132456846 
0.001336743524401 
0.001336354872230 
0.001335966511309 
0.001335578452519 
0.001335190706636 
0.001334803284320 
0.001334416196106 
0.001334029452395 
0.001333643063440 
0.001333257039343 
0.001332871390045 
0.001332486125315 
0.001332101254747 
0.001331716787751 
0.001331332733543 
0.001330949101146 
0.001330565899379 
0.001330183136853 
0.001329800821966 
0.001329418962901 
0.001329037567620 
0.001328656643860 
0.001328276199133 
0.001327896240719 
0.001327516775671 
0.001327137810805 
0.001326759352706 
0.001326381407721 
0.001326003981963 
0.001325627081310 
0.001325250711403 
0.001324874877651 
0.001324499585225 
0.001324124839067 
0.001323750643886 
0.001323377004162 
0.001323003924146 
0.001322631407866 
0.001322259459127 
0.001321888081512 
0.001321517278390 
0.001321147052912 
0.001320777408023 
0.001320408346457 
0.001320039870744 
0.001319671983217 
0.001319304686010 
0.001318937981065 
0.001318571870136 
0.001318206354791 
0.001317841436421 
0.001317477116236 
0.001317113395278 
0.001316750274419 
0.001316387754369 
0.001316025835676 
0.001315664518737 
0.001315303803794 
0.001314943690946 
0.001314584180147 
0.001314225271216 
0.001313866963835 
0.001313509257559 
0.001313152151816 
0.001312795645913 
0.001312439739039 
0.001312084430271 
0.001311729718574 
0.001311375602810 
0.001311022081737 
0.001310669154017 
0.001310316818215 
0.001309965072806 
0.001309613916180 
0.001309263346638 
0.001308913362405 
0.001308563961628 
0.001308215142377 
0.001307866902654 
0.001307519240392 
0.001307172153460 
0.001306825639664 
0.001306479696751 
0.001306134322414 
0.001305789514288 
0.001305445269963 
0.001305101586974 
0.001304758462815 
0.001304415894935 
0.001304073880742 
0.001303732417604 
0.001303391502854 
0.001303051133790 
0.001302711307677 
0.001302372021750 
0.001302033273216 
0.001301695059255 
0.001301357377023 
0.001301020223653 
0.001300683596255 
0.001300347491924 
0.001300011907733 
0.001299676840740 
0.001299342287990 
0.001299008246512 
0.001298674713327 
0.001298341685443 
0.001298009159859 
0.001297677133569 
0.001297345603558 
0.001297014566807 
0.001296684020294 
0.001296353960994 
0.001296024385881 
0.001295695291927 
0.001295366676106 
0.001295038535395 
0.001294710866773 
0.001294383667221 
0.001294056933729 
0.001293730663290 
0.001293404852905 
0.001293079499581 
0.001292754600338 
0.001292430152200 
0.001292106152207 
0.001291782597406 
0.001291459484858 
0.001291136811638 
0.001290814574834 
0.001290492771547 
0.001290171398895 
0.001289850454014 
0.001289529934052 
0.001289209836180 
0.001288890157583 
0.001288570895468 
0.001288252047061 
0.001287933609607 
0.001287615580374 
0.001287297956651 
0.001286980735750 
0.001286663915005 
0.001286347491774 
0.001286031463440 
0.001285715827410 
0.001285400581117 
0.001285085722021 
0.001284771247607 
0.001284457155386 
0.001284143442901 
0.001283830107719 
0.001283517147437 
0.001283204559681 
0.001282892342108 
0.001282580492402 
0.001282269008281 
0.001281957887491 
0.001281647127809 
0.001281336727047 
0.001281026683044 
0.001280716993676 
0.001280407656847 
0.001280098670497 
0.001279790032596 
0.001279481741151 
0.001279173794198 
0.001278866189810 
0.001278558926090 
0.001278252001179 
0.001277945413246 
0.001277639160500 
0.001277333241179 
0.001277027653556 
0.001276722395938 
0.001276417466666 
0.001276112864112 
0.001275808586684 
0.001275504632820 
0.001275201000994 
0.001274897689708 
0.001274594697501 
0.001274292022940 
0.001273989664624 
0.001273687621184 
0.001273385891282 
0.001273084473606 
0.001272783366878 
0.001272482569846 
0.001272182081287 
0.001271881900006 
0.001271582024834 
0.001271282454630 
0.001270983188275 
0.001270684224678 
0.001270385562771 
0.001270087201509 
0.001269789139868 
0.001269491376848 
0.001269193911466 
0.001268896742763 
0.001268599869794 
0.001268303291635 
0.001268007007377 
0.001267711016128 
0.001267415317009 
0.001267119909156 
0.001266824791717 
0.001266529963852 
0.001266235424731 
0.001265941173533 
0.001265647209446 
0.001265353531665 
0.001265060139392 
0.001264767031831 
0.001264474208194 
0.001264181667693 
0.001263889409543 
0.001263597432959 
0.001263305737154 
0.001263014321343 
0.001262723184736 
0.001262432326539 
0.001262141745954 
0.001261851442176 
0.001261561414395 
0.001261271661791 
0.001260982183536 
0.001260692978792 
0.001260404046710 
0.001260115386428 
0.001259826997071 
0.001259538877752 
0.001259251027567 
0.001258963445596 
0.001258676130904 
0.001258389082536 
0.001258102299522 
0.001257815780868 
0.001257529525562 
0.001257243532573 
0.001256957800843 
0.001256672329296 
0.001256387116830 
0.001256102162319 
0.001255817464613 
0.001255533022535 
0.001255248834881 
0.001254964900422 
0.001254681217900 
0.001254397786027 
0.001254114603488 
0.001253831668936 
0.001253548980997 
0.001253266538261 
0.001252984339290 
0.001252702382613 
0.001252420666725 
0.001252139190088 
0.001251857951130 
0.001251576948246 
0.001251296179793 
0.001251015644094 
0.001250735339437 
0.001250455264071 
0.001250175416210 
0.001249895794028 
0.001249616395663 
0.001249337219214 
0.001249058262741 
0.001248779524264 
0.001248501001763 
0.001248222693179 
0.001247944596412 
0.001247666709319 
0.001247389029718 
0.001247111555384 
0.001246834284049 
0.001246557213405 
0.001246280341098 
0.001246003664734 
0.001245727181872 
0.001245450890031 
0.001245174786684 
0.001244898869260 
0.001244623135145 
0.001244347581677 
0.001244072206155 
0.001243797005829 
0.001243521977905 
0.001243247119547 
0.001242972427872 
0.001242697899953 
0.001242423532820 
0.001242149323457 
0.001241875268807 
0.001241601365769 
0.001241327611198 
0.001241054001909 
0.001240780534674 
0.001240507206226 
0.001240234013258 
0.001239960952426 
0.001239688020345 
0.001239415213600 
0.001239142528736 
0.001238869962270 
0.001238597510687 
0.001238325170444 
0.001238052937971 
0.001237780809675 
0.001237508781945 
0.001237236851150 
0.001236965013646 
0.001236693265779 
0.001236421603890 
0.001236150024317 
0.001235878523401 
0.001235607097494 
0.001235335742960 
0.001235064456183 
0.001234793233573 
0.001234522071575 
0.001234250966675 
0.001233979915405 
0.001233708914357 
0.001233437960187 
0.001233167049628 
0.001232896179498 
0.001232625346712 
0.001232354548291 
0.001232083781375 
0.001231813043237 
0.001231542331294 
0.001231271643119 
0.001231000976458 
0.001230730329243 
0.001230459699606 
0.001230189085898 
0.001229918486698 
0.001229647900837 
0.001229377327408 
0.001229106765785 
0.001228836215641 
0.001228565676962 
0.001228295150066 
0.001228024635616 
0.001227754134640 
0.001227483648545 
0.001227213179131 
0.001226942728606 
0.001226672299600 
0.001226401895177 
0.001226131518847 
0.001225861174572 
0.001225590866782 
0.001225320600372 
0.001225050380717 
0.001224780213666 
0.001224510105548 
0.001224240063169 
0.001223970093810 
0.001223700205217 
0.001223430405598 
0.001223160703606 
0.001222891108330 
0.001222621629276 
0.001222352276351 
0.001222083059839 
0.001221813990382 
0.001221545078948 
0.001221276336809 
0.001221007775511 
0.001220739406839 
0.001220471242789 
0.001220203295529 
0.001219935577371 
0.001219668100728 
0.001219400878082 
0.001219133921948 
0.001218867244835 
0.001218600859213 
0.001218334777475 
0.001218069011906 
0.001217803574646 
0.001217538477659 
0.001217273732703 
0.001217009351302 
0.001216745344716 
0.001216481723919 
0.001216218499571 
0.001215955682004 
0.001215693281198 
0.001215431306763 
0.001215169767930 
0.001214908673535 
0.001214648032008 
0.001214387851367 
0.001214128139212 
0.001213868902717 
0.001213610148635 
0.001213351883289 
0.001213094112579 
0.001212836841982 
0.001212580076555 
0.001212323820943 
0.001212068079384 
0.001211812855714 
0.001211558153378 
0.001211303975438 
0.001211050324584 
0.001210797203141 
0.001210544613082 
0.001210292556039 
0.001210041033312 
0.001209790045885 
0.001209539594433 
0.001209289679336 
0.001209040300690 
0.001208791458320 
0.001208543151788 
0.001208295380411 
0.001208048143264 
0.001207801439197 
0.001207555266843 
0.001207309624631 
0.001207064510794 
0.001206819923377 
0.001206575860254 
0.001206332319129 
0.001206089297550 
0.001205846792916 
0.001205604802487 
0.001205363323388 
0.001205122352624 
0.001204881887079 
0.001204641923530 
0.001204402458651 
0.001204163489019 
0.001203925011120 
0.001203687021360 
0.001203449516064 
0.001203212491484 
0.001202975943807 
0.001202739869157 
0.001202504263601 
0.001202269123151 
0.001202034443775 
0.001201800221392 
0.001201566451884 
0.001201333131096 
0.001201100254839 
0.001200867818897 
0.001200635819026 
0.001200404250960 
0.001200173110414 
0.001199942393083 
0.001199712094652 
0.001199482210791 
0.001199252737163 
0.001199023669421 
0.001198795003218 
0.001198566734200 
0.001198338858016 
0.001198111370314 
0.001197884266746 
0.001197657542970 
0.001197431194650 
0.001197205217457 
0.001196979607074 
0.001196754359194 
0.001196529469523 
0.001196304933779 
0.001196080747697 
0.001195856907027 
0.001195633407537 
0.001195410245012 
0.001195187415257 
0.001194964914096 
0.001194742737377 
0.001194520880965 
0.001194299340750 
0.001194078112645 
0.001193857192587 
0.001193636576536 
0.001193416260478 
0.001193196240424 
0.001192976512411 
0.001192757072503 
0.001192537916788 
0.001192319041385 
0.001192100442437 
0.001191882116116 
0.001191664058623 
0.001191446266186 
0.001191228735062 
0.001191011461534 
0.001190794441918 
0.001190577672555 
0.001190361149817 
0.001190144870104 
0.001189928829846 
0.001189713025500 
0.001189497453555 
0.001189282110525 
0.001189066992957 
0.001188852097423 
0.001188637420527 
0.001188422958899 
0.001188208709199 
0.001187994668115 
0.001187780832362 
0.001187567198685 
0.001187353763855 
0.001187140524671 
0.001186927477961 
0.001186714620577 
0.001186501949400 
0.001186289461337 
0.001186077153321 
0.001185865022312 
0.001185653065294 
0.001185441279279 
0.001185229661300 
0.001185018208418 
0.001184806917719 
0.001184595786309 
0.001184384811323 
0.001184173989914 
0.001183963319262 
0.001183752796568 
0.001183542419055 
0.001183332183968 
0.001183122088574 
0.001182912130161 
0.001182702306035 
0.001182492613527 
0.001182283049983 
0.001182073612772 
0.001181864299279 
0.001181655106910 
0.001181446033088 
0.001181237075254 
0.001181028230865 
0.001180819497396 
0.001180610872337 
0.001180402353197 
0.001180193937497 
0.001179985622774 
0.001179777406580 
0.001179569286482 
0.001179361260058 
0.001179153324902 
0.001178945478619 
0.001178737718826 
0.001178530043153 
0.001178322449241 
0.001178114934741 
0.001177907497316 
0.001177700134638 
0.001177492844387 
0.001177285624255 
0.001177078471940 
0.001176871385150 
0.001176664361599 
0.001176457399009 
0.001176250495108 
0.001176043647632 
0.001175836854320 
0.001175630112918 
0.001175423421176 
0.001175216776850 
0.001175010177696 
0.001174803621478 
0.001174597105959 
0.001174390628908 
0.001174184188091 
0.001173977781280 
0.001173771406247 
0.001173565060761 
0.001173358742596 
0.001173152449521 
0.001172946179308 
0.001172739929723 
0.001172533698535 
0.001172327483505 
0.001172121282397 
0.001171915092966 
0.001171708912966 
0.001171502740145 
0.001171296572248 
0.001171090407013 
0.001170884242172 
0.001170678075450 
0.001170471904566 
0.001170265727230 
0.001170059541145 
0.001169853344005 
0.001169647133495 
0.001169440907290 
0.001169234663054 
0.001169028398442 
0.001168822111095 
0.001168615798643 
0.001168409458706 
0.001168203088888 
0.001167996686779 
0.001167790249956 
0.001167583775983 
0.001167377262405 
0.001167170706753 
0.001166964106540 
0.001166757459265 
0.001166550762405 
0.001166344013421 
0.001166137209755 
0.001165930348828 
0.001165723428041 
0.001165516444775 
0.001165309396389 
0.001165102280219 
0.001164895093578 
0.001164687833755 
0.001164480498016 
0.001164273083602 
0.001164065587727 
0.001163858007578 
0.001163650340316 
0.001163442583075 
0.001163234732958 
0.001163026787041 
0.001162818742368 
0.001162610595952 
0.001162402344777 
0.001162193985791 
0.001161985515912 
0.001161776932021 
0.001161568230966 
0.001161359409560 
0.001161150464577 
0.001160941392757 
0.001160732190799 
0.001160522855365 
0.001160313383077 
0.001160103770517 
0.001159894014223 
0.001159684110694 
0.001159474056383 
0.001159263847703 
0.001159053481019 
0.001158842952651 
0.001158632258874 
0.001158421395914 
0.001158210359950 
0.001157999147112 
0.001157787753480 
0.001157576175086 
0.001157364407906 
0.001157152447868 
0.001156940290847 
0.001156727932662 
0.001156515369082 
0.001156302595817 
0.001156089608525 
0.001155876402806 
0.001155662974205 
0.001155449318211 
0.001155235430252 
0.001155021305701 
0.001154806939874 
0.001154592328027 
0.001154377465359 
0.001154162347008 
0.001153946968056 
0.001153731323527 
0.001153515408386 
0.001153299217541 
0.001153082745842 
0.001152865988084 
0.001152648939005 
0.001152431593290 
0.001152213945568 
0.001151995990419 
0.001151777722370 
0.001151559135901 
0.001151340225444 
0.001151120985387 
0.001150901410076 
0.001150681493819 
0.001150461230888 
0.001150240615521 
0.001150019641930 
0.001149798304301 
0.001149576596802 
0.001149354513586 
0.001149132048797 
0.001148909196577 
0.001148685951070 
0.001148462306433 
0.001148238256839 
0.001148013796491 
0.001147788919622 
0.001147563620516 
0.001147337893505 
0.001147111732992 
0.001146885133454 
0.001146658089456 
0.001146430595667 
0.001146202646870 
0.001145974237978 
0.001145745364046 
0.001145516020294 
0.001145286202116 
0.001145055905100 
0.001144825125047 
0.001144593857991 
0.001144362100213 
0.001144129848269 
0.001143897099003 
0.001143663849576 
0.001143430097480 
0.001143195840567 
0.001142961077068 
0.001142725805617 
0.001142490025274 
0.001142253735550 
0.001142016936427 
0.001141779628381 
0.001141541812410 
0.001141303490049 
0.001141064663396 
0.001140825335129 
0.001140585508530 
0.001140345187500 
0.001140104376575 
0.001139863080945 
0.001139621306463 
0.001139379059660 
0.001139136347751 
0.001138893178643 
0.001138649560940 
0.001138405503942 
0.001138161017644 
0.001137916112732 
0.001137670800575 
0.001137425093212 
0.001137179003339 
0.001136932544291 
0.001136685730019 
0.001136438575067 
0.001136191094543 
0.001135943304087 
0.001135695219840 
0.001135446858401 
0.001135198236794 
0.001134949372418 
0.001134700283008 
0.001134450986587 
0.001134201501416 
0.001133951845946 
0.001133702038765 
0.001133452098548 
0.001133202044009 
0.001132951893840 
0.001132701666670 
0.001132451381006 
0.001132201055189 
0.001131950707343 
0.001131700355328 
0.001131450016696 
0.001131199708649 
0.001130949447997 
0.001130699251122 
0.001130449133940 
0.001130199111871 
0.001129949199811 
0.001129699412099 
0.001129449762502 
0.001129200264188 
0.001128950929710 
0.001128701770993 
0.001128452799320 
0.001128204025325 
0.001127955458984 
0.001127707109612 
0.001127458985864 
0.001127211095733 
0.001126963446551 
0.001126716044999 
0.001126468897110 
0.001126222008277 
0.001125975383263 
0.001125729026215 
0.001125482940670 
0.001125237129573 
0.001124991595291 
0.001124746339622 
0.001124501363817 
0.001124256668591 
0.001124012254141 
0.001123768120161 
0.001123524265860 
0.001123280689977 
0.001123037390795 
0.001122794366162 
0.001122551613504 
0.001122309129841 
0.001122066911802 
0.001121824955641 
0.001121583257252 
0.001121341812181 
0.001121100615643 
0.001120859662534 
0.001120618947443 
0.001120378464665 
0.001120138208215 
0.001119898171837 
0.001119658349014 
0.001119418732985 
0.001119179316746 
0.001118940093066 
0.001118701054494 
0.001118462193368 
0.001118223501823 
0.001117984971800 
0.001117746595049 
0.001117508363144 
0.001117270267482 
0.001117032299291 
0.001116794449641 
0.001116556709442 
0.001116319069454 
0.001116081520292 
0.001115844052428 
0.001115606656197 
0.001115369321802 
0.001115132039315 
0.001114894798684 
0.001114657589734 
0.001114420402173 
0.001114183225591 
0.001113946049468 
0.001113708863171 
0.001113471655963 
0.001113234417002 
0.001112997135341 
0.001112759799938 
0.001112522399651 
0.001112284923243 
0.001112047359387 
0.001111809696663 
0.001111571923566 
0.001111334028504 
0.001111095999801 
0.001110857825703 
0.001110619494377 
0.001110380993913 
0.001110142312331 
0.001109903437580 
0.001109664357543 
0.001109425060039 
0.001109185532828 
0.001108945763613 
0.001108705740045 
0.001108465449728 
0.001108224880220 
0.001107984019042 
0.001107742853681 
0.001107501371596 
0.001107259560222 
0.001107017406978 
0.001106774899276 
0.001106532024523 
0.001106288770133 
0.001106045123530 
0.001105801072164 
0.001105556603514 
0.001105311705099 
0.001105066364490 
0.001104820569321 
0.001104574307297 
0.001104327566211 
0.001104080333951 
0.001103832598521 
0.001103584348047 
0.001103335570796 
0.001103086255193 
0.001102836389831 
0.001102585963493 
0.001102334965168 
0.001102083384066 
0.001101831209639 
0.001101578431599 
0.001101325039937 
0.001101071024941 
0.001100816377220 
0.001100561087719 
0.001100305147744 
0.001100048548978 
0.001099791283505 
0.001099533343830 
0.001099274722896 
0.001099015414107 
0.001098755411346 
0.001098494708995 
0.001098233301952 
0.001097971185649 
0.001097708356068 
0.001097444809756 
0.001097180543840 
0.001096915556041 
0.001096649844684 
0.001096383408706 
0.001096116247669 
0.001095848361764 
0.001095579751814 
0.001095310419282 
0.001095040366268 
0.001094769595509 
0.001094498110379 
0.001094225914882 
0.001093953013647 
0.001093679411920 
0.001093405115554 
0.001093130131001 
0.001092854465295 
0.001092578126044 
0.001092301121409 
0.001092023460098 
0.001091745151342 
0.001091466204884 
0.001091186630962 
0.001090906440291 
0.001090625644053 
0.001090344253877 
0.001090062281830 
0.001089779740401 
0.001089496642494 
0.001089213001414 
0.001088928830866 
0.001088644144942 
0.001088358958127 
0.001088073285289 
0.001087787141686 
0.001087500542969 
0.001087213505186 
0.001086926044793 
0.001086638178661 
0.001086349924093 
0.001086061298836 
0.001085772321097 
0.001085483009563 
0.001085193383415 
0.001084903462357 
0.001084613266627 
0.001084322817023 
0.001084032134923 
0.001083741242306 
0.001083450161768 
0.001083158916544 
0.001082867530522 
0.001082576028257 
0.001082284434984 
0.001081992776626 
0.001081701079801 
0.001081409371819 
0.001081117680688 
0.001080826035100 
0.001080534464427 
0.001080242998702 
0.001079951668600 
0.001079660505416 
0.001079369541033 
0.001079078807891 
0.001078788338946 
0.001078498167626 
0.001078208327790 
0.001077918853669 
0.001077629779814 
0.001077341141039 
0.001077052972356 
0.001076765308915 
0.001076478185930 
0.001076191638620 
0.001075905702130 
0.001075620411469 
0.001075335801434 
0.001075051906539 
0.001074768760949 
0.001074486398410 
0.001074204852179 
0.001073924154964 
0.001073644338857 
0.001073365435280 
0.001073087474923 
0.001072810487692 
0.001072534502665 
0.001072259548041 
0.001071985651100 
0.001071712838168 
0.001071441134586 
0.001071170564674 
0.001070901151715 
0.001070632917933 
0.001070365884476 
0.001070100071406 
0.001069835497690 
0.001069572181199 
0.001069310138707 
0.001069049385893 
0.001068789937351 
0.001068531806596 
0.001068275006081 
0.001068019547208 
0.001067765440349 
0.001067512694863 
0.001067261319120 
0.001067011320520 
0.001066762705525 
0.001066515479677 
0.001066269647630 
0.001066025213174 
0.001065782179268 
0.001065540548062 
0.001065300320935 
0.001065061498515 
0.001064824080715 
0.001064588066760 
0.001064353455215 
0.001064120244013 
0.001063888430488 
0.001063658011396 
0.001063428982949 
0.001063201340835 
0.001062975080252 
0.001062750195923 
0.001062526682132 
0.001062304532738 
0.001062083741204 
0.001061864300619 
0.001061646203715 
0.001061429442894 
0.001061214010242 
0.001060999897553 
0.001060787096343 
0.001060575597873 
0.001060365393161 
0.001060156472998 
0.001059948827968 
0.001059742448459 
0.001059537324677 
0.001059333446662 
0.001059130804297 
0.001058929387323 
0.001058729185349 
0.001058530187865 
0.001058332384249 
0.001058135763780 
0.001057940315645 
0.001057746028951 
0.001057552892728 
0.001057360895944 
0.001057170027507 
0.001056980276275 
0.001056791631063 
0.001056604080645 
0.001056417613768 
0.001056232219150 
0.001056047885492 
0.001055864601477 
0.001055682355780 
0.001055501137071 
0.001055320934018 
0.001055141735294 
0.001054963529576 
0.001054786305557 
0.001054610051941 
0.001054434757451 
0.001054260410832 
0.001054087000853 
0.001053914516310 
0.001053742946030 
0.001053572278872 
0.001053402503728 
0.001053233609532 
0.001053065585253 
0.001052898419906 
0.001052732102545 
0.001052566622273 
0.001052401968241 
0.001052238129647 
0.001052075095740 
0.001051912855823 
0.001051751399251 
0.001051590715437 
0.001051430793846 
0.001051271624006 
0.001051113195500 
0.001050955497974 
0.001050798521133 
0.001050642254745 
0.001050486688643 
0.001050331812721 
0.001050177616941 
0.001050024091330 
0.001049871225980 
0.001049719011053 
0.001049567436778 
0.001049416493452 
0.001049266171444 
0.001049116461190 
0.001048967353200 
0.001048818838053 
0.001048670906400 
0.001048523548965 
0.001048376756545 
0.001048230520010 
0.001048084830302 
0.001047939678440 
0.001047795055516 
0.001047650952697 
0.001047507361224 
0.001047364272416 
0.001047221677666 
0.001047079568444 
0.001046937936296 
0.001046796772845 
0.001046656069792 
0.001046515818912 
0.001046376012062 
0.001046236641173 
0.001046097698257 
0.001045959175402 
0.001045821064775 
0.001045683358623 
0.001045546049269 
0.001045409129118 
0.001045272590653 
0.001045136426435 
0.001045000629107 
0.001044865191391 
0.001044730106088 
0.001044595366080 
0.001044460964329 
0.001044326893878 
0.001044193147850 
0.001044059719449 
0.001043926601960 
0.001043793788749 
0.001043661273263 
0.001043529049032 
0.001043397109666 
0.001043265448857 
0.001043134060380 
0.001043002938091 
0.001042872075928 
0.001042741467914 
0.001042611108152 
0.001042480990828 
0.001042351110211 
0.001042221460656 
0.001042092036597 
0.001041962832554 
0.001041833843130 
0.001041705063011 
0.001041576486968 
0.001041448109856 
0.001041319926613 
0.001041191932263 
0.001041064121912 
0.001040936490752 
0.001040809034061 
0.001040681747200 
0.001040554625615 
0.001040427664837 
0.001040300860483 
0.001040174208254 
0.001040047703938 
0.001039921343405 
0.001039795122614 
0.001039669037606 
0.001039543084511 
0.001039417259540 
0.001039291558993 
0.001039165979254 
0.001039040516791 
0.001038915168159 
0.001038789929997 
0.001038664799029 
0.001038539772063 
0.001038414845995 
0.001038290017801 
0.001038165284544 
0.001038040643371 
0.001037916091510 
0.001037791626277 
0.001037667245068 
0.001037542945361 
0.001037418724721 
0.001037294580789 
0.001037170511294 
0.001037046514041 
0.001036922586918 
0.001036798727894 
0.001036674935016 
0.001036551206412 
0.001036427540287 
0.001036303934924 
0.001036180388684 
0.001036056900005 
0.001035933467399 
0.001035810089454 
0.001035686764835 
0.001035563492275 
0.001035440270585 
0.001035317098645 
0.001035193975406 
0.001035070899890 
0.001034947871188 
0.001034824888458 
0.001034701950926 
0.001034579057884 
0.001034456208688 
0.001034333402760 
0.001034210639582 
0.001034087918700 
0.001033965239720 
0.001033842602306 
0.001033720006183 
0.001033597451131 
0.001033474936985 
0.001033352463637 
0.001033230031032 
0.001033107639164 
0.001032985288082 
0.001032862977882 
0.001032740708710 
0.001032618480756 
0.001032496294260 
0.001032374149502 
0.001032252046809 
0.001032129986548 
0.001032007969125 
0.001031885994988 
0.001031764064621 
0.001031642178546 
0.001031520337319 
0.001031398541530 
0.001031276791803 
0.001031155088793 
0.001031033433184 
0.001030911825690 
0.001030790267053 
0.001030668758040 
0.001030547299444 
0.001030425892083 
0.001030304536795 
0.001030183234443 
0.001030061985908 
0.001029940792091 
0.001029819653912 
0.001029698572306 
0.001029577548225 
0.001029456582637 
0.001029335676522 
0.001029214830874 
0.001029094046697 
0.001028973325008 
0.001028852666832 
0.001028732073204 
0.001028611545165 
0.001028491083764 
0.001028370690058 
0.001028250365105 
0.001028130109970 
0.001028009925722 
0.001027889813431 
0.001027769774169 
0.001027649809010 
0.001027529919028 
0.001027410105297 
0.001027290368889 
0.001027170710875 
0.001027051132324 
0.001026931634300 
0.001026812217867 
0.001026692884082 
0.001026573633997 
0.001026454468661 
0.001026335389115 
0.001026216396395 
0.001026097491530 
0.001025978675540 
0.001025859949440 
0.001025741314235 
0.001025622770923 
0.001025504320490 
0.001025385963917 
0.001025267702171 
0.001025149536213 
0.001025031466991 
0.001024913495442 
0.001024795622494 
0.001024677849063 
0.001024560176054 
0.001024442604359 
0.001024325134859 
0.001024207768423 
0.001024090505907 
0.001023973348156 
0.001023856296000 
0.001023739350259 
0.001023622511737 
0.001023505781227 
0.001023389159508 
0.001023272647346 
0.001023156245493 
0.001023039954687 
0.001022923775655 
0.001022807709107 
0.001022691755742 
0.001022575916243 
0.001022460191280 
0.001022344581510 
0.001022229087576 
0.001022113710105 
0.001021998449713 
0.001021883307000 
0.001021768282553 
0.001021653376946 
0.001021538590736 
0.001021423924471 
0.001021309378681 
0.001021194953884 
0.001021080650584 
0.001020966469273 
0.001020852410426 
0.001020738474508 
0.001020624661968 
0.001020510973243 
0.001020397408756 
0.001020283968918 
0.001020170654126 
0.001020057464763 
0.001019944401200 
0.001019831463796 
0.001019718652896 
0.001019605968832 
0.001019493411926 
0.001019380982484 
0.001019268680802 
0.001019156507163 
0.001019044461839 
0.001018932545088 
0.001018820757158 
0.001018709098283 
0.001018597568689 
0.001018486168587 
0.001018374898177 
0.001018263757651 
0.001018152747185 
0.001018041866948 
0.001017931117097 
0.001017820497777 
0.001017710009123 
0.001017599651260 
0.001017489424302 
0.001017379328355 
0.001017269363511 
0.001017159529854 
0.001017049827460 
0.001016940256392 
0.001016830816705 
0.001016721508445 
0.001016612331648 
0.001016503286341 
0.001016394372543 
0.001016285590261 
0.001016176939496 
0.001016068420241 
0.001015960032477 
0.001015851776180 
0.001015743651316 
0.001015635657843 
0.001015527795711 
0.001015420064863 
0.001015312465234 
0.001015204996749 
0.001015097659330 
0.001014990452887 
0.001014883377326 
0.001014776432544 
0.001014669618431 
0.001014562934873 
0.001014456381744 
0.001014349958916 
0.001014243666253 
0.001014137503611 
0.001014031470843 
0.001013925567791 
0.001013819794296 
0.001013714150189 
0.001013608635299 
0.001013503249445 
0.001013397992443 
0.001013292864104 
0.001013187864232 
0.001013082992625 
0.001012978249079 
0.001012873633381 
0.001012769145316 
0.001012664784663 
0.001012560551195 
0.001012456444683 
0.001012352464891 
0.001012248611579 
0.001012144884504 
0.001012041283417 
0.001011937808065 
0.001011834458192 
0.001011731233536 
0.001011628133834 
0.001011525158816 
0.001011422308210 
0.001011319581741 
0.001011216979128 
0.001011114500088 
0.001011012144335 
0.001010909911578 
0.001010807801526 
0.001010705813880 
0.001010603948343 
0.001010502204610 
0.001010400582378 
0.001010299081337 
0.001010197701176 
0.001010096441582 
0.001009995302238 
0.001009894282826 
0.001009793383023 
0.001009692602505 
0.001009591940947 
0.001009491398020 
0.001009390973392 
0.001009290666732 
0.001009190477703 
0.001009090405969 
0.001008990451190 
0.001008890613026 
0.001008790891134 
0.001008691285168 
0.001008591794784 
0.001008492419633 
0.001008393159364 
0.001008294013628 
0.001008194982071 
0.001008096064340 
0.001007997260079 
0.001007898568931 
0.001007799990538 
0.001007701524541 
0.001007603170580 
0.001007504928292 
0.001007406797316 
0.001007308777288 
0.001007210867843 
0.001007113068615 
0.001007015379238 
0.001006917799346 
0.001006820328569 
0.001006722966539 
0.001006625712887 
0.001006528567242 
0.001006431529234 
0.001006334598492 
0.001006237774642 
0.001006141057314 
0.001006044446133 
0.001005947940728 
0.001005851540723 
0.001005755245746 
0.001005659055422 
0.001005562969375 
0.001005466987233 
0.001005371108618 
0.001005275333156 
0.001005179660473 
0.001005084090191 
0.001004988621936 
0.001004893255331 
0.001004797990003 
0.001004702825573 
0.001004607761668 
0.001004512797912 
0.001004417933928 
0.001004323169342 
0.001004228503779 
0.001004133936864 
0.001004039468221 
0.001003945097476 
0.001003850824256 
0.001003756648185 
0.001003662568890 
0.001003568585998 
0.001003474699135 
0.001003380907929 
0.001003287212008 
0.001003193610999 
0.001003100104531 
0.001003006692233 
0.001002913373734 
0.001002820148665 
0.001002727016655 
0.001002633977335 
0.001002541030337 
0.001002448175292 
0.001002355411834 
0.001002262739596 
0.001002170158210 
0.001002077667312 
0.001001985266536 
0.001001892955519 
0.001001800733896 
0.001001708601304 
0.001001616557381 
0.001001524601765 
0.001001432734095 
0.001001340954012 
0.001001249261155 
0.001001157655166 
0.001001066135687 
0.001000974702360 
0.001000883354830 
0.001000792092740 
0.001000700915736 
0.001000609823463 
0.001000518815569 
0.001000427891701 
0.001000337051507 
0.001000246294637 
0.001000155620741 
0.001000065029469 
0.000999974520474 
0.000999884093409 
0.000999793747927 
0.000999703483681 
0.000999613300329 
0.000999523197526 
0.000999433174929 
0.000999343232196 
0.000999253368986 
0.000999163584960 
0.000999073879777 
0.000998984253100 
0.000998894704592 
0.000998805233915 
0.000998715840735 
0.000998626524716 
0.000998537285526 
0.000998448122832 
0.000998359036301 
0.000998270025604 
0.000998181090410 
0.000998092230390 
0.000998003445217 
0.000997914734563 
0.000997826098103 
0.000997737535512 
0.000997649046465 
0.000997560630639 
0.000997472287713 
0.000997384017364 
0.000997295819273 
0.000997207693120 
0.000997119638587 
0.000997031655357 
0.000996943743113 
0.000996855901539 
0.000996768130322 
0.000996680429147 
0.000996592797702 
0.000996505235675 
0.000996417742756 
0.000996330318634 
0.000996242963001 
0.000996155675549 
0.000996068455971 
0.000995981303961 
0.000995894219214 
0.000995807201425 
0.000995720250292 
0.000995633365512 
0.000995546546784 
0.000995459793807 
0.000995373106282 
0.000995286483909 
0.000995199926393 
0.000995113433434 
0.000995027004738 
0.000994940640010 
0.000994854338955 
0.000994768101280 
0.000994681926692 
0.000994595814901 
0.000994509765616 
0.000994423778546 
0.000994337853403 
0.000994251989899 
0.000994166187747 
0.000994080446660 
0.000993994766353 
0.000993909146541 
0.000993823586941 
0.000993738087269 
0.000993652647243 
0.000993567266583 
0.000993481945006 
0.000993396682235 
0.000993311477988 
0.000993226331990 
0.000993141243961 
0.000993056213626 
0.000992971240709 
0.000992886324935 
0.000992801466029 
0.000992716663718 
0.000992631917729 
0.000992547227790 
0.000992462593630 
0.000992378014978 
0.000992293491564 
0.000992209023120 
0.000992124609376 
0.000992040250065 
0.000991955944920 
0.000991871693674 
0.000991787496063 
0.000991703351819 
0.000991619260681 
0.000991535222383 
0.000991451236662 
0.000991367303257 
0.000991283421905 
0.000991199592345 
0.000991115814317 
0.000991032087560 
0.000990948411816 
0.000990864786825 
0.000990781212329 
0.000990697688071 
0.000990614213793 
0.000990530789239 
0.000990447414154 
0.000990364088280 
0.000990280811365 
0.000990197583153 
0.000990114403390 
0.000990031271823 
0.000989948188200 
0.000989865152267 
0.000989782163774 
0.000989699222467 
0.000989616328098 
0.000989533480414 
0.000989450679166 
0.000989367924104 
0.000989285214980 
0.000989202551543 
0.000989119933546 
0.000989037360741 
0.000988954832879 
0.000988872349715 
0.000988789911000 
0.000988707516488 
0.000988625165934 
0.000988542859090 
0.000988460595712 
0.000988378375554 
0.000988296198372 
0.000988214063920 
0.000988131971955 
0.000988049922231 
0.000987967914506 
0.000987885948536 
0.000987804024077 
0.000987722140886 
0.000987640298721 
0.000987558497338 
0.000987476736496 
0.000987395015951 
0.000987313335462 
0.000987231694787 
0.000987150093684 
0.000987068531911 
0.000986987009227 
0.000986905525390 
0.000986824080159 
0.000986742673293 
0.000986661304551 
0.000986579973691 
0.000986498680473 
0.000986417424655 
0.000986336205998 
0.000986255024259 
0.000986173879199 
0.000986092770576 
0.000986011698149 
0.000985930661678 
0.000985849660921 
0.000985768695638 
0.000985687765588 
0.000985606870530 
0.000985526010222 
0.000985445184423 
0.000985364392892 
0.000985283635388 
0.000985202911668 
0.000985122221491 
0.000985041564616 
0.000984960940800 
0.000984880349800 
0.000984799791375 
0.000984719265282 
0.000984638771278 
0.000984558309119 
0.000984477878563 
0.000984397479366 
0.000984317111283 
0.000984236774071 
0.000984156467486 
0.000984076191281 
0.000983995945213 
0.000983915729036 
0.000983835542504 
0.000983755385370 
0.000983675257388 
0.000983595158311 
0.000983515087892 
0.000983435045883 
0.000983355032035 
0.000983275046100 
0.000983195087829 
0.000983115156971 
0.000983035253276 
0.000982955376495 
0.000982875526375 
0.000982795702664 
0.000982715905111 
0.000982636133463 
0.000982556387465 
0.000982476666863 
0.000982396971403 
0.000982317300830 
0.000982237654887 
0.000982158033318 
0.000982078435864 
0.000981998862269 
0.000981919312272 
0.000981839785615 
0.000981760282037 
0.000981680801277 
0.000981601343073 
0.000981521907162 
0.000981442493281 
0.000981363101166 
0.000981283730550 
0.000981204381169 
0.000981125052755 
0.000981045745041 
0.000980966457757 
0.000980887190634 
0.000980807943401 
0.000980728715788 
0.000980649507520 
0.000980570318325 
0.000980491147927 
0.000980411996052 
0.000980332862423 
0.000980253746761 
0.000980174648789 
0.000980095568226 
0.000980016504790 
0.000979937458201 
0.000979858428174 
0.000979779414426 
0.000979700416669 
0.000979621434618 
0.000979542467985 
0.000979463516480 
0.000979384579812 
0.000979305657690 
0.000979226749820 
0.000979147855908 
0.000979068975658 
0.000978990108774 
0.000978911254955 
0.000978832413904 
0.000978753585318 
0.000978674768895 
0.000978595964331 
0.000978517171319 
0.000978438389554 
0.000978359618727 
0.000978280858528 
0.000978202108645 
0.000978123368765 
0.000978044638575 
0.000977965917757 
0.000977887205994 
0.000977808502968 
0.000977729808356 
0.000977651121838 
0.000977572443088 
0.000977493771780 
0.000977415107589 
0.000977336450184 
0.000977257799235 
0.000977179154409 
0.000977100515372 
0.000977021881788 
0.000976943253320 
0.000976864629629 
0.000976786010372 
0.000976707395207 
0.000976628783790 
0.000976550175774 
0.000976471570809 
0.000976392968547 
0.000976314368636 
0.000976235770720 
0.000976157174445 
0.000976078579453 
0.000975999985384 
0.000975921391877 
0.000975842798569 
0.000975764205095 
0.000975685611087 
0.000975607016177 
0.000975528419993 
0.000975449822163 
0.000975371222312 
0.000975292620063 
0.000975214015038 
0.000975135406856 
0.000975056795135 
0.000974978179490 
0.000974899559534 
0.000974820934881 
0.000974742305138 
0.000974663669915 
0.000974585028816 
0.000974506381447 
0.000974427727408 
0.000974349066301 
0.000974270397723 
0.000974191721271 
0.000974113036538 
0.000974034343119 
0.000973955640603 
0.000973876928579 
0.000973798206634 
0.000973719474353 
0.000973640731321 
0.000973561977117 
0.000973483211323 
0.000973404433515 
0.000973325643272 
0.000973246840166 
0.000973168023771 
0.000973089193658 
0.000973010349397 
0.000972931490556 
0.000972852616701 
0.000972773727397 
0.000972694822208 
0.000972615900695 
0.000972536962419 
0.000972458006939 
0.000972379033813 
0.000972300042597 
0.000972221032846 
0.000972142004114 
0.000972062955954 
0.000971983887918 
0.000971904799556 
0.000971825690417 
0.000971746560050 
0.000971667408003 
0.000971588233822 
0.000971509037054 
0.000971429817243 
0.000971350573935 
0.000971271306673 
0.000971192015001 
0.000971112698461 
0.000971033356597 
0.000970953988950 
0.000970874595064 
0.000970795174479 
0.000970715726738 
0.000970636251383 
0.000970556747956 
0.000970477216000 
0.000970397655056 
0.000970318064668 
0.000970238444380 
0.000970158793735 
0.000970079112279 
0.000969999399557 
0.000969919655115 
0.000969839878502 
0.000969760069266 
0.000969680226956 
0.000969600351125 
0.000969520441325 
0.000969440497111 
0.000969360518039 
0.000969280503666 
0.000969200453554 
0.000969120367263 
0.000969040244359 
0.000968960084409 
0.000968879886981 
0.000968799651647 
0.000968719377983 
0.000968639065566 
0.000968558713977 
0.000968478322800 
0.000968397891623 
0.000968317420036 
0.000968236907635 
0.000968156354017 
0.000968075758785 
0.000967995121546 
0.000967914441911 
0.000967833719495 
0.000967752953919 
0.000967672144806 
0.000967591291788 
0.000967510394498 
0.000967429452577 
0.000967348465670 
0.000967267433429 
0.000967186355510 
0.000967105231576 
0.000967024061296 
0.000966942844345 
0.000966861580405 
0.000966780269163 
0.000966698910315 
0.000966617503562 
0.000966536048613 
0.000966454545183 
0.000966372992996 
0.000966291391782 
0.000966209741281 
0.000966128041238 
0.000966046291407 
0.000965964491550 
0.000965882641439 
0.000965800740852 
0.000965718789576 
0.000965636787408 
0.000965554734153 
0.000965472629624 
0.000965390473644 
0.000965308266046 
0.000965226006671 
0.000965143695369 
0.000965061332002 
0.000964978916438 
0.000964896448559 
0.000964813928253 
0.000964731355421 
0.000964648729970 
0.000964566051823 
0.000964483320907 
0.000964400537164 
0.000964317700543 
0.000964234811006 
0.000964151868524 
0.000964068873078 
0.000963985824662 
0.000963902723277 
0.000963819568938 
0.000963736361669 
0.000963653101504 
0.000963569788488 
0.000963486422679 
0.000963403004142 
0.000963319532956 
0.000963236009207 
0.000963152432996 
0.000963068804432 
0.000962985123633 
0.000962901390732 
0.000962817605868 
0.000962733769193 
0.000962649880868 
0.000962565941065 
0.000962481949968 
0.000962397907766 
0.000962313814664 
0.000962229670873 
0.000962145476615 
0.000962061232121 
0.000961976937634 
0.000961892593403 
0.000961808199689 
0.000961723756760 
0.000961639264896 
0.000961554724383 
0.000961470135517 
0.000961385498603 
0.000961300813954 
0.000961216081890 
0.000961131302741 
0.000961046476843 
0.000960961604542 
0.000960876686190 
0.000960791722145 
0.000960706712775 
0.000960621658453 
0.000960536559559 
0.000960451416480 
0.000960366229607 
0.000960280999341 
0.000960195726085 
0.000960110410249 
0.000960025052248 
0.000959939652504 
0.000959854211440 
0.000959768729488 
0.000959683207081 
0.000959597644657 
0.000959512042658 
0.000959426401530 
0.000959340721723 
0.000959255003688 
0.000959169247880 
0.000959083454758 
0.000958997624780 
0.000958911758410 
0.000958825856111 
0.000958739918348 
0.000958653945590 
0.000958567938303 
0.000958481896957 
0.000958395822021 
0.000958309713966 
0.000958223573261 
0.000958137400376 
0.000958051195781 
0.000957964959946 
0.000957878693337 
0.000957792396423 
0.000957706069669 
0.000957619713539 
0.000957533328497 
0.000957446915003 
0.000957360473515 
0.000957274004489 
0.000957187508379 
0.000957100985635 
0.000957014436706 
0.000956927862035 
0.000956841262063 
0.000956754637228 
0.000956667987963 
0.000956581314698 
0.000956494617857 
0.000956407897863 
0.000956321155130 
0.000956234390072 
0.000956147603094 
0.000956060794598 
0.000955973964980 
0.000955887114632 
0.000955800243940 
0.000955713353282 
0.000955626443034 
0.000955539513562 
0.000955452565230 
0.000955365598392 
0.000955278613398 
0.000955191610591 
0.000955104590307 
0.000955017552875 
0.000954930498617 
0.000954843427851 
0.000954756340883 
0.000954669238015 
0.000954582119542 
0.000954494985750 
0.000954407836917 
0.000954320673317 
0.000954233495212 
0.000954146302858 
0.000954059096505 
0.000953971876392 
0.000953884642752 
0.000953797395809 
0.000953710135780 
0.000953622862873 
0.000953535577287 
0.000953448279214 
0.000953360968837 
0.000953273646331 
0.000953186311861 
0.000953098965586 
0.000953011607654 
0.000952924238206 
0.000952836857372 
0.000952749465277 
0.000952662062034 
0.000952574647748 
0.000952487222515 
0.000952399786423 
0.000952312339550 
0.000952224881966 
0.000952137413730 
0.000952049934895 
0.000951962445501 
0.000951874945582 
0.000951787435162 
0.000951699914256 
0.000951612382867 
0.000951524840993 
0.000951437288620 
0.000951349725725 
0.000951262152276 
0.000951174568231 
0.000951086973540 
0.000950999368141 
0.000950911751965 
0.000950824124932 
0.000950736486952 
0.000950648837927 
0.000950561177749 
0.000950473506298 
0.000950385823447 
0.000950298129059 
0.000950210422984 
0.000950122705067 
0.000950034975140 
0.000949947233025 
0.000949859478534 
0.000949771711472 
0.000949683931630 
0.000949596138791 
0.000949508332727 
0.000949420513200 
0.000949332679962 
0.000949244832755 
0.000949156971310 
0.000949069095348 
0.000948981204578 
0.000948893298702 
0.000948805377406 
0.000948717440371 
0.000948629487264 
0.000948541517741 
0.000948453531450 
0.000948365528024 
0.000948277507087 
0.000948189468254 
0.000948101411125 
0.000948013335291 
0.000947925240331 
0.000947837125813 
0.000947748991294 
0.000947660836316 
0.000947572660414 
0.000947484463108 
0.000947396243908 
0.000947308002311 
0.000947219737801 
0.000947131449851 
0.000947043137921 
0.000946954801461 
0.000946866439903 
0.000946778052673 
0.000946689639178 
0.000946601198816 
0.000946512730970 
0.000946424235012 
0.000946335710298 
0.000946247156171 
0.000946158571962 
0.000946069956987 
0.000945981310548 
0.000945892631932 
0.000945803920415 
0.000945715175254 
0.000945626395696 
0.000945537580970 
0.000945448730292 
0.000945359842860 
0.000945270917861 
0.000945181954464 
0.000945092951823 
0.000945003909075 
0.000944914825342 
0.000944825699731 
0.000944736531332 
0.000944647319216 
0.000944558062441 
0.000944468760046 
0.000944379411054 
0.000944290014469 
0.000944200569279 
0.000944111074455 
0.000944021528947 
0.000943931931691 
0.000943842281602 
0.000943752577578 
0.000943662818497 
0.000943573003219 
0.000943483130586 
0.000943393199420 
0.000943303208523 
0.000943213156678 
0.000943123042650 
0.000943032865181 
0.000942942622996 
0.000942852314798 
0.000942761939272 
0.000942671495080 
0.000942580980866 
0.000942490395252 
0.000942399736840 
0.000942309004211 
0.000942218195927 
0.000942127310526 
0.000942036346530 
0.000941945302435 
0.000941854176721 
0.000941762967844 
0.000941671674242 
0.000941580294332 
0.000941488826511 
0.000941397269155 
0.000941305620621 
0.000941213879247 
0.000941122043352 
0.000941030111234 
0.000940938081177 
0.000940845951443 
0.000940753720278 
0.000940661385913 
0.000940568946561 
0.000940476400421 
0.000940383745675 
0.000940290980494 
0.000940198103035 
0.000940105111444 
0.000940012003855 
0.000939918778395 
0.000939825433181 
0.000939731966323 
0.000939638375929 
0.000939544660099 
0.000939450816936 
0.000939356844539 
0.000939262741013 
0.000939168504464 
0.000939074133006 
0.000938979624764 
0.000938884977871 
0.000938790190477 
0.000938695260749 
0.000938600186874 
0.000938504967060 
0.000938409599547 
0.000938314082600 
0.000938218414523 
0.000938122593654 
0.000938026618374 
0.000937930487113 
0.000937834198347 
0.000937737750611 
0.000937641142497 
0.000937544372663 
0.000937447439837 
0.000937350342821 
0.000937253080496 
0.000937155651830 
0.000937058055881 
0.000936960291803 
0.000936862358852 
0.000936764256392 
0.000936665983899 
0.000936567540969 
0.000936468927322 
0.000936370142808 
0.000936271187412 
0.000936172061261 
0.000936072764627 
0.000935973297933 
0.000935873661760 
0.000935773856848 
0.000935673884100 
0.000935573744592 
0.000935473439568 
0.000935372970450 
0.000935272338837 
0.000935171546508 
0.000935070595425 
0.000934969487732 
0.000934868225756 
0.000934766812007 
0.000934665249179 
0.000934563540144 
0.000934461687955 
0.000934359695838 
0.000934257567193 
0.000934155305586 
0.000934052914745 
0.000933950398553 
0.000933847761043 
0.000933745006390 
0.000933642138902 
0.000933539163010 
0.000933436083263 
0.000933332904313 
0.000933229630906 
0.000933126267872 
0.000933022820111 
0.000932919292584 
0.000932815690298 
0.000932712018295 
0.000932608281636 
0.000932504485394 
0.000932400634635 
0.000932296734408 
0.000932192789732 
0.000932088805581 
0.000931984786874 
0.000931880738463 
0.000931776665118 
0.000931672571518 
0.000931568462238 
0.000931464341742 
0.000931360214368 
0.000931256084323 
0.000931151955672 
0.000931047832328 
0.000930943718051 
0.000930839616434 
0.000930735530901 
0.000930631464701 
0.000930527420903 
0.000930423402392 
0.000930319411867 
0.000930215451839 
0.000930111524627 
0.000930007632360 
0.000929903776973 
0.000929799960212 
0.000929696183632 
0.000929592448599 
0.000929488756293 
0.000929385107711 
0.000929281503668 
0.000929177944807 
0.000929074431594 
0.000928970964332 
0.000928867543161 
0.000928764168064 
0.000928660838876 
0.000928557555288 
0.000928454316855 
0.000928351123002 
0.000928247973033 
0.000928144866138 
0.000928041801401 
0.000927938777809 
0.000927835794261 
0.000927732849576 
0.000927629942501 
0.000927527071725 
0.000927424235884 
0.000927321433572 
0.000927218663354 
0.000927115923771 
0.000927013213357 
0.000926910530644 
0.000926807874176 
0.000926705242521 
0.000926602634278 
0.000926500048094 
0.000926397482671 
0.000926294936780 
0.000926192409273 
0.000926089899095 
0.000925987405292 
0.000925884927029 
0.000925782463600 
0.000925680014438 
0.000925577579127 
0.000925475157417 
0.000925372749232 
0.000925270354685 
0.000925167974085 
0.000925065607952 
0.000924963257023 
0.000924860922266 
0.000924758604889 
0.000924656306344 
0.000924554028343 
0.000924451772859 
0.000924349542136 
0.000924247338695 
0.000924145165337 
0.000924043025147 
0.000923940921501 
0.000923838858061 
0.000923736838781 
0.000923634867904 
0.000923532949962 
0.000923431089768 
0.000923329292419 
0.000923227563281 
0.000923125907992 
0.000923024332444 
0.000922922842779 
0.000922821445378 
0.000922720146843 
0.000922618953990 
0.000922517873833 
0.000922416913564 
0.000922316080541 
0.000922215382271 
0.000922114826388 
0.000922014420637 
0.000921914172853 
0.000921814090943 
0.000921714182866 
0.000921614456612 
0.000921514920182 
0.000921415581567 
0.000921316448733 
0.000921217529595 
0.000921118832004 
0.000921020363723 
0.000920922132415 
0.000920824145624 
0.000920726410757 
0.000920628935073 
0.000920531725663 
0.000920434789446 
0.000920338133145 
0.000920241763289 
0.000920145686193 
0.000920049907954 
0.000919954434443 
0.000919859271299 
0.000919764423922 
0.000919669897469 
0.000919575696851 
0.000919481826734 
0.000919388291530 
0.000919295095404 
0.000919202242271 
0.000919109735795 
0.000919017579397 
0.000918925776252 
0.000918834329293 
0.000918743241216 
0.000918652514485 
0.000918562151335 
0.000918472153776 
0.000918382523601 
0.000918293262389 
0.000918204371514 
0.000918115852148 
0.000918027705269 
0.000917939931665 
0.000917852531944 
0.000917765506537 
0.000917678855709 
0.000917592579558 
0.000917506678028 
0.000917421150915 
0.000917335997867 
0.000917251218398 
0.000917166811889 
0.000917082777597 
0.000916999114656 
0.000916915822089 
0.000916832898809 
0.000916750343626 
0.000916668155251 
0.000916586332303 
0.000916504873312 
0.000916423776725 
0.000916343040908 
0.000916262664155 
0.000916182644686 
0.000916102980658 
0.000916023670162 
0.000915944711233 
0.000915866101847 
0.000915787839931 
0.000915709923361 
0.000915632349970 
0.000915555117545 
0.000915478223835 
0.000915401666553 
0.000915325443376 
0.000915249551949 
0.000915173989888 
0.000915098754783 
0.000915023844196 
0.000914949255669 
0.000914874986723 
0.000914801034857 
0.000914727397557 
0.000914654072291 
0.000914581056514 
0.000914508347669 
0.000914435943188 
0.000914363840495 
0.000914292037005 
0.000914220530128 
0.000914149317268 
0.000914078395826 
0.000914007763199 
0.000913937416785 
0.000913867353978 
0.000913797572176 
0.000913728068778 
0.000913658841182 
0.000913589886795 
0.000913521203024 
0.000913452787283 
0.000913384636991 
0.000913316749575 
0.000913249122467 
0.000913181753111 
0.000913114638956 
0.000913047777461 
0.000912981166097 
0.000912914802344 
0.000912848683693 
0.000912782807648 
0.000912717171723 
0.000912651773446 
0.000912586610357 
0.000912521680012 
0.000912456979979 
0.000912392507838 
0.000912328261189 
0.000912264237643 
0.000912200434827 
0.000912136850385 
0.000912073481976 
0.000912010327275 
0.000911947383974 
0.000911884649781 
0.000911822122423 
0.000911759799643 
0.000911697679200 
0.000911635758872 
0.000911574036456 
0.000911512509765 
0.000911451176631 
0.000911390034904 
0.000911329082453 
0.000911268317164 
0.000911207736944 
0.000911147339717 
0.000911087123427 
0.000911027086034 
0.000910967225521 
0.000910907539888 
0.000910848027154 
0.000910788685357 
0.000910729512554 
0.000910670506823 
0.000910611666259 
0.000910552988977 
0.000910494473112 
0.000910436116816 
0.000910377918263 
0.000910319875643 
0.000910261987169 
0.000910204251069 
0.000910146665593 
0.000910089229008 
0.000910031939602 
0.000909974795680 
0.000909917795567 
0.000909860937606 
0.000909804220159 
0.000909747641607 
0.000909691200350 
0.000909634894804 
0.000909578723407 
0.000909522684611 
0.000909466776890 
0.000909410998734 
0.000909355348652 
0.000909299825170 
0.000909244426832 
0.000909189152200 
0.000909133999853 
0.000909078968387 
0.000909024056418 
0.000908969262575 
0.000908914585507 
0.000908860023878 
0.000908805576372 
0.000908751241686 
0.000908697018535 
0.000908642905650 
0.000908588901780 
0.000908535005687 
0.000908481216152 
0.000908427531970 
0.000908373951951 
0.000908320474923 
0.000908267099728 
0.000908213825223 
0.000908160650281 
0.000908107573789 
0.000908054594648 
0.000908001711777 
0.000907948924106 
0.000907896230581 
0.000907843630163 
0.000907791121824 
0.000907738704554 
0.000907686377355 
0.000907634139240 
0.000907581989240 
0.000907529926397 
0.000907477949767 
0.000907426058416 
0.000907374251428 
0.000907322527897 
0.000907270886928 
0.000907219327642 
0.000907167849170 
0.000907116450655 
0.000907065131254 
0.000907013890133 
0.000906962726474 
0.000906911639465 
0.000906860628311 
0.000906809692224 
0.000906758830430 
0.000906708042164 
0.000906657326674 
0.000906606683217 
0.000906556111062 
0.000906505609487 
0.000906455177781 
0.000906404815245 
0.000906354521186 
0.000906304294925 
0.000906254135791 
0.000906204043123 
0.000906154016270 
0.000906104054589 
0.000906054157448 
0.000906004324223 
0.000905954554300 
0.000905904847073 
0.000905855201946 
0.000905805618331 
0.000905756095648 
0.000905706633327 
0.000905657230805 
0.000905607887527 
0.000905558602948 
0.000905509376529 
0.000905460207740 
0.000905411096059 
0.000905362040971 
0.000905313041967 
0.000905264098550 
0.000905215210225 
0.000905166376508 
0.000905117596921 
0.000905068870993 
0.000905020198259 
0.000904971578263 
0.000904923010553 
0.000904874494686 
0.000904826030224 
0.000904777616737 
0.000904729253800 
0.000904680940994 
0.000904632677907 
0.000904584464133 
0.000904536299272 
0.000904488182930 
0.000904440114718 
0.000904392094253 
0.000904344121159 
0.000904296195063 
0.000904248315599 
0.000904200482408 
0.000904152695132 
0.000904104953423 
0.000904057256934 
0.000904009605326 
0.000903961998263 
0.000903914435416 
0.000903866916459 
0.000903819441071 
0.000903772008936 
0.000903724619744 
0.000903677273186 
0.000903629968962 
0.000903582706772 
0.000903535486323 
0.000903488307326 
0.000903441169496 
0.000903394072551 
0.000903347016215 
0.000903300000214 
0.000903253024279 
0.000903206088146 
0.000903159191553 
0.000903112334241 
0.000903065515958 
0.000903018736452 
0.000902971995478 
0.000902925292791 
0.000902878628152 
0.000902832001326 
0.000902785412077 
0.000902738860178 
0.000902692345401 
0.000902645867524 
0.000902599426326 
0.000902553021590 
0.000902506653102 
0.000902460320651 
0.000902414024029 
0.000902367763031 
0.000902321537455 
0.000902275347102 
0.000902229191774 
0.000902183071277 
0.000902136985421 
0.000902090934016 
0.000902044916877 
0.000901998933820 
0.000901952984664 
0.000901907069230 
0.000901861187343 
0.000901815338828 
0.000901769523514 
0.000901723741232 
0.000901677991815 
0.000901632275100 
0.000901586590922 
0.000901540939122 
0.000901495319543 
0.000901449732027 
0.000901404176421 
0.000901358652574 
0.000901313160335 
0.000901267699556 
0.000901222270091 
0.000901176871797 
0.000901131504531 
0.000901086168152 
0.000901040862522 
0.000900995587504 
0.000900950342963 
0.000900905128766 
0.000900859944781 
0.000900814790878 
0.000900769666929 
0.000900724572807 
0.000900679508386 
0.000900634473544 
0.000900589468158 
0.000900544492107 
0.000900499545274 
0.000900454627539 
0.000900409738786 
0.000900364878902 
0.000900320047772 
0.000900275245285 
0.000900230471330 
0.000900185725798 
0.000900141008581 
0.000900096319571 
0.000900051658663 
0.000900007025754 
0.000899962420740 
0.000899917843519 
0.000899873293991 
0.000899828772057 
0.000899784277617 
0.000899739810574 
0.000899695370834 
0.000899650958299 
0.000899606572878 
0.000899562214475 
0.000899517883001 
0.000899473578364 
0.000899429300474 
0.000899385049242 
0.000899340824580 
0.000899296626402 
0.000899252454621 
0.000899208309153 
0.000899164189913 
0.000899120096818 
0.000899076029786 
0.000899031988734 
0.000898987973583 
0.000898943984253 
0.000898900020664 
0.000898856082739 
0.000898812170400 
0.000898768283570 
0.000898724422174 
0.000898680586136 
0.000898636775383 
0.000898592989840 
0.000898549229435 
0.000898505494096 
0.000898461783751 
0.000898418098330 
0.000898374437762 
0.000898330801978 
0.000898287190910 
0.000898243604488 
0.000898200042647 
0.000898156505319 
0.000898112992437 
0.000898069503937 
0.000898026039752 
0.000897982599820 
0.000897939184076 
0.000897895792456 
0.000897852424899 
0.000897809081341 
0.000897765761722 
0.000897722465980 
0.000897679194055 
0.000897635945887 
0.000897592721416 
0.000897549520584 
0.000897506343331 
0.000897463189600 
0.000897420059334 
0.000897376952475 
0.000897333868967 
0.000897290808753 
0.000897247771778 
0.000897204757987 
0.000897161767325 
0.000897118799738 
0.000897075855171 
0.000897032933572 
0.000896990034887 
0.000896947159063 
0.000896904306048 
0.000896861475791 
0.000896818668239 
0.000896775883342 
0.000896733121049 
0.000896690381310 
0.000896647664074 
0.000896604969291 
0.000896562296914 
0.000896519646892 
0.000896477019177 
0.000896434413721 
0.000896391830476 
0.000896349269395 
0.000896306730429 
0.000896264213532 
0.000896221718658 
0.000896179245760 
0.000896136794792 
0.000896094365708 
0.000896051958464 
0.000896009573013 
0.000895967209311 
0.000895924867314 
0.000895882546977 
0.000895840248256 
0.000895797971107 
0.000895755715488 
0.000895713481354 
0.000895671268663 
0.000895629077372 
0.000895586907439 
0.000895544758822 
0.000895502631478 
0.000895460525367 
0.000895418440446 
0.000895376376674 
0.000895334334010 
0.000895292312415 
0.000895250311846 
0.000895208332264 
0.000895166373629 
0.000895124435901 
0.000895082519040 
0.000895040623007 
0.000894998747763 
0.000894956893268 
0.000894915059484 
0.000894873246373 
0.000894831453895 
0.000894789682012 
0.000894747930687 
0.000894706199882 
0.000894664489559 
0.000894622799681 
0.000894581130209 
0.000894539481109 
0.000894497852341 
0.000894456243870 
0.000894414655659 
0.000894373087671 
0.000894331539871 
0.000894290012222 
0.000894248504689 
0.000894207017235 
0.000894165549826 
0.000894124102425 
0.000894082674997 
0.000894041267508 
0.000893999879922 
0.000893958512205 
0.000893917164321 
0.000893875836237 
0.000893834527919 
0.000893793239330 
0.000893751970439 
0.000893710721211 
0.000893669491611 
0.000893628281607 
0.000893587091165 
0.000893545920251 
0.000893504768832 
0.000893463636876 
0.000893422524348 
0.000893381431217 
0.000893340357449 
0.000893299303013 
0.000893258267874 
0.000893217252002 
0.000893176255363 
0.000893135277926 
0.000893094319658 
0.000893053380528 
0.000893012460504 
0.000892971559554 
0.000892930677647 
0.000892889814751 
0.000892848970835 
0.000892808145868 
0.000892767339818 
0.000892726552655 
0.000892685784348 
0.000892645034865 
0.000892604304176 
0.000892563592251 
0.000892522899059 
0.000892482224570 
0.000892441568753 
0.000892400931578 
0.000892360313016 
0.000892319713035 
0.000892279131607 
0.000892238568701 
0.000892198024287 
0.000892157498337 
0.000892116990820 
0.000892076501707 
0.000892036030969 
0.000891995578576 
0.000891955144500 
0.000891914728710 
0.000891874331179 
0.000891833951877 
0.000891793590775 
0.000891753247845 
0.000891712923058 
0.000891672616386 
0.000891632327799 
0.000891592057270 
0.000891551804770 
0.000891511570271 
0.000891471353744 
0.000891431155162 
0.000891390974497 
0.000891350811721 
0.000891310666805 
0.000891270539722 
0.000891230430445 
0.000891190338945 
0.000891150265195 
0.000891110209167 
0.000891070170835 
0.000891030150171 
0.000890990147147 
0.000890950161736 
0.000890910193912 
0.000890870243646 
0.000890830310913 
0.000890790395684 
0.000890750497934 
0.000890710617636 
0.000890670754762 
0.000890630909286 
0.000890591081182 
0.000890551270423 
0.000890511476982 
0.000890471700833 
0.000890431941950 
0.000890392200307 
0.000890352475876 
0.000890312768633 
0.000890273078551 
0.000890233405604 
0.000890193749766 
0.000890154111011 
0.000890114489313 
0.000890074884647 
0.000890035296986 
0.000889995726306 
0.000889956172580 
0.000889916635784 
0.000889877115890 
0.000889837612875 
0.000889798126713 
0.000889758657378 
0.000889719204845 
0.000889679769089 
0.000889640350084 
0.000889600947807 
0.000889561562231 
0.000889522193332 
0.000889482841084 
0.000889443505464 
0.000889404186445 
0.000889364884004 
0.000889325598116 
0.000889286328755 
0.000889247075898 
0.000889207839520 
0.000889168619596 
0.000889129416102 
0.000889090229013 
0.000889051058306 
0.000889011903955 
0.000888972765937 
0.000888933644228 
0.000888894538802 
0.000888855449637 
0.000888816376708 
0.000888777319992 
0.000888738279463 
0.000888699255099 
0.000888660246876 
0.000888621254769 
0.000888582278755 
0.000888543318810 
0.000888504374911 
0.000888465447034 
0.000888426535155 
0.000888387639252 
0.000888348759300 
0.000888309895276 
0.000888271047156 
0.000888232214919 
0.000888193398539 
0.000888154597994 
0.000888115813261 
0.000888077044316 
0.000888038291137 
0.000887999553700 
0.000887960831983 
0.000887922125962 
0.000887883435615 
0.000887844760918 
0.000887806101850 
0.000887767458386 
0.000887728830505 
0.000887690218183 
0.000887651621399 
0.000887613040128 
0.000887574474350 
0.000887535924041 
0.000887497389178 
0.000887458869740 
0.000887420365705 
0.000887381877048 
0.000887343403749 
0.000887304945785 
0.000887266503134 
0.000887228075774 
0.000887189663682 
0.000887151266836 
0.000887112885215 
0.000887074518796 
0.000887036167557 
0.000886997831477 
0.000886959510533 
0.000886921204704 
0.000886882913967 
0.000886844638302 
0.000886806377686 
0.000886768132097 
0.000886729901515 
0.000886691685916 
0.000886653485281 
0.000886615299587 
0.000886577128812 
0.000886538972935 
0.000886500831936 
0.000886462705791 
0.000886424594481 
0.000886386497983 
0.000886348416277 
0.000886310349341 
0.000886272297154 
0.000886234259696 
0.000886196236943 
0.000886158228877 
0.000886120235475 
0.000886082256717 
0.000886044292581 
0.000886006343047 
0.000885968408094 
0.000885930487701 
0.000885892581847 
0.000885854690511 
0.000885816813673 
0.000885778951312 
0.000885741103407 
0.000885703269938 
0.000885665450884 
0.000885627646224 
0.000885589855938 
0.000885552080005 
0.000885514318406 
0.000885476571118 
0.000885438838123 
0.000885401119400 
0.000885363414928 
0.000885325724688 
0.000885288048658 
0.000885250386819 
0.000885212739151 
0.000885175105633 
0.000885137486245 
0.000885099880968 
0.000885062289781 
0.000885024712663 
0.000884987149597 
0.000884949600560 
0.000884912065534 
0.000884874544499 
0.000884837037434 
0.000884799544320 
0.000884762065137 
0.000884724599866 
0.000884687148486 
0.000884649710979 
0.000884612287324 
0.000884574877502 
0.000884537481493 
0.000884500099278 
0.000884462730837 
0.000884425376151 
0.000884388035201 
0.000884350707967 
0.000884313394429 
0.000884276094568 
0.000884238808366 
0.000884201535802 
0.000884164276858 
0.000884127031514 
0.000884089799752 
0.000884052581552 
0.000884015376894 
0.000883978185761 
0.000883941008132 
0.000883903843989 
0.000883866693313 
0.000883829556085 
0.000883792432286 
0.000883755321898 
0.000883718224901 
0.000883681141276 
0.000883644071005 
0.000883607014069 
0.000883569970449 
0.000883532940127 
0.000883495923084 
0.000883458919302 
0.000883421928761 
0.000883384951443 
0.000883347987331 
0.000883311036404 
0.000883274098645 
0.000883237174035 
0.000883200262557 
0.000883163364190 
0.000883126478918 
0.000883089606722 
0.000883052747584 
0.000883015901485 
0.000882979068407 
0.000882942248332 
0.000882905441241 
0.000882868647118 
0.000882831865943 
0.000882795097698 
0.000882758342366 
0.000882721599929 
0.000882684870368 
0.000882648153665 
0.000882611449804 
0.000882574758764 
0.000882538080530 
0.000882501415083 
0.000882464762405 
0.000882428122479 
0.000882391495286 
0.000882354880810 
0.000882318279032 
0.000882281689934 
0.000882245113500 
0.000882208549711 
0.000882171998551 
0.000882135460000 
0.000882098934043 
0.000882062420661 
0.000882025919837 
0.000881989431554 
0.000881952955793 
0.000881916492539 
0.000881880041773 
0.000881843603478 
0.000881807177638 
0.000881770764234 
0.000881734363249 
0.000881697974667 
0.000881661598470 
0.000881625234641 
0.000881588883162 
0.000881552544018 
0.000881516217190 
0.000881479902662 
0.000881443600417 
0.000881407310438 
0.000881371032707 
0.000881334767209 
0.000881298513925 
0.000881262272840 
0.000881226043936 
0.000881189827197 
0.000881153622606 
0.000881117430145 
0.000881081249800 
0.000881045081551 
0.000881008925384 
0.000880972781281 
0.000880936649226 
0.000880900529203 
0.000880864421194 
0.000880828325183 
0.000880792241154 
0.000880756169090 
0.000880720108974 
0.000880684060791 
0.000880648024524 
0.000880612000157 
0.000880575987673 
0.000880539987056 
0.000880503998289 
0.000880468021357 
0.000880432056243 
0.000880396102931 
0.000880360161405 
0.000880324231649 
0.000880288313646 
0.000880252407380 
0.000880216512836 
0.000880180629998 
0.000880144758848 
0.000880108899372 
0.000880073051554 
0.000880037215376 
0.000880001390825 
0.000879965577882 
0.000879929776534 
0.000879893986764 
0.000879858208555 
0.000879822441893 
0.000879786686762 
0.000879750943145 
0.000879715211028 
0.000879679490394 
0.000879643781228 
0.000879608083514 
0.000879572397237 
0.000879536722380 
0.000879501058929 
0.000879465406868 
0.000879429766182 
0.000879394136854 
0.000879358518870 
0.000879322912214 
0.000879287316870 
0.000879251732824 
0.000879216160060 
0.000879180598562 
0.000879145048316 
0.000879109509305 
0.000879073981515 
0.000879038464931 
0.000879002959537 
0.000878967465318 
0.000878931982260 
0.000878896510346 
0.000878861049561 
0.000878825599892 
0.000878790161322 
0.000878754733837 
0.000878719317421 
0.000878683912059 
0.000878648517738 
0.000878613134441 
0.000878577762153 
0.000878542400861 
0.000878507050549 
0.000878471711201 
0.000878436382805 
0.000878401065343 
0.000878365758803 
0.000878330463168 
0.000878295178425 
0.000878259904558 
0.000878224641553 
0.000878189389396 
0.000878154148071 
0.000878118917565 
0.000878083697861 
0.000878048488947 
0.000878013290807 
0.000877978103427 
0.000877942926792 
0.000877907760889 
0.000877872605701 
0.000877837461216 
0.000877802327419 
0.000877767204294 
0.000877732091829 
0.000877696990008 
0.000877661898818 
0.000877626818244 
0.000877591748271 
0.000877556688886 
0.000877521640074 
0.000877486601822 
0.000877451574114 
0.000877416556937 
0.000877381550277 
0.000877346554120 
0.000877311568451 
0.000877276593256 
0.000877241628522 
0.000877206674235 
0.000877171730380 
0.000877136796943 
0.000877101873911 
0.000877066961270 
0.000877032059005 
0.000876997167103 
0.000876962285550 
0.000876927414332 
0.000876892553436 
0.000876857702847 
0.000876822862552 
0.000876788032538 
0.000876753212789 
0.000876718403293 
0.000876683604036 
0.000876648815004 
0.000876614036184 
0.000876579267563 
0.000876544509125 
0.000876509760859 
0.000876475022749 
0.000876440294784 
0.000876405576949 
0.000876370869231 
0.000876336171616 
0.000876301484091 
0.000876266806642 
0.000876232139257 
0.000876197481921 
0.000876162834622 
0.000876128197345 
0.000876093570079 
0.000876058952809 
0.000876024345522 
0.000875989748204 
0.000875955160844 
0.000875920583427 
0.000875886015940 
0.000875851458370 
0.000875816910705 
0.000875782372930 
0.000875747845032 
0.000875713327000 
0.000875678818819 
0.000875644320476 
0.000875609831959 
0.000875575353254 
0.000875540884349 
0.000875506425230 
0.000875471975885 
0.000875437536301 
0.000875403106464 
0.000875368686362 
0.000875334275983 
0.000875299875312 
0.000875265484338 
0.000875231103047 
0.000875196731427 
0.000875162369465 
0.000875128017148 
0.000875093674464 
0.000875059341400 
0.000875025017943 
0.000874990704080 
0.000874956399799 
0.000874922105087 
0.000874887819932 
0.000874853544321 
0.000874819278241 
0.000874785021680 
0.000874750774626 
0.000874716537066 
0.000874682308987 
0.000874648090376 
0.000874613881223 
0.000874579681513 
0.000874545491235 
0.000874511310376 
0.000874477138924 
0.000874442976867 
0.000874408824192 
0.000874374680887 
0.000874340546939 
0.000874306422336 
0.000874272307067 
0.000874238201118 
0.000874204104478 
0.000874170017135 
0.000874135939075 
0.000874101870288 
0.000874067810761 
0.000874033760481 
0.000873999719437 
0.000873965687616 
0.000873931665007 
0.000873897651598 
0.000873863647376 
0.000873829652329 
0.000873795666446 
0.000873761689714 
0.000873727722122 
0.000873693763657 
0.000873659814308 
0.000873625874063 
0.000873591942909 
0.000873558020835 
0.000873524107830 
0.000873490203881 
0.000873456308976 
0.000873422423104 
0.000873388546252 
0.000873354678410 
0.000873320819566 
0.000873286969707 
0.000873253128822 
0.000873219296899 
0.000873185473927 
0.000873151659894 
0.000873117854788 
0.000873084058598 
0.000873050271312 
0.000873016492918 
0.000872982723406 
0.000872948962763 
0.000872915210978 
0.000872881468039 
0.000872847733935 
0.000872814008655 
0.000872780292186 
0.000872746584518 
0.000872712885639 
0.000872679195538 
0.000872645514203 
0.000872611841623 
0.000872578177787 
0.000872544522683 
0.000872510876300 
0.000872477238626 
0.000872443609651 
0.000872409989363 
0.000872376377750 
0.000872342774802 
0.000872309180508 
0.000872275594856 
0.000872242017834 
0.000872208449433 
0.000872174889640 
0.000872141338444 
0.000872107795835 
0.000872074261802 
0.000872040736332 
0.000872007219416 
0.000871973711042 
0.000871940211198 
0.000871906719875 
0.000871873237061 
0.000871839762745 
0.000871806296916 
0.000871772839563 
0.000871739390676 
0.000871705950242 
0.000871672518252 
0.000871639094695 
0.000871605679559 
0.000871572272834 
0.000871538874508 
0.000871505484572 
0.000871472103014 
0.000871438729824 
0.000871405364991 
0.000871372008503 
0.000871338660351 
0.000871305320523 
0.000871271989009 
0.000871238665798 
0.000871205350879 
0.000871172044242 
0.000871138745876 
0.000871105455771 
0.000871072173916 
0.000871038900300 
0.000871005634912 
0.000870972377743 
0.000870939128781 
0.000870905888016 
0.000870872655438 
0.000870839431036 
0.000870806214799 
0.000870773006717 
0.000870739806780 
0.000870706614977 
0.000870673431297 
0.000870640255731 
0.000870607088268 
0.000870573928897 
0.000870540777608 
0.000870507634391 
0.000870474499236 
0.000870441372131 
0.000870408253068 
0.000870375142035 
0.000870342039022 
0.000870308944019 
0.000870275857015 
0.000870242778002 
0.000870209706967 
0.000870176643901 
0.000870143588795 
0.000870110541637 
0.000870077502417 
0.000870044471126 
0.000870011447754 
0.000869978432289 
0.000869945424722 
0.000869912425044 
0.000869879433243 
0.000869846449310 
0.000869813473234 
0.000869780505007 
0.000869747544617 
0.000869714592055 
0.000869681647311 
0.000869648710374 
0.000869615781236 
0.000869582859885 
0.000869549946312 
0.000869517040508 
0.000869484142461 
0.000869451252163 
0.000869418369603 
0.000869385494771 
0.000869352627658 
0.000869319768254 
0.000869286916550 
0.000869254072534 
0.000869221236198 
0.000869188407531 
0.000869155586525 
0.000869122773169 
0.000869089967453 
0.000869057169368 
0.000869024378903 
0.000868991596051 
0.000868958820800 
0.000868926053141 
0.000868893293064 
0.000868860540560 
0.000868827795619 
0.000868795058232 
0.000868762328388 
0.000868729606079 
0.000868696891295 
0.000868664184026 
0.000868631484262 
0.000868598791995 
0.000868566107214 
0.000868533429911 
0.000868500760075 
0.000868468097697 
0.000868435442768 
0.000868402795278 
0.000868370155218 
0.000868337522579 
0.000868304897351 
0.000868272279524 
0.000868239669089 
0.000868207066037 
0.000868174470359 
0.000868141882045 
0.000868109301086 
0.000868076727473 
0.000868044161195 
0.000868011602245 
0.000867979050612 
0.000867946506288 
0.000867913969263 
0.000867881439528 
0.000867848917074 
0.000867816401891 
0.000867783893970 
0.000867751393303 
0.000867718899879 
0.000867686413690 
0.000867653934727 
0.000867621462981 
0.000867588998441 
0.000867556541100 
0.000867524090949 
0.000867491647977 
0.000867459212176 
0.000867426783538 
0.000867394362052 
0.000867361947710 
0.000867329540503 
0.000867297140422 
0.000867264747457 
0.000867232361601 
0.000867199982843 
0.000867167611176 
0.000867135246589 
0.000867102889075 
0.000867070538623 
0.000867038195226 
0.000867005858874 
0.000866973529559 
0.000866941207271 
0.000866908892001 
0.000866876583742 
0.000866844282484 
0.000866811988218 
0.000866779700935 
0.000866747420627 
0.000866715147284 
0.000866682880899 
0.000866650621461 
0.000866618368964 
0.000866586123397 
0.000866553884752 
0.000866521653020 
0.000866489428193 
0.000866457210261 
0.000866424999217 
0.000866392795052 
0.000866360597756 
0.000866328407321 
0.000866296223739 
0.000866264047001 
0.000866231877099 
0.000866199714023 
0.000866167557765 
0.000866135408316 
0.000866103265669 
0.000866071129814 
0.000866039000743 
0.000866006878448 
0.000865974762919 
0.000865942654148 
0.000865910552128 
0.000865878456848 
0.000865846368302 
0.000865814286480 
0.000865782211373 
