1.000000000000000 
0.002161183128232 
0.002117452172216 
0.002115230822471 
0.002114096068816 
0.002113135651756 
0.002112154500553 
0.002111075438175 
0.002109851409740 
0.002108443618301 
0.002106814235505 
0.002104923403566 
0.002102727797224 
0.002100179891638 
0.002097227654719 
0.002093814587017 
0.002089880115154 
0.002085360379463 
0.002080189467147 
0.002074301136247 
0.002067631055170 
0.002060119547778 
0.002051714785895 
0.002042376311597 
0.002032078705211 
0.002020815148821 
0.002008600579434 
0.001995474093234 
0.001981500265076 
0.001966769095485 
0.001951394395010 
0.001935510558248 
0.001919267852690 
0.001902826525831 
0.001886350185387 
0.001869998997963 
0.001853923257425 
0.001838257794805 
0.001823117564881 
0.001808594596108 
0.001794756367424 
0.001781645587560 
0.001769281284590 
0.001757661046171 
0.001746764177618 
0.001736555475973 
0.001726989273008 
0.001718013396030 
0.001709572739154 
0.001701612221213 
0.001694079011294 
0.001686924006842 
0.001680102634638 
0.001673575101658 
0.001667306248875 
0.001661265160538 
0.001655424661841 
0.001649760807446 
0.001644252429800 
0.001638880784526 
0.001633629302985 
0.001628483439347 
0.001623430580853 
0.001618459976513 
0.001613562635110 
0.001608731153004 
0.001603959457145 
0.001599242482362 
0.001594575830463 
0.001589955468699 
0.001585377512838 
0.001580838113381 
0.001576333435904 
0.001571859708714 
0.001567413305872 
0.001562990838157 
0.001558589233449 
0.001554205796826 
0.001549838247379 
0.001545484732655 
0.001541143823528 
0.001536814492839 
0.001532496081262 
0.001528188253886 
0.001523890951272 
0.001519604339024 
0.001515328760216 
0.001511064694913 
0.001506812730606 
0.001502573546556 
0.001498347914123 
0.001494136714427 
0.001489940974221 
0.001485761920611 
0.001481601054113 
0.001477460236092 
0.001473341778920 
0.001469248514890 
0.001465183806636 
0.001461151456640 
0.001457155488287 
0.001453199810453 
0.001449287828786 
0.001445422100751 
0.001441604123492 
0.001437834295137 
0.001434112029213 
0.001430435960491 
0.001426804172677 
0.001423214396897 
0.001419664158052 
0.001416150870089 
0.001412671895124 
0.001409224585490 
0.001405806325696 
0.001402414586089 
0.001399046994134 
0.001395701423386 
0.001392376094747 
0.001389069679375 
0.001385781388412 
0.001382511032474 
0.001379259035356 
0.001376026392295 
0.001372814572890 
0.001369625379896 
0.001366460783909 
0.001363322757685 
0.001360213131358 
0.001357133482839 
0.001354085068835 
0.001351068794251 
0.001348085212666 
0.001345134548587 
0.001342216732534 
0.001339331441697 
0.001336478141058 
0.001333656121907 
0.001330864536244 
0.001328102426695 
0.001325368752255 
0.001322662410502 
0.001319982257107 
0.001317327123426 
0.001314695832856 
0.001312087216487 
0.001309500128331 
0.001306933460188 
0.001304386155910 
0.001301857224575 
0.001299345751865 
0.001296850908839 
0.001294371957319 
0.001291908251339 
0.001289459234457 
0.001287024433235 
0.001284603447679 
0.001282195939833 
0.001279801621939 
0.001277420245566 
0.001275051592837 
0.001272695470462 
0.001270351706760 
0.001268020151289 
0.001265700676275 
0.001263393178692 
0.001261097581752 
0.001258813834627 
0.001256541909519 
0.001254281795605 
0.001252033489888 
0.001249796985407 
0.001247572257626 
0.001245359249953 
0.001243157859336 
0.001240967922668 
0.001238789204477 
0.001236621386047 
0.001234464055876 
0.001232316701214 
0.001230178700417 
0.001228049316032 
0.001225927688982 
0.001223812834983 
0.001221703645711 
0.001219598899292 
0.001217497287795 
0.001215397473443 
0.001213298189358 
0.001211198402184 
0.001209097547039 
0.001206995822025 
0.001204894485379 
0.001202796045983 
0.001200704216679 
0.001198623556827 
0.001196558864235 
0.001194514505485 
0.001192493898190 
0.001190499264613 
0.001188531645043 
0.001186591077544 
0.001184676840517 
0.001182787686398 
0.001180922033116 
0.001179078106617 
0.001177254040662 
0.001175447943798 
0.001173657942704 
0.001171882208972 
0.001170118974344 
0.001168366537803 
0.001166623266843 
0.001164887594480 
0.001163158013157 
0.001161433066344 
0.001159711338440 
0.001157991443406 
0.001156272012453 
0.001154551680975 
0.001152829074857 
0.001151102796210 
0.001149371408564 
0.001147633421570 
0.001145887275362 
0.001144131324978 
0.001142363825709 
0.001140582921090 
0.001138786636692 
0.001136972885123 
0.001135139491119 
0.001133284250178 
0.001131405039511 
0.001129500003693 
0.001127567834534 
0.001125608146707 
0.001123621909226 
0.001121611829350 
0.001119582526777 
0.001117540336325 
0.001115492681327 
0.001113447140806 
0.001111410479927 
0.001109387919039 
0.001107382784464 
0.001105396517008 
0.001103428911110 
0.001101478443291 
0.001099542588696 
0.001097618075813 
0.001095701067755 
0.001093787279185 
0.001091872046051 
0.001089950367201 
0.001088016937401 
0.001086066193225 
0.001084092397784 
0.001082089797324 
0.001080052889869 
0.001077976847662 
0.001075858120299 
0.001073695200193 
0.001071489448967 
0.001069245781161 
0.001066972941006 
0.001064683168581 
0.001062391254919 
0.001060113228073 
0.001057865022995 
0.001055661395514 
0.001053515151924 
0.001051436646418 
0.001049433500717 
0.001047510546180 
0.001045669993127 
0.001043911789194 
0.001042234085433 
0.001040633720085 
0.001039106653022 
0.001037648317905 
0.001036253887063 
0.001034918459970 
0.001033637191779 
0.001032405377945 
0.001031218507895 
0.001030072297334 
0.001028962705830 
0.001027885944193 
0.001026838474709 
0.001025817006342 
0.001024818486450 
0.001023840090175 
0.001022879208466 
0.001021933435524 
0.001021000556375 
0.001020078535180 
0.001019165504815 
0.001018259758189 
0.001017359741640 
0.001016464050672 
0.001015571428076 
0.001014680764331 
0.001013791099910 
0.001012901628850 
0.001012011702707 
0.001011120833790 
0.001010228696447 
0.001009335125234 
0.001008440108985 
0.001007543780220 
0.001006646399808 
0.001005748337427 
0.001004850048834 
0.001003952051365 
0.001003054899236 
0.001002159160153 
0.001001265394484 
0.001000374137886 
0.000999485887819 
0.000998601094046 
0.000997720152853 
0.000996843404559 
0.000995971133743 
0.000995103571606 
0.000994240899917 
0.000993383256046 
0.000992530738667 
0.000991683413794 
0.000990841320883 
0.000990004478770 
0.000989172891271 
0.000988346552308 
0.000987525450430 
0.000986709572637 
0.000985898907444 
0.000985093447135 
0.000984293189197 
0.000983498136972 
0.000982708299568 
0.000981923691150 
0.000981144329704 
0.000980370235442 
0.000979601428970 
0.000978837929387 
0.000978079752418 
0.000977326908715 
0.000976579402388 
0.000975837229819 
0.000975100378795 
0.000974368827958 
0.000973642546535 
0.000972921494352 
0.000972205622059 
0.000971494871542 
0.000970789176467 
0.000970088462931 
0.000969392650159 
0.000968701651240 
0.000968015373858 
0.000967333721012 
0.000966656591695 
0.000965983881532 
0.000965315483367 
0.000964651287791 
0.000963991183609 
0.000963335058255 
0.000962682798143 
0.000962034288962 
0.000961389415920 
0.000960748063935 
0.000960110117778 
0.000959475462171 
0.000958843981843 
0.000958215561544 
0.000957590086020 
0.000956967439953 
0.000956347507864 
0.000955730173982 
0.000955115322077 
0.000954502835255 
0.000953892595723 
0.000953284484510 
0.000952678381148 
0.000952074163310 
0.000951471706402 
0.000950870883093 
0.000950271562797 
0.000949673611071 
0.000949076888950 
0.000948481252183 
0.000947886550365 
0.000947292625953 
0.000946699313137 
0.000946106436550 
0.000945513809786 
0.000944921233687 
0.000944328494379 
0.000943735360991 
0.000943141583029 
0.000942546887329 
0.000941950974562 
0.000941353515217 
0.000940754145037 
0.000940152459905 
0.000939548010252 
0.000938940295165 
0.000938328756619 
0.000937712774584 
0.000937091664366 
0.000936464678440 
0.000935831016333 
0.000935189847894 
0.000934540357254 
0.000933881816258 
0.000933213695415 
0.000932535814634 
0.000931848522033 
0.000931152866551 
0.000930450706173 
0.000929744685845 
0.000929038046053 
0.000928334284470 
0.000927636757483 
0.000926948333164 
0.000926271176402 
0.000925606685618 
0.000924955548512 
0.000924317863195 
0.000923693277082 
0.000923081113698 
0.000922480474633 
0.000921890315079 
0.000921309496703 
0.000920736823187 
0.000920171063384 
0.000919610966205 
0.000919055270525 
0.000918502712995 
0.000917952036637 
0.000917402003565 
0.000916851415905 
0.000916299149856 
0.000915744208216 
0.000915185795597 
0.000914623416651 
0.000914056989291 
0.000913486952581 
0.000912914336248 
0.000912340754087 
0.000911768296011 
0.000911199324463 
0.000910636217661 
0.000910081123581 
0.000909535781404 
0.000909001437405 
0.000908478848691 
0.000907968347078 
0.000907469930870 
0.000906983359141 
0.000906508233717 
0.000906044063138 
0.000905590308674 
0.000905146415310 
0.000904711831343 
0.000904286019980 
0.000903868465635 
0.000903458676908 
0.000903056187586 
0.000902660556546 
0.000902271367100 
0.000901888226087 
0.000901510762900 
0.000901138628508 
0.000900771494531 
0.000900409052354 
0.000900051012287 
0.000899697102759 
0.000899347069530 
0.000899000674924 
0.000898657697069 
0.000898317929137 
0.000897981178601 
0.000897647266489 
0.000897316026647 
0.000896987305018 
0.000896660958929 
0.000896336856393 
0.000896014875435 
0.000895694903436 
0.000895376836503 
0.000895060578861 
0.000894746042275 
0.000894433145501 
0.000894121813759 
0.000893811978244 
0.000893503575660 
0.000893196547781 
0.000892890841048 
0.000892586406180 
0.000892283197826 
0.000891981174234 
0.000891680296941 
0.000891380530494 
0.000891081842191 
0.000890784201836 
0.000890487581520 
0.000890191955417 
0.000889897299601 
0.000889603591871 
0.000889310811599 
0.000889018939584 
0.000888727957924 
0.000888437849899 
0.000888148599858 
0.000887860193126 
0.000887572615915 
0.000887285855236 
0.000886999898835 
0.000886714735119 
0.000886430353098 
0.000886146742330 
0.000885863892875 
0.000885581795242 
0.000885300440355 
0.000885019819516 
0.000884739924368 
0.000884460746867 
0.000884182279255 
0.000883904514037 
0.000883627443956 
0.000883351061973 
0.000883075361252 
0.000882800335141 
0.000882525977158 
0.000882252280979 
0.000881979240422 
0.000881706849442 
0.000881435102117 
0.000881163992640 
0.000880893515310 
0.000880623664530 
0.000880354434792 
0.000880085820678 
0.000879817816851 
0.000879550418055 
0.000879283619101 
0.000879017414874 
0.000878751800322 
0.000878486770457 
0.000878222320347 
0.000877958445121 
0.000877695139957 
0.000877432400089 
0.000877170220799 
0.000876908597415 
0.000876647525316 
0.000876386999920 
0.000876127016693 
0.000875867571139 
0.000875608658805 
0.000875350275276 
0.000875092416178 
0.000874835077173 
0.000874578253958 
0.000874321942268 
0.000874066137874 
0.000873810836578 
0.000873556034219 
0.000873301726668 
0.000873047909828 
0.000872794579635 
0.000872541732055 
0.000872289363086 
0.000872037468757 
0.000871786045127 
0.000871535088284 
0.000871284594345 
0.000871034559457 
0.000870784979796 
0.000870535851563 
0.000870287170991 
0.000870038934338 
0.000869791137890 
0.000869543777960 
0.000869296850888 
0.000869050353040 
0.000868804280807 
0.000868558630607 
0.000868313398885 
0.000868068582108 
0.000867824176770 
0.000867580179391 
0.000867336586513 
0.000867093394704 
0.000866850600555 
0.000866608200682 
0.000866366191724 
0.000866124570345 
0.000865883333229 
0.000865642477087 
