180.000000000000000 
180.000000010919621 
180.000000013004723 
180.000000049597332 
180.000000065618366 
180.000000074896832 
180.000000081031686 
180.000000085860563 
180.000000090613668 
180.000000095687398 
180.000000100993901 
180.000000106376888 
180.000000111980000 
180.000000117611137 
180.000000123039769 
180.000000128288150 
180.000000133293440 
180.000000137951815 
180.000000142093000 
180.000000169126196 
180.000000193387109 
180.000000215161180 
180.000000234650912 
180.000000251995459 
180.000000267130162 
180.000000280348218 
180.000000291986453 
180.000000301862940 
180.000000310477049 
180.000000317807348 
180.000000324157554 
180.000000329486596 
180.000000334163360 
180.000000338037552 
180.000000341546041 
180.000000344449802 
180.000000347135824 
180.000000349737377 
180.000000352385541 
180.000000354880626 
180.000000357796040 
180.000000360929619 
180.000000364379304 
180.000000368159021 
180.000000372704534 
180.000000377707124 
180.000000383262375 
180.000000389754263 
180.000000396966641 
180.000000405185546 
180.000000414363228 
180.000000424529503 
180.000000435771824 
180.000000448269986 
180.000000461873043 
180.000000476494478 
180.000000492773609 
180.000000510071743 
180.000000529093654 
180.000000549337187 
180.000000570823318 
180.000000594138697 
180.000000618570510 
180.000000644694808 
180.000000672339979 
180.000000701993599 
180.000000732888310 
180.000000764956695 
180.000000798697215 
180.000000833671379 
180.000000869820298 
180.000000906825562 
180.000000946030184 
180.000000985749011 
180.000001026378129 
180.000001067528189 
180.000001109298807 
180.000001151147188 
180.000001193179145 
180.000001235110915 
180.000001276305738 
180.000001316722773 
180.000001355475234 
180.000001393259993 
180.000001429125859 
180.000001462848758 
180.000001492955391 
180.000001520061971 
180.000001544382371 
180.000001563880573 
180.000001579392347 
180.000001589356430 
180.000001594018926 
180.000001592768371 
180.000001585199357 
180.000001571493897 
180.000001550001457 
180.000001521067929 
180.000001484483505 
180.000001439013033 
180.000001385351680 
180.000001323334487 
180.000001252379235 
180.000001171818184 
180.000001082192313 
180.000000983860787 
180.000000877032960 
180.000000760633611 
180.000000635555239 
180.000000502328021 
180.000000361035575 
180.000000211749580 
180.000000054661626 
179.999999890225865 
179.999999719244613 
179.999999541676232 
179.999999358704770 
179.999999170009460 
179.999998976502468 
179.999998779053271 
179.999998578399300 
179.999998375745065 
179.999998170715003 
179.999997963530404 
179.999997755754919 
179.999997547662502 
179.999997339124036 
179.999997133026369 
179.999996927890379 
179.999996725501603 
179.999996526609323 
179.999996330091022 
179.999996138022595 
179.999995949790303 
179.999995766268853 
179.999995587936695 
179.999995415596572 
179.999995249371807 
179.999995090001534 
179.999994938062912 
179.999994792708378 
179.999994654136884 
179.999994524235632 
179.999994402237718 
179.999994289040956 
179.999994183972404 
179.999994086137718 
179.999993997837663 
179.999993918841938 
179.999993847099461 
179.999993784811124 
179.999993730917879 
179.999993686088885 
179.999993649435510 
179.999993622339616 
179.999993603308496 
179.999993592118102 
179.999993589214057 
179.999993594586897 
179.999993607776105 
179.999993628693915 
179.999993657355049 
179.999993693387012 
179.999993736042995 
179.999993784764285 
179.999993839482926 
179.999993900080142 
179.999993967948058 
179.999994041608659 
179.999994120326676 
179.999994204692882 
179.999994292277734 
179.999994386067328 
179.999994483298281 
179.999994583937223 
179.999994688826177 
179.999994797162913 
179.999994908728695 
179.999995023721340 
179.999995139774057 
179.999995259857940 
179.999995382193219 
179.999995506439518 
179.999995632136631 
179.999995759971625 
179.999995888163198 
179.999996018400736 
179.999996148484115 
179.999996279507911 
179.999996411286759 
179.999996543266661 
179.999996675266743 
179.999996807896309 
179.999996941118468 
179.999997074660882 
179.999997207733941 
179.999997340002835 
179.999997472499786 
179.999997604988891 
179.999997736045373 
179.999997866950878 
179.999997995533988 
179.999998125231571 
179.999998253384661 
179.999998379985470 
179.999998505871758 
179.999998630988216 
179.999998754465878 
179.999998877179564 
179.999998998671401 
179.999999119133520 
179.999999238891348 
179.999999356573198 
179.999999473806668 
179.999999589415438 
179.999999702771220 
179.999999816416448 
179.999999927445458 
180.000000037255802 
180.000000147260039 
180.000000255158284 
180.000000360131821 
180.000000464582058 
180.000000567650204 
180.000000669592566 
180.000000769098335 
180.000000868133384 
180.000000964949550 
180.000001060709167 
180.000001155282291 
180.000001247934449 
180.000001338845038 
180.000001428672192 
180.000001516088787 
180.000001603107989 
180.000001688574343 
180.000001772179814 
180.000001854298603 
180.000001935493572 
180.000002015400696 
180.000002092388684 
180.000002169508775 
180.000002244202165 
180.000002318181942 
180.000002389542090 
180.000002461103747 
180.000002530689471 
180.000002599643949 
180.000002667876856 
180.000002733259521 
180.000002797138620 
180.000002859490223 
180.000002922303736 
180.000002983650234 
180.000003044548350 
180.000003103775725 
180.000003162194730 
180.000003218938218 
180.000003274689902 
180.000003329522201 
180.000003384564479 
180.000003438520253 
180.000003491809252 
180.000003543922844 
180.000003596123747 
180.000003646995879 
180.000003698812520 
180.000003748156530 
180.000003797008162 
180.000003845571825 
180.000003892944505 
180.000003941726504 
180.000003990233040 
180.000004037120334 
180.000004084207774 
180.000004131082051 
180.000004177723270 
180.000004223819076 
180.000004268568659 
180.000004313998943 
180.000004359957074 
180.000004404641174 
180.000004450632559 
180.000004495131861 
180.000004539398674 
180.000004583349039 
180.000004627284966 
180.000004672102250 
180.000004715721445 
180.000004759764749 
180.000004803773209 
180.000004847856019 
180.000004892052914 
180.000004936440973 
180.000004980204267 
180.000005024859661 
180.000005068682640 
180.000005113457632 
180.000005157174996 
180.000005202596640 
180.000005247318427 
180.000005291687330 
180.000005336246545 
180.000005380654500 
180.000005423565369 
180.000005468651807 
180.000005513385531 
180.000005558271710 
180.000005604082446 
180.000005649078616 
180.000005694296533 
180.000005739497738 
180.000005785897201 
180.000005831756653 
180.000005877995818 
180.000005924551772 
180.000005969379743 
180.000006016136012 
180.000006062040939 
180.000006108644016 
180.000006155170240 
180.000006201671226 
180.000006248765885 
180.000006295210710 
180.000006341593348 
180.000006387405506 
180.000006433015983 
180.000006478685805 
180.000006524749210 
180.000006570563414 
180.000006616527344 
180.000006662418741 
180.000006708517844 
180.000006753514413 
180.000006799944117 
180.000006845853704 
180.000006890297982 
180.000006934974067 
180.000006978104466 
180.000007022516456 
180.000007066454373 
180.000007110328056 
180.000007153805086 
180.000007196771435 
180.000007238712897 
180.000007281779745 
180.000007325171168 
180.000007367401281 
180.000007409637078 
180.000007451191550 
180.000007491501037 
180.000007530386597 
180.000007570303296 
180.000007610370517 
180.000007650127145 
180.000007689192216 
180.000007727554816 
180.000007765353303 
180.000007802843811 
180.000007840730518 
180.000007877526514 
180.000007914244179 
180.000007949984251 
180.000007985564139 
180.000008020437235 
180.000008054706427 
180.000008087587048 
180.000008120709708 
180.000008153233352 
180.000008185279171 
180.000008217339541 
180.000008247933124 
180.000008279118674 
180.000008308866995 
180.000008338636576 
180.000008367345458 
180.000008395259783 
180.000008421631833 
180.000008449408142 
180.000008474960850 
180.000008499502769 
180.000008524615851 
180.000008548792721 
180.000008571862622 
180.000008594841916 
180.000008616604532 
180.000008638696272 
180.000008659732771 
180.000008680441510 
180.000008701155707 
180.000008719674497 
180.000008738365750 
180.000008756325997 
180.000008775380024 
180.000008793876191 
180.000008809941164 
180.000008826885278 
180.000008842737202 
180.000008857232615 
180.000008870787724 
180.000008885789953 
180.000008900363127 
180.000008913953138 
180.000008925447219 
180.000008937833400 
180.000008950451502 
180.000008960813489 
180.000008971595435 
180.000008981175029 
180.000008990565561 
180.000009000387649 
180.000009008546613 
180.000009016470017 
180.000009024177757 
180.000009032709272 
180.000009038438179 
180.000009045683441 
180.000009051820143 
180.000009057244370 
180.000009061998753 
180.000009067507222 
180.000009071483419 
180.000009075295225 
180.000009077610230 
180.000009081001849 
180.000009085368788 
180.000009089100104 
180.000009090598382 
180.000009091587572 
180.000009092777645 
180.000009093090966 
180.000009093196468 
180.000009094123470 
180.000009093888366 
180.000009092212167 
180.000009090406479 
180.000009089086120 
180.000009086809314 
180.000009084045359 
180.000009081404642 
180.000009077524624 
180.000009072373814 
180.000009069010162 
180.000009065056702 
180.000009059073022 
180.000009052826385 
180.000009045260981 
180.000009038419762 
180.000009031660966 
180.000009023493703 
180.000009015063483 
180.000009006511050 
180.000008998085491 
180.000008987592764 
180.000008977980656 
180.000008968403336 
180.000008958018384 
180.000008945549553 
180.000008932870060 
180.000008921036397 
180.000008908404084 
180.000008894495750 
180.000008881077292 
180.000008866661460 
180.000008851051575 
180.000008835068115 
180.000008819718005 
180.000008803621995 
180.000008787394449 
180.000008769100646 
180.000008751662108 
180.000008734268135 
180.000008716783213 
180.000008696991131 
180.000008677788969 
180.000008658488014 
180.000008637857945 
180.000008618886795 
180.000008598774912 
180.000008576769005 
180.000008555109162 
180.000008534387462 
180.000008512803333 
180.000008491554922 
180.000008470213515 
180.000008447617006 
180.000008425710234 
180.000008404190112 
180.000008382366559 
180.000008359771414 
180.000008338142038 
180.000008316201388 
180.000008294471968 
180.000008271518823 
180.000008248339554 
180.000008226215073 
180.000008203289212 
180.000008181101293 
180.000008158519222 
180.000008136368024 
180.000008115231594 
180.000008092705571 
180.000008071790717 
180.000008050771953 
180.000008029075161 
180.000008005924542 
180.000007983255500 
180.000007961023698 
180.000007939815305 
180.000007920036865 
180.000007900331866 
180.000007878484098 
180.000007857057085 
180.000007834996723 
180.000007814549690 
180.000007794093563 
180.000007773785114 
180.000007753011573 
180.000007732210634 
180.000007713076229 
180.000007693472071 
180.000007674022186 
180.000007653859143 
180.000007633422683 
180.000007612734294 
180.000007592277143 
180.000007571942660 
180.000007551447197 
180.000007531417054 
180.000007511537660 
180.000007492590726 
180.000007471526828 
180.000007451455531 
180.000007431041126 
180.000007411437878 
180.000007391330655 
180.000007371577453 
180.000007351459089 
180.000007331121310 
180.000007310573210 
180.000007290551821 
180.000007270509059 
180.000007249335454 
180.000007230699225 
180.000007211565503 
180.000007191975556 
180.000007172612186 
180.000007152622629 
180.000007132942301 
180.000007113555284 
180.000007093447152 
180.000007073232155 
180.000007053220429 
180.000007034607961 
180.000007015356232 
180.000006994809041 
180.000006975185784 
180.000006955090612 
180.000006935530223 
180.000006915444374 
180.000006895951742 
180.000006876433190 
180.000006857058679 
180.000006837019441 
180.000006817702456 
180.000006798824757 
180.000006780079843 
180.000006760445558 
180.000006742554888 
180.000006724767331 
180.000006705356668 
180.000006685909398 
180.000006668036917 
180.000006648010981 
180.000006629954328 
180.000006610839023 
180.000006591181204 
180.000006571449831 
180.000006552836567 
180.000006534257864 
180.000006515696327 
180.000006495298635 
180.000006474798397 
180.000006454861364 
180.000006435757768 
180.000006416204315 
180.000006395342893 
180.000006375307066 
180.000006355228834 
180.000006333417559 
180.000006311845027 
180.000006290352530 
180.000006268918355 
180.000006247096508 
180.000006225309903 
180.000006202985560 
180.000006180810260 
180.000006156579389 
180.000006133019838 
180.000006109738251 
180.000006087309430 
180.000006063430646 
180.000006039151231 
180.000006014428209 
180.000005989482588 
180.000005963534704 
180.000005938192999 
180.000005912910410 
180.000005887421480 
180.000005861502018 
180.000005835383263 
180.000005809382628 
180.000005783598681 
180.000005756170481 
180.000005729709756 
180.000005703449006 
180.000005676269211 
180.000005648099432 
180.000005622253411 
180.000005594590448 
180.000005566144409 
180.000005539596032 
180.000005510262781 
180.000005481365292 
180.000005451891298 
180.000005423496191 
180.000005394006735 
180.000005366420964 
180.000005337739935 
180.000005308441928 
180.000005279649713 
180.000005251629887 
180.000005223562653 
180.000005195412996 
180.000005165736070 
180.000005136840741 
180.000005107663583 
180.000005078830668 
180.000005049482183 
180.000005019573223 
180.000004990610250 
180.000004962450816 
180.000004933420996 
180.000004903361287 
180.000004874778142 
180.000004845737749 
180.000004817217018 
180.000004788361025 
180.000004758338150 
180.000004730832984 
180.000004702217893 
180.000004674127126 
180.000004646629350 
180.000004619198535 
180.000004591138236 
180.000004562559980 
180.000004534683512 
180.000004505842412 
180.000004478739584 
180.000004451770451 
180.000004424850772 
180.000004400275657 
180.000004373487855 
180.000004347832942 
180.000004322465884 
180.000004297083819 
180.000004271362513 
180.000004247346510 
180.000004222202506 
180.000004197399221 
180.000004172672675 
180.000004147583127 
180.000004122632163 
180.000004098462114 
180.000004073820492 
180.000004050762527 
180.000004026377155 
180.000004002867627 
180.000003978254654 
180.000003953359737 
180.000003930511639 
180.000003906499387 
180.000003882654482 
180.000003861022037 
180.000003839031933 
180.000003817116749 
180.000003795918929 
180.000003773176104 
180.000003751692020 
180.000003730213621 
180.000003708083113 
180.000003686748187 
180.000003665000349 
180.000003643680202 
180.000003621497171 
180.000003600618925 
180.000003580673592 
180.000003559236120 
180.000003538155852 
180.000003518193125 
180.000003496987460 
180.000003476175607 
180.000003456193781 
180.000003436910447 
180.000003417520929 
180.000003398564786 
180.000003378923111 
180.000003360954452 
180.000003340574722 
180.000003320485689 
180.000003300644380 
180.000003280744295 
180.000003261087954 
180.000003242599632 
180.000003223748081 
180.000003204351287 
180.000003186011782 
180.000003168232297 
180.000003150183602 
180.000003131847052 
180.000003113786079 
180.000003095504894 
180.000003076368102 
180.000003058304969 
180.000003039894523 
180.000003021256589 
180.000003001456889 
180.000002982836918 
180.000002964534815 
180.000002946375162 
180.000002928360573 
180.000002910412377 
180.000002893225428 
180.000002875655127 
180.000002856365768 
180.000002838271598 
180.000002819261908 
180.000002800292464 
180.000002782612228 
180.000002764453029 
180.000002747226517 
180.000002729766720 
180.000002713163326 
180.000002696540150 
180.000002678961891 
180.000002660393875 
180.000002641380661 
180.000002624413014 
180.000002605992222 
180.000002588442840 
180.000002570444167 
180.000002551551233 
180.000002532360668 
180.000002514150765 
180.000002495286026 
180.000002476761438 
180.000002457891014 
180.000002438094043 
180.000002420090823 
180.000002400987796 
180.000002383082233 
180.000002363849831 
180.000002345647204 
180.000002327136144 
180.000002309382012 
180.000002290993962 
180.000002271665380 
180.000002253998218 
180.000002234440899 
180.000002215525001 
180.000002195609227 
180.000002174753718 
180.000002153860009 
180.000002133638418 
180.000002113824507 
180.000002094717729 
180.000002073668497 
180.000002053214757 
180.000002031154509 
180.000002011360493 
180.000001990258397 
180.000001969859341 
180.000001948262934 
180.000001927259632 
180.000001906077841 
180.000001884975518 
180.000001864203796 
180.000001841728931 
180.000001818503051 
180.000001794714535 
180.000001771016969 
180.000001748816658 
180.000001724844424 
180.000001701460292 
180.000001677016940 
180.000001652561309 
180.000001628098858 
180.000001601814802 
180.000001576729005 
180.000001551237801 
180.000001525123025 
180.000001499762675 
180.000001473755333 
180.000001446878969 
180.000001419882324 
180.000001392669219 
180.000001364458285 
180.000001335630486 
180.000001307111916 
180.000001279133585 
180.000001250149353 
180.000001221392949 
180.000001191617457 
180.000001161276032 
180.000001130961437 
180.000001100060672 
180.000001068664233 
180.000001038937967 
180.000001009604375 
180.000000976606088 
180.000000946687351 
180.000000914192242 
180.000000883801363 
180.000000852151743 
180.000000820784862 
180.000000789104661 
180.000000759443537 
180.000000727420343 
180.000000695759127 
180.000000664731829 
180.000000633119726 
180.000000601620854 
180.000000570381189 
180.000000538817858 
180.000000506091055 
180.000000475179149 
180.000000444548050 
180.000000413518592 
180.000000382694907 
180.000000351425570 
180.000000319975584 
180.000000289672698 
180.000000259450417 
180.000000228590352 
180.000000197993131 
180.000000167206963 
180.000000136673748 
180.000000104437049 
180.000000073295269 
180.000000041390422 
180.000000011023303 
179.999999979513404 
179.999999947656306 
179.999999915501121 
179.999999883725195 
179.999999851931989 
179.999999819046820 
179.999999785163482 
179.999999751140194 
179.999999717585524 
179.999999684168415 
179.999999650093855 
179.999999614370608 
179.999999578225925 
179.999999543010972 
179.999999506363338 
179.999999470242074 
179.999999435277232 
179.999999399311378 
179.999999362905100 
179.999999326494049 
179.999999289947255 
179.999999253075657 
179.999999215138587 
179.999999178607595 
179.999999140592877 
179.999999104408971 
179.999999066654709 
179.999999029486617 
179.999998991728944 
179.999998955763317 
179.999998919560994 
179.999998880230805 
179.999998842793502 
179.999998805039240 
179.999998768241312 
179.999998731191681 
179.999998694005626 
179.999998656041726 
179.999998618349991 
179.999998581911996 
179.999998544584059 
179.999998507939836 
179.999998472581296 
179.999998437756517 
179.999998402627625 
179.999998367244757 
179.999998331023562 
179.999998295138539 
179.999998260035227 
179.999998226752041 
179.999998193650981 
179.999998159279357 
179.999998125997081 
179.999998091457428 
179.999998057275093 
179.999998023151875 
179.999997989150756 
179.999997954856440 
179.999997921659428 
179.999997888862936 
179.999997855986180 
179.999997822159912 
179.999997788494511 
179.999997755104232 
179.999997722006128 
179.999997689236238 
179.999997654912590 
179.999997622448063 
179.999997590147132 
179.999997556092922 
179.999997523987304 
179.999997492570856 
179.999997460104851 
179.999997428041752 
179.999997394352476 
179.999997361997657 
179.999997331049940 
179.999997299224333 
179.999997265809725 
179.999997233391696 
179.999997201335873 
179.999997169081325 
179.999997136789261 
179.999997105311081 
179.999997074329485 
179.999997041694769 
179.999997009372009 
179.999996976971715 
179.999996944837221 
179.999996912077904 
179.999996880574372 
179.999996848554474 
179.999996816485577 
179.999996784546511 
179.999996752815605 
179.999996721426214 
179.999996690464286 
179.999996660187094 
179.999996629543375 
179.999996596713004 
179.999996564215394 
179.999996532060322 
179.999996500843395 
179.999996467513711 
179.999996434919126 
179.999996402420152 
179.999996370018721 
179.999996337952552 
179.999996304670844 
179.999996270813426 
179.999996238427229 
179.999996206916876 
179.999996173570935 
179.999996141408587 
179.999996109208496 
179.999996078296135 
179.999996046613546 
179.999996014002704 
179.999995982132191 
179.999995949448703 
179.999995916829221 
179.999995884478949 
179.999995851871859 
179.999995819828428 
179.999995786987711 
179.999995753917005 
179.999995722680637 
179.999995688977833 
179.999995656949295 
179.999995622837559 
179.999995590905314 
179.999995558302771 
179.999995524500491 
179.999995492409880 
179.999995459476736 
179.999995426181499 
179.999995394014945 
179.999995360927528 
179.999995328850787 
179.999995296664565 
179.999995262724156 
179.999995227832528 
179.999995196368445 
179.999995164117990 
179.999995131410287 
179.999995098139152 
179.999995064245809 
179.999995032400420 
179.999994999624164 
179.999994966597797 
179.999994933645212 
179.999994900408637 
179.999994866617953 
179.999994833887399 
179.999994800206309 
179.999994765279098 
179.999994731617448 
179.999994697337115 
179.999994664649194 
179.999994630677975 
179.999994596556917 
179.999994563018163 
179.999994530016806 
179.999994494758425 
179.999994461329948 
179.999994426818716 
179.999994392403892 
179.999994359101493 
179.999994324861746 
179.999994290043787 
179.999994255761294 
179.999994221490169 
179.999994188204141 
179.999994153640955 
179.999994119796384 
179.999994085859157 
179.999994051001408 
179.999994016329993 
179.999993981749867 
179.999993946788209 
179.999993911986849 
179.999993876454937 
179.999993841313994 
179.999993806965563 
179.999993772657717 
179.999993738812123 
179.999993703859673 
179.999993668155298 
179.999993635610281 
179.999993600305743 
179.999993563967791 
179.999993528585492 
179.999993494296177 
179.999993460590304 
179.999993425076468 
179.999993388969983 
179.999993354480353 
179.999993319845089 
179.999993285906612 
179.999993251595470 
179.999993216391658 
179.999993179543253 
179.999993145801795 
179.999993111150843 
179.999993075326529 
179.999993040416030 
179.999993005562715 
179.999992969547407 
179.999992934903730 
179.999992899079416 
179.999992863175976 
179.999992828192489 
179.999992793402612 
179.999992758770532 
179.999992722131196 
179.999992686854739 
179.999992651494949 
179.999992617083763 
179.999992580805838 
179.999992545418991 
179.999992509757249 
179.999992474360170 
179.999992439036646 
179.999992404281556 
179.999992368020457 
179.999992332686929 
179.999992296672190 
179.999992262239402 
179.999992226884615 
179.999992190354078 
179.999992155680957 
179.999992121525565 
179.999992085905774 
179.999992051273125 
179.999992017065551 
179.999991982920506 
179.999991948498746 
179.999991914087332 
179.999991878952187 
179.999991844593978 
179.999991809713038 
179.999991773530269 
179.999991738847029 
179.999991704249965 
179.999991668650296 
179.999991635769447 
179.999991601044485 
179.999991565939581 
179.999991531089563 
179.999991496117900 
179.999991460410456 
179.999991426166048 
179.999991390907326 
179.999991355999327 
179.999991321454445 
179.999991286693330 
179.999991251407550 
179.999991218169384 
179.999991184229202 
179.999991150317214 
179.999991115126477 
179.999991079983033 
179.999991047084563 
179.999991012718510 
179.999990978560163 
179.999990943981288 
179.999990910814631 
179.999990878297240 
179.999990845624325 
179.999990813573049 
179.999990779385143 
179.999990746076946 
179.999990713696889 
179.999990679352095 
179.999990646038214 
179.999990613813907 
179.999990580470694 
179.999990547600191 
179.999990513535067 
179.999990481276768 
179.999990448645462 
179.999990416323158 
179.999990383237218 
179.999990351551560 
179.999990318580899 
179.999990287483570 
179.999990254948898 
179.999990223205032 
179.999990192408973 
179.999990160567222 
179.999990128020841 
179.999990094546433 
179.999990064026406 
179.999990032689993 
179.999990001513083 
179.999989970041838 
179.999989938792623 
179.999989907263284 
179.999989875237816 
179.999989842863783 
179.999989812502463 
179.999989780560099 
179.999989749081351 
179.999989717235735 
179.999989686199228 
179.999989654935462 
179.999989623937495 
179.999989591919302 
179.999989561589359 
179.999989530570474 
179.999989499869116 
179.999989468846024 
179.999989439853039 
179.999989409284126 
179.999989377853126 
179.999989346529674 
179.999989316908795 
179.999989286939126 
179.999989258637811 
179.999989227610172 
179.999989198314779 
179.999989168516436 
179.999989140168395 
179.999989110912566 
179.999989080359001 
179.999989050714589 
179.999989021891338 
179.999988991959981 
179.999988964248359 
179.999988934202065 
179.999988905314353 
179.999988875482586 
179.999988846551105 
179.999988818547081 
179.999988789391637 
179.999988760799965 
179.999988733914961 
179.999988706673321 
179.999988678019690 
179.999988650680621 
179.999988622645219 
179.999988594699971 
179.999988568234016 
179.999988540815593 
179.999988511331026 
179.999988482953086 
179.999988455577181 
179.999988428326787 
179.999988401508972 
179.999988374318718 
179.999988345740121 
179.999988318691749 
179.999988291989439 
179.999988265225966 
179.999988239204527 
179.999988212606581 
179.999988187217127 
179.999988159990835 
179.999988132713611 
179.999988107665786 
179.999988081959827 
179.999988055620747 
179.999988029558608 
179.999988003555927 
179.999987977380670 
179.999987950284776 
179.999987923681942 
179.999987896966218 
179.999987873438954 
179.999987846996078 
179.999987822199614 
179.999987796320511 
179.999987771356132 
179.999987746366514 
179.999987721451362 
179.999987695426853 
179.999987670203154 
179.999987644968883 
179.999987619296348 
179.999987594646541 
179.999987569830637 
179.999987543229736 
179.999987516833130 
179.999987492433206 
179.999987467651863 
179.999987442118027 
179.999987417609304 
179.999987392455068 
179.999987367057997 
179.999987342258123 
179.999987316522606 
179.999987292757623 
179.999987267877486 
179.999987242519296 
179.999987218523529 
179.999987193838933 
179.999987169458450 
179.999987144699162 
179.999987120118249 
179.999987095817460 
179.999987071240071 
179.999987047639479 
179.999987023094150 
179.999986999090083 
179.999986975457091 
179.999986951256119 
179.999986926547308 
179.999986901426269 
179.999986876726553 
179.999986852628240 
179.999986828672263 
179.999986803772458 
179.999986780157883 
179.999986756451449 
179.999986732583579 
179.999986693109577 
179.999986655394878 
179.999986620778714 
179.999986587179592 
179.999986556248359 
179.999986527719670 
179.999986500441196 
179.999986473457170 
179.999986448030654 
179.999986424350141 
179.999986401231922 
179.999986381212125 
179.999986360972116 
179.999986343629530 
179.999986328029763 
179.999986313751720 
179.999986299236184 
179.999986286976991 
179.999986275063179 
179.999986265174016 
179.999986255577369 
179.999986247511288 
179.999986239822078 
179.999986232486435 
179.999986227767181 
179.999986225240491 
179.999986221793847 
179.999986219685184 
179.999986217588003 
179.999986217138371 
179.999986217312198 
179.999986218777622 
179.999986220654250 
179.999986223176847 
179.999986226687497 
179.999986230934951 
179.999986234357493 
179.999986237551298 
179.999986242545901 
179.999986248030723 
179.999986254699252 
179.999986261885624 
179.999986269812553 
179.999986277751532 
179.999986287434581 
179.999986298197882 
179.999986310155805 
179.999986320212201 
179.999986331437640 
179.999986343500495 
179.999986356347335 
179.999986368831742 
179.999986381531016 
179.999986394602843 
179.999986409691132 
179.999986425789189 
179.999986440819612 
179.999986456339002 
179.999986472308365 
179.999986490921287 
179.999986507878361 
179.999986525245163 
179.999986544409353 
179.999986563891525 
179.999986583132795 
179.999986604139167 
179.999986626562873 
179.999986648132904 
179.999986671018064 
179.999986695333519 
179.999986719602475 
179.999986744443163 
179.999986770790656 
179.999986797754559 
179.999986824919688 
179.999986852154279 
179.999986880925235 
179.999986909242239 
179.999986938303891 
179.999986969054817 
179.999987000090414 
179.999987032997979 
179.999987066196127 
179.999987098924066 
179.999987133443369 
179.999987168811913 
179.999987203927617 
179.999987240879932 
179.999987277718674 
179.999987315896760 
179.999987354645555 
179.999987394069421 
179.999987434034324 
179.999987474635077 
179.999987516893952 
179.999987559519468 
179.999987603541626 
179.999987648359252 
179.999987694420270 
179.999987740889878 
179.999987787422924 
179.999987834858075 
179.999987884472375 
179.999987933750276 
179.999987982768516 
179.999988034824582 
179.999988086962844 
179.999988140407822 
179.999988194473985 
179.999988248020259 
179.999988303946566 
179.999988360376847 
179.999988417802342 
179.999988477103216 
179.999988537196941 
179.999988596458252 
179.999988656122923 
179.999988716123880 
179.999988778214060 
179.999988840249671 
179.999988903590292 
179.999988968222283 
179.999989033119391 
179.999989098052993 
179.999989163055375 
179.999989230026245 
179.999989297152410 
179.999989364479802 
179.999989431574932 
179.999989500318293 
179.999989569750596 
179.999989639783280 
179.999989710789578 
179.999989782461739 
179.999989854769410 
179.999989926186117 
179.999989999114518 
179.999990073486970 
179.999990148217535 
179.999990221852272 
179.999990297347154 
179.999990374490494 
179.999990450456608 
179.999990527193404 
179.999990603409060 
179.999990681329450 
179.999990758271906 
179.999990837410905 
179.999990916838101 
179.999990995991197 
179.999991075625530 
179.999991156808846 
179.999991237397921 
179.999991316289311 
179.999991397237295 
179.999991480194694 
179.999991562012838 
179.999991643882595 
179.999991725052837 
179.999991806289472 
179.999991888527461 
179.999991971964732 
179.999992054483300 
179.999992139421124 
179.999992222561559 
179.999992306825789 
179.999992390870489 
179.999992476584680 
179.999992561899717 
179.999992646368014 
179.999992730238546 
179.999992816361100 
179.999992903261500 
179.999992989580278 
179.999993076387454 
179.999993162734427 
179.999993249182126 
179.999993337155274 
179.999993423537148 
179.999993511622165 
179.999993599027221 
179.999993687759456 
179.999993776085375 
179.999993864101384 
179.999993954436150 
179.999994044777054 
179.999994134242229 
179.999994224076090 
179.999994314975879 
179.999994406062910 
179.999994497591160 
179.999994589479911 
179.999994682149918 
179.999994773711137 
179.999994867815531 
179.999994961015773 
179.999995053935663 
179.999995145628873 
179.999995240505996 
179.999995334700543 
179.999995430286390 
179.999995525550617 
179.999995622185224 
179.999995720979541 
179.999995818607658 
179.999995915506929 
179.999996013212012 
179.999996112916278 
179.999996211548137 
179.999996312623352 
179.999996412675046 
179.999996513968199 
179.999996615291820 
179.999996718512193 
179.999996821233481 
179.999996925329924 
179.999997029652263 
179.999997134163550 
179.999997239982008 
179.999997347021690 
179.999997454127652 
179.999997562292265 
179.999997669534309 
179.999997780126478 
179.999997891293674 
179.999998001015342 
179.999998112168896 
179.999998224219325 
179.999998336060457 
179.999998450608132 
179.999998564839984 
179.999998679367991 
179.999998794112003 
179.999998911088369 
179.999999027860895 
179.999999144554522 
179.999999263663199 
179.999999382957185 
179.999999503143272 
179.999999624569568 
179.999999746957769 
179.999999869036401 
179.999999992088760 
180.000000116943625 
180.000000241555767 
180.000000368881842 
180.000000495104246 
180.000000622418156 
180.000000751096195 
180.000000880464768 
180.000001008798677 
180.000001139384835 
180.000001271412430 
180.000001404133400 
180.000001537234766 
180.000001670043275 
180.000001804213753 
180.000001939775530 
180.000002074990675 
180.000002211909305 
180.000002348193675 
180.000002485020900 
180.000002622027409 
180.000002761162250 
180.000002901275138 
180.000003040570846 
180.000003179452392 
180.000003320875066 
180.000003462442692 
180.000003603345590 
180.000003744415949 
180.000003887532102 
180.000004030327659 
180.000004173933462 
180.000004317020966 
180.000004461511253 
180.000004605139111 
180.000004748941365 
180.000004893752248 
180.000005038868608 
180.000005184187103 
180.000005331014790 
180.000005477097147 
180.000005623565471 
180.000005769812560 
180.000005918013471 
180.000006065350135 
180.000006212365975 
180.000006359080317 
180.000006504627891 
180.000006652759680 
180.000006800231063 
180.000006949530075 
180.000007096759873 
180.000007243849723 
180.000007391608619 
180.000007539243370 
180.000007686873516 
180.000007834210123 
180.000007982359875 
180.000008129929881 
180.000008275616494 
180.000008421371035 
180.000008567639782 
180.000008712792578 
180.000008859235493 
180.000009006397534 
180.000009151345978 
180.000009295740313 
180.000009440527890 
180.000009585238388 
180.000009731194325 
180.000009875111061 
180.000010020051207 
180.000010164423315 
180.000010307634454 
180.000010450649768 
180.000010593034858 
180.000010736590696 
180.000010877847842 
180.000011018944008 
180.000011160470081 
180.000011301492350 
180.000011441049764 
180.000011579687339 
180.000011718849805 
180.000011858632149 
180.000011997313663 
180.000012135922475 
180.000012273514130 
180.000012409773490 
180.000012545963273 
180.000012680949851 
180.000012814806382 
180.000012949236805 
180.000013084781642 
180.000013217901540 
180.000013351814687 
180.000013486733451 
180.000013618123262 
180.000013751415850 
180.000013883329359 
180.000014016606258 
180.000014148117202 
180.000014276846628 
180.000014405368745 
180.000014534529384 
180.000014663263244 
180.000014790334774 
180.000014918517593 
180.000015045534724 
180.000015172891722 
180.000015298834455 
180.000015423415391 
180.000015549247735 
180.000015675279826 
180.000015798997367 
180.000015924321758 
180.000016048404177 
180.000016171527818 
180.000016294233035 
180.000016416630558 
180.000016536923511 
180.000016658107143 
180.000016779436635 
180.000016899204525 
180.000017018270967 
180.000017136644090 
180.000017255015621 
180.000017373717697 
180.000017491380561 
180.000017608139331 
180.000017724726888 
180.000017840257215 
180.000017955883891 
180.000018072325929 
180.000018187627177 
180.000018303569959 
180.000018417740591 
180.000018530359682 
180.000018643398164 
180.000018755904648 
180.000018867778010 
180.000018979869765 
180.000019092128525 
180.000019203215345 
180.000019313706900 
180.000019423178799 
180.000019532577369 
180.000019641609242 
180.000019752197773 
180.000019861952865 
180.000019971753943 
180.000020080899048 
180.000020189428881 
180.000020297065930 
180.000020403710550 
180.000020509748083 
180.000020616822212 
180.000020721164958 
180.000020825873889 
180.000020930293488 
180.000021034822339 
180.000021138845796 
180.000021242915011 
180.000021347135487 
180.000021450539123 
180.000021552120415 
180.000021654299644 
180.000021756265369 
180.000021856727358 
180.000021957466572 
180.000022057612227 
180.000022157100830 
180.000022257131775 
180.000022355857539 
180.000022452788301 
180.000022550201550 
180.000022646305069 
180.000022742479757 
180.000022837862844 
180.000022933730804 
180.000023029261968 
180.000023123720780 
180.000023218260822 
180.000023311168491 
180.000023404456954 
180.000023496292272 
180.000023589028842 
180.000023680419758 
180.000023771532653 
180.000023862122703 
180.000023951225728 
180.000024040526057 
180.000024128546784 
180.000024216533632 
180.000024303147256 
180.000024391198792 
180.000024477006662 
180.000024562417536 
180.000024645810242 
180.000024729764903 
180.000024812796369 
180.000024896391722 
180.000024978318834 
180.000025060523967 
180.000025141352239 
180.000025222530098 
180.000025300810194 
180.000025378922771 
180.000025456119147 
180.000025532775567 
180.000025608512999 
180.000025686140248 
180.000025761133372 
180.000025834030851 
180.000025907514782 
180.000025981203578 
180.000026052766657 
180.000026123703606 
180.000026194239751 
180.000026263536483 
180.000026330990806 
180.000026398730029 
180.000026464786174 
180.000026530330047 
180.000026596243742 
180.000026660316678 
180.000026723587837 
180.000026787584034 
180.000026848377047 
180.000026910845463 
180.000026970417650 
180.000027030227045 
180.000027088648551 
180.000027146574098 
180.000027202611761 
180.000027258604746 
180.000027314150884 
180.000027367286691 
180.000027420083825 
180.000027472412967 
180.000027525002224 
180.000027574523244 
180.000027625138671 
180.000027673402087 
180.000027720730259 
180.000027769321150 
180.000027815491990 
180.000027861449098 
180.000027906947935 
180.000027950762217 
180.000027992640810 
180.000028034796571 
180.000028076403908 
180.000028117078443 
180.000028157120482 
180.000028196331925 
180.000028234005470 
180.000028270478765 
180.000028305345722 
180.000028339817163 
180.000028374792464 
180.000028408374021 
180.000028441511404 
180.000028474791748 
180.000028505913122 
180.000028536075263 
180.000028564580020 
180.000028592296758 
180.000028619982174 
180.000028644999020 
180.000028670916493 
180.000028695687490 
180.000028718984026 
180.000028743611722 
180.000028767433037 
180.000028790104011 
180.000028811483105 
180.000028832188036 
180.000028851745981 
180.000028872238033 
180.000028891647162 
180.000028909005152 
180.000028925470815 
180.000028941730250 
180.000028956470089 
180.000028970650476 
180.000028984899132 
180.000028999130393 
180.000029010368394 
180.000029022204785 
180.000029032860255 
180.000029044380881 
180.000029054612924 
180.000029063760451 
180.000029071460517 
180.000029080089803 
180.000029087324378 
180.000029093843011 
180.000029099938445 
180.000029105406838 
180.000029111204071 
180.000029114132872 
180.000029119403621 
180.000029121619946 
180.000029123572062 
180.000029126190157 
180.000029128036772 
180.000029130277653 
180.000029131054646 
180.000029131213694 
180.000029129283405 
180.000029126772802 
180.000029125152707 
180.000029121991020 
180.000029119472913 
180.000029115720224 
180.000029112086565 
180.000029107542389 
180.000029102000781 
180.000029097666413 
180.000029091997760 
180.000029086762879 
180.000029079049000 
180.000029071470863 
180.000029062510805 
180.000029053879246 
180.000029046499435 
180.000029037548984 
180.000029028417430 
180.000029018790428 
180.000029009473621 
180.000028999371978 
180.000028989447969 
180.000028978354976 
180.000028967040464 
180.000028955436051 
180.000028941719165 
180.000028929167740 
180.000028917288716 
180.000028904784017 
180.000028890252906 
180.000028876545116 
180.000028862688907 
180.000028848073953 
180.000028833707688 
180.000028817115151 
180.000028803115185 
180.000028789524038 
180.000028773318206 
180.000028755812707 
180.000028739190441 
180.000028720893454 
180.000028702433383 
180.000028685350685 
180.000028666188655 
180.000028647238025 
180.000028629902317 
180.000028611236473 
180.000028591921421 
180.000028572791734 
180.000028551860169 
180.000028531356691 
180.000028511213031 
180.000028490381794 
180.000028468998835 
180.000028447313525 
180.000028425450125 
180.000028403982867 
180.000028379116543 
180.000028355837230 
180.000028333852924 
180.000028308276740 
180.000028283488689 
180.000028257341285 
180.000028231415911 
180.000028206938509 
180.000028180377114 
180.000028155022960 
180.000028128273641 
180.000028100466693 
180.000028073314809 
180.000028045733700 
180.000028018860007 
180.000027991143270 
180.000027962071044 
180.000027933673323 
180.000027904031299 
180.000027874144962 
180.000027845406976 
180.000027815225451 
180.000027785069335 
180.000027753506686 
180.000027722680954 
180.000027691322487 
180.000027660652677 
180.000027627585780 
180.000027593471543 
180.000027560661806 
180.000027528711144 
180.000027495462803 
180.000027460625404 
180.000027425438816 
180.000027389107402 
180.000027353734879 
180.000027317707008 
180.000027279567291 
180.000027241084524 
180.000027202385866 
180.000027163328468 
180.000027124183077 
180.000027084243698 
180.000027044647425 
180.000027004513584 
180.000026961879428 
180.000026919889251 
180.000026877458140 
180.000026835350468 
180.000026792845404 
180.000026748878440 
180.000026704823199 
180.000026659691514 
180.000026614599335 
180.000026568833334 
180.000026523208419 
180.000026475313746 
180.000026428606361 
180.000026380425197 
180.000026330307833 
180.000026280128964 
180.000026231002380 
180.000026179965289 
180.000026127554008 
180.000026075559163 
180.000026023123041 
180.000025969993089 
180.000025916150719 
180.000025862472853 
180.000025806123404 
180.000025750095006 
180.000025693836051 
180.000025638244495 
180.000025580370163 
180.000025522223609 
180.000025463751228 
180.000025404143457 
180.000025343480218 
180.000025282054935 
180.000025220353507 
180.000025157490597 
180.000025094173225 
180.000025029118092 
180.000024963720591 
180.000024897354990 
180.000024830032203 
180.000024762897397 
180.000024695355876 
180.000024627018945 
180.000024557997790 
180.000024486390600 
180.000024413676613 
180.000024341289873 
180.000024267961578 
180.000024192869716 
180.000024118738395 
180.000024043170242 
180.000023965528669 
180.000023887893747 
180.000023810124674 
180.000023732148009 
180.000023651708091 
180.000023571517602 
180.000023489450086 
180.000023406902926 
180.000023324626113 
180.000023240528378 
180.000023153981715 
180.000023068420091 
180.000022981164307 
180.000022894168069 
180.000022805965898 
180.000022715540297 
180.000022624166434 
180.000022531265813 
180.000022439258316 
180.000022347513550 
180.000022253150746 
180.000022157959961 
180.000022061143227 
180.000021964451207 
180.000021865961799 
180.000021767047087 
180.000021666812984 
180.000021564207884 
180.000021461813390 
180.000021359018490 
180.000021255235538 
180.000021150782459 
180.000021045832682 
180.000020938764465 
180.000020830425910 
180.000020723344278 
180.000020613534502 
180.000020502807047 
180.000020392041961 
180.000020277644751 
180.000020163577346 
180.000020049591626 
180.000019935097384 
180.000019819556655 
180.000019702681641 
180.000019585402697 
180.000019465938919 
180.000019346561373 
180.000019225268375 
180.000019103694854 
180.000018980740265 
180.000018857276473 
180.000018731870398 
180.000018604840022 
180.000018478799234 
180.000018350398705 
180.000018221460948 
180.000018091167703 
180.000017959535739 
180.000017827029239 
180.000017694386827 
180.000017560585206 
180.000017425865281 
180.000017288858089 
180.000017152274154 
180.000017014040566 
180.000016874387086 
180.000016733605889 
180.000016591855285 
180.000016450386624 
180.000016308685929 
180.000016163982082 
180.000016019255327 
180.000015872855840 
180.000015726777974 
180.000015577842646 
180.000015428749862 
180.000015279766956 
180.000015129202325 
180.000014978991942 
180.000014827538166 
180.000014674105842 
180.000014519328772 
180.000014362004890 
180.000014206572928 
180.000014047108380 
180.000013887740806 
180.000013728149725 
180.000013567650853 
180.000013405713048 
180.000013244521597 
180.000013081356656 
180.000012917176264 
180.000012751917552 
180.000012585439208 
180.000012417827065 
180.000012250899658 
180.000012081726368 
180.000011911414731 
180.000011741404137 
180.000011569427159 
180.000011397893218 
180.000011224806826 
180.000011051283707 
180.000010875019484 
180.000010699222344 
180.000010521061540 
180.000010342483620 
180.000010162592844 
180.000009981888411 
180.000009800953251 
180.000009618811816 
180.000009438051109 
180.000009254784459 
180.000009070906231 
180.000008885823945 
180.000008699005150 
180.000008512533896 
180.000008324559644 
180.000008135186931 
180.000007945465768 
180.000007755348008 
180.000007564842576 
180.000007372106495 
180.000007178620706 
180.000006985380310 
180.000006790882992 
180.000006594449701 
180.000006397407105 
180.000006200682492 
180.000006002462555 
180.000005804333739 
180.000005606237096 
180.000005405841193 
180.000005204765955 
180.000005003323167 
180.000004800407737 
180.000004596215263 
180.000004393286304 
180.000004187482887 
180.000003982138992 
180.000003775846380 
180.000003569989303 
180.000003362112011 
180.000003152708189 
180.000002943028676 
180.000002733561416 
180.000002522021987 
180.000002310148602 
180.000002096633409 
180.000001884458811 
180.000001672314397 
180.000001458527890 
180.000001244317446 
180.000001029326313 
180.000000811963048 
180.000000594618598 
180.000000378082746 
180.000000160670595 
179.999999941502779 
179.999999721905851 
179.999999501552111 
179.999999280636928 
179.999999058441063 
179.999998836871725 
179.999998613572416 
179.999998388833319 
179.999998163364637 
179.999997937681769 
179.999997712498327 
179.999997486915504 
179.999997261624344 
179.999997035682213 
179.999996807434741 
179.999996579522190 
179.999996349886942 
179.999996119849357 
179.999995889413185 
179.999995658870375 
179.999995427306544 
179.999995194456801 
179.999994962461869 
179.999994730102003 
179.999994497498449 
179.999994262580117 
179.999994029037566 
179.999993794034538 
179.999993555884089 
179.999993319497321 
179.999993083059508 
179.999992845848851 
179.999992608510865 
179.999992370910547 
179.999992132284433 
179.999991893616823 
179.999991654698306 
179.999991414437602 
179.999991174554509 
179.999990933841445 
179.999990693193524 
179.999990451618942 
179.999990210289468 
179.999989968254908 
179.999989725129012 
179.999989484045500 
179.999989239674903 
179.999988995246213 
179.999988750941952 
179.999988506229215 
179.999988261440080 
179.999988015950521 
179.999987770806342 
179.999987525398069 
179.999987279377933 
179.999987032567958 
179.999986784874068 
179.999986537403686 
179.999986290159598 
179.999986041127045 
179.999985793821793 
179.999985546108860 
179.999985297557316 
179.999985048491226 
179.999984797608079 
179.999984549179601 
179.999984299926155 
179.999984050106264 
179.999983799989991 
179.999983550002980 
179.999983299027463 
179.999983047764204 
179.999982797498262 
179.999982547290699 
179.999982295741404 
179.999982043124760 
179.999981790789946 
179.999981538853831 
179.999981287335913 
179.999981033364065 
179.999980780732187 
179.999980528364517 
179.999980274993902 
179.999980020467319 
179.999979765149646 
179.999979511958031 
179.999979258098278 
179.999979002624798 
179.999978749219281 
179.999978494363290 
179.999978238845870 
179.999977985151304 
179.999977730177307 
179.999977476045046 
179.999977222154428 
179.999976966307884 
179.999976710982821 
179.999976454925559 
179.999976199312812 
179.999975944023220 
179.999975687060100 
179.999975430880852 
179.999975174445012 
179.999974917641396 
179.999974661114152 
179.999974405435466 
179.999974149545665 
179.999973893109484 
179.999973636572861 
179.999973380802317 
179.999973123959307 
179.999972866685198 
179.999972608435314 
179.999972350878295 
179.999972094193254 
179.999971836994973 
179.999971580293334 
179.999971323059697 
179.999971066931096 
179.999970810628099 
179.999970553496610 
179.999970296592096 
179.999970037459036 
179.999969780024685 
179.999969523885397 
179.999969267959386 
179.999969010581083 
179.999968752502468 
179.999968495548728 
179.999968238198676 
179.999967982411590 
179.999967724947737 
179.999967467618490 
179.999967210886211 
179.999966953209764 
179.999966694931231 
179.999966435968076 
179.999966177571196 
179.999965917581221 
179.999965658733231 
179.999965402450243 
179.999965143974009 
179.999964885944109 
179.999964626773362 
179.999964368993574 
179.999964111622148 
179.999963852942528 
179.999963595320310 
179.999963337309964 
179.999963079354984 
179.999962820802011 
179.999962561345569 
179.999962303578172 
179.999962045183338 
179.999961785969276 
179.999961527595360 
179.999961269618780 
179.999961010813649 
179.999960751965432 
179.999960492920763 
179.999960233381444 
179.999959974864964 
179.999959715368163 
179.999959456987767 
179.999959196989721 
179.999958937126507 
179.999958677508175 
179.999958417473522 
179.999958155476406 
179.999957894390377 
179.999957634564566 
179.999957374588917 
179.999957114993549 
179.999956854381594 
179.999956594674813 
179.999956333225896 
179.999956071664997 
179.999955811758014 
179.999955551157086 
179.999955290031721 
179.999955027845203 
179.999954765318421 
179.999954503139520 
179.999954240148782 
179.999953978383815 
179.999953716135110 
179.999953454755087 
179.999953191393956 
179.999952929000756 
179.999952665918727 
179.999952402473809 
179.999952137097239 
179.999951871741928 
179.999951606400259 
179.999951343095290 
179.999951077789888 
179.999950812464931 
179.999950545532897 
179.999950279100858 
179.999950011469082 
179.999949742322769 
179.999949475191897 
179.999949207628106 
179.999948940498030 
179.999948671417201 
179.999948400610037 
179.999948130334587 
179.999947861483747 
179.999947590094166 
179.999947319372609 
179.999947048757690 
179.999946775993976 
179.999946502616353 
179.999946229219063 
179.999945955248336 
179.999945681571376 
179.999945405811900 
179.999945129343018 
179.999944852183148 
179.999944574651522 
179.999944296880813 
179.999944018211181 
179.999943738727211 
179.999943459536667 
179.999943178798503 
179.999942896702009 
179.999942613653616 
179.999942331230045 
179.999942048518847 
179.999941765068002 
179.999941479474501 
179.999941192576443 
179.999940905114158 
179.999940616487834 
179.999940326748856 
179.999940037297961 
179.999939745303664 
179.999939452350304 
179.999939158677648 
179.999938863358352 
179.999938566477113 
179.999938269741961 
179.999937972542057 
179.999937674757234 
179.999937375123750 
179.999937074392165 
179.999936772312594 
179.999936468905503 
179.999936163232519 
179.999935858264735 
179.999935551108024 
179.999935242869242 
179.999934933238364 
179.999934621909915 
179.999934309037258 
179.999933994908702 
179.999933679392598 
179.999933361737135 
179.999933042681505 
179.999932722480821 
179.999932400911803 
179.999932077278913 
179.999931753228111 
179.999931427675051 
179.999931099696710 
179.999930769590264 
179.999930437338662 
179.999930103674387 
