-670.000000000000000 
-669.999999994754489 
-669.999999989888579 
-669.999999923133487 
-669.999999875946060 
-669.999999838240228 
-669.999999804308345 
-669.999999772851197 
-669.999999743649369 
-669.999999716717412 
-669.999999691754738 
-669.999999668556143 
-669.999999646932338 
-669.999999626952103 
-669.999999607731070 
-669.999999589902359 
-669.999999572947672 
-669.999999557027536 
-669.999999541897751 
-669.999999527370392 
-669.999999285266995 
-669.999999051445002 
-669.999998823572582 
-669.999998600871550 
-669.999998382019157 
-669.999998166202545 
-669.999997952202534 
-669.999997739422838 
-669.999997527032065 
-669.999997314847178 
-669.999997101764620 
-669.999996887358975 
-669.999996670898668 
-669.999996452449977 
-669.999996231238470 
-669.999996006693095 
-669.999995779160372 
-669.999995547735011 
-669.999995312836404 
-669.999995073436821 
-669.999994829301386 
-669.999994580256043 
-669.999994326270553 
-669.999994066745558 
-669.999993802634208 
-669.999993532343183 
-669.999993256554035 
-669.999992974745396 
-669.999992686898963 
-669.999992392483364 
-669.999992092019056 
-669.999991784644862 
-669.999991469883867 
-669.999991148358163 
-669.999990819703498 
-669.999990484355408 
-669.999990141621879 
-669.999989791666280 
-669.999989433337305 
-669.999989067597312 
-669.999988695132856 
-669.999988314653592 
-669.999987925758660 
-669.999987528834367 
-669.999987123725077 
-669.999986711050610 
-669.999986289755725 
-669.999985860241623 
-669.999985423122212 
-669.999984977604527 
-669.999984523604553 
-669.999984061235182 
-669.999983589902968 
-669.999983111029564 
-669.999982623300980 
-669.999982127298949 
-669.999981621705047 
-669.999981107676376 
-669.999980583232855 
-669.999980050769409 
-669.999979508775482 
-669.999978957968096 
-669.999978397623750 
-669.999977826439363 
-669.999977245890364 
-669.999976654299530 
-669.999976051178464 
-669.999975437283183 
-669.999974811298785 
-669.999974172077600 
-669.999973522291270 
-669.999972856648697 
-669.999972175786752 
-669.999971479729879 
-669.999970766770048 
-669.999970037272419 
-669.999969289752812 
-669.999968522063455 
-669.999968518150354 
-669.999968515718592 
-669.999968513270460 
-669.999968512037867 
-669.999968510796066 
-669.999968511239445 
-669.999968509084397 
-669.999968508752545 
-669.999968508572124 
-669.999968506443793 
-669.999968505968809 
-669.999968506138885 
-669.999968504938806 
-669.999968504366620 
-669.999968507836002 
-669.999968508872598 
-669.999968509907376 
-669.999968510093026 
-669.999968509486735 
-669.999968507214589 
-669.999968505433344 
-669.999968504371736 
-669.999968501214198 
-669.999968497940813 
-669.999968494851601 
-669.999968493575807 
-669.999968489507864 
-669.999968484303508 
-669.999968476047115 
-669.999968469347550 
-669.999968462312381 
-669.999968452147527 
-669.999968439601275 
-669.999968426431337 
-669.999968409510416 
-669.999968394834923 
-669.999968378442645 
-669.999968360076309 
-669.999968342232023 
-669.999968324424344 
-669.999968302798607 
-669.999968281735619 
-669.999968258843410 
-669.999968235318988 
-669.999968206634094 
-669.999968183229839 
-669.999968156293562 
-669.999968128488490 
-669.999968099642047 
-669.999968071641774 
-669.999968039751820 
-669.999968012518593 
-669.999967983135548 
-669.999967953952364 
-669.999967924452676 
-669.999967892118207 
-669.999967864452287 
-669.999967836179621 
-669.999967806039649 
-669.999967779700455 
-669.999967756764363 
-669.999967730720755 
-669.999967706214420 
-669.999967687996104 
-669.999967673955553 
-669.999967657206298 
-669.999967643222135 
-669.999967632801713 
-669.999967628221839 
-669.999967618818573 
-669.999967616740378 
-669.999967611792158 
-669.999967608841757 
-669.999967611733268 
-669.999967620751363 
-669.999967631462596 
-669.999967642788079 
-669.999967655567616 
-669.999967672714547 
-669.999967693031749 
-669.999967720032828 
-669.999967744776995 
-669.999967774803281 
-669.999967804677681 
-669.999967842080196 
-669.999967881684597 
-669.999967923383110 
-669.999967970537114 
-669.999968022750522 
-669.999968078146139 
-669.999968131357605 
-669.999968190851064 
-669.999968253155657 
-669.999968319286609 
-669.999968388975276 
-669.999968456269244 
-669.999968529865669 
-669.999968606018570 
-669.999968687347518 
-669.999968773769865 
-669.999968855757288 
-669.999968939331325 
-669.999969028111082 
-669.999969116096395 
-669.999969207670915 
-669.999969299459963 
-669.999969393966694 
-669.999969491973275 
-669.999969587928149 
-669.999969689834643 
-669.999969796363757 
-669.999969899798998 
-669.999970003860426 
-669.999970111353832 
-669.999970220528667 
-669.999970327336996 
-669.999970434409875 
-669.999970543665654 
-669.999970654437107 
-669.999970766759589 
-669.999970876387124 
-669.999970984986817 
-669.999971096816580 
-669.999971206020177 
-669.999971316536744 
-669.999971427061382 
-669.999970875361328 
-669.999970315636347 
-669.999969755362827 
-669.999969188467617 
-669.999968614995396 
-669.999968033687992 
-669.999967449105043 
-669.999966851346699 
-669.999966252590866 
-669.999965636078741 
-669.999965018373928 
-669.999964392782204 
-669.999963760463856 
-669.999963122246982 
-669.999962472743391 
-669.999961818590350 
-669.999961156848372 
-669.999960488803822 
-669.999959820447771 
-669.999959138570830 
-669.999958454434022 
-669.999957762192935 
-669.999957070842243 
-669.999956375389047 
-669.999955679160166 
-669.999954976308459 
-669.999954269766931 
-669.999953559243977 
-669.999952853394916 
-669.999952144186409 
-669.999951434030663 
-669.999950727818714 
-669.999950024621285 
-669.999949321826080 
-669.999948621401472 
-669.999947924124740 
-669.999947235054719 
-669.999946548245930 
-669.999945866652297 
-669.999945193635199 
-669.999944521822727 
-669.999943860267308 
-669.999943208081163 
-669.999942559526744 
-669.999941925320172 
-669.999941300382034 
-669.999940681330827 
-669.999940074957181 
-669.999939479663681 
-669.999938902274152 
-669.999938331418434 
-669.999937781255994 
-669.999937236240726 
-669.999936717351147 
-669.999936208680765 
-669.999935716483265 
-669.999935236960482 
-669.999934777075509 
-669.999934329874236 
-669.999933899402549 
-669.999933484056328 
-669.999933092685524 
-669.999932716332978 
-669.999932358942942 
-669.999932021923087 
-669.999931696829663 
-669.999931394849455 
-669.999931113286266 
-669.999930848391159 
-669.999930603131929 
-669.999930376098519 
-669.999930169808295 
-669.999929979984017 
-669.999929813491917 
-669.999929658484916 
-669.999929522867205 
-669.999929408519051 
-669.999929312371705 
-669.999929229411009 
-669.999929168791937 
-669.999929130790406 
-669.999929102693159 
-669.999929095632410 
-669.999929105711090 
-669.999929136102196 
-669.999929180247136 
-669.999929237759034 
-669.999929308254195 
-669.999929397593633 
-669.999929502704276 
-669.999929626804487 
-669.999929764575882 
-669.999929914038034 
-669.999930082484411 
-669.999930261058125 
-669.999930446418034 
-669.999930650286160 
-669.999930863489453 
-669.999931083692900 
-669.999931322056909 
-669.999931568299303 
-669.999931827931277 
-669.999932095743588 
-669.999932375229378 
-669.999932660550712 
-669.999932958492309 
-669.999933264699621 
-669.999933575824798 
-669.999933893195021 
-669.999934225476181 
-669.999934563770125 
-669.999934908112436 
-669.999935256933441 
-669.999935610753141 
-669.999935975444714 
-669.999936340086379 
-669.999936711001283 
-669.999937087368721 
-669.999937471574526 
-669.999937857893542 
-669.999938250991590 
-669.999938649112096 
-669.999939050156854 
-669.999939451759815 
-669.999939865656529 
-669.999940280252531 
-669.999940693716894 
-669.999941120903600 
-669.999941548826882 
-669.999941985204259 
-669.999942417862712 
-669.999942855447443 
-669.999943299413985 
-669.999943745950191 
-669.999944200849427 
-669.999944658043205 
-669.999945116825074 
-669.999945581766497 
-669.999946057251009 
-669.999946532497006 
-669.999947018027115 
-669.999947509707681 
-669.999948003885947 
-669.999948506502278 
-669.999949010804812 
-669.999949519286474 
-669.999950035745314 
-669.999950557682268 
-669.999951079628772 
-669.999951614295242 
-669.999952150916897 
-669.999952692093984 
-669.999953241008598 
-669.999953794465569 
-669.999954351178758 
-669.999954906809648 
-669.999955469662950 
-669.999956037065658 
-669.999956602470547 
-669.999957174312158 
-669.999957750429871 
-669.999958325146508 
-669.999958901302080 
-669.999959476449362 
-669.999960052255801 
-669.999960630849273 
-669.999961209682624 
-669.999961785416417 
-669.999962358348284 
-669.999962935861504 
-669.999963510014027 
-669.999964080070185 
-669.999964648109426 
-669.999965210991832 
-669.999965772537166 
-669.999966325710830 
-669.999966881460409 
-669.999967431759501 
-669.999967976238509 
-669.999968513123122 
-669.999969049273773 
-669.999969580879110 
-669.999970111690459 
-669.999970631750898 
-669.999971146636085 
-669.999971659517087 
-669.999972162698100 
-669.999972655155602 
-669.999973145674176 
-669.999973627590975 
-669.999974108677975 
-669.999974579116270 
-669.999975043545305 
-669.999975501557742 
-669.999975955285208 
-669.999976399475031 
-669.999976839060196 
-669.999977279465156 
-669.999977714521265 
-669.999978141042448 
-669.999978559949000 
-669.999978976640705 
-669.999979386654331 
-669.999979789680992 
-669.999980184418405 
-669.999980584078571 
-669.999980974997811 
-669.999981362131734 
-669.999981748617984 
-669.999982131672709 
-669.999982504958780 
-669.999982876592071 
-669.999983240137340 
-669.999983606363685 
-669.999983968847346 
-669.999984330438338 
-669.999984685947879 
-669.999985041449236 
-669.999985394444934 
-669.999985742782542 
-669.999986095496979 
-669.999986441713418 
-669.999986792583172 
-669.999987137003131 
-669.999987483147606 
-669.999987826314282 
-669.999988175241697 
-669.999988517597671 
-669.999988859319387 
-669.999989203335645 
-669.999989542888102 
-669.999989887825564 
-669.999990231833522 
-669.999990576489267 
-669.999990921092376 
-669.999991264251662 
-669.999991606815684 
-669.999991953793028 
-669.999992304286934 
-669.999992652321453 
-669.999993003979966 
-669.999993357929725 
-669.999993709761839 
-669.999994061241409 
-669.999994416705476 
-669.999994772840751 
-669.999995131295464 
-669.999995491384198 
-669.999995851035806 
-669.999996215975102 
-669.999996576690478 
-669.999996944660893 
-669.999997312532400 
-669.999997681397303 
-669.999998049932174 
-669.999998429599827 
-669.999998808715645 
-669.999999188675702 
-669.999999571682451 
-669.999999956655643 
-670.000000346419824 
-670.000000738884637 
-670.000001126138955 
-670.000001520454703 
-670.000001922043339 
-670.000002327766765 
-670.000002732180519 
-670.000003138629040 
-670.000003553864531 
-670.000003974973083 
-670.000004401641718 
-670.000004834572565 
-670.000005264113042 
-670.000005702865337 
-670.000006151180173 
-670.000006610453738 
-670.000007072239100 
-670.000007539649459 
-670.000008015530057 
-670.000008500257309 
-670.000008998461226 
-670.000009498550639 
-670.000010017457271 
-670.000010548058526 
-670.000011088657516 
-670.000011641261949 
-670.000012206052816 
-670.000012786141610 
-670.000013376658671 
-670.000013982663290 
-670.000014603261207 
-670.000015235384581 
-670.000015884790741 
-670.000016547730297 
-670.000017222453266 
-670.000017916690240 
-670.000018623656501 
-670.000019348708520 
-670.000020087320536 
-670.000020846150505 
-670.000021609067971 
-670.000022395379347 
-670.000023195036533 
-670.000024008052947 
-670.000024833813768 
-670.000025672233505 
-670.000026524578857 
-670.000027386321676 
-670.000028257172062 
-670.000029133883231 
-670.000030026151990 
-670.000030921690040 
-670.000031828807323 
-670.000032744630630 
-670.000033661068301 
-670.000034582045828 
-670.000035511901388 
-670.000036440524241 
-670.000037372982320 
-670.000038302334588 
-670.000039237970213 
-670.000040172143940 
-670.000041108260803 
-670.000042043929966 
-670.000042974281769 
-670.000043901845061 
-670.000044828514774 
-670.000045752924962 
-670.000046669579888 
-670.000047585107723 
-670.000048500455705 
-670.000049408345149 
-670.000050308804816 
-670.000051209222306 
-670.000052097765092 
-670.000052983633964 
-670.000053863923085 
-670.000054740318319 
-670.000055610593108 
-670.000056475365454 
-670.000057331546486 
-670.000058180727024 
-670.000059026395206 
-670.000059862816329 
-670.000060693251385 
-670.000061521107568 
-670.000062349637801 
-670.000063166730683 
-670.000063978542812 
-670.000064784086021 
-670.000065582164439 
-670.000066377748226 
-670.000067168273858 
-670.000067952747713 
-670.000068737474635 
-670.000069514127063 
-670.000070293899626 
-670.000071063267342 
-670.000071832148478 
-670.000072598016686 
-670.000073359456678 
-670.000074113394248 
-670.000074867648664 
-670.000075616982713 
-670.000076372091712 
-670.000077124714608 
-670.000077872245924 
-670.000078615185771 
-670.000079357858681 
-670.000080101232356 
-670.000080840435203 
-670.000081574126398 
-670.000082312483755 
-670.000083049795421 
-670.000083786162463 
-670.000084521822373 
-670.000085259854245 
-670.000085994534402 
-670.000086731375859 
-670.000087468235392 
-670.000088207690396 
-670.000088948665734 
-670.000089684984687 
-670.000090424237555 
-670.000091163356842 
-670.000091901633027 
-670.000092644623919 
-670.000093385802757 
-670.000094123565077 
-670.000094867899634 
-670.000095618284263 
-670.000096370277561 
-670.000097118089798 
-670.000097867295835 
-670.000098621964753 
-670.000099380609186 
-670.000100138044104 
-670.000100901419160 
-670.000101667464378 
-670.000102438289105 
-670.000103207121697 
-670.000103977146409 
-670.000104753352616 
-670.000105526750986 
-670.000106305189206 
-670.000107087247216 
-670.000107870199031 
-670.000108659831312 
-670.000109451660592 
-670.000110250935450 
-670.000111048854706 
-670.000111847812377 
-670.000112651740892 
-670.000113462658419 
-670.000114278151727 
-670.000115097859180 
-670.000115918419851 
-670.000116743812669 
-670.000117573638249 
-670.000118404377758 
-670.000119232700968 
-670.000120073518360 
-670.000120914565287 
-670.000121757960187 
-670.000122609411392 
-670.000123460785062 
-670.000124319208908 
-670.000125175828771 
-670.000126036295342 
-670.000126902404190 
-670.000127771064172 
-670.000128638459728 
-670.000129508866166 
-670.000130386699993 
-670.000131263450612 
-670.000132150505465 
-670.000133036986881 
-670.000133920812345 
-670.000134813394084 
-670.000135708981475 
-670.000136610441018 
-670.000137511136700 
-670.000138416769232 
-670.000139320249218 
-670.000140226597523 
-670.000141136108823 
-670.000142053705304 
-670.000142972380445 
-670.000143897663065 
-670.000144823530718 
-670.000145749376998 
-670.000146673895415 
-670.000147604470158 
-670.000148536501229 
-670.000149468964764 
-670.000150402285499 
-670.000151338404521 
-670.000152276646986 
-670.000153218099513 
-670.000154160813963 
-670.000155107231535 
-670.000156051002136 
-670.000156995500220 
-670.000157951508299 
-670.000158905367016 
-670.000159855316838 
-670.000160812928470 
-670.000161766959309 
-670.000162725128462 
-670.000163680346532 
-670.000164635938745 
-670.000165598045214 
-670.000166559803915 
-670.000167519631646 
-670.000168481981291 
-670.000169437690147 
-670.000170397502416 
-670.000171355879047 
-670.000172321013338 
-670.000173283663912 
-670.000174242528260 
-670.000175207847178 
-670.000176164953359 
-670.000177127688744 
-670.000178089141400 
-670.000179052135309 
-670.000180013741442 
-670.000180971949476 
-670.000181928948905 
-670.000182894657200 
-670.000183849731684 
-670.000184810543715 
-670.000185768873280 
-670.000186729809457 
-670.000187680704357 
-670.000188636772009 
-670.000189587852333 
-670.000190542084056 
-670.000191489876443 
-670.000192441800436 
-670.000193396050804 
-670.000194345089312 
-670.000195292337821 
-670.000196243016376 
-670.000197191871166 
-670.000198134735228 
-670.000199082193376 
-670.000200024010610 
-670.000200968717536 
-670.000201914134664 
-670.000202850333153 
-670.000203786970928 
-670.000204718188115 
-670.000205650553426 
-670.000206583946010 
-670.000207512487236 
-670.000208448083413 
-670.000209376809948 
-670.000210303291169 
-670.000211226679085 
-670.000212158423437 
-670.000213078896422 
-670.000213995717104 
-670.000214914082221 
-670.000215831262040 
-670.000216745898229 
-670.000217652577817 
-670.000218567840420 
-670.000219477355358 
-670.000220382083967 
-670.000221286353508 
-670.000222188405019 
-670.000223090046802 
-670.000223987546633 
-670.000224884220074 
-670.000225776539082 
-670.000226671885116 
-670.000227567590855 
-670.000228455295201 
-670.000229344542277 
-670.000230231248452 
-670.000231115328461 
-670.000231997191918 
-670.000232878859606 
-670.000233757082697 
-670.000234636048049 
-670.000235515645727 
-670.000236394306512 
-670.000237274595520 
-670.000238151672534 
-670.000239023953213 
-670.000239894770857 
-670.000240767502191 
-670.000241639996375 
-670.000242504587732 
-670.000243367588382 
-670.000244234092861 
-670.000245094837169 
-670.000245954669253 
-670.000246816132517 
-670.000247678222195 
-670.000248541818792 
-670.000249396096478 
-670.000250256427876 
-670.000251114506909 
-670.000251967872146 
-670.000252827228792 
-670.000253677567002 
-670.000254525677747 
-670.000255380836279 
-670.000256229498632 
-670.000257078637105 
-670.000257921201410 
-670.000258766101979 
-670.000259604670191 
-670.000260446820221 
-670.000261284332851 
-670.000262115305077 
-670.000262953002789 
-670.000263784029471 
-670.000264609331794 
-670.000265443917101 
-670.000266267362804 
-670.000267096989091 
-670.000267926755214 
-670.000268749051315 
-670.000269568850172 
-670.000270381109999 
-670.000271195626851 
-670.000272013028734 
-670.000272826935998 
-670.000273641672266 
-670.000274451015343 
-670.000275258713714 
-670.000276064131185 
-670.000276865731621 
-670.000277667342971 
-670.000278465286897 
-670.000279263645439 
-670.000280049088474 
-670.000280839115476 
-670.000281627925801 
-670.000282410865339 
-670.000283194070562 
-670.000283976722926 
-670.000284751688696 
-670.000285531282884 
-670.000286302158656 
-670.000287070155309 
-670.000287836630150 
-670.000288601792136 
-670.000289363949150 
-670.000290127645599 
-670.000290887004894 
-670.000291643917308 
-670.000292399025284 
-670.000293148910600 
-670.000293897572305 
-670.000294641334676 
-670.000295381650176 
-670.000296124183251 
-670.000296868494388 
-670.000297608880715 
-670.000298336797414 
-670.000299068459981 
-670.000299793732665 
-670.000300518348695 
-670.000301246784375 
-670.000301970645978 
-670.000302690086642 
-670.000303408037098 
-670.000304129598703 
-670.000304843290678 
-670.000305559234789 
-670.000306273660499 
-670.000306988643615 
-670.000307705443106 
-670.000308418215582 
-670.000309134469944 
-670.000309844250978 
-670.000310554174575 
-670.000311264075322 
-670.000311975104978 
-670.000312685781978 
-670.000313400475761 
-670.000314110983709 
-670.000314824538009 
-670.000315535976142 
-670.000316251466757 
-670.000316970307381 
-670.000317692414455 
-670.000318412981528 
-670.000319139256590 
-670.000319868341080 
-670.000320596799384 
-670.000321337990954 
-670.000322075994177 
-670.000322815003983 
-670.000323563524375 
-670.000324313733245 
-670.000325078437982 
-670.000325841986637 
-670.000326617027213 
-670.000327393107909 
-670.000328176519361 
-670.000328975794901 
-670.000329775463911 
-670.000330580286573 
-670.000331392176577 
-670.000332215689468 
-670.000333046746732 
-670.000333884706379 
-670.000334735914066 
-670.000335594539251 
-670.000336458543870 
-670.000337334900678 
-670.000338219984883 
-670.000339119941373 
-670.000340022710247 
-670.000340941095146 
-670.000341865937457 
-670.000342796653968 
-670.000343739394111 
-670.000344692512272 
-670.000345651096836 
-670.000346620181745 
-670.000347598929011 
-670.000348586210293 
-670.000349581898263 
-670.000350587138087 
-670.000351607182324 
-670.000352629442659 
-670.000353664080990 
-670.000354702406639 
-670.000355750829840 
-670.000356811402298 
-670.000357876324983 
-670.000358946018878 
-670.000360026840099 
-670.000361115216265 
-670.000362209662853 
-670.000363312241916 
-670.000364423233009 
-670.000365552067365 
-670.000366683166021 
-670.000367824162709 
-670.000368978943925 
-670.000370136593688 
-670.000371308419517 
-670.000372485231310 
-670.000373670125441 
-670.000374863794832 
-670.000376068585638 
-670.000377284689762 
-670.000378514570684 
-670.000379755488439 
-670.000381003228995 
-670.000382264694849 
-670.000383530605177 
-670.000384815300094 
-670.000386103176652 
-670.000387407627500 
-670.000388719427860 
-670.000390034418729 
-670.000391362062146 
-670.000392697048937 
-670.000394048544649 
-670.000395398933392 
-670.000396767187226 
-670.000398143466782 
-670.000399524163981 
-670.000400911621796 
-670.000402310550840 
-670.000403713527021 
-670.000405122302254 
-670.000406533165801 
-670.000407952093383 
-670.000409376056496 
-670.000410808094557 
-670.000412238805666 
-670.000413670627267 
-670.000415107983258 
-670.000416541460936 
-670.000417976235099 
-670.000419421575543 
-670.000420858586153 
-670.000422298353442 
-670.000423733034836 
-670.000425160822488 
-670.000426591378755 
-670.000428017436320 
-670.000429437838079 
-670.000430849269605 
-670.000432254703128 
-670.000433655611005 
-670.000435043489688 
-670.000436424204736 
-670.000437793600554 
-670.000439146244162 
-670.000440482475710 
-670.000441802667751 
-670.000443107310048 
-670.000444394539045 
-670.000445666770702 
-670.000446923810273 
-670.000448156671496 
-670.000449370215961 
-670.000450567079383 
-670.000451740266044 
-670.000452889879398 
-670.000454016944104 
-670.000455117831962 
-670.000456200626672 
-670.000457254628373 
-670.000458275859501 
-670.000459271827367 
-670.000460243507860 
-670.000461199118490 
-670.000462120104544 
-670.000463014846332 
-670.000463891373215 
-670.000464737377797 
-670.000465562256522 
-670.000466367676040 
-670.000467153139880 
-670.000467921695304 
-670.000468666100119 
-670.000469394466904 
-670.000470109146931 
-670.000470795014166 
-670.000471468511591 
-670.000472134228971 
-670.000472789896435 
-670.000473434022069 
-670.000474067672371 
-670.000474693986689 
-670.000475315601534 
-670.000475928558672 
-670.000476539115198 
-670.000477141918168 
-670.000477741573604 
-670.000478344920339 
-670.000478944613405 
-670.000479542857079 
-670.000480136448687 
-670.000480732273104 
-670.000481325920191 
-670.000481917138359 
-670.000482508280584 
-670.000483105975945 
-670.000483699982397 
-670.000484297515413 
-670.000484886028062 
-670.000485476940867 
-670.000486058667775 
-670.000486638029997 
-670.000487219051365 
-670.000487789843191 
-670.000488352612592 
-670.000488917284656 
-670.000489476519988 
-670.000490031459094 
-670.000490581192025 
-670.000491126580300 
-670.000491661894330 
-670.000492196011010 
-670.000492718563351 
-670.000493234122587 
-670.000493745681638 
-670.000494250331144 
-670.000494747522112 
-670.000495234955224 
-670.000495716654314 
-670.000496187524618 
-670.000496654784683 
-670.000497107769547 
-670.000497560593203 
-670.000498003355005 
-670.000498436745261 
-670.000498860782955 
-670.000499280883446 
-670.000499692187759 
-670.000500096563314 
-670.000500494803191 
-670.000500886657733 
-670.000501266325500 
-670.000501642897916 
-670.000502011645835 
-670.000502380510625 
-670.000502736597809 
-670.000503088633536 
-670.000503434074744 
-670.000503769813349 
-670.000504095231918 
-670.000504416362674 
-670.000504731959722 
-670.000505044548390 
-670.000505351658376 
-670.000505653432583 
-670.000505946285557 
-670.000506237635136 
-670.000506522247406 
-670.000506801362917 
-670.000507078775627 
-670.000507345498818 
-670.000507606889641 
-670.000507865867462 
-670.000508114812078 
-670.000508369431714 
-670.000508612524982 
-670.000508851127734 
-670.000509080830511 
-670.000509312399345 
-670.000509540636358 
-670.000509764892286 
-670.000509980750053 
-670.000510194767685 
-670.000510411672280 
-670.000510628959091 
-670.000510832250711 
-670.000511033309749 
-670.000511229763902 
-670.000511425738296 
-670.000511627646574 
-670.000511821352347 
-670.000512012746185 
-670.000512200320145 
-670.000512383971000 
-670.000512561684218 
-670.000512742413548 
-670.000512924596478 
-670.000513103763524 
-670.000513278181415 
-670.000513448197921 
-670.000513617248089 
-670.000513786775059 
-670.000513957415478 
-670.000514131926593 
-670.000514297569680 
-670.000514461524972 
-670.000514625707638 
-670.000514793307389 
-670.000514962916782 
-670.000515134195780 
-670.000515299973131 
-670.000515469654033 
-670.000515637474109 
-670.000515799595064 
-670.000515973593110 
-670.000516136490660 
-670.000516303605195 
-670.000516469847980 
-670.000516638367571 
-670.000516802498623 
-670.000516970694889 
-670.000517141549608 
-670.000517313484579 
-670.000517485543355 
-670.000517660949072 
-670.000517835455639 
-670.000518010935025 
-670.000518185671240 
-670.000518360350497 
-670.000518535774972 
-670.000518717319551 
-670.000518899113558 
-670.000519075247666 
-670.000519254637766 
-670.000519439802474 
-670.000519623230048 
-670.000519807383057 
-670.000519995506693 
-670.000520180965623 
-670.000520364437762 
-670.000520549971156 
-670.000520739052263 
-670.000520928720448 
-670.000521117788139 
-670.000521306623114 
-670.000521490326378 
-670.000521676321569 
-670.000521866596955 
-670.000522051067946 
-670.000522234027812 
-670.000522418328501 
-670.000522602473893 
-670.000522779400853 
-670.000522957030853 
-670.000523124119468 
-670.000523292408161 
-670.000523465183505 
-670.000523629504983 
-670.000523786947042 
-670.000523948791397 
-670.000524107666934 
-670.000524257410461 
-670.000524402091742 
-670.000524542314452 
-670.000524680488184 
-670.000524815207086 
-670.000524950790123 
-670.000525075646920 
-670.000525190955045 
-670.000525305648353 
-670.000525417680592 
-670.000525529272636 
-670.000525632487438 
-670.000525724950649 
-670.000525815442757 
-670.000525901016545 
-670.000525981647343 
-670.000526056804233 
-670.000526126899217 
-670.000526188700860 
-670.000526245461970 
-670.000526293336861 
-670.000526336947814 
-670.000526375055074 
-670.000526400822764 
-670.000526425459498 
-670.000526448441974 
-670.000526461883737 
-670.000526470266664 
-670.000526473252535 
-670.000526472952515 
-670.000526475098923 
-670.000526464621771 
-670.000526451823816 
-670.000526432005472 
-670.000526401349816 
-670.000526367713519 
-670.000526332373965 
-670.000526295855934 
-670.000526249990571 
-670.000526206605286 
-670.000526153778765 
-670.000526101020000 
-670.000526049114342 
-670.000525992293433 
-670.000525930196773 
-670.000525867617625 
-670.000525796647935 
-670.000525725330931 
-670.000525651042381 
-670.000525577885810 
-670.000525504830648 
-670.000525426732452 
-670.000525349085706 
-670.000525266526438 
-670.000525185701122 
-670.000525095834973 
-670.000525010703427 
-670.000524923467765 
-670.000524842930986 
-670.000524767827869 
-670.000524685467553 
-670.000524600280073 
-670.000524518352790 
-670.000524432917928 
-670.000524345022313 
-670.000524259099279 
-670.000524172433643 
-670.000524084967424 
-670.000524002871089 
-670.000523914394989 
-670.000523831441456 
-670.000523743657823 
-670.000523655872144 
-670.000523575293983 
-670.000523488847534 
-670.000523407470723 
-670.000523321563378 
-670.000523243226780 
-670.000523158231090 
-670.000523079272853 
-670.000523000954900 
-670.000522922833625 
-670.000522847149341 
-670.000522768272731 
-670.000522689908053 
-670.000522616425314 
-670.000522545650483 
-670.000522471524278 
-670.000522397410123 
-670.000522331671277 
-670.000522261890183 
-670.000522197596638 
-670.000522128867033 
-670.000522058165188 
-670.000521992016957 
-670.000521931453022 
-670.000521864490565 
-670.000521800574234 
-670.000521733116557 
-670.000521664535881 
-670.000521594966926 
-670.000521528095760 
-670.000521465693510 
-670.000521400813682 
-670.000521335391113 
-670.000521267312706 
-670.000521206324265 
-670.000521146894698 
-670.000521087972288 
-670.000521025029570 
-670.000520957660228 
-670.000520896333001 
-670.000520831191579 
-670.000520771763604 
-670.000520710962292 
-670.000520645630104 
-670.000520589476764 
-670.000520529325854 
-670.000520466176908 
-670.000520406405258 
-670.000520351130945 
-670.000520292177384 
-670.000520235673093 
-670.000520173776408 
-670.000520115107747 
-670.000520054350545 
-670.000519996277035 
-670.000519945624546 
-670.000519884575169 
-670.000519826597497 
-670.000519763903412 
-670.000519702716247 
-670.000519646045973 
-670.000519592760270 
-670.000519539199104 
-670.000519479040577 
-670.000519423610058 
-670.000519363568856 
-670.000519309284982 
-670.000519252648587 
-670.000519198281609 
-670.000519148181525 
-670.000519092955187 
-670.000519039828987 
-670.000518991257991 
-670.000518942956887 
-670.000518892749710 
-670.000518839263805 
-670.000518791865943 
-670.000518742075201 
-670.000518696828408 
-670.000518647638046 
-670.000518594874166 
-670.000518545898103 
-670.000518492583865 
-670.000518443181363 
-670.000518394511573 
-670.000518347584602 
-670.000518299174132 
-670.000518250904975 
-670.000518207207278 
-670.000518154273664 
-670.000518108682854 
-670.000518060861964 
-670.000518018583421 
-670.000517972697708 
-670.000517927647934 
-670.000517879006793 
-670.000517834071047 
-670.000517786146929 
-670.000517739674024 
-670.000517690670904 
-670.000517648019127 
-670.000517595025940 
-670.000517555327860 
-670.000517510579130 
-670.000517464177392 
-670.000517419064977 
-670.000517365410929 
-670.000517319734513 
-670.000517278327152 
-670.000517229559136 
-670.000517182261092 
-670.000517135703149 
-670.000517091419852 
-670.000517042063620 
-670.000516995572525 
-670.000516946886478 
-670.000516903284620 
-670.000516853620752 
-670.000516803622986 
-670.000516748950531 
-670.000516698996080 
-670.000516652494866 
-670.000516599665048 
-670.000516549104873 
-670.000516497115541 
-670.000516444221603 
-670.000516388445476 
-670.000516338015700 
-670.000516288449717 
-670.000516239855756 
-670.000516186583354 
-670.000516131586551 
-670.000516073560448 
-670.000516020401733 
-670.000515968034051 
-670.000515905955126 
-670.000515852168974 
-670.000515797180128 
-670.000515736856983 
-670.000515676778150 
-670.000515616517646 
-670.000515555787047 
-670.000515495038826 
-670.000515434682825 
-670.000515371052757 
-670.000515306377338 
-670.000515241390531 
-670.000515172363293 
-670.000515102441568 
-670.000515038602998 
-670.000514968300422 
-670.000514901789302 
-670.000514836018397 
-670.000514767545951 
-670.000514690728551 
-670.000514617927820 
-670.000514544364933 
-670.000514467192147 
-670.000514389928867 
-670.000514317977945 
-670.000514242390068 
-670.000514167111191 
-670.000514086987096 
-670.000514010656730 
-670.000513932412332 
-670.000513851413757 
-670.000513764981747 
-670.000513684915745 
-670.000513599916076 
-670.000513517400918 
-670.000513438075018 
-670.000513350863230 
-670.000513261774927 
-670.000513172280762 
-670.000513085059765 
-670.000512996811722 
-670.000512906855420 
-670.000512814307740 
-670.000512722411031 
-670.000512628180104 
-670.000512538101248 
-670.000512445179993 
-670.000512349063229 
-670.000512251270038 
-670.000512152149668 
-670.000512052021122 
-670.000511952890065 
-670.000511852086220 
-670.000511753530191 
-670.000511654326147 
-670.000511559836923 
-670.000511466214903 
-670.000511368325078 
-670.000511270213565 
-670.000511166872457 
-670.000511064139573 
-670.000510960218435 
-670.000510854741151 
-670.000510748435090 
-670.000510643714733 
-670.000510540138748 
-670.000510436992954 
-670.000510331390615 
-670.000510220625756 
-670.000510115858106 
-670.000510010084554 
-670.000509902387876 
-670.000509793210767 
-670.000509682653274 
-670.000509569516453 
-670.000509463884100 
-670.000509359551415 
-670.000509248865001 
-670.000509139314090 
-670.000509033069420 
-670.000508924405494 
-670.000508811270720 
-670.000508698859448 
-670.000508594740950 
-670.000508485182763 
-670.000508372459080 
-670.000508257568072 
-670.000508147397795 
-670.000508032584548 
-670.000507917064169 
-670.000507807834992 
-670.000507701522110 
-670.000507586466483 
-670.000507475397171 
-670.000507362437247 
-670.000507242972844 
-670.000507129998141 
-670.000507020913574 
-670.000506919137479 
-670.000506805909936 
-670.000506692791532 
-670.000506583898414 
-670.000506472443249 
-670.000506361887346 
-670.000506255139271 
-670.000506134506622 
-670.000506022473019 
-670.000505904907186 
-670.000505794946548 
-670.000505687353780 
-670.000505583300310 
-670.000505479412141 
-670.000505375147441 
-670.000505267883909 
-670.000505159002842 
-670.000505039586642 
-670.000504938049289 
-670.000504826210317 
-670.000504717483182 
-670.000504612547502 
-670.000504505735307 
-670.000504401469698 
-670.000504295820292 
-670.000504190681568 
-670.000504078670247 
-670.000503978222469 
-670.000503865252995 
-670.000503758319610 
-670.000503659451851 
-670.000503551427983 
-670.000503452286011 
-670.000503352256601 
-670.000503253477746 
-670.000503148516600 
-670.000503043486333 
-670.000502939525859 
-670.000502841498246 
-670.000502736627823 
-670.000502631005020 
-670.000502526415403 
-670.000502426364619 
-670.000502318345980 
-670.000502216333643 
-670.000502112959566 
-670.000502011548633 
-670.000501911344145 
-670.000501810508922 
-670.000501705953639 
-670.000501601699852 
-670.000501494612308 
-670.000501390582485 
-670.000501291782939 
-670.000501186313386 
-670.000501086571148 
-670.000500987528767 
-670.000500876868273 
-670.000500773233398 
-670.000500665756135 
-670.000500562789966 
-670.000500461804677 
-670.000500359157286 
-670.000500254915551 
-670.000500149051732 
-670.000500041697705 
-670.000499944119156 
-670.000499839825807 
-670.000499739620409 
-670.000499631752973 
-670.000499526533076 
-670.000499418117670 
-670.000499312232478 
-670.000499200472632 
-670.000499093032431 
-670.000498986334833 
-670.000498881507610 
-670.000498770498552 
-670.000498659200275 
-670.000498550703469 
-670.000498441622312 
-670.000498334736449 
-670.000498226335822 
-670.000498113635786 
-670.000498000520338 
-670.000497888685004 
-670.000497773671214 
-670.000497656099014 
-670.000497537541605 
-670.000497419290696 
-670.000497294210163 
-670.000497175289638 
-670.000497054463722 
-670.000496937087519 
-670.000496812464007 
-670.000496683235269 
-670.000496562410262 
-670.000496436210142 
-670.000496302581723 
-670.000496168798009 
-670.000496038185702 
-670.000495905127536 
-670.000495777239621 
-670.000495640667168 
-670.000495501276646 
-670.000495357043292 
-670.000495213046179 
-670.000495075093795 
-670.000494932412948 
-670.000494785654610 
-670.000494640340548 
-670.000494491674999 
-670.000494341189551 
-670.000494193640179 
-670.000494040763215 
-670.000493884256684 
-670.000493726295872 
-670.000493570496474 
-670.000493415003575 
-670.000493249051033 
-670.000493088272606 
-670.000492922113153 
-670.000492755049436 
-670.000492584415952 
-670.000492409008530 
-670.000492228777603 
-670.000492050149887 
-670.000491868209338 
-670.000491681768608 
-670.000491494128937 
-670.000491299286750 
-670.000491111988367 
-670.000490923870530 
-670.000490728904879 
-670.000490531730065 
-670.000490327215630 
-670.000490121215080 
-670.000489917670620 
-670.000489712147555 
-670.000489503841209 
-670.000489289913276 
-670.000489073823246 
-670.000488856217089 
-670.000488637817853 
-670.000488421669161 
-670.000488199762913 
-670.000487973194140 
-670.000487743804115 
-670.000487514416818 
-670.000487276617605 
-670.000487038818392 
-670.000486797342774 
-670.000486558846205 
-670.000486317053856 
-670.000486064558572 
-670.000485805536982 
-670.000485548142478 
-670.000485282885847 
-670.000485025359012 
-670.000484759238134 
-670.000484486992264 
-670.000484215278675 
-670.000483943764266 
-670.000483665272895 
-670.000483381873210 
-670.000483099566736 
-670.000482818806631 
-670.000482525738789 
-670.000482233149796 
-670.000481934336676 
-670.000481642703789 
-670.000481329883314 
-670.000481019498693 
-670.000480708681152 
-670.000480402453832 
-670.000480088422137 
-670.000479770284755 
-670.000479446947111 
-670.000479127603285 
-670.000478801318877 
-670.000478471123415 
-670.000478134629248 
-670.000477795204688 
-670.000477451909319 
-670.000477107462757 
-670.000476766072097 
-670.000476415788853 
-670.000476064781424 
-670.000475713229889 
-670.000475356909419 
-670.000475000681035 
-670.000474638088463 
-670.000474270796076 
-670.000473901726991 
-670.000473531451235 
-670.000473159640251 
-670.000472789728974 
-670.000472410207749 
-670.000472026727493 
-670.000471643450737 
-670.000471257134450 
-670.000470865621537 
-670.000470480714739 
-670.000470086450150 
-670.000469690894988 
-670.000469292950584 
-670.000468900790111 
-670.000468496440590 
-670.000468092938036 
-670.000467691864060 
-670.000467284976366 
-670.000466885499009 
-670.000466478850058 
-670.000466067177058 
-670.000465652180310 
-670.000465239324967 
-670.000464826865937 
-670.000464414911676 
-670.000464000388547 
-670.000463581226541 
-670.000463159880383 
-670.000462738832084 
-670.000462320773295 
-670.000461904999156 
-670.000461479696696 
-670.000461053566141 
-670.000460628412384 
-670.000460198765040 
-670.000459776668777 
-670.000459348447293 
-670.000458924716440 
-670.000458498048602 
-670.000458073847767 
-670.000457649098053 
-670.000457224050024 
-670.000456796902654 
-670.000456365756691 
-670.000455935881291 
-670.000455504816728 
-670.000455077970855 
-670.000454656219517 
-670.000454232332231 
-670.000453804485460 
-670.000453379205965 
-670.000452957313883 
-670.000452531916153 
-670.000452112742551 
-670.000451688516478 
-670.000451265628726 
-670.000450842143209 
-670.000450422785661 
-670.000450002743037 
-670.000449584562830 
-670.000449171561286 
-670.000448762241376 
-670.000448344902907 
-670.000447934283784 
-670.000447518099008 
-670.000447099793746 
-670.000446691695288 
-670.000446281136419 
-670.000445866004839 
-670.000445461223535 
-670.000445050579174 
-670.000444645562084 
-670.000444242775984 
-670.000443838328238 
-670.000443433694954 
-670.000443034845375 
-670.000442632951490 
-670.000442228849352 
-670.000441829055035 
-670.000441431216359 
-670.000441029587819 
-670.000440629851255 
-670.000440235951601 
-670.000439839743194 
-670.000439447749159 
-670.000439055510242 
-670.000438663350678 
-670.000438266428318 
-670.000437868143308 
-670.000437479051925 
-670.000437087099272 
-670.000436704749063 
-670.000436310303030 
-670.000435918586163 
-670.000435529611877 
-670.000435135746102 
-670.000434745388702 
-670.000434359611972 
-670.000433968735706 
-670.000433576288287 
-670.000433192683204 
-670.000432803272588 
-670.000432412130067 
-670.000432024575957 
-670.000431632946857 
-670.000431247816095 
-670.000430853205899 
-670.000430458601613 
-670.000430064540069 
-670.000429666595210 
-670.000429273908594 
-670.000428884084613 
-670.000428497273333 
-670.000428109666245 
-670.000427718421633 
-670.000427329176773 
-670.000426934320330 
-670.000426545773962 
-670.000426157864013 
-670.000425765384989 
-670.000425374925271 
-670.000424985881637 
-670.000424591394221 
-670.000424196601216 
-670.000423809957283 
-670.000423420510742 
-670.000423030207003 
-670.000422646039169 
-670.000422263571409 
-670.000421876753535 
-670.000421491753741 
-670.000421110269599 
-670.000420721816681 
-670.000420334919227 
-670.000419947451519 
-670.000419569058522 
-670.000419192262370 
-670.000418821187168 
-670.000418442874434 
-670.000418066116254 
-670.000417684083459 
-670.000417311303408 
-670.000416937386490 
-670.000416564787884 
-670.000416191605154 
-670.000415816849227 
-670.000415447811747 
-670.000415078266315 
-670.000414701727095 
-670.000414339606778 
-670.000413973920558 
-670.000413604924915 
-670.000413244684978 
-670.000412877377357 
-670.000412515141079 
-670.000412157535720 
-670.000411795845366 
-670.000411432525425 
-670.000411072602674 
-670.000410711226777 
-670.000410350929542 
-670.000409999749081 
-670.000409642018440 
-670.000409286976264 
-670.000408934939969 
-670.000408591874248 
-670.000408239186527 
-670.000407887524489 
-670.000407536263083 
-670.000407192625971 
-670.000406846333135 
-670.000406501719453 
-670.000406155225846 
-670.000405812275403 
-670.000405473515912 
-670.000405132110700 
-670.000404786603667 
-670.000404445463118 
-670.000404107532177 
-670.000403768323622 
-670.000403427534593 
-670.000403086224651 
-670.000402756954372 
-670.000402429512633 
-670.000402094893616 
-670.000401759870329 
-670.000401429334033 
-670.000401100929139 
-670.000400773469664 
-670.000400446613412 
-670.000400112185162 
-670.000399786011712 
-670.000399460081780 
-670.000399138442390 
-670.000398815586777 
-670.000398493489683 
-670.000398171999905 
-670.000397849557885 
-670.000397525285507 
-670.000397203663397 
-670.000396885590362 
-670.000396562555807 
-670.000396246738774 
-670.000395925564135 
-670.000395605494305 
-670.000395284459955 
-670.000394976861344 
-670.000394663690258 
-670.000394346337089 
-670.000394027455513 
-670.000393718964460 
-670.000393399137465 
-670.000393081154016 
-670.000392766676441 
-670.000392458439819 
-670.000392149435129 
-670.000391841608689 
-670.000391537742416 
-670.000391230481910 
-670.000390928236584 
-670.000390625986938 
-670.000390318750533 
-670.000390015425182 
-670.000389710564832 
-670.000389409489344 
-670.000389109342905 
-670.000388805795865 
-670.000388504940020 
-670.000388203617604 
-670.000387901643762 
-670.000387604154184 
-670.000387304839478 
-670.000387006386745 
-670.000386703924505 
-670.000386405846029 
-670.000386109719102 
-670.000385811248179 
-670.000385510136084 
-670.000385218276278 
-670.000384920892657 
-670.000384617954069 
-670.000384321584306 
-670.000384027465316 
-670.000383727659255 
-670.000383431020509 
-670.000383143414638 
-670.000382851663971 
-670.000382557304874 
-670.000382269753345 
-670.000381972825608 
-670.000381687150593 
-670.000381393534781 
-670.000381100129061 
-670.000380807560305 
-670.000380518730481 
-670.000380226268135 
-670.000379939765480 
-670.000379647741056 
-670.000379364547371 
-670.000379076191166 
-670.000378789131446 
-670.000378505856588 
-670.000378215201863 
-670.000377925499151 
-670.000377639480803 
-670.000377356487206 
-670.000377070983177 
-670.000376782848207 
-670.000376502256586 
-670.000376223377316 
-670.000375939873265 
-670.000375655485641 
-670.000375370354050 
-670.000375084912321 
-670.000374803799787 
-670.000374517883074 
-670.000374235421532 
-670.000373954547285 
-670.000373674909270 
-670.000373399446971 
-670.000373122944893 
-670.000372842919205 
-670.000372561219592 
-670.000372281537011 
-670.000372000623884 
-670.000371725443301 
-670.000371442290998 
-670.000371161807152 
-670.000370885904886 
-670.000370614563963 
-670.000370333249293 
-670.000370061517060 
-670.000369788533135 
-670.000369515543525 
-670.000369235707240 
-670.000368959402977 
-670.000368685129615 
-670.000368412709122 
-670.000368134815062 
-670.000367859632888 
-670.000367584658761 
-670.000367314323512 
-670.000367044902305 
-670.000366772131656 
-670.000366501106782 
-670.000366225579910 
-670.000365953678283 
-670.000365683765494 
-670.000365407016716 
-670.000365138440429 
-670.000364873905255 
-670.000364609639064 
-670.000364339487533 
-670.000364073914625 
-670.000363807249414 
-670.000363548334462 
-670.000363279237945 
-670.000363015821222 
-670.000362752882438 
-670.000362489555073 
-670.000362227311598 
-670.000361963720025 
-670.000361693345667 
-670.000361425617712 
-670.000361159494332 
-670.000360896998245 
-670.000360639644441 
-670.000360374065167 
-670.000360104997071 
-670.000359845306320 
-670.000359583140153 
-670.000359320481039 
-670.000359058567255 
-670.000358797113677 
-670.000358535565738 
-670.000358272390713 
-670.000358017111466 
-670.000357758522568 
-670.000357500332711 
-670.000357240853873 
-670.000356978248419 
-670.000356724915491 
-670.000356462420314 
-670.000356207771802 
-670.000355949539426 
-670.000355690189281 
-670.000355435008942 
-670.000355182655767 
-670.000354928764636 
-670.000354668469527 
-670.000354416172286 
-670.000354164119017 
-670.000353912644186 
-670.000353657309915 
-670.000353403904455 
-670.000353152867774 
-670.000352899524842 
-670.000352647572527 
-670.000352393065896 
-670.000352137708433 
-670.000351887962097 
-670.000351635364041 
-670.000351391382537 
-670.000351133071490 
-670.000350881710801 
-670.000350634136339 
-670.000350389968844 
-670.000350134671407 
-670.000349887782704 
-670.000349642843048 
-670.000349398619619 
-670.000349154807736 
-670.000348910819866 
-670.000348656722053 
-670.000348411996129 
-670.000348166839558 
-670.000347918386069 
-670.000347669704297 
-670.000347427562701 
-670.000347185366991 
-670.000346939394149 
-670.000346697999703 
-670.000346462039943 
-670.000346222959251 
-670.000345974128777 
-670.000345728241882 
-670.000345489568645 
-670.000345243483935 
-670.000345004889823 
-670.000344766935541 
-670.000344524175034 
-670.000344281363596 
-670.000344035066973 
-670.000343794487435 
-670.000343557972883 
-670.000343325157246 
-670.000343084671840 
-670.000342849147728 
-670.000342612609074 
-670.000342372492014 
-670.000342130452282 
-670.000341894522990 
-670.000341656341789 
-670.000341419210145 
-670.000341180415944 
-670.000340935201166 
-670.000340694783063 
-670.000340456844242 
-670.000340226709341 
-670.000339989786880 
-670.000339754130891 
-670.000339520710895 
-670.000339280445587 
-670.000339045690453 
-670.000338816178555 
-670.000338581319284 
-670.000338340796134 
-670.000338103588547 
-670.000337868672887 
-670.000337634951848 
-670.000337395799761 
-670.000337161624884 
-670.000336921516464 
-670.000336688853167 
-670.000336459003393 
-670.000336223557042 
-670.000335990450367 
-670.000335754426942 
-670.000335520560384 
-670.000335287041707 
-670.000335055426149 
-670.000334823213507 
-670.000334588793521 
-670.000334363722232 
-670.000334133681918 
-670.000333896682605 
-670.000333665305334 
-670.000333429928560 
-670.000333193470397 
-670.000332961471941 
-670.000332729169259 
-670.000332501635967 
-670.000332268896273 
-670.000332037185672 
-670.000331807133989 
-670.000331577275119 
-670.000331346754592 
-670.000331117276346 
-670.000330885488438 
-670.000330659941937 
-670.000330429604674 
-670.000330198974098 
-670.000329969830091 
-670.000329743417751 
-670.000329511239215 
-670.000329280668211 
-670.000329046737534 
-670.000328815610374 
-670.000328581284975 
-670.000328351308781 
-670.000328121242546 
-670.000327890300468 
-670.000327660015955 
-670.000327425505475 
-670.000327194388774 
-670.000326967708133 
-670.000326734778355 
-670.000326494760884 
-670.000326266150296 
-670.000326038979438 
-670.000325804651766 
-670.000325568227709 
-670.000325332158354 
-670.000325101372255 
-670.000324866687151 
-670.000324637868289 
-670.000324408733832 
-670.000324175309288 
-670.000323936615132 
-670.000323700830904 
-670.000323465725614 
-670.000323231285165 
-670.000322996029809 
-670.000322756003243 
-670.000322520356804 
-670.000322288455664 
-670.000322056758705 
-670.000321826363688 
-670.000321589949635 
-670.000321355641063 
-670.000321118968259 
-670.000320884440498 
-670.000320647092394 
-670.000320410292261 
-670.000320180764447 
-670.000319947073876 
-670.000319715025853 
-670.000319471537296 
-670.000319234950894 
-670.000318998958392 
-670.000318761962717 
-670.000318528037951 
-670.000318292843531 
-670.000318058253470 
-670.000317819478369 
-670.000317580631872 
-670.000317347952205 
-670.000317108742365 
-670.000316873336033 
-670.000316632616887 
-670.000316396582093 
-670.000316155410474 
-670.000315912581300 
-670.000315668402436 
-670.000315427802889 
-670.000315185908221 
-670.000314947193601 
-670.000314706230711 
-670.000314458747653 
-670.000314210778470 
-670.000313965791520 
-670.000313723166073 
-670.000313471982736 
-670.000313228278628 
-670.000312986512654 
-670.000312747180942 
-670.000312501016651 
-670.000312258045142 
-670.000312008480705 
-670.000311757728014 
-670.000311511548716 
-670.000311262690047 
-670.000311013734517 
-670.000310766750772 
-670.000310514290959 
-670.000310272083880 
-670.000310022867779 
-670.000309777009079 
-670.000309534126245 
-670.000309285532694 
-670.000309031466713 
-670.000308781919102 
-670.000308535135446 
-670.000308287998450 
-670.000308039650463 
-670.000307786880512 
-670.000307534108288 
-670.000307282922677 
-670.000307031717057 
-670.000306783260385 
-670.000306533535422 
-670.000306284879571 
-670.000306032075969 
-670.000305781361931 
-670.000305528747504 
-670.000305276447762 
-670.000305022304019 
-670.000304762904761 
-670.000304510329897 
-670.000304258661345 
-670.000303998525851 
-670.000303748294300 
-670.000303488131522 
-670.000303233280647 
-670.000302978611217 
-670.000302721653952 
-670.000302462503896 
-670.000302207010009 
-670.000301949739423 
-670.000301691996356 
-670.000301432908600 
-670.000301176770336 
-670.000300922513816 
-670.000300660630273 
-670.000300398798117 
-670.000300137960949 
-670.000299874587654 
-670.000299609378089 
-670.000299347109831 
-670.000299090632780 
-670.000298825929804 
-670.000298562937132 
-670.000298300238228 
-670.000298038569326 
-670.000297775732179 
-670.000297511958252 
-670.000297250038329 
-670.000296985300338 
-670.000296723730571 
-670.000296459767924 
-670.000296193852137 
-670.000295929370623 
-670.000295664332498 
-670.000295395860121 
-670.000295130962058 
-670.000294869080790 
-670.000294603436942 
-670.000294334057799 
-670.000294064534955 
-670.000293798691928 
-670.000293530401450 
-670.000293257057365 
-670.000292985992928 
-670.000292716898457 
-670.000292453157272 
-670.000292177387564 
-670.000291906215352 
-670.000291636672500 
-670.000291371202366 
-670.000291100327104 
-670.000290830217182 
-670.000290557163680 
-670.000290290887278 
-670.000290024707283 
-670.000289755809263 
-670.000289482511107 
-670.000289209483981 
-670.000288933434604 
-670.000288660920887 
-670.000288385404019 
-670.000288113680199 
-670.000287841108275 
-670.000287570128876 
-670.000287304147605 
-670.000287025518901 
-670.000286756356218 
-670.000286478189992 
-670.000286199289349 
-670.000285931426788 
-670.000285657095901 
-670.000285383667233 
-670.000285108482785 
-670.000284828068743 
-670.000284558509520 
-670.000284286541046 
-670.000284012574866 
-670.000283738305370 
-670.000283456977286 
-670.000283179238068 
-670.000282902361505 
-670.000282623674593 
-670.000282349987629 
-670.000282073508060 
-670.000281800063931 
-670.000281526659364 
-670.000281247701878 
-670.000280971898974 
-670.000280696776372 
-670.000280415499219 
-670.000280135722278 
-670.000279857433270 
-670.000279579045582 
-670.000279304926607 
-670.000279029504782 
-670.000278752806480 
-670.000278473495655 
-670.000278192350379 
-670.000277912096863 
-670.000277632164398 
-670.000277353414276 
-670.000277075635495 
-670.000276795311493 
-670.000276514887446 
-670.000276241317806 
-670.000275963428521 
-670.000275688054899 
-670.000275411849088 
-670.000275135222637 
-670.000274854321106 
-670.000274576925221 
-670.000274294410701 
-670.000274015903415 
-670.000273742470654 
-670.000273461692359 
-670.000273179149644 
-670.000272900050277 
-670.000272619889984 
-670.000272336495527 
-670.000272056127869 
-670.000271776016234 
-670.000271489421721 
-670.000271205989975 
-670.000270924640972 
-670.000270643990461 
-670.000270366543646 
-670.000270088034085 
-670.000269809789643 
-670.000269529265097 
-670.000269254587238 
-670.000268973838956 
-670.000268700929155 
-670.000268429414973 
-670.000268149438398 
-670.000267867544608 
-670.000267591087777 
-670.000267309561423 
-670.000267030809027 
-670.000266747251771 
-670.000266470393399 
-670.000266189085323 
-670.000265906659479 
-670.000265623767518 
-670.000265338712779 
-670.000265051337010 
-670.000264766159034 
-670.000264481818249 
-670.000264196239186 
-670.000263913943854 
-670.000263633045506 
-670.000263353192622 
-670.000263071889549 
-670.000262795927483 
-670.000262515090981 
-670.000262233897956 
-670.000261957154180 
-670.000261673314981 
-670.000261399096416 
-670.000261116917045 
-670.000260841272848 
-670.000260563083430 
-670.000260284627075 
-670.000260002837877 
-670.000259716913661 
