-670.000000000000000 
-669.999999999372903 
-669.999999999736133 
-670.000000000090495 
-670.000000000343334 
-670.000000001113904 
-670.000000001613671 
-670.000000001535568 
-670.000000001373451 
-670.000000000986120 
-670.000000000352657 
-669.999999999504780 
-669.999999998814928 
-669.999999998262183 
-669.999999997279247 
-669.999999996336214 
-669.999999995190365 
-669.999999994115797 
-669.999999992892526 
-669.999999991822961 
-669.999999991058644 
-669.999999990101969 
-669.999999989376420 
-669.999999989102093 
-669.999999988889954 
-669.999999988501827 
-669.999999987768888 
-669.999999986318358 
-669.999999984979127 
-669.999999983234602 
-669.999999982109557 
-669.999999980506345 
-669.999999979108679 
-669.999999976030722 
-669.999999974042566 
-669.999999970218369 
-669.999999967819349 
-669.999999962439460 
-669.999999957063892 
-669.999999952770850 
-669.999999947221795 
-669.999999940181965 
-669.999999933311756 
-669.999999924933036 
-669.999999913953161 
-669.999999902398486 
-669.999999891341986 
-669.999999878045401 
-669.999999864881374 
-669.999999848899279 
-669.999999835104290 
-669.999999819662776 
-669.999999804388608 
-669.999999786580588 
-669.999999767034637 
-669.999999748950131 
-669.999999729051979 
-669.999999708224664 
-669.999999687287414 
-669.999999666015583 
-669.999999644371542 
-669.999999624386646 
-669.999999601650529 
-669.999999582163809 
-669.999999561780783 
-669.999999544303364 
-669.999999528885496 
-669.999999516662683 
-669.999999501887601 
-669.999999489755510 
-669.999999478696623 
-669.999999469760269 
-669.999999467575549 
-669.999999462660980 
-669.999999457284503 
-669.999999453882765 
-669.999999453506007 
-669.999999453050464 
-669.999999454285785 
-669.999999455523721 
-669.999999458547336 
-669.999999463060362 
-669.999999466617965 
-669.999999473285470 
-669.999999475127197 
-669.999999479608391 
-669.999999478143764 
-669.999999481765485 
-669.999999481523332 
-669.999999481020154 
-669.999999479993676 
-669.999999477721985 
-669.999999474416427 
-669.999999468904662 
-669.999999460364279 
-669.999999449920097 
-669.999999437519364 
-669.999999426463432 
-669.999999413863407 
-669.999999396683393 
-669.999999380995291 
-669.999999362949211 
-669.999999343599711 
-669.999999325878434 
-669.999999303822278 
-669.999999285701620 
-669.999999262995743 
-669.999999243345997 
-669.999999220784844 
-669.999999197130251 
-669.999999173598781 
-669.999999152327746 
-669.999999126801299 
-669.999999104143626 
-669.999999080040993 
-669.999999058577828 
-669.999999033257268 
-669.999999011163936 
-669.999998987835966 
-669.999998967428041 
-669.999998942886350 
-669.999998916898221 
-669.999998893096404 
-669.999998867624640 
-669.999998839553882 
-669.999998814052560 
-669.999998790472659 
-669.999998768130013 
-669.999998743253514 
-669.999998718037546 
-669.999998695108275 
-669.999998673156028 
-669.999998652977297 
-669.999998633063342 
-669.999998614215656 
-669.999998600990807 
-669.999998581393697 
-669.999998568977730 
-669.999998554128410 
-669.999998542963567 
-669.999998529921072 
-669.999998517141762 
-669.999998511886247 
-669.999998504423502 
-669.999998497104002 
-669.999998491687393 
-669.999998486486788 
-669.999998483698846 
-669.999998478784164 
-669.999998476595579 
-669.999998476249630 
-669.999998474742483 
-669.999998473753976 
-669.999998473550477 
-669.999998473065489 
-669.999998472644847 
-669.999998474968379 
-669.999998477485406 
-669.999998478990733 
-669.999998479381816 
-669.999998481928742 
-669.999998487255766 
-669.999998490979124 
-669.999998495229420 
-669.999998497015667 
-669.999998498629338 
-669.999998506826273 
-669.999998512530510 
-669.999998518370262 
-669.999998523323598 
-669.999998528526476 
-669.999998533416829 
-669.999998536496037 
-669.999998542228923 
-669.999998549329916 
-669.999998554738227 
-669.999998557187155 
-669.999998557535264 
-669.999998561497705 
-669.999998564209477 
-669.999998569820605 
-669.999998573102857 
-669.999998575596010 
-669.999998583076831 
-669.999998588293352 
-669.999998593072291 
-669.999998599431365 
-669.999998605721657 
-669.999998610039711 
-669.999998618210611 
-669.999998624433488 
-669.999998632663278 
-669.999998641380671 
-669.999998645093683 
-669.999998654456476 
-669.999998666599822 
-669.999998676129280 
-669.999998687451921 
-669.999998700256697 
-669.999998716117830 
-669.999998728692049 
-669.999998744222466 
-669.999998757965386 
-669.999998770360889 
-669.999998787480536 
-669.999998806395979 
-669.999998822434236 
-669.999998837847215 
-669.999998853663328 
-669.999998868595867 
-669.999998885848981 
-669.999998900945457 
-669.999998915263973 
-669.999998927543857 
-669.999998943637706 
-669.999998961667529 
-669.999998976743541 
-669.999998990758627 
-669.999999002716891 
-669.999999015199137 
-669.999999028459456 
-669.999999037445832 
-669.999999050547785 
-669.999999058221192 
-669.999999065413704 
-669.999999071161255 
-669.999999077953589 
-669.999999081723445 
-669.999999085165996 
-669.999999087918013 
-669.999999091618861 
-669.999999091836798 
-669.999999090245637 
-669.999999089390030 
-669.999999087166998 
-669.999999083386797 
-669.999999078001792 
-669.999999074379275 
-669.999999067758836 
-669.999999058663434 
-669.999999053368583 
-669.999999049300072 
-669.999999039385330 
-669.999999026696401 
-669.999999017300752 
-669.999999009150542 
-669.999998995175815 
-669.999998983436626 
-669.999998970797606 
-669.999998960888661 
-669.999998944796289 
-669.999998929533717 
-669.999998915928927 
-669.999998899131924 
-669.999998882680075 
-669.999998868450916 
-669.999998856497768 
-669.999998843700382 
-669.999998827993977 
-669.999998814396804 
-669.999998799076934 
-669.999998784881882 
-669.999998770113734 
-669.999998753800014 
-669.999998735719601 
-669.999998723711769 
-669.999998710292175 
-669.999998697825504 
-669.999998682059413 
-669.999998665266048 
-669.999998651591909 
-669.999998637477574 
-669.999998621138730 
-669.999998604427446 
-669.999998591293206 
-669.999998578784243 
-669.999998566488784 
-669.999998551011231 
-669.999998533622374 
-669.999998519957103 
-669.999998508135150 
-669.999998491957854 
-669.999998480441263 
-669.999998465341832 
-669.999998451677129 
-669.999998439506953 
-669.999998428789922 
-669.999998414848392 
-669.999998402303618 
-669.999998386638140 
-669.999998372446498 
-669.999998360105337 
-669.999998350312580 
-669.999998338482555 
-669.999998325039655 
-669.999998313335254 
-669.999998301736468 
-669.999998292157670 
-669.999998278663725 
-669.999998265821887 
-669.999998256995468 
-669.999998245446363 
-669.999998234419536 
-669.999998224307205 
-669.999998216284894 
-669.999998206146415 
-669.999998198293042 
-669.999998190306542 
-669.999998181460455 
-669.999998171261950 
-669.999998161170765 
-669.999998151575369 
-669.999998142764525 
-669.999998138754790 
-669.999998133467102 
-669.999998129264441 
-669.999998123872047 
-669.999998118103122 
-669.999998113706852 
-669.999998108909153 
-669.999998105848135 
-669.999998100996891 
-669.999998096843456 
-669.999998094205125 
-669.999998094345301 
-669.999998088805341 
-669.999998086545020 
-669.999998086946562 
-669.999998081409558 
-669.999998082553816 
-669.999998083329956 
-669.999998078377757 
-669.999998077706323 
-669.999998079415491 
-669.999998083215473 
-669.999998083097807 
-669.999998084275944 
-669.999998087496238 
-669.999998088281359 
-669.999998085548214 
-669.999998083289256 
-669.999998082064621 
-669.999998081580088 
-669.999998081043373 
-669.999998084635990 
-669.999998082352022 
-669.999998085048105 
-669.999998086584810 
-669.999998087186214 
-669.999998090203803 
-669.999998094420107 
-669.999998092400119 
-669.999998093939894 
-669.999998095741716 
-669.999998092137275 
-669.999998093365093 
-669.999998091939347 
-669.999998091969246 
-669.999998091938096 
-669.999998092667852 
-669.999998089807377 
-669.999998090902182 
-669.999998089179144 
-669.999998087829226 
-669.999998086005917 
-669.999998085027187 
-669.999998084543108 
-669.999998081456397 
-669.999998079144916 
-669.999998076032853 
-669.999998072329731 
-669.999998071561436 
-669.999998069254048 
-669.999998065781028 
-669.999998062337681 
-669.999998059946847 
-669.999998055591391 
-669.999998054057301 
-669.999998055685865 
-669.999998052449882 
-669.999998048813268 
-669.999998049171154 
-669.999998045583197 
-669.999998042143488 
-669.999998039742877 
-669.999998036966645 
-669.999998033473730 
-669.999998033209749 
-669.999998033001248 
-669.999998032035364 
-669.999998030068355 
-669.999998029226390 
-669.999998027299625 
-669.999998027188212 
-669.999998025658215 
-669.999998027255515 
-669.999998025919240 
-669.999998022959062 
-669.999998022679165 
-669.999998021736701 
-669.999998022790805 
-669.999998025796685 
-669.999998027254605 
-669.999998028353502 
-669.999998032376880 
-669.999998037160822 
-669.999998043496817 
-669.999998048785528 
-669.999998054192474 
-669.999998060854978 
-669.999998064333340 
-669.999998066838998 
-669.999998078327735 
-669.999998085755124 
-669.999998094074726 
-669.999998102391601 
-669.999998107336296 
-669.999998115606104 
-669.999998123097839 
-669.999998133517920 
-669.999998141666538 
-669.999998152072067 
-669.999998162126985 
-669.999998177318957 
-669.999998189461621 
-669.999998203159521 
-669.999998214576181 
-669.999998230442543 
-669.999998241058620 
-669.999998253167860 
-669.999998266334387 
-669.999998281358330 
-669.999998293370936 
-669.999998302733729 
-669.999998315381617 
-669.999998330030849 
-669.999998341497303 
-669.999998354953050 
-669.999998372858727 
-669.999998386955667 
-669.999998398361186 
-669.999998413115009 
-669.999998425417289 
-669.999998437085424 
-669.999998451559804 
-669.999998465547833 
-669.999998480214799 
-669.999998493268322 
-669.999998508855242 
-669.999998528215428 
-669.999998544804839 
-669.999998562212568 
-669.999998581196451 
-669.999998595985971 
-669.999998610457396 
-669.999998623959300 
-669.999998640894091 
-669.999998656726120 
-669.999998671968115 
-669.999998691570909 
-669.999998708328349 
-669.999998727655111 
-669.999998743984861 
-669.999998761325514 
-669.999998778309646 
-669.999998798753495 
-669.999998820935843 
-669.999998835678525 
-669.999998853172201 
-669.999998869922820 
-669.999998890131565 
-669.999998905557959 
-669.999998923803787 
-669.999998940976639 
-669.999998956629952 
-669.999998973247784 
-669.999998992946530 
-669.999999007981614 
-669.999999024900944 
-669.999999042417585 
-669.999999057926743 
-669.999999078054088 
-669.999999098560238 
-669.999999118915184 
-669.999999137969326 
-669.999999156920239 
-669.999999176989149 
-669.999999196018507 
-669.999999215319349 
-669.999999231675019 
-669.999999251134795 
-669.999999271210072 
-669.999999285535296 
-669.999999301680418 
-669.999999321817540 
-669.999999338650468 
-669.999999354240117 
-669.999999370455726 
-669.999999388181095 
-669.999999407688165 
-669.999999424825091 
-669.999999440705324 
-669.999999458755156 
-669.999999474738388 
-669.999999492450570 
-669.999999507579332 
-669.999999524492978 
-669.999999540961198 
-669.999999557494220 
-669.999999578228881 
-669.999999594445399 
-669.999999611733301 
-669.999999628675823 
-669.999999644420768 
-669.999999662404662 
-669.999999679995199 
-669.999999697541625 
-669.999999712328190 
-669.999999728053126 
-669.999999748303253 
-669.999999766027940 
-669.999999782108262 
-669.999999797033297 
-669.999999813770955 
-669.999999829921762 
-669.999999844571676 
-669.999999862161076 
-669.999999878531071 
-669.999999896300324 
-669.999999909118742 
-669.999999924277972 
-669.999999937643224 
-669.999999952985945 
-669.999999966686346 
-669.999999982453119 
-669.999999993740630 
-670.000000008201823 
-670.000000022039330 
-670.000000037112159 
-670.000000050797553 
-670.000000067131623 
-670.000000077396180 
-670.000000089624336 
-670.000000104058472 
-670.000000117787295 
-670.000000130579792 
-670.000000145054855 
-670.000000154752570 
-670.000000164106268 
-670.000000178128175 
-670.000000189469120 
-670.000000197793497 
-670.000000207229732 
-670.000000218199830 
-670.000000225499662 
-670.000000231296326 
-670.000000240671397 
-670.000000251449364 
-670.000000260426532 
-670.000000270963028 
-670.000000282034307 
-670.000000293399580 
-670.000000301825139 
-670.000000313452801 
-670.000000323353333 
-670.000000334603556 
-670.000000345556600 
-670.000000354126769 
-670.000000361786306 
-670.000000372202067 
-670.000000383216729 
-670.000000392111815 
-670.000000399479404 
-670.000000408225105 
-670.000000413349881 
-670.000000424878635 
-670.000000434243020 
-670.000000441275915 
-670.000000451498863 
-670.000000459415105 
-670.000000466094889 
-670.000000478899437 
-670.000000484264547 
-670.000000495173481 
-670.000000501504019 
-670.000000513510258 
-670.000000522446499 
-670.000000530078978 
-670.000000538354470 
-670.000000545168405 
-670.000000553354766 
-670.000000560579565 
-670.000000568361429 
-670.000000575790182 
-670.000000584146619 
-670.000000589905540 
-670.000000600558906 
-670.000000608540176 
-670.000000619327921 
-670.000000626434030 
