40.000000000000000 
39.999999999144705 
39.999999998465256 
39.999999997779931 
39.999999997182663 
39.999999996803034 
39.999999996639019 
39.999999995591054 
39.999999994056644 
39.999999992268769 
39.999999990372942 
39.999999988492448 
39.999999986625440 
39.999999984862093 
39.999999983191685 
39.999999981673632 
39.999999980247210 
39.999999978954584 
39.999999977783617 
39.999999976737527 
39.999999975784277 
39.999999974933019 
39.999999974166499 
39.999999973476285 
39.999999972842240 
39.999999972290937 
39.999999971812450 
39.999999971357681 
39.999999970959493 
39.999999970620578 
39.999999970308949 
39.999999970034651 
39.999999969792810 
39.999999969584096 
39.999999969401003 
39.999999969237656 
39.999999969100159 
39.999999968966350 
39.999999968866490 
39.999999968778425 
39.999999968693814 
39.999999968627186 
39.999999968579829 
39.999999968527881 
39.999999968476011 
39.999999968453018 
39.999999968429805 
39.999999968411217 
39.999999968399969 
39.999999968414279 
39.999999968424724 
39.999999968422571 
39.999999968431183 
39.999999968439681 
39.999999975504799 
39.999999982926411 
39.999999990677836 
39.999999998703217 
40.000000007027865 
40.000000015596662 
40.000000024402020 
40.000000033410394 
40.000000042638291 
40.000000052042523 
40.000000061595756 
40.000000071299624 
40.000000081144854 
40.000000091125436 
40.000000101193798 
40.000000111370987 
40.000000121642280 
40.000000131989140 
40.000000142413278 
40.000000152873113 
40.000000163415358 
40.000000173996469 
40.000000184615246 
40.000000195265315 
40.000000205934995 
40.000000216618488 
40.000000227324634 
40.000000238018657 
40.000000248715892 
40.000000259407969 
40.000000270073762 
40.000000280731292 
40.000000291355654 
40.000000301954536 
40.000000312526623 
40.000000323048283 
40.000000333527083 
40.000000343976190 
40.000000354357013 
40.000000364675387 
40.000000374940967 
40.000000385132822 
40.000000395266319 
40.000000405343400 
40.000000415331101 
40.000000425255649 
40.000000435095259 
40.000000444877543 
40.000000454566646 
40.000000464169084 
40.000000473691273 
40.000000483106227 
40.000000492457616 
40.000000501731932 
40.000000510897593 
40.000000519969831 
40.000000528940419 
40.000000537831859 
40.000000546634297 
40.000000555316120 
40.000000563930939 
40.000000572423815 
40.000000580824249 
40.000000589105014 
40.000000597314227 
40.000000605420929 
40.000000613451334 
40.000000621369814 
40.000000629200947 
40.000000636933905 
40.000000644583722 
40.000000652162491 
40.000000659670945 
40.000000667080485 
40.000000674425578 
40.000000681646711 
40.000000688821189 
40.000000695909080 
40.000000702928986 
40.000000709872360 
40.000000716741297 
40.000000723535408 
40.000000730277193 
40.000000736939526 
40.000000743579619 
40.000000750181414 
40.000000756716034 
40.000000763234198 
40.000000769717687 
40.000000776124089 
40.000000782505836 
40.000000788883341 
40.000000795211292 
40.000000801517913 
40.000000807771016 
40.000000814038685 
40.000000820252836 
40.000000826505321 
40.000000832690944 
40.000000838895332 
40.000000845094313 
40.000000851294971 
40.000000857482455 
40.000000863709275 
40.000000869921287 
40.000000876152072 
40.000000882408692 
40.000000888664161 
40.000000894911381 
40.000000901182609 
40.000000907507797 
40.000000913829879 
40.000000920181193 
40.000000926555209 
40.000000932952176 
40.000000939384591 
40.000000945843240 
40.000000952318487 
40.000000958845007 
40.000000965405178 
40.000000971976021 
40.000000978569247 
40.000000985227096 
40.000000991907342 
40.000000998598225 
40.000001005338035 
40.000001012111824 
40.000001018894693 
40.000001025742833 
40.000001032600395 
40.000001039514430 
40.000001046429716 
40.000001053396687 
40.000001060397800 
40.000001067404355 
40.000001074410136 
40.000001081471154 
40.000001088594729 
40.000001095711404 
40.000001102847804 
40.000001110001200 
40.000001117133877 
40.000001124299473 
40.000001131490535 
40.000001138698778 
40.000001145893222 
40.000001153105529 
40.000001160291625 
40.000001167498944 
40.000001174687576 
40.000001181863695 
40.000001189049996 
40.000001196242380 
40.000001203419735 
40.000001210578532 
40.000001217766453 
40.000001224880450 
40.000001232038457 
40.000001239149412 
40.000001246238966 
40.000001253297398 
40.000001260329768 
40.000001267351053 
40.000001274300715 
40.000001281197555 
40.000001288129184 
40.000001294980052 
40.000001301809704 
40.000001308563384 
40.000001315321668 
40.000001321980690 
40.000001328584474 
40.000001335150401 
40.000001341668010 
40.000001348136294 
40.000001354551266 
40.000001360866740 
40.000001367138736 
40.000001373379050 
40.000001379542596 
40.000001385639692 
40.000001391648695 
40.000001397600784 
40.000001403456750 
40.000001409243211 
40.000001414936420 
40.000001420565894 
40.000001426123710 
40.000001431599898 
40.000001436985443 
40.000001442303997 
40.000001447572743 
40.000001452722344 
40.000001457793779 
40.000001462795097 
40.000001467739025 
40.000001472600133 
40.000001477395458 
40.000001482090532 
40.000001486686017 
40.000001491249712 
40.000001495709597 
40.000001500121925 
40.000001504450452 
40.000001508710618 
40.000001512832611 
40.000001516898109 
40.000001520915347 
40.000001524848884 
40.000001528699386 
40.000001532486451 
40.000001536222520 
40.000001539871818 
40.000001543482263 
40.000001547008040 
40.000001550511072 
40.000001553911808 
40.000001557269655 
40.000001560565885 
40.000001563785169 
40.000001566974269 
40.000001570134152 
40.000001573238322 
40.000001576260345 
40.000001579275924 
40.000001582237658 
40.000001585152546 
40.000001588001311 
40.000001590814719 
40.000001593582638 
40.000001596314078 
40.000001599011547 
40.000001601659505 
40.000001604325995 
40.000001606925309 
40.000001609449342 
40.000001611953650 
40.000001614475536 
40.000001616961185 
40.000001619429128 
40.000001621841726 
40.000001624283044 
40.000001626674852 
40.000001629057309 
40.000001631429271 
40.000001633765756 
40.000001636085813 
40.000001638414538 
40.000001640681802 
40.000001642982639 
40.000001645227115 
40.000001647499026 
40.000001649753237 
40.000001652043935 
40.000001654310587 
40.000001656569367 
40.000001658782878 
40.000001660971435 
40.000001663168263 
40.000001665421280 
40.000001667664336 
40.000001669920351 
40.000001672150788 
40.000001674410441 
40.000001676685329 
40.000001678923603 
40.000001681183029 
40.000001683480718 
40.000001685791105 
40.000001688088823 
40.000001690416028 
40.000001692714335 
40.000001695043906 
40.000001697408337 
40.000001699747465 
40.000001702100896 
40.000001704478500 
40.000001706949931 
40.000001709344957 
40.000001711755715 
40.000001714203236 
40.000001716664826 
40.000001719160679 
40.000001721671410 
40.000001724189943 
40.000001726697370 
40.000001729259537 
40.000001731850375 
40.000001734454422 
40.000001737106643 
40.000001739765707 
40.000001742407761 
40.000001745093300 
40.000001747850320 
40.000001750632123 
40.000001753457866 
40.000001756261419 
40.000001759120671 
40.000001761999386 
40.000001764872842 
40.000001767795617 
40.000001770703854 
40.000001773619999 
40.000001776620479 
40.000001779590903 
40.000001782644986 
40.000001785713742 
40.000001788755881 
40.000001791881033 
40.000001795015550 
40.000001798154003 
40.000001801356497 
40.000001804604963 
40.000001807860684 
40.000001811126211 
40.000001814437155 
40.000001817738713 
40.000001821074022 
40.000001824456952 
40.000001827824320 
40.000001831197430 
40.000001834594769 
40.000001838033000 
40.000001841513068 
40.000001844965311 
40.000001848442380 
40.000001851971660 
40.000001855444410 
40.000001858981307 
40.000001862569917 
40.000001866147102 
40.000001869748125 
40.000001873364951 
40.000001877041974 
40.000001880688188 
40.000001884366533 
40.000001888051401 
40.000001891782375 
40.000001895516363 
40.000001899286310 
40.000001903035297 
40.000001906824771 
40.000001910599906 
40.000001914464924 
40.000001918243100 
40.000001922007357 
40.000001925853852 
40.000001929729223 
40.000001933605859 
40.000001937477478 
40.000001941352309 
40.000001945301378 
40.000001949229969 
40.000001953172365 
40.000001957092671 
40.000001961031252 
40.000001965001076 
40.000001969021284 
40.000001973016417 
40.000001977020261 
40.000001981014528 
40.000001985037294 
40.000001989071926 
40.000001993095296 
40.000001997200769 
40.000002001276975 
40.000002005379166 
40.000002009505664 
40.000002013617646 
40.000002017773355 
40.000002021929113 
40.000002026055171 
40.000002030234839 
40.000002034431311 
40.000002038624572 
40.000002042858981 
40.000002047074801 
40.000002051315569 
40.000002055594869 
40.000002059902613 
40.000002064187072 
40.000002068470415 
40.000002072749503 
40.000002077108974 
40.000002081472701 
40.000002085862882 
40.000002090258050 
40.000002094611588 
40.000002098973383 
40.000002103394664 
40.000002107839890 
40.000002112266046 
40.000002116713652 
40.000002121185119 
40.000002125633216 
40.000002130129644 
40.000002134611151 
40.000002139149956 
40.000002143711470 
40.000002148248100 
40.000002152847060 
40.000002157445110 
40.000002162031464 
40.000002166639419 
40.000002171218370 
40.000002175900413 
40.000002180564813 
40.000002185244512 
40.000002189946187 
40.000002194663296 
40.000002199366904 
40.000002204091317 
40.000002208833884 
40.000002213583159 
40.000002218402187 
40.000002223218281 
40.000002228017607 
40.000002232809223 
40.000002237640643 
40.000002242462770 
40.000002247289757 
40.000002252177211 
40.000002257015723 
40.000002261880709 
40.000002266762948 
40.000002271706549 
40.000002276627534 
40.000002281550358 
40.000002286518715 
40.000002291505126 
40.000002296527889 
40.000002301564201 
40.000002306576832 
40.000002311609052 
40.000002316638501 
40.000002321712536 
40.000002326810247 
40.000002331905478 
40.000002337027219 
40.000002342134216 
40.000002347291229 
40.000002352450110 
40.000002357619664 
40.000002362786432 
40.000002368029044 
40.000002373243760 
40.000002378476523 
40.000002383712818 
40.000002388938043 
40.000002394237050 
40.000002399533400 
40.000002404856389 
40.000002410185907 
40.000002415579786 
40.000002421033493 
40.000002426420110 
40.000002431825031 
40.000002437272755 
40.000002442764476 
40.000002448245219 
40.000002453738546 
40.000002459263108 
40.000002464831525 
40.000002470453325 
40.000002476103113 
40.000002481762735 
40.000002487422663 
40.000002493130076 
40.000002498804385 
40.000002504554878 
40.000002510346690 
40.000002516174753 
40.000002521988691 
40.000002527843002 
40.000002533727894 
40.000002539642409 
40.000002545563206 
40.000002551591322 
40.000002557608440 
40.000002563604809 
40.000002569647236 
40.000002575769493 
40.000002581926680 
40.000002588111229 
40.000002594269084 
40.000002600496401 
40.000002606720471 
40.000002613016193 
40.000002619296396 
40.000002625699835 
40.000002632108419 
40.000002638546121 
40.000002644997963 
40.000002651475313 
40.000002657969731 
40.000002664499490 
40.000002671055569 
40.000002677685288 
40.000002684318154 
40.000002690979848 
40.000002697678603 
40.000002704474483 
40.000002711279464 
40.000002718121777 
40.000002725041369 
40.000002731965338 
40.000002738954777 
40.000002745928427 
40.000002752954934 
40.000002759989698 
40.000002767044336 
40.000002774146161 
40.000002781341550 
40.000002788518316 
40.000002795748387 
40.000002803025467 
40.000002810293189 
40.000002817683594 
40.000002825048149 
40.000002832494935 
40.000002839940876 
40.000002847406130 
40.000002854953500 
40.000002862517420 
40.000002870105547 
40.000002877736769 
40.000002885409920 
40.000002893174468 
40.000002900924912 
40.000002908673508 
40.000002916537355 
40.000002924378038 
40.000002932265367 
40.000002940197909 
40.000002948194378 
40.000002956142524 
40.000002964119140 
40.000002972081624 
40.000002980121970 
40.000002988125246 
40.000002996182346 
40.000003004235708 
40.000003012325024 
40.000003020413970 
40.000003028553174 
40.000003036643804 
40.000003044749008 
40.000003052905157 
40.000003061059374 
40.000003069184459 
40.000003077338853 
40.000003085470254 
40.000003093589640 
40.000003101649156 
40.000003109721192 
40.000003117818757 
40.000003125871174 
40.000003133923144 
40.000003141922186 
40.000003149867467 
40.000003157763608 
40.000003165605314 
40.000003173489709 
40.000003181301921 
40.000003189072963 
40.000003196785812 
40.000003204411264 
40.000003212025860 
40.000003219562899 
40.000003227045724 
40.000003234481412 
40.000003241848475 
40.000003249119388 
40.000003256382200 
40.000003263540926 
40.000003270594682 
40.000003277648020 
40.000003284636861 
40.000003291551891 
40.000003298366479 
40.000003305034475 
40.000003311642523 
40.000003318218475 
40.000003324749350 
40.000003331134337 
40.000003337396734 
40.000003343638070 
40.000003349768214 
40.000003355827211 
40.000003361809291 
40.000003367716985 
40.000003373544452 
40.000003379300708 
40.000003384930224 
40.000003390466091 
40.000003395927777 
40.000003401337480 
40.000003406647792 
40.000003411870864 
40.000003417019144 
40.000003422049758 
40.000003427053336 
40.000003431957346 
40.000003436800576 
40.000003441548245 
40.000003446258553 
40.000003450835493 
40.000003455352257 
40.000003459763761 
40.000003464128554 
40.000003468418349 
40.000003472661739 
40.000003476807478 
40.000003480819267 
40.000003484804324 
40.000003488704223 
40.000003492554612 
40.000003496316481 
40.000003500015069 
40.000003503644628 
40.000003507222161 
40.000003510671796 
40.000003514060865 
40.000003517344680 
40.000003520633925 
40.000003523865459 
40.000003526979597 
40.000003530047550 
40.000003533073404 
40.000003536047913 
40.000003538951638 
40.000003541805768 
40.000003544563171 
40.000003547286369 
40.000003549931392 
40.000003552473743 
40.000003554997903 
40.000003557482913 
40.000003559901131 
40.000003562233978 
40.000003564490456 
40.000003566700713 
40.000003568901803 
40.000003571054862 
40.000003573133029 
40.000003575225080 
40.000003577229563 
40.000003579157124 
40.000003581121092 
40.000003582992932 
40.000003584833159 
40.000003586596691 
40.000003588345507 
40.000003590029507 
40.000003591708960 
40.000003593274464 
40.000003594803808 
40.000003596355143 
40.000003597853386 
40.000003599316429 
40.000003600756941 
40.000003602127222 
40.000003603522025 
40.000003604839037 
40.000003606131123 
40.000003607309608 
40.000003608524722 
40.000003609744624 
40.000003610912913 
40.000003612070998 
40.000003613197975 
40.000003614311808 
40.000003615394704 
40.000003616497004 
40.000003617519894 
40.000003618592352 
40.000003619615939 
40.000003620677290 
40.000003621690247 
40.000003622711930 
40.000003623680499 
40.000003624653132 
40.000003625614767 
40.000003626542750 
40.000003627530234 
40.000003628451609 
40.000003629394925 
40.000003630298686 
40.000003631162116 
40.000003632121590 
40.000003632979372 
40.000003633866847 
40.000003634768959 
40.000003635614277 
40.000003636470375 
40.000003637286198 
40.000003638141962 
40.000003638974881 
40.000003639784083 
40.000003640629998 
40.000003641454995 
40.000003642300818 
40.000003643133013 
40.000003643961684 
40.000003644800557 
40.000003645626990 
40.000003646442778 
40.000003647312212 
40.000003648139611 
40.000003648989278 
40.000003649844302 
40.000003650694467 
40.000003651576101 
40.000003652388870 
40.000003653248264 
40.000003654121890 
40.000003654980944 
40.000003655806857 
40.000003656674401 
40.000003657591854 
40.000003658477510 
40.000003659342568 
40.000003660254762 
40.000003661179647 
40.000003662100283 
40.000003663027826 
40.000003663903414 
40.000003664784089 
40.000003665720449 
40.000003666631706 
40.000003667575029 
40.000003668495182 
40.000003669465428 
40.000003670360385 
40.000003671321195 
40.000003672290696 
40.000003673273078 
40.000003674215989 
40.000003675181418 
40.000003676126163 
40.000003677080812 
40.000003678051613 
40.000003679054124 
40.000003679996993 
40.000003680950527 
40.000003681943838 
40.000003682883445 
40.000003683896651 
40.000003684877591 
40.000003685871192 
40.000003686864140 
40.000003687824616 
40.000003688846661 
40.000003689833775 
40.000003690832891 
40.000003691787185 
40.000003692790557 
40.000003693780144 
40.000003694780489 
40.000003695786134 
40.000003696827008 
40.000003697913080 
40.000003698918078 
40.000003699977135 
40.000003701008239 
40.000003702049867 
40.000003703105868 
40.000003704156860 
40.000003705182266 
40.000003706200985 
40.000003707235336 
40.000003708219701 
40.000003709229176 
40.000003710315937 
40.000003711393852 
40.000003712447594 
40.000003713519988 
40.000003714552740 
40.000003715610426 
40.000003716715916 
40.000003717763342 
40.000003718872961 
40.000003719916869 
40.000003721033970 
40.000003722157196 
40.000003723280926 
40.000003724413361 
40.000003725485186 
40.000003726555519 
40.000003727673942 
40.000003728719236 
40.000003729821884 
40.000003730903522 
40.000003732020772 
40.000003733130534 
40.000003734245553 
40.000003735349800 
40.000003736424560 
40.000003737501366 
40.000003738576140 
40.000003739583718 
40.000003740700294 
40.000003741772680 
40.000003742905349 
40.000003744031559 
40.000003745182674 
40.000003746271702 
40.000003747439912 
40.000003748546774 
40.000003749652237 
40.000003750761138 
40.000003751854180 
40.000003752978003 
40.000003754109613 
40.000003755238616 
40.000003756358183 
40.000003757452816 
40.000003758615918 
40.000003759729580 
40.000003760874051 
40.000003761986854 
40.000003763048070 
40.000003764155480 
40.000003765313949 
40.000003766420818 
40.000003767549906 
40.000003768597665 
40.000003769733532 
40.000003770869881 
40.000003772028066 
40.000003773191956 
40.000003774369937 
40.000003775527595 
40.000003776667199 
40.000003777810370 
40.000003778936893 
40.000003780112976 
40.000003781204953 
40.000003782385548 
40.000003783578364 
40.000003784767756 
40.000003785966356 
40.000003787089241 
40.000003788255398 
40.000003789422905 
40.000003790585026 
40.000003791728346 
40.000003792898013 
40.000003794077294 
40.000003795330230 
40.000003796514406 
40.000003797675475 
40.000003798859467 
40.000003800068683 
40.000003801284059 
40.000003802482141 
40.000003803620388 
40.000003804763068 
40.000003805931001 
40.000003807092014 
40.000003808293712 
40.000003809494636 
40.000003810629863 
40.000003811859749 
40.000003813045851 
40.000003814244145 
40.000003815453589 
40.000003816649347 
40.000003817792972 
40.000003818997754 
40.000003820207581 
40.000003821396113 
40.000003822581562 
40.000003823766122 
40.000003824949424 
40.000003826128477 
40.000003827340649 
40.000003828505356 
40.000003829698549 
40.000003830890911 
40.000003832068742 
40.000003833208524 
40.000003834387741 
40.000003835573224 
40.000003836779570 
40.000003838005533 
40.000003839188402 
40.000003840382192 
40.000003841505730 
40.000003842671724 
40.000003843851275 
40.000003845001757 
40.000003846207541 
40.000003847373655 
40.000003848501066 
40.000003849638837 
40.000003850827667 
40.000003851958880 
40.000003853073196 
40.000003854223387 
40.000003855365776 
40.000003856450576 
40.000003857582527 
40.000003858696779 
40.000003859822804 
40.000003860935564 
40.000003862003616 
40.000003863079719 
40.000003864234721 
40.000003865313701 
40.000003866429154 
40.000003867495870 
40.000003868561478 
40.000003869579373 
40.000003870672323 
40.000003871709879 
40.000003872754732 
40.000003873776663 
40.000003874801614 
40.000003875768392 
40.000003876799369 
40.000003877844279 
40.000003878839557 
40.000003879792956 
40.000003880851040 
40.000003881858703 
40.000003882823371 
40.000003883771441 
40.000003884753696 
40.000003885683924 
40.000003886584636 
40.000003887495374 
40.000003888454472 
40.000003889366042 
40.000003890329168 
40.000003891263773 
40.000003892127950 
40.000003893052892 
40.000003893964802 
40.000003894881367 
40.000003895731609 
40.000003896597221 
40.000003897435391 
40.000003898263216 
40.000003899119690 
40.000003899905977 
40.000003900686181 
40.000003901515612 
40.000003902319271 
40.000003903111761 
40.000003903874727 
40.000003904609159 
40.000003905336598 
40.000003906073999 
40.000003906763617 
40.000003907481755 
40.000003908168551 
40.000003908842828 
40.000003909559368 
40.000003910195915 
40.000003910870007 
40.000003911527216 
40.000003912199219 
40.000003912877908 
40.000003913491966 
40.000003914059761 
40.000003914624330 
40.000003915223544 
40.000003915810282 
40.000003916390654 
40.000003916900141 
40.000003917435357 
40.000003917960228 
40.000003918491771 
40.000003918920484 
40.000003919397344 
40.000003919874814 
40.000003920346217 
40.000003920817115 
40.000003921236740 
40.000003921661197 
40.000003922076402 
40.000003922472395 
40.000003922860088 
40.000003923184224 
40.000003923570716 
40.000003923921184 
40.000003924246087 
40.000003924568489 
40.000003924917564 
40.000003925192921 
40.000003925478694 
40.000003925699524 
40.000003925890482 
40.000003926108441 
40.000003926341080 
40.000003926537175 
40.000003926713653 
40.000003926864764 
40.000003927019918 
40.000003927164641 
40.000003927285839 
40.000003927417815 
40.000003927486773 
40.000003927571754 
40.000003927604553 
40.000003927635674 
40.000003927645530 
40.000003927633259 
40.000003927600211 
40.000003927564990 
40.000003927527132 
40.000003927464938 
40.000003927366009 
40.000003927194825 
40.000003927021019 
40.000003926783506 
40.000003926552537 
40.000003926288741 
40.000003925969537 
40.000003925773704 
40.000003925477991 
40.000003925170105 
40.000003924820291 
40.000003924495587 
40.000003924127569 
40.000003923740948 
40.000003923300419 
40.000003922803799 
40.000003922342906 
40.000003921845988 
40.000003921337836 
40.000003920795599 
40.000003920211775 
40.000003919651519 
40.000003919037709 
40.000003918366204 
40.000003917749055 
40.000003917165380 
40.000003916443475 
40.000003915742184 
40.000003914985186 
40.000003914272682 
40.000003913484392 
40.000003912663928 
40.000003911820144 
40.000003910981903 
40.000003910133870 
40.000003909317456 
40.000003908426791 
40.000003907500442 
40.000003906547050 
40.000003905544091 
40.000003904506471 
40.000003903486032 
40.000003902473068 
40.000003901443286 
40.000003900328387 
40.000003899241470 
40.000003898108588 
40.000003896948954 
40.000003895785753 
40.000003894580814 
40.000003893367236 
40.000003892134345 
40.000003890869046 
40.000003889591724 
40.000003888317877 
40.000003886984643 
40.000003885666750 
40.000003884334930 
40.000003882947411 
40.000003881557149 
40.000003880170226 
40.000003878819719 
40.000003877443653 
40.000003876045312 
40.000003874627183 
40.000003873119176 
40.000003871569568 
40.000003870065513 
40.000003868486331 
40.000003866946322 
40.000003865331877 
40.000003863731528 
40.000003862111868 
40.000003860455067 
40.000003858801222 
40.000003857140470 
40.000003855427479 
40.000003853734242 
40.000003852022346 
40.000003850282013 
40.000003848577663 
40.000003846764614 
40.000003845021894 
40.000003843257858 
40.000003841486176 
40.000003839633493 
40.000003837777840 
40.000003835913688 
40.000003834058305 
40.000003832211668 
40.000003830333597 
40.000003828454169 
40.000003826548976 
40.000003824592085 
40.000003822602608 
40.000003820597883 
40.000003818622083 
40.000003816603709 
40.000003814578648 
40.000003812522138 
40.000003810478219 
40.000003808430741 
40.000003806416281 
40.000003804319277 
40.000003802280141 
40.000003800202194 
40.000003798133115 
40.000003795987858 
40.000003793894095 
40.000003791768691 
40.000003789648225 
40.000003787502735 
40.000003785371916 
40.000003783237588 
40.000003781045379 
40.000003778861057 
40.000003776651141 
40.000003774424783 
40.000003772254914 
40.000003770054569 
40.000003767767282 
40.000003765505298 
40.000003763324344 
40.000003761014582 
40.000003758722514 
40.000003756454788 
40.000003754190281 
40.000003751864462 
40.000003749575242 
40.000003747237528 
40.000003744933586 
40.000003742557041 
40.000003740252481 
40.000003737936893 
40.000003735559588 
40.000003733174538 
40.000003730794049 
40.000003728413333 
40.000003726007471 
40.000003723637114 
40.000003721214171 
40.000003718804699 
40.000003716372809 
40.000003713959998 
40.000003711529416 
40.000003709117536 
40.000003706627908 
40.000003704228632 
40.000003701796246 
40.000003699350330 
40.000003696869896 
40.000003694442611 
40.000003691972381 
40.000003689500772 
40.000003687030926 
40.000003684601104 
40.000003682111362 
40.000003679623987 
40.000003677134430 
40.000003674603150 
40.000003672121963 
40.000003669644357 
40.000003667110427 
40.000003664613018 
40.000003662113613 
40.000003659652307 
40.000003657094396 
40.000003654575835 
40.000003652089994 
40.000003649587399 
40.000003647086302 
40.000003644539099 
40.000003642047815 
40.000003639547302 
40.000003637055265 
40.000003634513789 
40.000003632018263 
40.000003629516385 
40.000003626939851 
40.000003624376518 
40.000003621855839 
40.000003619328282 
40.000003616839237 
40.000003614262532 
40.000003611722434 
40.000003609229609 
40.000003606666773 
40.000003604176278 
40.000003601631320 
40.000003599108851 
40.000003596585429 
40.000003594004752 
40.000003591453179 
40.000003588959359 
40.000003586418408 
40.000003583907237 
40.000003581365640 
40.000003578807672 
40.000003576264959 
40.000003573732769 
40.000003571215153 
40.000003568693366 
40.000003566166001 
40.000003563691706 
40.000003561218577 
40.000003558722952 
40.000003556219781 
40.000003553730991 
40.000003551235395 
40.000003548686706 
40.000003546139936 
40.000003543610546 
40.000003541066135 
40.000003538544803 
40.000003536037354 
40.000003533509883 
40.000003530998825 
40.000003528473798 
40.000003526060382 
40.000003523538986 
40.000003521082206 
40.000003518604601 
40.000003516106922 
40.000003513571755 
40.000003511063483 
40.000003508556205 
40.000003506085903 
40.000003503602656 
40.000003501176536 
40.000003498687448 
40.000003496255644 
40.000003493779964 
40.000003491333267 
40.000003488908924 
40.000003486477439 
40.000003483961564 
40.000003481527088 
40.000003479075176 
40.000003476627114 
40.000003474223213 
40.000003471756173 
40.000003469257621 
40.000003466849130 
40.000003464436134 
40.000003461987262 
40.000003459622484 
40.000003457208962 
40.000003454765455 
40.000003452354477 
40.000003449922303 
40.000003447522090 
40.000003445092091 
40.000003442749524 
40.000003440352472 
40.000003438014332 
40.000003435635421 
40.000003433271303 
40.000003430867537 
40.000003428491041 
40.000003426145298 
40.000003423696000 
40.000003421376846 
40.000003419030747 
40.000003416649207 
40.000003414347091 
40.000003412000794 
40.000003409675628 
40.000003407328826 
40.000003405028345 
40.000003402660454 
40.000003400345179 
40.000003397961606 
40.000003395615352 
40.000003393282313 
40.000003390983949 
40.000003388714724 
40.000003386398724 
40.000003384075661 
40.000003381784595 
40.000003379487779 
40.000003377182672 
40.000003374907777 
40.000003372607523 
40.000003370289235 
40.000003368046407 
40.000003365810983 
40.000003363603668 
40.000003361387215 
40.000003359163408 
40.000003356906134 
40.000003354752700 
40.000003352563702 
40.000003350348308 
40.000003348133866 
40.000003345887777 
40.000003343721794 
40.000003341525229 
40.000003339326916 
40.000003337049598 
40.000003334865013 
40.000003332695684 
40.000003330486265 
40.000003328274055 
40.000003326084745 
40.000003323983023 
40.000003321838065 
40.000003319726993 
40.000003317607558 
40.000003315465477 
40.000003313351428 
40.000003311241301 
40.000003309120757 
40.000003307040842 
40.000003304930317 
40.000003302864087 
40.000003300764433 
40.000003298678124 
40.000003296568408 
40.000003294467604 
40.000003292419287 
40.000003290391007 
40.000003288345511 
40.000003286234175 
40.000003284157629 
40.000003282162055 
40.000003280133541 
40.000003278064085 
40.000003275985989 
40.000003274027776 
40.000003272057029 
40.000003270047067 
40.000003268030000 
40.000003266068404 
40.000003264055550 
40.000003262075396 
40.000003260138158 
40.000003258195648 
40.000003256251631 
40.000003254260506 
40.000003252320560 
40.000003250434531 
40.000003248523271 
40.000003246613090 
40.000003244737002 
40.000003242815410 
40.000003240884809 
40.000003238992534 
40.000003237137534 
40.000003235292198 
40.000003233433695 
40.000003231566780 
40.000003229674093 
40.000003227851657 
40.000003226020382 
40.000003224213188 
40.000003222387605 
40.000003220526310 
40.000003218725112 
40.000003216891272 
40.000003215133347 
40.000003213323915 
40.000003211554095 
40.000003209778995 
40.000003207930163 
40.000003206153622 
40.000003204407733 
40.000003202666072 
40.000003200892493 
40.000003199117600 
40.000003197413463 
40.000003195683682 
40.000003193967508 
40.000003192260863 
40.000003190496415 
40.000003188783367 
40.000003187055782 
40.000003185336979 
40.000003183631407 
40.000003181964971 
40.000003180258219 
40.000003178547971 
40.000003176865476 
40.000003175177774 
40.000003173513115 
40.000003171826620 
40.000003170203058 
40.000003168552375 
40.000003166922795 
40.000003165295375 
40.000003163694245 
40.000003162063749 
40.000003160505635 
40.000003158924066 
40.000003157350690 
40.000003155761043 
40.000003154170230 
40.000003152575779 
40.000003150961064 
40.000003149457491 
40.000003147908252 
40.000003146342102 
40.000003144733292 
40.000003143223438 
40.000003141705413 
40.000003140153837 
40.000003138616009 
40.000003137141860 
40.000003135592991 
40.000003134081155 
40.000003132607411 
40.000003131072852 
40.000003129573003 
40.000003128101071 
40.000003126593612 
40.000003125150158 
40.000003123598987 
40.000003122058388 
40.000003120623404 
40.000003119092774 
40.000003117619741 
40.000003116137592 
40.000003114664835 
40.000003113216458 
40.000003111827020 
40.000003110407789 
40.000003108973523 
40.000003107564524 
40.000003106129242 
40.000003104717258 
40.000003103378091 
40.000003102013892 
40.000003100659484 
40.000003099290957 
40.000003097879926 
40.000003096456467 
40.000003095092346 
40.000003093752227 
40.000003092435620 
40.000003091146439 
40.000003089769429 
40.000003088403936 
40.000003087036767 
40.000003085692633 
40.000003084333215 
40.000003083016651 
40.000003081668311 
40.000003080331119 
40.000003079045143 
40.000003077704477 
40.000003076394933 
40.000003075127090 
40.000003073832048 
40.000003072472680 
40.000003071188743 
40.000003069928482 
40.000003068671731 
40.000003067379389 
40.000003066075919 
40.000003064852656 
40.000003063564357 
40.000003062291455 
40.000003061018795 
40.000003059758413 
40.000003058512490 
40.000003057312895 
40.000003056090833 
40.000003054873346 
40.000003053541441 
40.000003052302787 
40.000003051083503 
40.000003049906681 
40.000003048696819 
40.000003047550024 
40.000003046373095 
40.000003045172363 
40.000003043955537 
40.000003042762089 
40.000003041589139 
40.000003040404820 
40.000003039221809 
40.000003038044774 
40.000003036903905 
40.000003035767541 
40.000003034604191 
40.000003033420583 
40.000003032250937 
40.000003031150769 
40.000003029990047 
40.000003028873238 
40.000003027754389 
40.000003026649011 
40.000003025549944 
40.000003024405352 
40.000003023320559 
40.000003022235759 
40.000003021159777 
40.000003020037212 
40.000003018929384 
40.000003017906579 
40.000003016866430 
40.000003015833656 
40.000003014823754 
40.000003013761642 
40.000003012744486 
40.000003011635243 
40.000003010572115 
40.000003009569184 
40.000003008564946 
40.000003007529124 
40.000003006454129 
40.000003005453749 
40.000003004501096 
40.000003003498648 
40.000003002524842 
40.000003001560941 
40.000003000619252 
40.000002999661234 
40.000002998763058 
40.000002997821682 
40.000002996899738 
40.000002995966312 
40.000002995036553 
40.000002994086941 
40.000002993207545 
40.000002992357381 
40.000002991496117 
40.000002990651581 
40.000002989778068 
40.000002988921153 
40.000002988070506 
40.000002987283082 
40.000002986414259 
40.000002985576586 
40.000002984751099 
40.000002983963427 
40.000002983147084 
40.000002982335857 
40.000002981516545 
40.000002980709709 
40.000002979865670 
40.000002979039706 
40.000002978284016 
40.000002977553706 
40.000002976791663 
40.000002976008162 
40.000002975207273 
40.000002974494265 
40.000002973785740 
40.000002973163987 
40.000002972464628 
40.000002971784411 
40.000002971076000 
40.000002970367177 
40.000002969746035 
40.000002969008463 
40.000002968302766 
40.000002967633584 
40.000002966950476 
40.000002966304692 
40.000002965698833 
40.000002964993826 
40.000002964376094 
40.000002963819583 
40.000002963113047 
40.000002962563386 
40.000002961979895 
40.000002961389072 
40.000002960813219 
40.000002960231306 
40.000002959725691 
40.000002959221575 
40.000002958663494 
40.000002958114194 
40.000002957572356 
40.000002957033637 
40.000002956529812 
40.000002956033086 
40.000002955551807 
40.000002955083303 
40.000002954573382 
40.000002954132150 
40.000002953637946 
40.000002953211791 
40.000002952796549 
40.000002952364113 
40.000002951909131 
40.000002951495851 
40.000002951104605 
40.000002950724223 
40.000002950374565 
40.000002949955970 
40.000002949575475 
40.000002949251034 
40.000002948877174 
40.000002948504331 
40.000002948178334 
40.000002947815275 
40.000002947480652 
40.000002947148786 
40.000002946848035 
40.000002946584075 
40.000002946249182 
40.000002945986346 
40.000002945682560 
40.000002945355327 
40.000002945044628 
40.000002944795327 
40.000002944578178 
40.000002944318368 
40.000002944101986 
40.000002943852166 
40.000002943610298 
40.000002943383478 
40.000002943216316 
40.000002943025564 
40.000002942813559 
40.000002942579279 
40.000002942431124 
40.000002942220945 
40.000002942053079 
40.000002941881263 
40.000002941740874 
40.000002941562187 
40.000002941449196 
40.000002941350111 
40.000002941170777 
40.000002940975982 
40.000002940843210 
40.000002940742689 
40.000002940649054 
40.000002940551006 
40.000002940415612 
40.000002940390090 
40.000002940336444 
40.000002940290841 
40.000002940255158 
40.000002940226246 
40.000002940215481 
40.000002940215680 
40.000002940193426 
40.000002940178661 
40.000002940225329 
40.000002940239128 
40.000002940254454 
40.000002940190726 
40.000002940198755 
40.000002940224405 
40.000002940245338 
40.000002940313024 
40.000002940439174 
40.000002940491385 
40.000002940529157 
40.000002940570937 
40.000002940671123 
40.000002940759877 
40.000002940885992 
40.000002940981780 
40.000002941128372 
40.000002941259368 
40.000002941324730 
40.000002941485000 
40.000002941601245 
40.000002941742807 
40.000002941924016 
40.000002942056277 
40.000002942235298 
40.000002942338796 
40.000002942574696 
40.000002942747749 
40.000002942969701 
40.000002943147706 
40.000002943336099 
40.000002943514971 
40.000002943719032 
40.000002943956048 
40.000002944237664 
40.000002944524724 
40.000002944813509 
40.000002945082741 
40.000002945371875 
40.000002945735112 
40.000002946066324 
40.000002946429724 
40.000002946775979 
40.000002947046546 
40.000002947328881 
40.000002947644788 
40.000002947977833 
40.000002948332643 
40.000002948669888 
40.000002949025188 
40.000002949339112 
40.000002949678063 
40.000002950062061 
40.000002950442877 
40.000002950855283 
40.000002951278148 
40.000002951649591 
40.000002952012750 
40.000002952429384 
40.000002952813318 
40.000002953317001 
40.000002953738502 
40.000002954131418 
40.000002954583799 
40.000002955060218 
40.000002955539259 
40.000002956008160 
40.000002956431175 
40.000002956862055 
40.000002957316482 
40.000002957752649 
40.000002958254655 
40.000002958717175 
40.000002959101593 
40.000002959541085 
40.000002959963382 
40.000002960422378 
40.000002960923837 
40.000002961402444 
40.000002961816804 
40.000002962310674 
40.000002962734129 
40.000002963182979 
40.000002963566672 
40.000002964041869 
40.000002964451127 
40.000002964894172 
40.000002965316924 
40.000002965774549 
40.000002966222013 
40.000002966683624 
40.000002967096492 
40.000002967439613 
40.000002967850882 
40.000002968214098 
40.000002968620436 
40.000002968980553 
40.000002969400171 
40.000002969760871 
40.000002970187168 
40.000002970590295 
40.000002970956153 
40.000002971358512 
40.000002971699345 
40.000002972018748 
40.000002972418869 
40.000002972724886 
40.000002973074018 
40.000002973431911 
40.000002973713535 
40.000002974025236 
40.000002974258180 
40.000002974610325 
40.000002974893121 
40.000002975254517 
40.000002975492784 
40.000002975761902 
40.000002976072352 
40.000002976272221 
40.000002976510345 
40.000002976768947 
40.000002977024586 
40.000002977292304 
40.000002977555027 
40.000002977813594 
40.000002978037969 
40.000002978189841 
40.000002978407203 
40.000002978633546 
40.000002978841707 
40.000002979037703 
40.000002979256507 
40.000002979491285 
40.000002979714814 
40.000002979919131 
40.000002980123739 
40.000002980314747 
40.000002980568127 
40.000002980746565 
40.000002980946419 
40.000002981124496 
40.000002981308199 
40.000002981526620 
40.000002981683608 
40.000002981917469 
40.000002982116214 
40.000002982305894 
40.000002982448663 
40.000002982565675 
40.000002982756946 
40.000002982903226 
40.000002983021162 
40.000002983114115 
40.000002983254390 
40.000002983431585 
40.000002983601391 
40.000002983752395 
40.000002983894632 
40.000002984036605 
40.000002984155181 
40.000002984266899 
40.000002984356613 
40.000002984473191 
40.000002984590509 
40.000002984755717 
40.000002984869354 
40.000002985035024 
40.000002985189923 
40.000002985343762 
40.000002985552442 
40.000002985659478 
40.000002985719391 
40.000002985812479 
40.000002985926095 
40.000002986071777 
40.000002986160212 
40.000002986251822 
40.000002986412795 
40.000002986570607 
40.000002986723537 
40.000002986852138 
40.000002986972738 
40.000002987110946 
40.000002987221336 
40.000002987305471 
40.000002987425688 
40.000002987571627 
40.000002987695495 
40.000002987842862 
40.000002987927232 
40.000002988018906 
40.000002988124919 
40.000002988241249 
40.000002988440251 
40.000002988596563 
40.000002988748435 
40.000002988872851 
40.000002989041803 
40.000002989193547 
40.000002989285164 
40.000002989343898 
40.000002989473742 
40.000002989573304 
40.000002989715092 
40.000002989790360 
40.000002989852554 
40.000002989941336 
40.000002990048472 
40.000002990091886 
40.000002990223223 
40.000002990336469 
40.000002990458476 
40.000002990506502 
40.000002990637455 
40.000002990714115 
40.000002990780516 
40.000002990900128 
40.000002990988769 
40.000002991136384 
40.000002991228044 
40.000002991322233 
40.000002991373776 
40.000002991473906 
40.000002991570511 
40.000002991652508 
40.000002991771112 
40.000002991862004 
40.000002991943290 
40.000002992039768 
40.000002992113487 
40.000002992198127 
40.000002992281935 
40.000002992353650 
40.000002992426033 
40.000002992534405 
40.000002992661834 
40.000002992745074 
40.000002992703600 
40.000002992795835 
40.000002992903951 
40.000002992944005 
40.000002993061401 
40.000002993172558 
40.000002993281626 
40.000002993382495 
40.000002993476997 
40.000002993521505 
40.000002993559264 
40.000002993554105 
40.000002993589518 
40.000002993686465 
40.000002993767069 
40.000002993828659 
40.000002993858942 
40.000002993919793 
40.000002993939717 
40.000002994091659 
40.000002994102829 
40.000002994139891 
40.000002994182616 
40.000002994212295 
40.000002994249080 
40.000002994257763 
40.000002994306968 
40.000002994378164 
40.000002994423561 
40.000002994479047 
40.000002994505607 
40.000002994554123 
40.000002994598063 
40.000002994635949 
40.000002994695009 
40.000002994748300 
40.000002994784410 
40.000002994829146 
40.000002994824015 
40.000002994884568 
40.000002994916400 
40.000002994944182 
40.000002994951885 
40.000002994972263 
40.000002995021646 
40.000002995021745 
40.000002995032006 
40.000002995075896 
40.000002995128767 
40.000002995108169 
40.000002995143333 
40.000002995095116 
40.000002995083307 
40.000002995139127 
40.000002995179976 
40.000002995201733 
40.000002995246035 
40.000002995215326 
40.000002995183337 
40.000002995192972 
40.000002995173737 
40.000002995201925 
40.000002995225032 
40.000002995243435 
40.000002995230972 
40.000002995213507 
40.000002995266343 
40.000002995250668 
40.000002995288185 
40.000002995300378 
40.000002995285612 
40.000002995278436 
40.000002995314418 
40.000002995297848 
40.000002995298487 
40.000002995306772 
40.000002995316606 
40.000002995311533 
40.000002995307987 
40.000002995313793 
40.000002995254448 
40.000002995257518 
40.000002995287886 
40.000002995313082 
40.000002995267408 
40.000002995242639 
40.000002995254995 
40.000002995243435 
40.000002995218082 
40.000002995157601 
40.000002995187749 
40.000002995191878 
40.000002995146900 
40.000002995189575 
40.000002995171599 
40.000002995145422 
40.000002995200191 
40.000002995168387 
40.000002995179813 
40.000002995218850 
40.000002995232890 
40.000002995243740 
40.000002995256807 
40.000002995269199 
40.000002995230673 
40.000002995263266 
40.000002995266989 
40.000002995277775 
40.000002995312229 
40.000002995290416 
40.000002995320131 
40.000002995363033 
40.000002995424765 
40.000002995499983 
40.000002995533123 
40.000002995565502 
40.000002995563349 
40.000002995608497 
40.000002995689343 
40.000002995715533 
40.000002995701223 
40.000002995829007 
40.000002995845186 
40.000002995874446 
40.000002995985142 
40.000002996082330 
40.000002996180001 
40.000002996311693 
40.000002996437772 
40.000002996575660 
40.000002996645435 
40.000002996760905 
40.000002996849474 
40.000002997041015 
40.000002997176921 
40.000002997305728 
40.000002997444334 
40.000002997623042 
40.000002997816544 
40.000002998010160 
40.000002998202447 
40.000002998394585 
40.000002998620786 
40.000002998834468 
40.000002999069011 
40.000002999286821 
40.000002999494654 
40.000002999734832 
40.000002999949288 
40.000003000208622 
40.000003000375315 
40.000003000628773 
40.000003000904705 
40.000003001192965 
40.000003001470660 
40.000003001760739 
40.000003002119442 
40.000003002429168 
40.000003002764529 
40.000003002994475 
40.000003003322696 
40.000003003634561 
40.000003003952308 
40.000003004319055 
40.000003004688374 
40.000003005080593 
40.000003005468443 
40.000003005847702 
40.000003006255156 
40.000003006630863 
40.000003007010605 
40.000003007385970 
40.000003007824247 
40.000003008202498 
40.000003008654744 
40.000003009112838 
40.000003009509911 
40.000003009926026 
40.000003010392355 
40.000003010818148 
40.000003011261128 
40.000003011697167 
40.000003012176180 
40.000003012641102 
40.000003013125578 
40.000003013653050 
40.000003014131181 
40.000003014570218 
40.000003015089440 
40.000003015656759 
40.000003016163326 
40.000003016652130 
40.000003017169362 
40.000003017666330 
40.000003018199720 
40.000003018710011 
40.000003019235336 
40.000003019802591 
40.000003020356289 
40.000003020856369 
40.000003021420568 
40.000003021960602 
40.000003022528212 
40.000003023078222 
40.000003023580796 
40.000003024115856 
40.000003024625613 
40.000003025255246 
40.000003025891921 
40.000003026499243 
40.000003027069951 
40.000003027689345 
40.000003028264466 
40.000003028831024 
40.000003029461581 
40.000003030106718 
40.000003030734149 
40.000003031330650 
40.000003031981478 
40.000003032605306 
40.000003033208884 
40.000003033813854 
40.000003034518343 
40.000003035144395 
40.000003035742481 
40.000003036327470 
40.000003036994144 
40.000003037599683 
40.000003038229067 
40.000003038870027 
40.000003039496882 
40.000003040226460 
40.000003040908695 
40.000003041558507 
40.000003042230418 
40.000003042892786 
40.000003043625512 
40.000003044301678 
40.000003044991438 
40.000003045713292 
40.000003046394376 
40.000003047134612 
40.000003047767450 
40.000003048406569 
40.000003049047606 
40.000003049769127 
40.000003050438728 
40.000003051078821 
40.000003051729962 
40.000003052459071 
40.000003053157471 
40.000003053800178 
40.000003054551513 
40.000003055276338 
40.000003056004303 
40.000003056687646 
40.000003057422227 
40.000003058097185 
40.000003058809042 
40.000003059547169 
40.000003060240601 
40.000003060926815 
40.000003061653160 
40.000003062358843 
40.000003063092862 
40.000003063771587 
40.000003064504185 
40.000003065149713 
40.000003065840261 
40.000003066523234 
40.000003067189041 
40.000003067925988 
40.000003068666643 
40.000003069407626 
40.000003070143556 
40.000003070865304 
40.000003071539531 
40.000003072249996 
40.000003073010745 
40.000003073722610 
40.000003074485917 
40.000003075268197 
40.000003076004205 
40.000003076707820 
40.000003077470225 
40.000003078194851 
40.000003078943323 
40.000003079676432 
40.000003080422914 
40.000003081169169 
40.000003081935262 
40.000003082714343 
40.000003083452981 
40.000003084194347 
40.000003084962600 
40.000003085682700 
40.000003086490807 
40.000003087295191 
40.000003088083304 
40.000003088813315 
40.000003089608867 
40.000003090331546 
40.000003091117421 
40.000003091940712 
40.000003092699899 
40.000003093388884 
40.000003094138748 
40.000003094888925 
40.000003095637879 
40.000003096416272 
40.000003097190856 
40.000003097905108 
40.000003098740507 
40.000003099464323 
40.000003100243525 
40.000003100992288 
40.000003101791279 
40.000003102521823 
40.000003103322690 
40.000003104072647 
40.000003104763067 
40.000003105508711 
40.000003106226771 
40.000003106939417 
40.000003107620145 
40.000003108391503 
40.000003109118857 
40.000003109845963 
40.000003110594868 
40.000003111326379 
40.000003112077863 
40.000003112847523 
40.000003113675554 
40.000003114391262 
40.000003115199249 
40.000003115944416 
40.000003116730348 
40.000003117489847 
40.000003118215346 
40.000003118966418 
40.000003119704061 
40.000003120498839 
40.000003121220665 
40.000003122037704 
40.000003122795000 
40.000003123624481 
40.000003124422634 
40.000003125156766 
40.000003125909245 
40.000003126671075 
40.000003127429878 
40.000003128177994 
40.000003128942552 
40.000003129690207 
40.000003130450693 
40.000003131179639 
40.000003131914809 
40.000003132650676 
40.000003133369539 
40.000003134132569 
40.000003134959513 
40.000003135732733 
40.000003136507345 
40.000003137243411 
40.000003138059277 
40.000003138843169 
40.000003139524473 
40.000003140313375 
40.000003141026099 
40.000003141765546 
40.000003142413334 
40.000003143155723 
40.000003143894105 
40.000003144636089 
40.000003145353112 
40.000003146095352 
40.000003146767526 
40.000003147475461 
40.000003148235308 
40.000003148969384 
40.000003149649089 
40.000003150416788 
40.000003151113830 
40.000003151914711 
40.000003152622917 
40.000003153331164 
40.000003154077064 
40.000003154809832 
40.000003155461812 
40.000003156164993 
40.000003156877625 
40.000003157633358 
40.000003158357003 
40.000003159079455 
40.000003159835998 
40.000003160569179 
40.000003161356688 
40.000003162117153 
40.000003162848458 
40.000003163544264 
40.000003164360429 
40.000003165105582 
40.000003165882731 
40.000003166580484 
40.000003167316336 
40.000003168049986 
40.000003168784119 
40.000003169494136 
40.000003170251560 
40.000003170994844 
40.000003171733439 
40.000003172390457 
40.000003173140804 
40.000003173901156 
40.000003174628972 
40.000003175379376 
40.000003176124395 
40.000003176871843 
40.000003177600505 
40.000003178321762 
40.000003179078611 
40.000003179802121 
40.000003180492598 
40.000003181277293 
40.000003182017132 
40.000003182790167 
40.000003183545893 
40.000003184316583 
40.000003185106905 
40.000003185849465 
40.000003186535054 
40.000003187230575 
40.000003188007611 
40.000003188824003 
40.000003189565348 
40.000003190388753 
40.000003191139321 
40.000003191882755 
40.000003192591635 
40.000003193349109 
40.000003194094397 
40.000003194815314 
40.000003195524073 
40.000003196254717 
40.000003196976770 
40.000003197703052 
40.000003198432744 
40.000003199197621 
40.000003199932088 
40.000003200645402 
40.000003201377631 
40.000003202201682 
40.000003202874161 
40.000003203579951 
40.000003204275188 
40.000003205033508 
40.000003205766433 
40.000003206455830 
40.000003207229682 
40.000003207976135 
40.000003208690849 
40.000003209423227 
40.000003210153949 
40.000003210902676 
40.000003211676699 
40.000003212401523 
40.000003213123634 
40.000003213826027 
40.000003214600440 
40.000003215308141 
40.000003216043183 
40.000003216781238 
40.000003217510354 
40.000003218217685 
40.000003218982755 
40.000003219763599 
40.000003220545182 
40.000003221271200 
40.000003221966878 
40.000003222681499 
40.000003223398039 
40.000003224168239 
40.000003224874732 
40.000003225657409 
40.000003226370183 
40.000003227100791 
40.000003227814119 
40.000003228501178 
40.000003229275748 
40.000003230058958 
40.000003230803117 
40.000003231510902 
40.000003232224032 
40.000003233001195 
40.000003233718779 
40.000003234459491 
40.000003235186703 
40.000003235915045 
40.000003236648709 
40.000003237331825 
40.000003238082812 
40.000003238785013 
40.000003239527288 
40.000003240292955 
40.000003241015285 
40.000003241756865 
40.000003242449871 
40.000003243145272 
40.000003243818043 
40.000003244539982 
40.000003245249957 
40.000003246005349 
40.000003246763342 
40.000003247524432 
40.000003248262459 
40.000003248985891 
40.000003249789984 
40.000003250476439 
40.000003251166348 
40.000003251905113 
40.000003252584705 
40.000003253322845 
40.000003254072965 
40.000003254783124 
40.000003255433455 
40.000003256146876 
40.000003256810587 
40.000003257524568 
40.000003258225462 
40.000003258956696 
40.000003259667515 
40.000003260385142 
40.000003261144464 
40.000003261898186 
40.000003262603428 
40.000003263285457 
40.000003263988461 
40.000003264687756 
40.000003265426628 
40.000003266167134 
40.000003266879617 
40.000003267567223 
40.000003268293639 
40.000003269031353 
40.000003269780819 
40.000003270490296 
40.000003271171494 
40.000003271877844 
40.000003272595848 
40.000003273308359 
40.000003274059495 
40.000003274753048 
40.000003275445991 
40.000003276192047 
40.000003276918463 
40.000003277554441 
40.000003278266675 
40.000003279042517 
40.000003279718520 
40.000003280486638 
40.000003281142511 
40.000003281812468 
40.000003282558183 
40.000003283241945 
40.000003283967359 
40.000003284721089 
40.000003285437614 
40.000003286117320 
40.000003286835010 
40.000003287504775 
40.000003288206088 
40.000003288884287 
40.000003289543962 
40.000003290263784 
40.000003290969325 
40.000003291653606 
40.000003292378715 
40.000003293092362 
40.000003293797334 
40.000003294530998 
40.000003295294334 
40.000003295998482 
40.000003296709039 
40.000003297491084 
40.000003298187636 
40.000003298845527 
40.000003299554209 
40.000003300305409 
40.000003301043279 
40.000003301725528 
40.000003302415990 
40.000003303070258 
40.000003303808128 
40.000003304507416 
40.000003305183569 
40.000003305816641 
40.000003306496644 
40.000003307227274 
40.000003307875573 
40.000003308574605 
40.000003309261793 
40.000003309980244 
40.000003310733895 
40.000003311473563 
40.000003312189449 
40.000003312853856 
40.000003313524829 
40.000003314222909 
40.000003314863818 
40.000003315565536 
40.000003316264241 
40.000003316949474 
40.000003317634281 
40.000003318279070 
40.000003318987467 
40.000003319647604 
40.000003320346330 
40.000003321076491 
40.000003321804243 
40.000003322462227 
40.000003323160080 
40.000003323828864 
40.000003324548715 
40.000003325277149 
40.000003326044549 
40.000003326761458 
40.000003327401267 
40.000003328048621 
40.000003328746054 
40.000003329374003 
40.000003330014820 
40.000003330724283 
40.000003331372810 
40.000003332096057 
40.000003332814856 
40.000003333447452 
40.000003334136593 
40.000003334795863 
40.000003335499727 
40.000003336119988 
40.000003336769623 
40.000003337447225 
40.000003338178352 
40.000003338861987 
40.000003339508432 
40.000003340163900 
40.000003340874741 
40.000003341516887 
40.000003342194077 
40.000003342797577 
40.000003343443439 
40.000003344142513 
40.000003344835214 
40.000003345489972 
40.000003346176328 
40.000003346845503 
40.000003347505803 
40.000003348225420 
40.000003348892079 
40.000003349597051 
40.000003350291564 
40.000003351008075 
40.000003351643379 
40.000003352267385 
40.000003352974772 
40.000003353658627 
40.000003354293995 
40.000003354914867 
40.000003355612208 
40.000003356238011 
40.000003356904443 
40.000003357544884 
40.000003358184863 
40.000003358815462 
40.000003359453771 
40.000003360085941 
40.000003360758953 
40.000003361416496 
40.000003362033283 
40.000003362717678 
40.000003363406755 
40.000003364023684 
40.000003364695502 
40.000003365302177 
40.000003365895346 
40.000003366521725 
40.000003367154548 
40.000003367800396 
40.000003368484116 
40.000003369163537 
40.000003369798392 
40.000003370394964 
40.000003371005093 
40.000003371620480 
40.000003372278243 
40.000003372925036 
40.000003373545105 
40.000003374173666 
40.000003374777094 
40.000003375417307 
40.000003376033121 
40.000003376706360 
40.000003377345543 
40.000003377979127 
40.000003378649801 
40.000003379343752 
40.000003379973442 
40.000003380559690 
40.000003381203030 
40.000003381868247 
40.000003382530835 
40.000003383134469 
40.000003383786762 
40.000003384439871 
40.000003385086401 
40.000003385711246 
40.000003386336843 
40.000003386906869 
40.000003387581614 
40.000003388265810 
40.000003388856697 
40.000003389514049 
40.000003390152131 
40.000003390773379 
40.000003391430752 
40.000003392067370 
40.000003392753243 
40.000003393365802 
40.000003394011102 
40.000003394654556 
40.000003395298052 
40.000003395922121 
40.000003396578705 
40.000003397185424 
40.000003397802743 
40.000003398411337 
40.000003399058137 
40.000003399707062 
40.000003400372705 
40.000003400965454 
40.000003401566481 
40.000003402177697 
40.000003402781594 
40.000003403393421 
40.000003403983918 
40.000003404590601 
40.000003405181992 
40.000003405778223 
40.000003406388096 
40.000003406998559 
40.000003407630956 
40.000003408175075 
40.000003408796204 
40.000003409408322 
40.000003409998882 
40.000003410528464 
40.000003411209462 
40.000003411791582 
40.000003412386725 
40.000003413041128 
40.000003413638609 
40.000003414243395 
40.000003414791067 
40.000003415384427 
40.000003416002215 
40.000003416584804 
40.000003417158382 
40.000003417725324 
40.000003418286269 
40.000003418890699 
40.000003419528831 
40.000003420132728 
40.000003420727445 
40.000003421343955 
40.000003421931147 
40.000003422539400 
40.000003423155540 
40.000003423805111 
40.000003424449275 
40.000003425046238 
40.000003425664957 
40.000003426329705 
40.000003426955232 
40.000003427520177 
40.000003428102346 
40.000003428712603 
40.000003429277392 
40.000003429888409 
40.000003430406593 
40.000003430987192 
40.000003431633900 
40.000003432265132 
40.000003432892811 
40.000003433460819 
40.000003434059948 
40.000003434624475 
40.000003435219668 
40.000003435822933 
40.000003436358242 
40.000003436913531 
40.000003437548344 
40.000003438041944 
40.000003438676977 
40.000003439290523 
40.000003439871747 
40.000003440469150 
40.000003441076970 
40.000003441714554 
40.000003442314764 
40.000003442887248 
40.000003443435304 
40.000003444014439 
40.000003444599386 
40.000003445207447 
40.000003445820973 
40.000003446423527 
40.000003447031503 
40.000003447602225 
40.000003448182241 
40.000003448786885 
40.000003449366105 
40.000003450018795 
40.000003450643042 
40.000003451299484 
40.000003451833912 
40.000003452453015 
40.000003452993312 
40.000003453615555 
40.000003454279366 
40.000003454862345 
40.000003455481746 
40.000003456098952 
40.000003456668438 
40.000003457207121 
40.000003457886649 
40.000003458501027 
40.000003459066889 
40.000003459659837 
40.000003460272140 
40.000003460831131 
40.000003461433764 
40.000003462040269 
40.000003462651748 
40.000003463292387 
40.000003463856395 
40.000003464505468 
40.000003465065888 
40.000003465681999 
40.000003466276041 
40.000003466855304 
40.000003467432478 
40.000003468035374 
40.000003468593512 
40.000003469217305 
40.000003469797093 
40.000003470371496 
40.000003470951043 
40.000003471558301 
40.000003472162916 
40.000003472803286 
40.000003473406665 
40.000003474014534 
40.000003474661085 
40.000003475225938 
40.000003475848203 
40.000003476431758 
40.000003477006501 
40.000003477574907 
40.000003478148003 
40.000003478758245 
40.000003479397506 
40.000003480050438 
40.000003480696321 
40.000003481332712 
40.000003481988770 
40.000003482575124 
40.000003483192344 
40.000003483830156 
40.000003484417242 
40.000003485038889 
40.000003485649358 
40.000003486190906 
40.000003486810883 
40.000003487412620 
40.000003488013540 
40.000003488570044 
40.000003489171391 
40.000003489791084 
40.000003490386533 
40.000003491004648 
40.000003491603195 
40.000003492216720 
40.000003492806187 
40.000003493432089 
40.000003494027851 
40.000003494671084 
40.000003495218792 
40.000003495791297 
40.000003496374859 
40.000003497046237 
40.000003497626082 
40.000003498204919 
40.000003498819012 
40.000003499439728 
40.000003500017471 
40.000003500674325 
40.000003501285804 
40.000003501929207 
40.000003502531250 
40.000003503210436 
40.000003503817069 
40.000003504415488 
40.000003505010909 
40.000003505592105 
40.000003506214966 
40.000003506828968 
40.000003507447779 
40.000003508009783 
40.000003508686355 
40.000003509335272 
40.000003509919637 
40.000003510464204 
40.000003511056264 
40.000003511645133 
40.000003512299955 
40.000003512852317 
40.000003513525826 
40.000003514113466 
40.000003514744002 
40.000003515409787 
40.000003516026609 
40.000003516591725 
40.000003517207105 
40.000003517857223 
40.000003518381504 
40.000003518998795 
40.000003519610672 
40.000003520149804 
40.000003520793086 
40.000003521413767 
40.000003522055394 
40.000003522715758 
40.000003523345441 
40.000003523925223 
40.000003524563382 
40.000003525166768 
40.000003525775007 
40.000003526351506 
40.000003526982013 
40.000003527572602 
40.000003528238686 
40.000003528823839 
40.000003529443234 
40.000003530102504 
40.000003530694585 
40.000003531303491 
40.000003531857651 
40.000003532457406 
40.000003532998051 
40.000003533670636 
40.000003534265673 
40.000003534873983 
40.000003535466973 
40.000003536052965 
40.000003536651604 
40.000003537230270 
40.000003537801732 
40.000003538435550 
40.000003539059357 
40.000003539636623 
40.000003540310175 
40.000003540913681 
40.000003541568873 
40.000003542227503 
40.000003542819854 
40.000003543453104 
40.000003543996129 
40.000003544587614 
40.000003545173477 
40.000003545823319 
40.000003546432325 
40.000003547023852 
40.000003547630897 
40.000003548216725 
40.000003548860889 
40.000003549536821 
40.000003550168969 
40.000003550764475 
40.000003551377368 
40.000003551957278 
40.000003552538089 
40.000003553174949 
40.000003553851371 
40.000003554409510 
40.000003555017386 
40.000003555670588 
40.000003556221792 
40.000003556839495 
40.000003557477712 
40.000003558107935 
40.000003558737987 
40.000003559314131 
40.000003559904457 
40.000003560518969 
40.000003561139629 
40.000003561801520 
40.000003562418911 
40.000003562999680 
40.000003563602839 
40.000003564205720 
40.000003564784464 
40.000003565411603 
40.000003566067726 
40.000003566652822 
40.000003567239901 
40.000003567840338 
40.000003568477659 
40.000003569085351 
40.000003569674412 
40.000003570178279 
40.000003570781693 
40.000003571338553 
40.000003571926307 
40.000003572520541 
40.000003573100926 
40.000003573745872 
40.000003574339580 
40.000003574891984 
40.000003575414027 
40.000003575982596 
40.000003576555322 
40.000003577175789 
40.000003577699481 
40.000003578321476 
40.000003578867833 
40.000003579468384 
40.000003580007466 
40.000003580603376 
40.000003581147105 
40.000003581804954 
40.000003582427212 
40.000003583020792 
40.000003583618671 
40.000003584202432 
40.000003584808383 
40.000003585368248 
40.000003585934884 
40.000003586573776 
40.000003587200375 
40.000003587784846 
40.000003588431113 
40.000003588975403 
40.000003589585020 
40.000003590198801 
40.000003590800830 
40.000003591377570 
40.000003591907699 
40.000003592583177 
40.000003593155490 
40.000003593690394 
40.000003594250629 
40.000003594820711 
40.000003595440830 
40.000003596058207 
40.000003596568661 
40.000003597148620 
40.000003597680873 
40.000003598245740 
40.000003598834624 
40.000003599430485 
40.000003599979919 
40.000003600520159 
40.000003601107437 
40.000003601657383 
40.000003602253315 
40.000003602836316 
40.000003603393822 
40.000003603967357 
40.000003604548297 
40.000003605115339 
40.000003605677762 
40.000003606231672 
40.000003606851209 
40.000003607363070 
40.000003607943299 
40.000003608469527 
40.000003609031339 
40.000003609540542 
40.000003610101487 
40.000003610758554 
40.000003611304535 
40.000003611890747 
40.000003612485997 
40.000003613017455 
40.000003613597784 
40.000003614112117 
40.000003614608033 
40.000003615223790 
40.000003615757606 
40.000003616308305 
40.000003616911371 
40.000003617439603 
40.000003618040552 
40.000003618555439 
40.000003619151101 
40.000003619619420 
40.000003620146487 
40.000003620663037 
40.000003621133828 
40.000003621645902 
40.000003622162353 
40.000003622714090 
40.000003623298696 
40.000003623870242 
40.000003624361909 
40.000003624919003 
40.000003625442574 
40.000003625960630 
40.000003626489800 
40.000003627034275 
40.000003627586381 
40.000003628121291 
40.000003628620860 
40.000003629116549 
40.000003629606738 
40.000003630091157 
40.000003630681135 
40.000003631157497 
40.000003631689395 
40.000003632196581 
40.000003632713458 
40.000003633251964 
40.000003633697830 
40.000003634200809 
40.000003634751749 
40.000003635267149 
40.000003635770057 
40.000003636297365 
40.000003636768241 
40.000003637300239 
40.000003637761480 
40.000003638286088 
40.000003638866801 
40.000003639419020 
40.000003639913672 
40.000003640392094 
40.000003640889759 
40.000003641454597 
40.000003641963247 
40.000003642424147 
40.000003642925364 
40.000003643427263 
40.000003643899035 
40.000003644436674 
40.000003644884487 
40.000003645364430 
40.000003645814431 
40.000003646288889 
40.000003646713907 
40.000003647139806 
40.000003647660307 
40.000003648148905 
40.000003648620392 
40.000003649142570 
40.000003649652925 
40.000003650212449 
40.000003650642370 
40.000003651134904 
40.000003651596472 
40.000003652070291 
40.000003652522651 
40.000003652941331 
40.000003653400100 
40.000003653863004 
40.000003654324374 
40.000003654799073 
40.000003655192117 
40.000003655641876 
40.000003656129508 
40.000003656635968 
40.000003657096286 
40.000003657558594 
40.000003657982703 
40.000003658416162 
40.000003658905428 
40.000003659358526 
40.000003659823761 
40.000003660345072 
40.000003660813391 
40.000003661268494 
40.000003661682356 
40.000003662175004 
40.000003662660575 
40.000003663102561 
40.000003663596544 
40.000003664005803 
40.000003664473510 
40.000003664834793 
40.000003665332784 
40.000003665822689 
40.000003666222810 
40.000003666611576 
40.000003667082112 
40.000003667468377 
40.000003667865457 
40.000003668264299 
40.000003668696976 
40.000003669171292 
40.000003669571427 
40.000003669975953 
40.000003670385397 
40.000003670800268 
40.000003671208461 
40.000003671603736 
40.000003672024462 
40.000003672465212 
40.000003672834211 
40.000003673246908 
40.000003673709742 
40.000003674133424 
40.000003674503773 
40.000003674930525 
40.000003675346562 
40.000003675741667 
40.000003676142967 
40.000003676516926 
40.000003676974643 
40.000003677394844 
40.000003677832524 
40.000003678206483 
40.000003678616480 
40.000003678995796 
40.000003679392748 
40.000003679768511 
40.000003680156283 
40.000003680464914 
40.000003680912045 
40.000003681275885 
40.000003681598784 
40.000003681990520 
40.000003682347995 
40.000003682727623 
40.000003683070688 
40.000003683380243 
40.000003683750322 
40.000003684135663 
40.000003684501621 
40.000003684929126 
40.000003685223263 
40.000003685566440 
40.000003685868307 
40.000003686261465 
40.000003686651411 
40.000003687030102 
40.000003687336871 
40.000003687650974 
40.000003688017230 
40.000003688363023 
40.000003688686220 
40.000003689070823 
40.000003689405773 
40.000003689786382 
40.000003690101352 
40.000003690445439 
40.000003690771067 
40.000003691094960 
40.000003691461885 
40.000003691719996 
40.000003692063700 
40.000003692423917 
40.000003692720284 
40.000003693036632 
40.000003693386802 
40.000003693742244 
40.000003694048175 
40.000003694330303 
40.000003694647177 
40.000003694942009 
40.000003695240665 
40.000003695595410 
40.000003695875009 
40.000003696176293 
40.000003696474266 
40.000003696776474 
40.000003697041052 
40.000003697291987 
40.000003697579743 
40.000003697862184 
40.000003698155666 
40.000003698458798 
40.000003698727326 
40.000003699030145 
40.000003699291597 
40.000003699549353 
40.000003699772336 
40.000003700089948 
40.000003700304163 
40.000003700548248 
40.000003700819803 
40.000003701115943 
40.000003701347069 
40.000003701593116 
40.000003701828376 
40.000003702019981 
40.000003702248421 
40.000003702485913 
40.000003702720036 
40.000003702945335 
40.000003703261200 
40.000003703552906 
40.000003703853039 
40.000003704137598 
40.000003704392782 
40.000003704584586 
40.000003704874459 
40.000003705047007 
40.000003705247565 
40.000003705508917 
40.000003705753159 
40.000003706046272 
40.000003706354320 
40.000003706548696 
40.000003706741026 
40.000003706951020 
40.000003707197777 
40.000003707456372 
40.000003707702575 
40.000003707936386 
40.000003708213924 
40.000003708431734 
40.000003708632264 
40.000003708852859 
40.000003709040229 
40.000003709303712 
40.000003709522929 
40.000003709777559 
40.000003710014340 
40.000003710175605 
40.000003710439984 
40.000003710661275 
40.000003710908956 
40.000003711118922 
40.000003711316012 
40.000003711520122 
40.000003711729050 
40.000003711905748 
40.000003712175129 
40.000003712305613 
40.000003712511415 
40.000003712743776 
40.000003712878154 
40.000003713056103 
40.000003713221460 
40.000003713438815 
40.000003713591894 
40.000003713847448 
40.000003714068413 
40.000003714271728 
40.000003714433177 
40.000003714588289 
40.000003714781727 
40.000003714936057 
40.000003715080197 
40.000003715253598 
40.000003715479394 
40.000003715660512 
40.000003715765104 
40.000003715964098 
40.000003716114563 
40.000003716295154 
40.000003716414696 
40.000003716571769 
40.000003716804031 
40.000003716930337 
40.000003717131648 
40.000003717266438 
40.000003717376785 
40.000003717514886 
40.000003717633447 
40.000003717834474 
40.000003717989543 
40.000003718125313 
40.000003718229777 
40.000003718391298 
40.000003718550602 
40.000003718680190 
40.000003718773655 
40.000003718948548 
40.000003719091936 
40.000003719297595 
40.000003719472986 
40.000003719574892 
40.000003719692074 
40.000003719809044 
40.000003719889364 
40.000003720058231 
40.000003720215545 
40.000003720274307 
40.000003720364290 
40.000003720525910 
40.000003720656295 
40.000003720791412 
40.000003720947149 
40.000003721056743 
40.000003721143813 
40.000003721299294 
40.000003721386165 
40.000003721549390 
40.000003721717405 
40.000003721817123 
40.000003721921189 
40.000003722040987 
40.000003722171968 
40.000003722212043 
40.000003722294267 
40.000003722433263 
40.000003722576736 
40.000003722674137 
40.000003722705287 
40.000003722776810 
40.000003722888152 
40.000003722950908 
40.000003723074414 
40.000003723170707 
40.000003723262040 
40.000003723357437 
40.000003723469462 
40.000003723573698 
40.000003723645548 
40.000003723777525 
40.000003723842951 
40.000003723915484 
40.000003724018924 
40.000003724175997 
40.000003724264189 
40.000003724275658 
40.000003724387724 
40.000003724466524 
40.000003724472236 
40.000003724531723 
40.000003724555000 
40.000003724578505 
40.000003724629295 
40.000003724690885 
40.000003724768561 
40.000003724779390 
40.000003724840809 
40.000003724873878 
40.000003724949494 
40.000003725002585 
40.000003725021131 
40.000003725083545 
40.000003725138541 
40.000003725199974 
40.000003725254089 
40.000003725324206 
40.000003725375208 
40.000003725399480 
40.000003725487758 
40.000003725610711 
40.000003725657052 
40.000003725674347 
40.000003725777120 
40.000003725821259 
40.000003725878216 
40.000003725859386 
40.000003725865213 
40.000003725877633 
40.000003725924259 
40.000003725960909 
40.000003725975617 
40.000003726032290 
40.000003726098228 
40.000003726180367 
40.000003726198400 
40.000003726271345 
40.000003726271501 
40.000003726307895 
40.000003726330547 
40.000003726374715 
40.000003726349092 
40.000003726369229 
40.000003726421298 
40.000003726443310 
40.000003726474347 
40.000003726511878 
40.000003726553544 
40.000003726561133 
40.000003726569233 
40.000003726635796 
40.000003726627341 
40.000003726677122 
40.000003726664445 
40.000003726678159 
40.000003726729346 
40.000003726755807 
40.000003726787185 
40.000003726861223 
40.000003726862531 
40.000003726878987 
40.000003726858040 
40.000003726826719 
40.000003726853919 
40.000003726867234 
40.000003726852157 
40.000003726868741 
40.000003726828027 
40.000003726860228 
40.000003726876912 
40.000003726804664 
40.000003726767318 
40.000003726733254 
40.000003726756603 
40.000003726822442 
40.000003726907835 
40.000003726826293 
40.000003726795896 
40.000003726754130 
40.000003726808444 
40.000003726831139 
40.000003726838685 
40.000003726828297 
40.000003726849158 
40.000003726885126 
40.000003726869920 
40.000003726909625 
40.000003726899521 
40.000003726886078 
40.000003726888920 
40.000003726888437 
40.000003726861848 
40.000003726869295 
40.000003726828098 
40.000003726813560 
40.000003726747593 
40.000003726745419 
40.000003726784996 
40.000003726724145 
40.000003726723648 
40.000003726687524 
40.000003726671437 
40.000003726712123 
40.000003726644948 
40.000003726632656 
40.000003726609833 
40.000003726491059 
40.000003726485701 
40.000003726451496 
40.000003726457436 
40.000003726484792 
40.000003726439118 
40.000003726364767 
40.000003726302083 
40.000003726241843 
40.000003726199424 
40.000003726147952 
40.000003726103216 
40.000003725970558 
40.000003725928224 
40.000003725927414 
40.000003725926163 
40.000003725905941 
40.000003725865056 
40.000003725811354 
40.000003725755846 
40.000003725663106 
40.000003725659923 
40.000003725653585 
40.000003725587391 
40.000003725471629 
40.000003725428897 
40.000003725331794 
40.000003725257997 
40.000003725144182 
40.000003725082877 
40.000003725031789 
40.000003724979095 
40.000003724915814 
40.000003724822747 
40.000003724731116 
40.000003724683026 
40.000003724664822 
40.000003724600347 
40.000003724590670 
40.000003724561182 
40.000003724477992 
40.000003724418264 
40.000003724341866 
40.000003724309053 
40.000003724262427 
40.000003724209250 
40.000003724166888 
40.000003724096999 
40.000003723977002 
40.000003723939770 
40.000003723841971 
40.000003723729534 
40.000003723630826 
40.000003723539379 
40.000003723463053 
40.000003723365396 
40.000003723267398 
40.000003723272229 
40.000003723190062 
40.000003723176121 
40.000003723169982 
40.000003723130249 
40.000003723081250 
40.000003722990456 
40.000003722944044 
40.000003722927659 
40.000003722895727 
40.000003722764873 
40.000003722714581 
40.000003722671806 
40.000003722566575 
40.000003722464882 
40.000003722396002 
40.000003722292419 
40.000003722206287 
40.000003722139496 
40.000003722059205 
40.000003721955608 
40.000003721892170 
40.000003721790435 
40.000003721742544 
40.000003721570351 
40.000003721415482 
40.000003721273231 
40.000003721256235 
40.000003721249143 
40.000003721199775 
40.000003721099759 
40.000003720978015 
40.000003720903962 
40.000003720888841 
40.000003720774714 
40.000003720692803 
40.000003720645935 
40.000003720526422 
40.000003720439707 
40.000003720341709 
40.000003720254227 
40.000003720191799 
40.000003720078453 
40.000003719950953 
40.000003719868388 
40.000003719783521 
40.000003719653407 
40.000003719648205 
40.000003719524756 
40.000003719420960 
40.000003719351866 
40.000003719232211 
40.000003719188186 
40.000003719060771 
40.000003718986804 
40.000003718871369 
40.000003718718801 
40.000003718604304 
40.000003718455275 
40.000003718339244 
40.000003718197092 
40.000003718080620 
40.000003717996037 
40.000003717919284 
40.000003717823816 
40.000003717709220 
40.000003717647587 
40.000003717566486 
40.000003717411360 
40.000003717270346 
40.000003717138298 
40.000003717007957 
40.000003716932355 
40.000003716784335 
40.000003716683324 
40.000003716575421 
40.000003716455595 
40.000003716337488 
40.000003716222693 
40.000003716095790 
40.000003716010937 
40.000003715765828 
40.000003715620949 
40.000003715435057 
40.000003715321313 
40.000003715174813 
40.000003715046333 
40.000003714905688 
40.000003714806638 
40.000003714644791 
40.000003714483185 
40.000003714368262 
40.000003714247583 
40.000003714098952 
40.000003713967644 
40.000003713804176 
40.000003713702313 
40.000003713580526 
40.000003713558243 
40.000003713469539 
40.000003713358240 
40.000003713258266 
40.000003713149098 
40.000003713052649 
40.000003712878609 
40.000003712749390 
40.000003712610862 
40.000003712439479 
40.000003712264572 
40.000003712107343 
40.000003712043508 
40.000003711899737 
40.000003711761153 
40.000003711684300 
40.000003711547478 
40.000003711408709 
40.000003711219136 
40.000003711085370 
40.000003710906114 
40.000003710776525 
40.000003710631233 
40.000003710462508 
40.000003710372269 
40.000003710269624 
40.000003710137250 
40.000003709970116 
40.000003709811949 
40.000003709700167 
40.000003709607014 
40.000003709443746 
40.000003709337150 
40.000003709198268 
40.000003709060167 
40.000003708867197 
40.000003708689945 
40.000003708535502 
40.000003708411867 
40.000003708255008 
40.000003708044744 
40.000003707859676 
40.000003707664291 
40.000003707566876 
40.000003707456472 
40.000003707261072 
40.000003707099765 
40.000003707027730 
40.000003706886673 
40.000003706721529 
40.000003706613981 
40.000003706447941 
40.000003706259363 
40.000003706055509 
40.000003705887352 
40.000003705745456 
40.000003705623641 
40.000003705450041 
40.000003705275248 
40.000003705153588 
40.000003705033265 
40.000003704947233 
40.000003704810311 
40.000003704690585 
40.000003704510320 
40.000003704365540 
40.000003704257693 
40.000003704113709 
40.000003704034100 
40.000003703870590 
40.000003703647835 
40.000003703471208 
40.000003703320743 
40.000003703141516 
40.000003703005092 
40.000003702836764 
40.000003702669545 
40.000003702450741 
40.000003702313606 
40.000003702148334 
40.000003702002147 
40.000003701822735 
40.000003701694268 
40.000003701595887 
40.000003701473773 
40.000003701302361 
40.000003701166492 
40.000003701052862 
40.000003700869598 
40.000003700677823 
40.000003700511186 
40.000003700325081 
40.000003700206690 
40.000003700038661 
40.000003699930033 
40.000003699765671 
40.000003699617153 
40.000003699437656 
40.000003699271716 
40.000003699112384 
40.000003698968129 
40.000003698774549 
40.000003698653217 
40.000003698476220 
40.000003698312838 
40.000003698150337 
40.000003697998068 
40.000003697894144 
40.000003697786198 
40.000003697619306 
40.000003697485653 
40.000003697334876 
40.000003697166662 
40.000003696976577 
40.000003696823924 
40.000003696637251 
40.000003696478188 
40.000003696269005 
40.000003696100450 
40.000003695982201 
40.000003695836256 
40.000003695656943 
40.000003695501206 
40.000003695380315 
40.000003695214758 
40.000003695107225 
40.000003694921077 
40.000003694761944 
40.000003694585331 
40.000003694439641 
40.000003694254474 
40.000003694134946 
40.000003693925009 
40.000003693740439 
40.000003693543917 
40.000003693431552 
40.000003693248857 
40.000003693049635 
40.000003692883055 
40.000003692708816 
40.000003692597289 
40.000003692491489 
40.000003692355193 
40.000003692201020 
40.000003692082529 
40.000003691906130 
40.000003691780790 
40.000003691668596 
40.000003691547448 
40.000003691391882 
40.000003691239229 
40.000003691107594 
40.000003690961975 
40.000003690853148 
40.000003690667427 
40.000003690511974 
40.000003690291095 
40.000003690120138 
40.000003689947405 
40.000003689863831 
40.000003689708720 
40.000003689584290 
40.000003689471129 
40.000003689255877 
40.000003689127468 
40.000003688987505 
40.000003688818538 
40.000003688674482 
40.000003688530199 
40.000003688371336 
40.000003688212374 
40.000003688072297 
40.000003687911615 
40.000003687788706 
40.000003687652381 
40.000003687512447 
40.000003687448483 
40.000003687328658 
40.000003687262904 
40.000003687100048 
40.000003687034905 
40.000003686948403 
40.000003686830979 
40.000003686757026 
40.000003686597225 
40.000003686471743 
40.000003686359378 
40.000003686251432 
40.000003686103398 
40.000003685955704 
40.000003685903650 
40.000003685814377 
40.000003685657802 
40.000003685559093 
40.000003685498299 
40.000003685334065 
40.000003685225821 
40.000003685102087 
40.000003684923570 
40.000003684734878 
40.000003684645463 
40.000003684518390 
40.000003684374192 
40.000003684200593 
40.000003684088824 
40.000003683984005 
40.000003683871512 
40.000003683744737 
40.000003683620434 
40.000003683492707 
40.000003683413368 
40.000003683237281 
40.000003683159377 
40.000003683053706 
40.000003682997601 
40.000003682932999 
40.000003682835199 
40.000003682796446 
40.000003682746822 
40.000003682606490 
40.000003682510879 
40.000003682349487 
40.000003682212181 
40.000003682082578 
40.000003681999587 
40.000003681947220 
40.000003681881452 
40.000003681736061 
40.000003681636073 
40.000003681542978 
40.000003681452867 
40.000003681371780 
40.000003681195111 
40.000003681095407 
40.000003681027252 
40.000003680900605 
40.000003680791508 
40.000003680670588 
40.000003680569094 
40.000003680445928 
40.000003680316624 
40.000003680234229 
40.000003680127790 
40.000003680065760 
40.000003680040649 
40.000003679950950 
40.000003679823479 
40.000003679750932 
40.000003679684511 
40.000003679575201 
40.000003679465678 
40.000003679377556 
40.000003679327250 
40.000003679249119 
40.000003679158766 
40.000003679090185 
40.000003678965371 
40.000003678849254 
40.000003678764401 
40.000003678592719 
40.000003678572568 
40.000003678485825 
40.000003678428371 
40.000003678397078 
40.000003678316830 
40.000003678197274 
40.000003678161960 
40.000003678063749 
40.000003677973467 
40.000003677960180 
40.000003677886141 
40.000003677758642 
40.000003677662363 
40.000003677570689 
40.000003677470517 
40.000003677333581 
40.000003677276240 
40.000003677189980 
40.000003677055972 
40.000003677009133 
40.000003676882798 
40.000003676742466 
40.000003676687143 
40.000003676569577 
40.000003676471806 
40.000003676382946 
40.000003676340299 
40.000003676197622 
40.000003676132820 
40.000003676038375 
40.000003675950154 
40.000003675807847 
40.000003675686941 
40.000003675604248 
40.000003675510669 
40.000003675456924 
40.000003675340750 
40.000003675267919 
40.000003675204326 
40.000003675047765 
40.000003674929289 
40.000003674798137 
40.000003674677970 
40.000003674586864 
40.000003674468800 
40.000003674369864 
40.000003674190452 
40.000003674018302 
40.000003673927935 
40.000003673806987 
40.000003673651548 
40.000003673495343 
40.000003673267699 
40.000003673112886 
40.000003672930163 
40.000003672778689 
40.000003672590253 
40.000003672446269 
40.000003672304615 
40.000003672114872 
40.000003671961451 
40.000003671767558 
40.000003671581013 
40.000003671369200 
40.000003671133697 
40.000003670931250 
40.000003670702043 
40.000003670541190 
40.000003670364592 
40.000003670152182 
40.000003669945158 
40.000003669693541 
40.000003669479568 
40.000003669181979 
40.000003669037284 
40.000003668848251 
40.000003668629034 
40.000003668434374 
40.000003668217857 
40.000003668093782 
40.000003667885466 
40.000003667670256 
40.000003667522236 
40.000003667338291 
40.000003667168400 
40.000003666912576 
40.000003666707755 
40.000003666540891 
40.000003666288350 
40.000003666104206 
40.000003665907371 
40.000003665657744 
40.000003665427016 
40.000003665223403 
40.000003665018497 
40.000003664744312 
40.000003664512292 
40.000003664324851 
40.000003664064124 
40.000003663822127 
40.000003663610386 
40.000003663407398 
40.000003663174553 
40.000003662965312 
40.000003662736532 
40.000003662524691 
40.000003662278743 
40.000003662056386 
40.000003661851707 
40.000003661619346 
40.000003661366335 
40.000003661155361 
40.000003660937821 
40.000003660727060 
40.000003660570627 
40.000003660352291 
40.000003660143932 
40.000003659960441 
40.000003659726488 
40.000003659568605 
40.000003659327191 
40.000003659105360 
40.000003658895594 
40.000003658681436 
40.000003658492744 
40.000003658326222 
40.000003658146483 
40.000003657962907 
40.000003657733458 
40.000003657545250 
40.000003657321145 
40.000003657184067 
40.000003656995247 
40.000003656742365 
40.000003656484495 
40.000003656220287 
40.000003656034153 
40.000003655901310 
40.000003655648712 
40.000003655419476 
40.000003655220937 
40.000003655046854 
40.000003654877332 
40.000003654633275 
40.000003654464678 
40.000003654244523 
40.000003654032355 
40.000003653852090 
40.000003653645066 
40.000003653454101 
40.000003653173010 
40.000003652923283 
40.000003652654939 
40.000003652421100 
40.000003652210864 
40.000003652004935 
40.000003651843059 
40.000003651617362 
40.000003651428969 
40.000003651210363 
40.000003650956572 
40.000003650782887 
40.000003650607297 
40.000003650417071 
40.000003650271736 
40.000003650135000 
40.000003649963944 
40.000003649730033 
40.000003649536737 
40.000003649334445 
40.000003649053951 
40.000003648839353 
40.000003648632784 
40.000003648441179 
40.000003648248452 
40.000003648012850 
40.000003647824499 
40.000003647594895 
40.000003647395715 
40.000003647208985 
40.000003647024698 
40.000003646800707 
40.000003646584574 
40.000003646325936 
40.000003646133166 
40.000003645870493 
40.000003645657102 
40.000003645462527 
40.000003645221838 
40.000003644985128 
40.000003644749611 
40.000003644546922 
40.000003644361485 
40.000003644096353 
40.000003643885861 
40.000003643711224 
40.000003643527037 
40.000003643327602 
40.000003643124515 
40.000003642892864 
40.000003642714063 
40.000003642492899 
40.000003642281214 
40.000003642069785 
40.000003641849261 
40.000003641581628 
40.000003641404859 
40.000003641170139 
40.000003640940491 
40.000003640723321 
40.000003640525591 
40.000003640252231 
40.000003640051006 
40.000003639831661 
40.000003639647517 
40.000003639449332 
40.000003639259873 
40.000003639106367 
40.000003638948570 
40.000003638738320 
40.000003638536484 
40.000003638356048 
40.000003638162681 
40.000003637969371 
40.000003637765161 
40.000003637614583 
40.000003637344363 
40.000003637133688 
40.000003636896722 
40.000003636700441 
40.000003636433533 
40.000003636231199 
40.000003636046543 
40.000003635856444 
40.000003635682546 
40.000003635490401 
40.000003635341400 
40.000003635127015 
40.000003634884251 
40.000003634738178 
40.000003634550211 
40.000003634377421 
40.000003634201505 
40.000003633969555 
40.000003633822104 
40.000003633613531 
40.000003633444322 
40.000003633274531 
40.000003633064068 
40.000003632858991 
40.000003632720393 
40.000003632515643 
40.000003632345397 
40.000003632127360 
40.000003631997828 
40.000003631841238 
40.000003631664583 
40.000003631481761 
40.000003631294959 
40.000003631140203 
40.000003630930479 
40.000003630810099 
40.000003630583336 
40.000003630362940 
40.000003630248287 
40.000003630070907 
40.000003629874016 
40.000003629663127 
40.000003629485818 
40.000003629276335 
40.000003629065148 
40.000003628879711 
40.000003628724642 
40.000003628527224 
40.000003628350029 
40.000003628177637 
40.000003627955664 
40.000003627772045 
40.000003627595007 
40.000003627371285 
40.000003627163608 
40.000003627035341 
40.000003626810511 
40.000003626624860 
40.000003626490837 
40.000003626326404 
40.000003626176678 
40.000003625982913 
40.000003625812099 
40.000003625631720 
40.000003625498948 
40.000003625301730 
40.000003625150555 
40.000003625030018 
40.000003624887313 
40.000003624747038 
40.000003624526386 
40.000003624335463 
40.000003624143659 
40.000003623933395 
40.000003623792338 
40.000003623631258 
40.000003623391009 
40.000003623231407 
40.000003623024753 
40.000003622807611 
40.000003622648123 
40.000003622452908 
40.000003622269844 
40.000003622115955 
40.000003621994722 
40.000003621864920 
40.000003621728297 
40.000003621574336 
40.000003621405028 
40.000003621259509 
40.000003621109300 
40.000003620933853 
40.000003620768368 
40.000003620599585 
40.000003620494155 
40.000003620352260 
40.000003620209341 
40.000003620040971 
40.000003619846026 
40.000003619667496 
40.000003619532734 
40.000003619379953 
40.000003619212833 
40.000003619114764 
40.000003619010158 
40.000003618880072 
40.000003618769369 
40.000003618565941 
40.000003618390821 
40.000003618217875 
40.000003618099967 
40.000003617962676 
40.000003617833897 
40.000003617767490 
40.000003617601436 
40.000003617452762 
40.000003617320758 
40.000003617280129 
40.000003617207341 
40.000003617100148 
40.000003617012737 
40.000003616874210 
40.000003616746497 
40.000003616684396 
40.000003616568932 
40.000003616442086 
40.000003616292148 
40.000003616164648 
40.000003616058621 
40.000003615935157 
40.000003615829215 
40.000003615664411 
40.000003615558498 
40.000003615441003 
40.000003615343743 
40.000003615231719 
40.000003615083173 
40.000003614981011 
40.000003614874402 
40.000003614774414 
40.000003614681489 
40.000003614538201 
40.000003614444879 
40.000003614304376 
40.000003614172869 
40.000003614039358 
40.000003613978507 
40.000003613837322 
40.000003613683631 
40.000003613588603 
40.000003613497000 
40.000003613380443 
40.000003613236416 
40.000003613142724 
40.000003613053764 
40.000003612917467 
40.000003612801834 
40.000003612775558 
40.000003612633904 
40.000003612488484 
40.000003612388312 
40.000003612357020 
40.000003612206754 
40.000003612089756 
40.000003612040743 
40.000003611963137 
40.000003611932769 
40.000003611848769 
40.000003611775909 
40.000003611704955 
40.000003611686310 
40.000003611584035 
40.000003611457757 
40.000003611387299 
40.000003611294545 
40.000003611210502 
40.000003611130353 
40.000003611004701 
40.000003610892449 
40.000003610869626 
40.000003610856851 
40.000003610729422 
40.000003610690939 
40.000003610533454 
40.000003610458862 
40.000003610365624 
40.000003610303452 
40.000003610151026 
40.000003610091753 
40.000003609935405 
40.000003609854659 
40.000003609783462 
40.000003609721986 
40.000003609653916 
40.000003609599929 
40.000003609518203 
40.000003609422819 
40.000003609393630 
40.000003609376648 
40.000003609246775 
40.000003609155527 
40.000003609078490 
40.000003608954955 
40.000003608906624 
40.000003608799446 
40.000003608696616 
40.000003608605823 
40.000003608478480 
40.000003608411362 
40.000003608339185 
40.000003608270532 
40.000003608273829 
40.000003608223437 
40.000003608224077 
40.000003608208004 
40.000003608186262 
40.000003608139792 
40.000003608122711 
40.000003608079751 
40.000003607975330 
40.000003607887635 
40.000003607849521 
40.000003607773394 
40.000003607740879 
40.000003607708848 
40.000003607714433 
40.000003607628798 
40.000003607608861 
40.000003607665562 
40.000003607657604 
40.000003607604668 
40.000003607585327 
40.000003607500744 
40.000003607453337 
40.000003607406043 
40.000003607451816 
40.000003607419188 
40.000003607386958 
40.000003607412680 
40.000003607387924 
40.000003607380691 
40.000003607407862 
40.000003607370516 
40.000003607303242 
40.000003607307406 
40.000003607288065 
40.000003607288249 
40.000003607313843 
40.000003607282707 
40.000003607220663 
40.000003607168878 
40.000003607120050 
40.000003607046708 
40.000003607027722 
40.000003607100467 
40.000003607110258 
40.000003607094726 
40.000003607166292 
40.000003607125947 
40.000003607027153 
40.000003607087692 
40.000003607075769 
40.000003607131319 
40.000003607110685 
40.000003607100766 
40.000003607028503 
40.000003607050374 
40.000003607062297 
40.000003607008679 
40.000003606963674 
40.000003607038167 
40.000003607046651 
40.000003607040270 
40.000003607067811 
40.000003607136989 
40.000003607146283 
40.000003607140911 
40.000003607123404 
40.000003607137813 
40.000003607203254 
40.000003607203979 
40.000003607171010 
40.000003607158121 
40.000003607237915 
40.000003607275190 
40.000003607298098 
40.000003607322327 
40.000003607369464 
40.000003607429491 
40.000003607405660 
40.000003607493994 
40.000003607496680 
40.000003607475890 
40.000003607509015 
40.000003607461366 
40.000003607503388 
40.000003607588042 
40.000003607604768 
40.000003607628173 
40.000003607654349 
40.000003607650754 
40.000003607636359 
40.000003607686395 
40.000003607676831 
40.000003607688654 
40.000003607705864 
40.000003607774659 
40.000003607775426 
40.000003607845230 
40.000003607874959 
40.000003607917421 
40.000003607917122 
40.000003607978343 
40.000003608022922 
40.000003608076014 
40.000003608149072 
40.000003608181274 
40.000003608237478 
40.000003608275435 
40.000003608338687 
40.000003608282569 
40.000003608278362 
40.000003608336613 
40.000003608397677 
40.000003608421508 
40.000003608457334 
40.000003608495291 
40.000003608565066 
40.000003608565663 
40.000003608636575 
40.000003608771152 
40.000003608830554 
40.000003608859686 
40.000003608919513 
40.000003608955495 
40.000003609050822 
40.000003609090200 
40.000003609100972 
40.000003609144159 
40.000003609194039 
40.000003609288612 
40.000003609326143 
40.000003609410143 
40.000003609539021 
40.000003609493888 
40.000003609519069 
40.000003609594827 
40.000003609712650 
40.000003609765386 
40.000003609834522 
40.000003609920782 
40.000003609998487 
40.000003609993101 
40.000003610077655 
40.000003610159851 
40.000003610228575 
40.000003610284210 
40.000003610305086 
40.000003610393861 
40.000003610497316 
40.000003610605788 
40.000003610663327 
40.000003610685766 
40.000003610730673 
40.000003610774314 
40.000003610855316 
40.000003610951083 
40.000003611004018 
40.000003611118842 
40.000003611209479 
40.000003611336410 
40.000003611433215 
40.000003611532961 
40.000003611600107 
40.000003611718697 
40.000003611786738 
40.000003611908866 
40.000003612050662 
40.000003612171184 
40.000003612276259 
40.000003612359606 
40.000003612397293 
40.000003612509715 
40.000003612627566 
40.000003612707559 
40.000003612845191 
40.000003612925994 
40.000003613031183 
40.000003613130502 
40.000003613181832 
40.000003613302255 
40.000003613391627 
40.000003613492666 
40.000003613596633 
40.000003613681841 
40.000003613796380 
40.000003613971160 
40.000003614094922 
40.000003614238565 
40.000003614307147 
40.000003614343626 
40.000003614514242 
40.000003614590412 
40.000003614717485 
40.000003614821580 
40.000003614923060 
40.000003614966985 
40.000003615032298 
40.000003615117606 
40.000003615247209 
40.000003615349996 
40.000003615443859 
40.000003615519333 
40.000003615646165 
40.000003615751751 
40.000003615849366 
40.000003615949339 
40.000003616104095 
40.000003616215082 
40.000003616312810 
40.000003616346149 
40.000003616526968 
40.000003616661516 
40.000003616792327 
40.000003616930869 
40.000003617016958 
40.000003617180667 
40.000003617264639 
40.000003617311762 
40.000003617411366 
40.000003617567046 
40.000003617682154 
40.000003617843618 
40.000003617995958 
40.000003618167256 
40.000003618288446 
40.000003618490837 
40.000003618581104 
40.000003618743406 
40.000003618867680 
40.000003618992338 
40.000003619090506 
40.000003619185719 
40.000003619328211 
40.000003619374581 
40.000003619535704 
40.000003619709275 
40.000003619816965 
40.000003619928719 
40.000003620080520 
40.000003620241927 
40.000003620425062 
40.000003620565522 
40.000003620707545 
40.000003620852695 
40.000003620989190 
40.000003621140095 
40.000003621304543 
40.000003621398108 
40.000003621522382 
40.000003621693708 
40.000003621792828 
40.000003621963756 
40.000003622079305 
40.000003622224952 
40.000003622381641 
40.000003622549812 
40.000003622635646 
40.000003622791610 
40.000003622976095 
40.000003623167260 
40.000003623332347 
40.000003623466853 
40.000003623585769 
40.000003623680669 
40.000003623810144 
40.000003624004563 
40.000003624149997 
40.000003624275578 
40.000003624419350 
40.000003624560577 
40.000003624753418 
40.000003624923636 
40.000003625107652 
40.000003625272214 
40.000003625407004 
40.000003625564688 
40.000003625713674 
40.000003625899666 
40.000003626081892 
40.000003626231077 
40.000003626330653 
40.000003626472378 
40.000003626606357 
40.000003626791568 
40.000003626945528 
40.000003627173371 
40.000003627308331 
40.000003627409001 
40.000003627533744 
40.000003627746494 
40.000003627898252 
40.000003628001764 
40.000003628173531 
40.000003628314104 
40.000003628483512 
40.000003628622608 
40.000003628749880 
40.000003628940533 
40.000003629140167 
40.000003629316126 
40.000003629464103 
40.000003629643814 
40.000003629696835 
40.000003629894636 
40.000003630088074 
40.000003630265553 
40.000003630345518 
40.000003630460668 
40.000003630592886 
40.000003630744402 
40.000003630951042 
40.000003631109266 
40.000003631260583 
40.000003631428712 
40.000003631583951 
40.000003631773794 
40.000003631925097 
40.000003632170149 
40.000003632314915 
40.000003632487619 
40.000003632735570 
40.000003632842592 
40.000003633026608 
40.000003633252334 
40.000003633422722 
40.000003633642947 
40.000003633807850 
40.000003633976320 
40.000003634138650 
40.000003634280404 
40.000003634419713 
40.000003634588225 
40.000003634724436 
40.000003634927026 
40.000003635060423 
40.000003635235672 
40.000003635385383 
40.000003635569058 
40.000003635717746 
40.000003635878201 
40.000003636046827 
40.000003636191963 
40.000003636389465 
40.000003636518656 
40.000003636750236 
40.000003636889588 
40.000003637111234 
40.000003637284934 
40.000003637507021 
40.000003637687527 
40.000003637817443 
40.000003638007826 
40.000003638180459 
40.000003638354215 
40.000003638577908 
40.000003638752673 
40.000003638935112 
40.000003639052863 
40.000003639181031 
40.000003639390897 
40.000003639508748 
40.000003639679264 
40.000003639851400 
40.000003640022172 
40.000003640217656 
40.000003640359893 
40.000003640601079 
40.000003640729361 
40.000003640883364 
40.000003641035335 
40.000003641229014 
40.000003641453446 
40.000003641748862 
40.000003641941305 
40.000003642114976 
40.000003642334505 
40.000003642520909 
40.000003642620953 
40.000003642780143 
40.000003642969347 
40.000003643149753 
40.000003643344698 
40.000003643456552 
40.000003643589764 
40.000003643734956 
40.000003643944041 
40.000003644178122 
40.000003644328189 
40.000003644508880 
40.000003644673484 
40.000003644865259 
40.000003645042426 
40.000003645283272 
40.000003645479339 
40.000003645694818 
40.000003645912841 
40.000003646055944 
40.000003646267430 
40.000003646405276 
40.000003646508105 
40.000003646635065 
40.000003646821341 
40.000003647038653 
40.000003647202732 
40.000003647401996 
40.000003647589494 
40.000003647753530 
40.000003647922227 
40.000003648045407 
40.000003648194649 
40.000003648395420 
40.000003648578300 
40.000003648710731 
40.000003648851205 
40.000003649011092 
40.000003649157321 
40.000003649365311 
40.000003649510830 
40.000003649697859 
40.000003649911974 
40.000003650137728 
40.000003650299647 
40.000003650385636 
40.000003650569795 
40.000003650711946 
40.000003650910799 
40.000003651082636 
40.000003651256407 
40.000003651459025 
40.000003651623445 
40.000003651779195 
40.000003652004182 
40.000003652167877 
40.000003652391982 
40.000003652588816 
40.000003652754046 
40.000003652968800 
40.000003653128360 
40.000003653274874 
40.000003653450634 
40.000003653639396 
40.000003653814559 
40.000003653982816 
40.000003654131987 
40.000003654388919 
40.000003654597222 
40.000003654813028 
40.000003654966733 
40.000003655042605 
40.000003655248477 
40.000003655392788 
40.000003655554679 
40.000003655692979 
40.000003655853931 
40.000003655991620 
40.000003656114330 
40.000003656299327 
40.000003656427737 
