180.000000000000000 
179.999999999525897 
180.000000001425576 
180.000000001348326 
180.000000000985125 
180.000000000362860 
179.999999999667835 
179.999999998979575 
179.999999998396532 
179.999999998164952 
179.999999997927574 
179.999999997770459 
179.999999997516113 
180.000000003067726 
180.000000008517844 
180.000000013744966 
180.000000018745254 
180.000000023309099 
180.000000027653925 
180.000000031763250 
180.000000035400234 
180.000000038724437 
180.000000041570502 
180.000000044320188 
180.000000046681265 
180.000000048606410 
180.000000050352014 
180.000000052081418 
180.000000053354341 
180.000000054380934 
180.000000055366883 
180.000000056208847 
180.000000056968759 
180.000000057619161 
180.000000058090222 
180.000000058423836 
180.000000058611306 
180.000000058660561 
180.000000058772571 
180.000000058853914 
180.000000058933836 
180.000000058891317 
180.000000058670423 
180.000000058586778 
180.000000058382398 
180.000000058035937 
180.000000057935040 
180.000000057797166 
180.000000057933505 
180.000000057967696 
180.000000057847160 
180.000000057738305 
180.000000057878225 
180.000000058091956 
180.000000058096163 
180.000000058151755 
180.000000058289089 
180.000000058172759 
180.000000058155962 
180.000000058639699 
180.000000058915873 
180.000000059250567 
180.000000059573495 
180.000000060304842 
180.000000061069102 
180.000000062142959 
180.000000063475284 
180.000000065011704 
180.000000066966663 
180.000000068682880 
180.000000070587930 
180.000000073036290 
180.000000075534444 
180.000000078517672 
180.000000081784322 
180.000000085225452 
180.000000089226006 
180.000000093432504 
180.000000098075816 
180.000000103123710 
180.000000108363707 
180.000000113993394 
180.000000119613446 
180.000000126128413 
180.000000132579032 
180.000000139438242 
180.000000147009018 
180.000000155084933 
180.000000163673803 
180.000000172544503 
180.000000181816063 
180.000000191334863 
180.000000202005026 
180.000000213406111 
180.000000224346934 
180.000000235814611 
180.000000247416324 
180.000000259032475 
180.000000270878360 
180.000000283333748 
180.000000295405414 
180.000000307841901 
180.000000320303513 
180.000000332823078 
180.000000345318597 
180.000000358350292 
180.000000371290298 
180.000000383846015 
180.000000395877066 
180.000000408275639 
180.000000419795782 
180.000000431343125 
180.000000443172269 
180.000000455177258 
180.000000466271899 
180.000000476573803 
180.000000486407714 
180.000000496408376 
180.000000505505710 
180.000000513959662 
180.000000522041205 
180.000000529533850 
180.000000535928308 
180.000000542973623 
180.000000549311039 
180.000000554988105 
180.000000560324082 
180.000000565183882 
180.000000569417551 
180.000000573334830 
180.000000575834633 
180.000000578010201 
180.000000580144871 
180.000000582518709 
180.000000584408497 
180.000000585383873 
180.000000586185081 
180.000000586281999 
180.000000586632126 
180.000000586283022 
180.000000584967040 
180.000000584015282 
180.000000582222668 
180.000000580549852 
180.000000578778497 
180.000000577538657 
180.000000575078161 
180.000000571588032 
180.000000568228813 
180.000000565514370 
180.000000561404079 
180.000000557758995 
180.000000553896257 
180.000000549783408 
180.000000546605065 
180.000000542212831 
180.000000537853566 
180.000000532781570 
180.000000527755475 
180.000000522573828 
180.000000518075240 
180.000000513867064 
180.000000509016502 
180.000000504196748 
180.000000498802535 
180.000000494209388 
180.000000488876367 
180.000000484141083 
180.000000478030074 
180.000000471905366 
180.000000466601335 
180.000000461437139 
180.000000455799182 
180.000000450171910 
180.000000445323508 
180.000000440016834 
180.000000434514106 
180.000000429532747 
180.000000424520692 
180.000000419601236 
180.000000413452142 
180.000000406579204 
180.000000400469844 
180.000000394172218 
180.000000387990895 
180.000000381615735 
180.000000375107618 
180.000000369408895 
180.000000363407366 
180.000000356625890 
180.000000349628976 
180.000000341946020 
180.000000335213258 
180.000000328396766 
180.000000320852166 
180.000000312648524 
180.000000306095899 
180.000000298588134 
180.000000292016239 
180.000000284469820 
180.000000276362414 
180.000000268538599 
180.000000261107289 
180.000000252930192 
180.000000245188289 
180.000000236989536 
180.000000227786245 
180.000000219812478 
180.000000211368103 
180.000000202650540 
180.000000193993003 
180.000000185701083 
180.000000176098524 
180.000000167873850 
180.000000159798901 
180.000000150655637 
180.000000142456202 
180.000000133476419 
180.000000124834060 
180.000000115906175 
180.000000107413371 
180.000000098122257 
180.000000090766093 
180.000000083448583 
180.000000075060370 
180.000000065884535 
180.000000057727163 
180.000000050395499 
180.000000042682359 
180.000000034447282 
180.000000025226427 
180.000000018131857 
180.000000009637802 
180.000000001136812 
179.999999993039637 
179.999999985417901 
179.999999976399238 
179.999999968756811 
179.999999961830838 
179.999999955124565 
179.999999947729805 
179.999999940869657 
179.999999934824814 
179.999999927182273 
179.999999921402093 
179.999999915265562 
179.999999908794450 
179.999999902663887 
179.999999896127349 
179.999999889494575 
179.999999883917610 
179.999999876827246 
179.999999870318732 
179.999999863773951 
179.999999856857130 
179.999999851021926 
179.999999845588832 
179.999999839082079 
179.999999834161656 
179.999999830068987 
179.999999824966721 
179.999999819677839 
179.999999814142086 
179.999999808237988 
179.999999803332742 
179.999999798760598 
179.999999793942607 
179.999999789011099 
179.999999784892168 
179.999999781135728 
179.999999776898562 
179.999999773795253 
179.999999770719455 
179.999999766371786 
179.999999762492394 
179.999999759601337 
179.999999756351087 
179.999999752531494 
179.999999749133281 
179.999999745304990 
179.999999742201908 
179.999999739129635 
179.999999735431174 
179.999999732352705 
179.999999730716922 
179.999999727220143 
179.999999724554755 
179.999999721943254 
179.999999719859943 
179.999999717719049 
179.999999715307865 
179.999999711928638 
179.999999709743008 
179.999999707649238 
179.999999705783523 
179.999999703590390 
179.999999701267996 
179.999999699011141 
179.999999696038060 
179.999999693764607 
179.999999691590290 
179.999999689861113 
179.999999688372327 
179.999999687397576 
179.999999685095588 
179.999999683367719 
179.999999682122109 
179.999999680723761 
179.999999680569374 
179.999999678886468 
179.999999678330482 
179.999999677660696 
179.999999676938046 
179.999999676525931 
179.999999675645824 
179.999999675037657 
179.999999674591152 
179.999999674203991 
179.999999674332571 
179.999999672918193 
179.999999671888418 
179.999999671436626 
179.999999671509840 
179.999999671166165 
179.999999670995066 
179.999999670856255 
179.999999671197997 
179.999999671509386 
179.999999671003138 
179.999999671401270 
179.999999671649789 
179.999999671693445 
179.999999670341595 
179.999999670432203 
179.999999670420266 
179.999999670553507 
179.999999671663772 
179.999999673117372 
179.999999674374067 
179.999999676121206 
179.999999677163714 
179.999999678045810 
179.999999678557288 
179.999999679935968 
179.999999680096721 
179.999999683050874 
179.999999683682972 
179.999999683714577 
179.999999685117928 
179.999999686351202 
179.999999687976128 
179.999999689025458 
179.999999690481218 
179.999999690767481 
179.999999691770086 
179.999999693663995 
179.999999695021074 
179.999999696387704 
179.999999698384272 
179.999999700618901 
179.999999703307708 
179.999999706133622 
179.999999707717620 
179.999999710015800 
179.999999711678925 
179.999999713568741 
179.999999715095441 
179.999999717263677 
179.999999720500796 
179.999999721380618 
179.999999724016220 
179.999999725353973 
179.999999725613748 
179.999999727523914 
179.999999729624847 
179.999999731866296 
179.999999734035441 
179.999999737612143 
179.999999740390422 
179.999999741847319 
179.999999744873890 
179.999999747493462 
179.999999750210463 
179.999999752918256 
179.999999755417321 
179.999999756401735 
179.999999759066213 
179.999999762468178 
179.999999764890276 
179.999999767833287 
179.999999769752321 
179.999999772230126 
179.999999774895628 
179.999999779188670 
179.999999781811312 
179.999999785345608 
179.999999788587274 
179.999999792423182 
179.999999795400754 
179.999999798811359 
179.999999802473326 
179.999999805334710 
179.999999807775907 
179.999999809435508 
179.999999812457645 
179.999999816639502 
179.999999820209609 
179.999999822326004 
179.999999824746624 
179.999999827743636 
179.999999831425271 
179.999999835387484 
179.999999837200335 
179.999999840386181 
179.999999843493356 
179.999999845950811 
179.999999848495236 
179.999999851959274 
179.999999855116130 
179.999999857492526 
179.999999862165964 
179.999999865000404 
179.999999868448072 
179.999999871880732 
179.999999874726655 
179.999999876841912 
179.999999879039478 
179.999999882501811 
179.999999885705506 
179.999999889240371 
179.999999891993184 
179.999999895206543 
179.999999897782004 
179.999999901642127 
179.999999905102072 
179.999999909570420 
179.999999912919861 
179.999999916278512 
179.999999919728566 
179.999999923500241 
179.999999927012936 
179.999999932044830 
179.999999937098664 
179.999999939170266 
179.999999943618491 
179.999999947397214 
179.999999950667529 
179.999999954689883 
179.999999957760338 
179.999999963009600 
179.999999967305484 
179.999999971094439 
179.999999975550850 
179.999999978962023 
179.999999983487442 
179.999999988089030 
179.999999993964821 
179.999999999146326 
180.000000002513730 
180.000000007754238 
180.000000012802275 
180.000000016874424 
180.000000020941570 
180.000000024367864 
180.000000028068143 
180.000000032200660 
180.000000035955964 
180.000000039840529 
180.000000043355271 
180.000000047159688 
180.000000050952735 
180.000000054952579 
180.000000059208105 
180.000000062001732 
180.000000065795462 
180.000000070015744 
180.000000072569605 
180.000000076461788 
180.000000079450274 
180.000000083015721 
180.000000087507487 
180.000000090042704 
180.000000092570190 
180.000000095163045 
180.000000097556722 
180.000000100114562 
180.000000103349066 
180.000000106035259 
180.000000110547262 
180.000000114756745 
180.000000117933951 
180.000000120468712 
180.000000122931624 
180.000000125374527 
180.000000127969315 
180.000000130404146 
180.000000132821469 
180.000000135177856 
180.000000139486929 
180.000000140861403 
180.000000144323735 
180.000000146461502 
180.000000148622917 
180.000000151869131 
180.000000152860935 
180.000000156333158 
180.000000158325633 
180.000000161740331 
180.000000164756671 
180.000000168306656 
180.000000170698513 
180.000000172689511 
180.000000176129447 
180.000000177685706 
180.000000180194320 
180.000000181521955 
180.000000185086265 
180.000000187462774 
180.000000189224011 
180.000000190873607 
180.000000193425421 
180.000000195165512 
180.000000196514748 
180.000000197463009 
180.000000176175718 
180.000000156264605 
180.000000134588049 
180.000000114566319 
180.000000092835080 
180.000000071753561 
180.000000050606332 
180.000000030410774 
180.000000011022053 
179.999999991228606 
179.999999971269744 
179.999999951919790 
179.999999931052116 
179.999999911166469 
179.999999891353241 
179.999999870661895 
179.999999850767381 
179.999999830347065 
179.999999810292820 
179.999999789510412 
179.999999769706051 
179.999999749015842 
179.999999729198862 
179.999999708754444 
179.999999688709977 
179.999999669643898 
179.999999649297820 
179.999999629398417 
179.999999610253099 
179.999999591548772 
179.999999571448825 
179.999999551898554 
179.999999532049742 
179.999999513314037 
179.999999494382450 
179.999999474598212 
179.999999455362854 
179.999999436707185 
179.999999417394974 
179.999999398378236 
179.999999378360826 
179.999999358948571 
179.999999339380565 
179.999999320511279 
179.999999301510798 
179.999999282997237 
179.999999264817347 
179.999999246443167 
179.999999227875946 
179.999999208751888 
179.999999189684672 
179.999999171130753 
179.999999151930297 
179.999999132206085 
179.999999113472199 
179.999999093422502 
179.999999074290372 
179.999999055144940 
179.999999035716996 
179.999999015908088 
179.999998996404429 
179.999998976246957 
179.999998956378022 
179.999998935338908 
179.999998913001036 
179.999998892659619 
179.999998871501703 
179.999998850030693 
179.999998827745685 
179.999998805373480 
179.999998782811986 
179.999998760534027 
179.999998737109081 
179.999998713753371 
179.999998690449161 
179.999998667016030 
179.999998643480694 
179.999998619721282 
179.999998595146167 
179.999998570439971 
179.999998546411689 
179.999998521429234 
179.999998496384137 
179.999998470356218 
179.999998443793402 
179.999998418537530 
179.999998392540078 
179.999998366597652 
179.999998339182184 
179.999998312444632 
179.999998284610797 
179.999998257036964 
179.999998229699486 
179.999998202239908 
179.999998174180064 
179.999998145754034 
179.999998117380756 
179.999998090179474 
179.999998061025281 
179.999998031974314 
179.999998004630356 
179.999997975444785 
179.999997946412805 
179.999997917576252 
179.999997888676148 
179.999997858961819 
179.999997830908228 
179.999997802807115 
179.999997773948166 
179.999997744913685 
179.999997715751647 
179.999997687589939 
179.999997658072630 
179.999997628944357 
179.999997599696258 
179.999997569917696 
179.999997541992002 
179.999997512651589 
179.999997483700213 
179.999997455310904 
179.999997427269591 
179.999997399318431 
179.999997371011887 
179.999997343366658 
179.999997314907205 
179.999997286344865 
179.999997257681798 
179.999997230459940 
179.999997202537543 
179.999997175157432 
179.999997148287775 
179.999997120525904 
179.999997093533239 
179.999997065099137 
179.999997038420815 
179.999997012133349 
179.999996985808707 
179.999996959505097 
179.999996933835860 
179.999996908738922 
179.999996883818767 
179.999996857824158 
179.999996831841827 
179.999996805990577 
179.999996779693561 
179.999996753389382 
179.999996728477981 
179.999996703489387 
179.999996677961690 
179.999996652834398 
179.999996631613499 
179.999996607309640 
179.999996583919710 
179.999996560262389 
179.999996536758999 
179.999996513825636 
179.999996491166371 
179.999996466946641 
179.999996444629005 
179.999996421184960 
179.999996399267616 
179.999996376582203 
179.999996354109953 
179.999996331398734 
179.999996308673644 
179.999996286920805 
179.999996266104517 
179.999996245821876 
179.999996224461938 
179.999996203048568 
179.999996183862777 
179.999996163442461 
179.999996142137434 
179.999996121747245 
179.999996101303850 
179.999996079308175 
179.999996057835915 
179.999996038528479 
179.999996017913190 
179.999995996548705 
179.999995976397599 
179.999995954849737 
179.999995934958179 
179.999995915178715 
179.999995895350594 
179.999995875516561 
179.999995855714246 
179.999995835619302 
179.999995817130184 
179.999995797820475 
179.999995777926188 
179.999995758316231 
179.999995740026861 
179.999995721485220 
179.999995702632532 
179.999995683301222 
179.999995664079847 
179.999995645591753 
179.999995628528723 
179.999995609437747 
179.999995591596644 
179.999995573057959 
179.999995553561575 
179.999995535612015 
179.999995517854359 
179.999995499167198 
179.999995480874645 
179.999995462775018 
179.999995445103878 
179.999995426967871 
179.999995409078451 
179.999995390549202 
179.999995372733338 
179.999995355110514 
179.999995337951987 
179.999995321001393 
179.999995302370507 
179.999995284542592 
179.999995266468204 
179.999995248436221 
179.999995230596369 
179.999995214017645 
179.999995196001692 
179.999995179244593 
179.999995161216702 
179.999995142838429 
179.999995123913095 
179.999995105517769 
179.999995086207036 
179.999995068702674 
179.999995051710357 
179.999995034006361 
179.999995017546553 
179.999994997846898 
179.999994979275698 
179.999994961571929 
179.999994943163529 
179.999994925088004 
179.999994906817506 
179.999994887308731 
179.999994868148974 
179.999994848612346 
179.999994828073795 
179.999994809202690 
179.999994790882056 
179.999994771273577 
179.999994751716031 
179.999994733097083 
179.999994714115473 
179.999994695473674 
179.999994675443531 
179.999994656780473 
179.999994637686314 
179.999994616950744 
179.999994596857846 
179.999994577836787 
179.999994556430920 
179.999994536104168 
179.999994515088247 
179.999994493600298 
179.999994471522541 
179.999994452090505 
179.999994430625975 
179.999994409294459 
179.999994385207060 
179.999994363398969 
179.999994341066667 
179.999994318672634 
179.999994295988472 
179.999994272454387 
179.999994248839698 
179.999994224417492 
179.999994200608398 
179.999994176823975 
179.999994151538317 
179.999994126269939 
179.999994100524759 
179.999994074348024 
179.999994049027691 
179.999994022825945 
179.999993995178102 
179.999993967894738 
179.999993940978356 
179.999993913439425 
179.999993885194726 
179.999993856835999 
179.999993827945673 
179.999993798582409 
179.999993768651620 
179.999993738598164 
179.999993708045167 
179.999993676993427 
179.999993646860389 
179.999993617740984 
179.999993586274059 
179.999993554705497 
179.999993522765976 
179.999993490863062 
179.999993459750840 
179.999993428116341 
179.999993397334947 
179.999993364337115 
179.999993331369524 
179.999993300555047 
179.999993267766058 
179.999993236341879 
179.999993205204873 
179.999993173163489 
179.999993142703488 
179.999993110577179 
179.999993079517139 
179.999993048241777 
179.999993017141378 
179.999992985117274 
179.999992953610672 
179.999992921579633 
179.999992890063368 
179.999992859179201 
179.999992828582776 
179.999992796099605 
179.999992764610283 
179.999992733310592 
179.999992702692907 
179.999992672358758 
179.999992643233099 
179.999992612491042 
179.999992581407014 
179.999992549645754 
179.999992517803207 
179.999992483619053 
179.999992451116441 
179.999992419042655 
179.999992385997757 
179.999992352927961 
179.999992319030071 
179.999992285876488 
179.999992251026242 
179.999992216946566 
179.999992183442032 
179.999992146596696 
179.999992111033862 
179.999992075229102 
179.999992039488916 
179.999992002588442 
179.999991966054836 
179.999991929413000 
179.999991892519233 
179.999991857094983 
179.999991819445881 
179.999991781575545 
179.999991745412785 
179.999991707785284 
179.999991670585928 
179.999991632238562 
179.999991595411643 
179.999991556994246 
179.999991520038861 
179.999991482655901 
179.999991446329773 
179.999991408516507 
179.999991372412751 
179.999991335569348 
179.999991299647718 
179.999991263392985 
179.999991226706129 
179.999991189470165 
179.999991152796156 
179.999991116032220 
179.999991080031919 
179.999991042950001 
179.999991006961181 
179.999990972789647 
179.999990937411667 
179.999990902166928 
179.999990867417864 
179.999990831863329 
179.999990796679754 
179.999990761205027 
179.999990726565557 
179.999990690611071 
179.999990656426235 
179.999990622129985 
179.999990588048831 
179.999990553204611 
179.999990519364815 
179.999990484329942 
179.999990451246276 
179.999990417727190 
179.999990384821558 
179.999990352847590 
179.999990318024857 
179.999990283785223 
179.999990251040117 
179.999990218458834 
179.999990185318666 
179.999990152433611 
179.999990118810956 
179.999990087471360 
179.999990054007867 
179.999990019843267 
179.999989987872596 
179.999989955369756 
179.999989922598161 
179.999989889644667 
179.999989857627043 
179.999989824410591 
179.999989791967550 
179.999989759706750 
179.999989726139802 
179.999989694980968 
179.999989662154121 
179.999989629494848 
179.999989597938452 
179.999989565839542 
179.999989534148540 
179.999989502325889 
179.999989470337141 
179.999989439021988 
179.999989407805742 
179.999989375957739 
179.999989343247535 
179.999989311471950 
179.999989280192267 
179.999989248966472 
179.999989217467714 
179.999989185694744 
179.999989154290120 
179.999989122089460 
179.999989089945757 
179.999989057541939 
179.999989025933928 
179.999988994899695 
179.999988963314991 
179.999988931433222 
179.999988899002574 
179.999988866883768 
179.999988834821352 
179.999988801565564 
179.999988768984622 
179.999988736439832 
179.999988702042856 
179.999988668993751 
179.999988636707485 
179.999988604313330 
179.999988571976701 
179.999988539514106 
179.999988507508192 
179.999988474585052 
179.999988442135077 
179.999988408047443 
179.999988375769817 
179.999988343310292 
179.999988311066659 
179.999988279458421 
179.999988246743214 
179.999988213263350 
179.999988180925811 
179.999988148284956 
179.999988115192082 
179.999988082638538 
179.999988049394574 
179.999988016423686 
179.999987984026006 
179.999987951598087 
179.999987917639942 
179.999987886866734 
179.999987854387655 
179.999987820489764 
179.999987786818224 
179.999987753318237 
179.999987720003674 
179.999987686414897 
179.999987652274058 
179.999987618424143 
179.999987583496136 
179.999987550967830 
179.999987517389400 
179.999987484742633 
179.999987451441598 
179.999987416918430 
179.999987383132407 
179.999987350439028 
179.999987317180057 
179.999987284082067 
179.999987251592188 
179.999987216193631 
179.999987182608720 
179.999987149818708 
179.999987115770523 
179.999987081513837 
179.999987048573303 
179.999987013457485 
179.999986978984793 
179.999986945642604 
179.999986912338500 
179.999986877909350 
179.999986843450529 
179.999986809884376 
179.999986776143942 
179.999986740670124 
179.999986707142625 
179.999986672497357 
179.999986638795690 
179.999986605089248 
179.999986572261150 
179.999986537308359 
179.999986502951288 
179.999986467507711 
179.999986432889955 
179.999986398809824 
179.999986364987649 
179.999986329859325 
179.999986295178815 
179.999986260013770 
179.999986224822919 
179.999986191063726 
179.999986155358556 
179.999986119442951 
179.999986083776321 
179.999986048110031 
179.999986013022067 
179.999985977549841 
179.999985942848525 
179.999985906917459 
179.999985870744240 
179.999985836225278 
179.999985801655953 
179.999985765579595 
179.999985731807328 
179.999985694833640 
179.999985658859487 
179.999985623583598 
179.999985588179356 
179.999985552974181 
179.999985517359164 
179.999985482316788 
179.999985447010772 
179.999985412994192 
179.999985378344604 
179.999985342705827 
179.999985307816473 
179.999985273704624 
179.999985238070849 
179.999985200784067 
179.999985166459055 
179.999985131284006 
179.999985097383615 
179.999985061324537 
179.999985026902777 
179.999984991521842 
179.999984956488902 
179.999984921426403 
179.999984887145274 
179.999984853020351 
179.999984817789141 
179.999984783444916 
179.999984748228144 
179.999984712492051 
179.999984677385896 
179.999984641527590 
179.999984606865041 
179.999984573178381 
179.999984537787896 
179.999984503379892 
179.999984467771014 
179.999984433148143 
179.999984398634979 
179.999984363824296 
179.999984330316465 
179.999984294667115 
179.999984260459428 
179.999984226014249 
179.999984191898761 
179.999984157668905 
179.999984123186209 
179.999984087639405 
179.999984052701279 
179.999984018162991 
179.999983984444953 
179.999983950228057 
179.999983915345069 
179.999983881744811 
179.999983847162639 
179.999983812341611 
179.999983778299566 
179.999983744579367 
179.999983709019034 
179.999983674631267 
179.999983639950756 
179.999983606586738 
179.999983571940902 
179.999983538303695 
179.999983504417855 
179.999983471472660 
179.999983437164474 
179.999983403307397 
179.999983370054224 
179.999983336056744 
179.999983304202260 
179.999983271040037 
179.999983237733090 
179.999983204001637 
179.999983170610676 
179.999983137875461 
179.999983104998364 
179.999983072439932 
179.999983039887297 
179.999983007463470 
179.999982974545560 
179.999982941350140 
179.999982908358334 
179.999982876689728 
179.999982845658451 
179.999982814021337 
179.999982781514859 
179.999982748106959 
179.999982715973147 
179.999982684075462 
179.999982652195968 
179.999982619262710 
179.999982588654575 
179.999982558616580 
179.999982525662290 
179.999982493733228 
179.999982462532103 
179.999982431547551 
179.999982399344958 
179.999982367928737 
179.999982335416462 
179.999982304633932 
179.999982272912234 
179.999982241209977 
179.999982209456562 
179.999982178503615 
179.999982146875823 
179.999982116692081 
179.999982086188311 
179.999982055832334 
179.999982026608450 
179.999981995249186 
179.999981965665711 
179.999981934093512 
179.999981903107937 
179.999981874191121 
179.999981844291597 
179.999981815194815 
179.999981786458306 
179.999981757858336 
179.999981728173680 
179.999981698041097 
179.999981666899203 
179.999981638394843 
179.999981610567261 
179.999981581243219 
179.999981552464419 
179.999981523520205 
179.999981494996632 
179.999981466269219 
179.999981435603559 
179.999981406711640 
179.999981379091082 
179.999981352915711 
179.999981324583587 
179.999981296639248 
179.999981267825660 
179.999981239841077 
179.999981211472573 
179.999981183952286 
179.999981156254421 
179.999981127957767 
179.999981098792432 
179.999981070789090 
179.999981043391472 
179.999981016778520 
179.999980989381470 
179.999980961798428 
179.999980934238010 
179.999980906197834 
179.999980878701649 
179.999980852681574 
179.999980825791340 
179.999980799210789 
179.999980771009177 
179.999980744273557 
179.999980716789082 
179.999980689768222 
179.999980662967005 
179.999980636721261 
179.999980611458454 
179.999980586162678 
179.999980558871812 
179.999980532684049 
179.999980506759016 
179.999980481239504 
179.999980457454058 
179.999980431128165 
179.999980404171538 
179.999980377966494 
179.999980350495889 
179.999980326203058 
179.999980299488698 
179.999980274276595 
179.999980248998895 
179.999980223154012 
179.999980197776495 
179.999980171210268 
179.999980146382768 
179.999980120742975 
179.999980095520868 
179.999980070368792 
179.999980045047437 
179.999980019462669 
179.999979993887905 
179.999979969933406 
179.999979944953679 
179.999979920867531 
179.999979895649517 
179.999979871406822 
179.999979846298402 
179.999979821440434 
179.999979796146363 
179.999979771917197 
179.999979747125735 
179.999979723648835 
179.999979698518132 
179.999979673942789 
179.999979649693273 
179.999979625052219 
179.999979601808150 
179.999979576794999 
179.999979552485456 
179.999979527407049 
179.999979503228587 
179.999979479222247 
179.999979454490017 
179.999979428943561 
179.999979404232477 
179.999979380286049 
179.999979355223331 
179.999979331868758 
179.999979308624688 
179.999979286043981 
179.999979261102567 
179.999979238088258 
179.999979212998142 
179.999979189050009 
179.999979164330057 
179.999979141309495 
179.999979117589533 
179.999979093723823 
179.999979069567075 
179.999979046677709 
179.999979023240599 
179.999978999592031 
179.999978975912882 
179.999978952281253 
179.999978927828920 
179.999978905115199 
179.999978880968229 
179.999978857462679 
179.999978833629143 
179.999978810644507 
179.999978786912152 
179.999978763586000 
179.999978739263838 
179.999978716916416 
179.999978694991341 
179.999978671555027 
179.999978648787192 
179.999978625596214 
179.999978602550073 
179.999978579747903 
179.999978557420945 
179.999978535324885 
179.999978511827749 
179.999978488313104 
179.999978466418952 
179.999978443780378 
179.999978420735943 
179.999978397946279 
179.999978375900014 
179.999978353314418 
179.999978330697559 
179.999978308526806 
179.999978284892677 
179.999978264770448 
179.999978243151190 
179.999978220333901 
179.999978198532517 
179.999978175663045 
179.999978154070618 
179.999978131553007 
179.999978109380550 
179.999978086354304 
179.999978064839866 
179.999978043036663 
179.999978021548827 
179.999977998586701 
179.999977977627395 
179.999977956696284 
179.999977935158427 
179.999977914452757 
179.999977893494702 
179.999977874376668 
179.999977851872700 
179.999977829062118 
179.999977808122480 
179.999977788157025 
179.999977765765493 
179.999977745229444 
179.999977725529448 
179.999977705533979 
179.999977684168471 
179.999977662703941 
179.999977641432793 
179.999977619404717 
179.999977598240207 
179.999977578409812 
179.999977560466618 
179.999977539923975 
179.999977522058998 
179.999977501853891 
179.999977481713131 
179.999977461669232 
179.999977443076773 
179.999977423256041 
179.999977403963840 
179.999977385575903 
179.999977366833150 
179.999977347034473 
179.999977326366661 
179.999977307329573 
179.999977287836600 
179.999977267464374 
179.999977249241056 
179.999977230887453 
179.999977212794647 
179.999977193703899 
179.999977176647008 
179.999977157786816 
179.999977139769157 
179.999977122830501 
179.999977103937908 
179.999977085713567 
179.999977068677708 
179.999977050468146 
179.999977032192646 
179.999977013054490 
179.999976996885835 
179.999976979743224 
179.999976961232505 
179.999976944984837 
179.999976926339400 
179.999976910173928 
179.999976893921485 
179.999976877626523 
179.999976860240167 
179.999976843124728 
179.999976825123213 
179.999976808552788 
179.999976792267262 
179.999976774995730 
179.999976758540924 
179.999976742825538 
179.999976725325155 
179.999976708844201 
179.999976692615974 
179.999976675516109 
179.999976659935328 
179.999976643249965 
179.999976627417936 
179.999976611301690 
179.999976594922941 
179.999976580451857 
179.999976564847543 
179.999976547871483 
179.999976532200435 
179.999976517808022 
179.999976502359004 
179.999976486654077 
179.999976470763272 
179.999976454399075 
179.999976436853331 
179.999976421432507 
179.999976405621737 
179.999976390099619 
179.999976374827497 
179.999976359071866 
179.999976343835669 
179.999976328092089 
179.999976312492208 
179.999976297953140 
179.999976282560283 
179.999976268162072 
179.999976254715421 
179.999976238855425 
179.999976223722570 
179.999976209961687 
179.999976194529040 
179.999976179667442 
179.999976164639634 
179.999976150712882 
179.999976136087184 
179.999976121959094 
179.999976108787450 
179.999976094490648 
179.999976080486476 
179.999976065772216 
179.999976052369902 
179.999976038912337 
179.999976023920453 
179.999976011237777 
179.999975997904585 
179.999975983701574 
179.999975969911020 
179.999975957876472 
179.999975944841594 
179.999975930271489 
179.999975915676600 
179.999975900501454 
179.999975886703396 
179.999975872725031 
179.999975860577933 
179.999975846633902 
179.999975834095721 
179.999975822252622 
179.999975809341208 
179.999975796121589 
179.999975782894353 
179.999975771122763 
179.999975758493065 
179.999975746821065 
179.999975733013798 
179.999975719614440 
179.999975706230543 
179.999975695904709 
179.999975685138338 
179.999975672459527 
179.999975659488882 
179.999975646889311 
179.999975635423766 
179.999975623296109 
179.999975612140361 
179.999975600527137 
179.999975589544420 
179.999975578336944 
179.999975567201659 
179.999975556597292 
179.999975546087398 
179.999975534936539 
179.999975522745217 
179.999975511568891 
179.999975501491008 
179.999975490108454 
179.999975477742851 
179.999975466979663 
179.999975454534820 
179.999975443842686 
179.999975433398731 
179.999975422209673 
179.999975411403966 
179.999975400518565 
179.999975390120539 
179.999975380437263 
179.999975370391553 
179.999975360862891 
179.999975350698946 
179.999975340681203 
179.999975329308540 
179.999975318464067 
179.999975308745775 
179.999975297865262 
179.999975288484393 
179.999975276743612 
179.999975268304297 
179.999975260409315 
179.999975251177261 
179.999975242366986 
179.999975234217231 
179.999975224897639 
179.999975215437644 
179.999975204978114 
179.999975195787897 
179.999975185969333 
179.999975177036731 
179.999975167358343 
179.999975157884251 
179.999975150129444 
179.999975141982304 
179.999975132633153 
179.999975123370405 
179.999975114527274 
179.999975105808858 
179.999975096520188 
179.999975088975702 
179.999975081309799 
179.999975072008965 
179.999975063588408 
179.999975055045752 
179.999975047946805 
179.999975040938921 
179.999975031237000 
179.999975022816898 
179.999975015157588 
179.999975007129137 
179.999975000377503 
179.999974992519128 
179.999974985254880 
179.999974978274849 
179.999974971659185 
179.999974962646888 
179.999974955037260 
179.999974947492888 
179.999974940307425 
179.999974934283955 
179.999974926280174 
179.999974918779344 
179.999974911704612 
179.999974904159444 
179.999974896282765 
179.999974888905626 
179.999974881128992 
179.999974874409190 
179.999974868224399 
179.999974860299062 
179.999974853378831 
179.999974847010549 
179.999974840285631 
179.999974833681335 
179.999974825980303 
179.999974820327225 
179.999974814581151 
179.999974809065634 
179.999974802239876 
179.999974795787580 
179.999974787844963 
179.999974782147717 
179.999974775219584 
179.999974769320033 
179.999974763096475 
179.999974757530026 
179.999974752096875 
179.999974745341831 
179.999974738087076 
179.999974731405587 
179.999974725235575 
179.999974718239457 
179.999974711065477 
179.999974705476120 
179.999974699101926 
179.999974693698505 
179.999974687081021 
179.999974681019239 
179.999974673512099 
179.999974668278298 
179.999974662856232 
179.999974656354766 
179.999974650331865 
179.999974644474321 
179.999974638357855 
179.999974632816702 
179.999974627584038 
179.999974621076035 
179.999974614087876 
179.999974608078389 
179.999974603240105 
179.999974598243398 
179.999974593467982 
179.999974588237535 
179.999974582357652 
179.999974576965201 
179.999974572081044 
179.999974566548474 
179.999974561582746 
179.999974556562222 
179.999974550745833 
179.999974545342752 
179.999974540539995 
179.999974536494562 
179.999974531821408 
179.999974526434926 
179.999974520918556 
179.999974514691928 
179.999974509694027 
179.999974504597049 
179.999974499935490 
179.999974494340904 
179.999974490553768 
179.999974485762380 
179.999974480984690 
179.999974475623617 
179.999974470718996 
179.999974466144067 
179.999974460452449 
179.999974454574271 
179.999974449941305 
179.999974445500527 
179.999974440863127 
179.999974435577371 
179.999974431434509 
179.999974425467030 
179.999974420950139 
179.999974416216787 
179.999974411322796 
179.999974406868262 
179.999974402120586 
179.999974397500637 
179.999974391840681 
179.999974388116357 
179.999974382415076 
179.999974378814386 
179.999974373423015 
179.999974368792493 
179.999974362833427 
179.999974358877353 
179.999974354402354 
179.999974349046965 
179.999974344721579 
179.999974339992718 
179.999974333959472 
179.999974328847827 
179.999974323397339 
179.999974319824958 
179.999974314380609 
179.999974309836375 
179.999974305469266 
179.999974301524503 
179.999974296144728 
179.999974291968329 
179.999974288192732 
179.999974283857739 
179.999974280593619 
179.999974276397438 
179.999974271181372 
179.999974267060168 
179.999974261597231 
179.999974257063968 
179.999974252906611 
179.999974247751936 
179.999974243535405 
179.999974239609912 
179.999974234741330 
179.999974230688338 
179.999974226566337 
179.999974221278137 
179.999974216982025 
179.999974211301435 
179.999974206989293 
179.999974201722807 
179.999974198489099 
179.999974192714092 
179.999974187791338 
179.999974182780250 
179.999974178103912 
179.999974174164890 
179.999974170151972 
179.999974166698735 
179.999974161697821 
179.999974157374709 
179.999974153567507 
179.999974149028617 
179.999974144683392 
179.999974139016729 
179.999974133801061 
179.999974129816906 
179.999974124806442 
179.999974120884758 
179.999974117270312 
179.999974114095551 
179.999974109107711 
179.999974105488718 
179.999974101556290 
179.999974095823177 
179.999974092587365 
179.999974087893861 
179.999974084645658 
179.999974080201582 
179.999974075178329 
179.999974070649273 
179.999974065604363 
179.999974060440309 
179.999974055696271 
179.999974049981631 
179.999974045608781 
179.999974041242751 
179.999974036587503 
179.999974031514228 
179.999974026437030 
179.999974022534275 
179.999974018841158 
179.999974013749920 
179.999974010113306 
179.999974005905756 
179.999973999569534 
179.999973994762001 
179.999973988933675 
179.999973983112625 
179.999973979221465 
179.999973973888700 
179.999973968346353 
179.999973963352545 
179.999973958309909 
179.999973952900802 
179.999973948766126 
179.999973944699377 
179.999973940196298 
179.999973935055039 
179.999973929389114 
179.999973924640813 
179.999973920239711 
179.999973916623560 
179.999973911154768 
179.999973904667343 
179.999973900735426 
179.999973896119911 
179.999973891453465 
179.999973887369265 
179.999973883783014 
179.999973879282265 
179.999973873733211 
179.999973868827396 
179.999973862046090 
179.999973857986618 
179.999973853772644 
179.999973847100307 
179.999973842841484 
179.999973836929996 
179.999973831212685 
179.999973826818632 
179.999973820860987 
179.999973813789779 
179.999973808368111 
179.999973802573265 
179.999973797700477 
179.999973793300114 
179.999973787744239 
179.999973783495761 
179.999973778015317 
179.999973772760939 
179.999973766859114 
179.999973762871377 
179.999973756344843 
179.999973751347511 
179.999973747138597 
179.999973741604947 
179.999973737703954 
179.999973731976809 
179.999973726945370 
179.999973720579248 
179.999973715489659 
179.999973711029099 
179.999973705296497 
179.999973700262160 
179.999973696249754 
179.999973690138120 
179.999973683252676 
179.999973677059074 
179.999973672124668 
179.999973665365303 
179.999973659903560 
179.999973654429596 
179.999973648425112 
179.999973643312501 
179.999973639646555 
179.999973633707441 
179.999973629036276 
179.999973623573624 
179.999973618439014 
179.999973611969494 
179.999973606528783 
179.999973601861996 
179.999973597304404 
179.999973592032291 
179.999973586722660 
179.999973581389838 
179.999973576231696 
179.999973572525107 
179.999973567801590 
179.999973563314825 
179.999973556154885 
179.999973551000949 
179.999973544812917 
179.999973538233974 
179.999973532478975 
179.999973527880286 
179.999973522313553 
179.999973516552245 
179.999973511377902 
179.999973506202878 
179.999973500840838 
179.999973496688199 
179.999973489589081 
179.999973482512530 
179.999973477123433 
179.999973470711723 
179.999973464752429 
179.999973460440629 
179.999973455329496 
179.999973449131119 
179.999973443796023 
179.999973437507549 
179.999973431380226 
179.999973425481699 
179.999973420245396 
179.999973414467604 
179.999973409201800 
179.999973403837032 
179.999973397306860 
179.999973391983872 
179.999973386780596 
179.999973381463235 
179.999973377412971 
179.999973372216004 
179.999973367774942 
179.999973362569960 
179.999973355676502 
179.999973349064362 
179.999973341713371 
179.999973335809614 
179.999973329116926 
179.999973322639335 
179.999973317767285 
179.999973312461123 
179.999973305380820 
179.999973299058695 
179.999973292367088 
179.999973285795875 
179.999973278457787 
179.999973271926478 
179.999973266092127 
179.999973261383161 
179.999973254975430 
179.999973248109939 
179.999973243652448 
179.999973237275185 
179.999973230725175 
179.999973224456085 
179.999973218140667 
179.999973211079691 
179.999973205272227 
179.999973200358056 
179.999973193383028 
179.999973186418856 
179.999973179972244 
179.999973173813828 
179.999973167529049 
179.999973160924924 
179.999973154383326 
179.999973147097876 
179.999973140857037 
179.999973133245760 
179.999973126104919 
179.999973117731201 
179.999973111527538 
179.999973105608774 
179.999973099425290 
179.999973091942650 
179.999973084876785 
179.999973078367304 
179.999973071428201 
179.999973063202731 
179.999973056836438 
179.999973050033475 
179.999973042257352 
179.999973035683411 
179.999973027343913 
179.999973020730124 
179.999973013301599 
179.999973006461460 
179.999972998220471 
179.999972991535174 
179.999972985650402 
179.999972976817332 
179.999972970034833 
179.999972962939353 
179.999972955757869 
179.999972949961887 
179.999972942077022 
179.999972933357014 
179.999972926508349 
179.999972919068341 
179.999972912881560 
179.999972905598042 
179.999972897566977 
179.999972890887705 
179.999972884880606 
179.999972877279959 
179.999972870225747 
179.999972863534481 
179.999972855679573 
179.999972849347785 
179.999972840650798 
179.999972833983009 
179.999972825983718 
179.999972819010338 
179.999972810031466 
179.999972803320418 
179.999972796439693 
179.999972788248726 
179.999972781295583 
179.999972774163950 
179.999972765518578 
179.999972758018998 
179.999972750750771 
179.999972743741637 
179.999972735282768 
179.999972728317402 
179.999972720759047 
179.999972713416639 
179.999972706856965 
179.999972700124545 
179.999972692563290 
179.999972684821671 
179.999972676964887 
179.999972668997771 
179.999972660687433 
179.999972651848168 
179.999972643789192 
179.999972637116855 
179.999972629144679 
179.999972621413349 
179.999972613150021 
179.999972604055984 
179.999972596082159 
179.999972587560933 
179.999972580247686 
179.999972570062084 
179.999972563088079 
179.999972554818271 
179.999972546993547 
179.999972537530994 
179.999972529063825 
179.999972520703921 
179.999972510704538 
179.999972501148022 
179.999972493274527 
179.999972485607771 
179.999972476772371 
179.999972468546332 
179.999972461044990 
179.999972449916982 
179.999972441255011 
179.999972432412847 
179.999972423333588 
179.999972414127626 
179.999972405450137 
179.999972396455632 
179.999972388551214 
179.999972380203928 
179.999972372491300 
179.999972364267080 
179.999972357527270 
179.999972348539757 
179.999972338289751 
179.999972329797345 
179.999972320025961 
179.999972310635826 
179.999972301228922 
179.999972291304459 
179.999972282577460 
179.999972275075379 
179.999972265495273 
179.999972257093759 
179.999972246779976 
179.999972238777218 
179.999972227272679 
179.999972217223615 
179.999972206749135 
179.999972198901162 
179.999972189612834 
179.999972178986013 
179.999972168509714 
179.999972158744242 
179.999972150886435 
179.999972141019327 
179.999972130308606 
179.999972121666929 
179.999972112223702 
179.999972102382003 
179.999972092266887 
179.999972082090835 
179.999972070525700 
179.999972061482026 
179.999972052859732 
179.999972042157538 
179.999972031853304 
179.999972020619623 
179.999972010797251 
179.999971998933461 
179.999971989868470 
179.999971979686620 
179.999971968127454 
179.999971957518937 
179.999971947882614 
179.999971938201327 
179.999971927897320 
179.999971917076266 
179.999971907376676 
179.999971898038552 
179.999971887532979 
179.999971876580958 
179.999971865554414 
179.999971856722141 
179.999971847238896 
179.999971838053398 
179.999971826879516 
179.999971816809762 
179.999971807125007 
179.999971797125397 
179.999971788393623 
179.999971776628229 
179.999971766708086 
179.999971755786135 
179.999971745001289 
179.999971734196833 
179.999971723567910 
179.999971712920512 
179.999971699931393 
179.999971689441509 
179.999971679910573 
179.999971669568254 
179.999971658815070 
179.999971647657901 
179.999971636465887 
179.999971625913588 
179.999971615425068 
179.999971605075473 
179.999971593868679 
179.999971583063825 
179.999971571868400 
179.999971562183021 
179.999971550040300 
179.999971539114767 
179.999971526592276 
179.999971515821130 
179.999971504294194 
179.999971493714611 
179.999971482515548 
179.999971470625837 
179.999971457852439 
179.999971446804125 
179.999971435572206 
179.999971422877081 
179.999971412368154 
179.999971400514596 
179.999971390348378 
179.999971379765043 
179.999971368034494 
179.999971357180016 
179.999971344114442 
179.999971332646624 
179.999971322035037 
179.999971310960518 
179.999971298563878 
179.999971288806819 
179.999971276995097 
179.999971264740566 
179.999971254287573 
179.999971243657683 
179.999971232573273 
179.999971220426119 
179.999971209540092 
179.999971197454556 
179.999971186356504 
179.999971175451378 
179.999971163398641 
179.999971153707975 
179.999971140948048 
179.999971129223468 
179.999971116426309 
179.999971104320252 
179.999971092282522 
179.999971080517184 
179.999971069201194 
179.999971058411461 
179.999971046246003 
179.999971036351553 
179.999971023964804 
179.999971012060598 
179.999971001297695 
179.999970990975328 
179.999970979164686 
179.999970966408000 
179.999970955267088 
179.999970943861513 
179.999970932011763 
179.999970919074372 
179.999970905916143 
179.999970893217551 
179.999970880311537 
179.999970867786601 
179.999970854963749 
179.999970842868038 
179.999970830180303 
179.999970817051462 
179.999970804885493 
179.999970793672446 
179.999970781926663 
179.999970770100333 
179.999970757090580 
179.999970744563484 
179.999970733112718 
179.999970720638601 
179.999970708172498 
179.999970696420291 
179.999970683121774 
179.999970670167272 
179.999970658221059 
179.999970645346139 
179.999970632653913 
179.999970619736700 
179.999970608505066 
179.999970594619867 
179.999970581972320 
179.999970569592733 
179.999970556951666 
179.999970544080270 
179.999970532639054 
179.999970520374404 
179.999970506776322 
179.999970494724209 
179.999970482824324 
179.999970471016013 
179.999970459477595 
179.999970447153316 
179.999970435030946 
179.999970423477407 
179.999970412695802 
179.999970400358734 
179.999970387542817 
179.999970376587385 
179.999970364232354 
179.999970351350555 
179.999970340354366 
179.999970327943174 
179.999970316407484 
179.999970304232647 
179.999970291916384 
179.999970279119339 
179.999970267062167 
179.999970253921617 
179.999970241235133 
179.999970228709003 
179.999970216658141 
179.999970205097611 
179.999970194030084 
179.999970181803121 
179.999970169600203 
179.999970157383075 
179.999970145938164 
179.999970135370802 
179.999970124095341 
179.999970113096083 
179.999970102599150 
179.999970090473710 
179.999970077987427 
179.999970066110563 
179.999970053630591 
179.999970042616269 
179.999970030561940 
179.999970017820090 
179.999970005511955 
179.999969993398338 
179.999969982039374 
179.999969968745233 
179.999969956150267 
179.999969942707139 
179.999969928844791 
179.999969915827194 
179.999969902440057 
179.999969890057173 
179.999969877736817 
179.999969864994000 
179.999969852188656 
179.999969840520976 
179.999969827258951 
179.999969814915175 
179.999969802500232 
179.999969790377804 
179.999969778707509 
179.999969766488562 
179.999969755702011 
179.999969745221790 
179.999969733748117 
179.999969722013702 
179.999969710298444 
179.999969697851384 
179.999969685655628 
179.999969672464033 
179.999969661009573 
179.999969649059381 
179.999969636618005 
179.999969625327594 
179.999969612226209 
179.999969598050598 
179.999969584012774 
179.999969571861413 
179.999969558990756 
179.999969547664591 
179.999969536270669 
179.999969524087987 
179.999969512203961 
179.999969500217958 
179.999969488646457 
179.999969475643866 
179.999969462358877 
179.999969448969921 
179.999969435965511 
179.999969422498111 
179.999969410413598 
179.999969400050873 
179.999969387895931 
179.999969375448472 
179.999969364388278 
179.999969353110657 
179.999969341613678 
179.999969329828616 
179.999969317806062 
179.999969305661921 
179.999969292550759 
179.999969280030882 
179.999969267584675 
179.999969255332303 
179.999969243130522 
179.999969230297097 
179.999969218957403 
179.999969206546098 
179.999969194187884 
179.999969181991162 
179.999969168940538 
179.999969155776341 
179.999969143099975 
179.999969130954128 
179.999969118625472 
179.999969106260494 
179.999969094163873 
179.999969081088921 
179.999969070294696 
179.999969058102010 
179.999969044848058 
179.999969033805314 
179.999969020951653 
179.999969008298535 
179.999968996024677 
179.999968984799580 
179.999968973241948 
179.999968960630667 
179.999968949893059 
179.999968936126493 
179.999968924225414 
179.999968911992255 
179.999968898692487 
179.999968885709222 
179.999968872660929 
179.999968861685488 
179.999968849394463 
179.999968837416304 
179.999968824707935 
179.999968811815961 
179.999968798384430 
179.999968786094996 
179.999968773693922 
179.999968761485093 
179.999968748630181 
179.999968737780478 
179.999968724765722 
179.999968711777797 
179.999968698770999 
179.999968686031934 
179.999968672234786 
179.999968659299270 
179.999968646201637 
179.999968632673358 
179.999968619703623 
179.999968608162021 
179.999968593959579 
179.999968579644587 
179.999968566694179 
179.999968553135886 
179.999968540380564 
179.999968528586578 
179.999968517503930 
179.999968505651395 
179.999968494429254 
179.999968482684267 
179.999968468403040 
179.999968454814962 
179.999968442415707 
179.999968429835349 
179.999968416866636 
179.999968402946138 
179.999968389925471 
179.999968377919004 
179.999968365540099 
179.999968353143572 
179.999968339135421 
179.999968325807686 
179.999968313273371 
179.999968299415173 
179.999968286574131 
179.999968272911929 
179.999968257210526 
179.999968243697253 
179.999968230507761 
179.999968217082255 
179.999968203424032 
179.999968192180859 
179.999968180289557 
179.999968167526617 
179.999968152996303 
179.999968140209717 
179.999968127062971 
179.999968114923149 
179.999968099602938 
179.999968086614217 
179.999968072825709 
179.999968058809372 
179.999968046436493 
179.999968034474591 
179.999968020373217 
179.999968007115399 
179.999967993104292 
179.999967980534848 
179.999967967111274 
179.999967952493648 
179.999967938315081 
179.999967924152998 
179.999967911639487 
179.999967898511272 
179.999967884934335 
179.999967871672084 
179.999967857979527 
179.999967843625200 
179.999967829890920 
179.999967816548747 
179.999967802356650 
179.999967787534274 
179.999967772392665 
179.999967758301182 
179.999967745044046 
179.999967730874232 
179.999967717580034 
179.999967701644891 
179.999967688497463 
179.999967674733966 
179.999967659905110 
179.999967645790662 
179.999967631643017 
179.999967617483776 
179.999967604848621 
179.999967591337850 
179.999967579375380 
179.999967564700796 
179.999967549828057 
179.999967535542964 
179.999967521644294 
179.999967507504266 
179.999967492576957 
179.999967480114265 
179.999967465827581 
179.999967451319321 
179.999967438451108 
179.999967426169746 
179.999967413056652 
179.999967399346019 
179.999967385558534 
179.999967372202718 
179.999967357243577 
179.999967343024309 
179.999967329316974 
179.999967313923776 
179.999967299870491 
179.999967287530808 
179.999967273369862 
179.999967260520634 
179.999967245539210 
