1.000000000000000 
0.002161183128232 
0.002117452172216 
0.002115230822471 
0.002114096068816 
0.002113135651756 
0.002112154500553 
0.002111075438176 
0.002109851409740 
0.002108443618302 
0.002106814235505 
0.002104923403566 
0.002102727797223 
0.002100179891637 
0.002097227654717 
0.002093814587014 
0.002089880115150 
0.002085360379458 
0.002080189467140 
0.002074301136239 
0.002067631055160 
0.002060119547765 
0.002051714785879 
0.002042376311577 
0.002032078705187 
0.002020815148793 
0.002008600579402 
0.001995474093199 
0.001981500265037 
0.001966769095444 
0.001951394394968 
0.001935510558205 
0.001919267852647 
0.001902826525791 
0.001886350185351 
0.001869998997932 
0.001853923257402 
0.001838257794790 
0.001823117564876 
0.001808594596113 
0.001794756367440 
0.001781645587587 
0.001769281284627 
0.001757661046219 
0.001746764177674 
0.001736555476037 
0.001726989273077 
0.001718013396103 
0.001709572739229 
0.001701612221286 
0.001694079011365 
0.001686924006907 
0.001680102634697 
0.001673575101709 
0.001667306248915 
0.001661265160568 
0.001655424661858 
0.001649760807450 
0.001644252429790 
0.001638880784501 
0.001633629302946 
0.001628483439292 
0.001623430580782 
0.001618459976426 
0.001613562635009 
0.001608731152887 
0.001603959457012 
0.001599242482215 
0.001594575830301 
0.001589955468521 
0.001585377512646 
0.001580838113175 
0.001576333435684 
0.001571859708480 
0.001567413305624 
0.001562990837895 
0.001558589233174 
0.001554205796538 
0.001549838247077 
0.001545484732340 
0.001541143823200 
0.001536814492499 
0.001532496080909 
0.001528188253521 
0.001523890950895 
0.001519604338635 
0.001515328759814 
0.001511064694499 
0.001506812730180 
0.001502573546119 
0.001498347913675 
0.001494136713968 
0.001489940973751 
0.001485761920130 
0.001481601053622 
0.001477460235592 
0.001473341778410 
0.001469248514370 
0.001465183806107 
0.001461151456102 
0.001457155487739 
0.001453199809894 
0.001449287828217 
0.001445422100170 
0.001441604122900 
0.001437834294531 
0.001434112028594 
0.001430435959858 
0.001426804172030 
0.001423214396236 
0.001419664157375 
0.001416150869398 
0.001412671894418 
0.001409224584769 
0.001405806324959 
0.001402414585337 
0.001399046993366 
0.001395701422604 
0.001392376093949 
0.001389069678563 
0.001385781387585 
0.001382511031633 
0.001379259034502 
0.001376026391427 
0.001372814572011 
0.001369625379005 
0.001366460783008 
0.001363322756774 
0.001360213130439 
0.001357133481911 
0.001354085067899 
0.001351068793309 
0.001348085211717 
0.001345134547632 
0.001342216731573 
0.001339331440730 
0.001336478140086 
0.001333656120930 
0.001330864535261 
0.001328102425708 
0.001325368751262 
0.001322662409504 
0.001319982256104 
0.001317327122418 
0.001314695831843 
0.001312087215469 
0.001309500127308 
0.001306933459160 
0.001304386154877 
0.001301857223536 
0.001299345750822 
0.001296850907790 
0.001294371956266 
0.001291908250281 
0.001289459233394 
0.001287024432168 
0.001284603446608 
0.001282195938757 
0.001279801620859 
0.001277420244483 
0.001275051591750 
0.001272695469371 
0.001270351705665 
0.001268020150191 
0.001265700675173 
0.001263393177586 
0.001261097580642 
0.001258813833513 
0.001256541908401 
0.001254281794482 
0.001252033488760 
0.001249796984275 
0.001247572256489 
0.001245359248811 
0.001243157858189 
0.001240967921515 
0.001238789203318 
0.001236621384882 
0.001234464054705 
0.001232316700037 
0.001230178699233 
0.001228049314841 
0.001225927687784 
0.001223812833777 
0.001221703644497 
0.001219598898069 
0.001217497286564 
0.001215397472202 
0.001213298188108 
0.001211198400924 
0.001209097545770 
0.001206995820746 
0.001204894484092 
0.001202796044688 
0.001200704215377 
0.001198623555521 
0.001196558862926 
0.001194514504175 
0.001192493896879 
0.001190499263302 
0.001188531643732 
0.001186591076233 
0.001184676839206 
0.001182787685086 
0.001180922031803 
0.001179078105302 
0.001177254039344 
0.001175447942477 
0.001173657941380 
0.001171882207644 
0.001170118973011 
0.001168366536466 
0.001166623265500 
0.001164887593130 
0.001163158011800 
0.001161433064980 
0.001159711337068 
0.001157991442026 
0.001156272011065 
0.001154551679578 
0.001152829073450 
0.001151102794792 
0.001149371407135 
0.001147633420129 
0.001145887273909 
0.001144131323512 
0.001142363824229 
0.001140582919597 
0.001138786635183 
0.001136972883599 
0.001135139489577 
0.001133284248620 
0.001131405037934 
0.001129500002098 
0.001127567832920 
0.001125608145075 
0.001123621907579 
0.001121611827689 
0.001119582525106 
0.001117540334648 
0.001115492679650 
0.001113447139133 
0.001111410478263 
0.001109387917386 
0.001107382782825 
0.001105396515383 
0.001103428909500 
0.001101478441697 
0.001099542587116 
0.001097618074246 
0.001095701066200 
0.001093787277640 
0.001091872044515 
0.001089950365671 
0.001088016935876 
0.001086066191702 
0.001084092396261 
0.001082089795800 
0.001080052888341 
0.001077976846130 
0.001075858118764 
0.001073695198659 
0.001071489447438 
0.001069245779647 
0.001066972939518 
0.001064683167132 
0.001062391253524 
0.001060113226745 
0.001057865021747 
0.001055661394355 
0.001053515150861 
0.001051436645457 
0.001049433499860 
0.001047510545430 
0.001045669992486 
0.001043911788663 
0.001042234085013 
0.001040633719779 
0.001039106652831 
0.001037648317829 
0.001036253887106 
0.001034918460133 
0.001033637192067 
0.001032405378360 
0.001031218508441 
0.001030072298015 
0.001028962706652 
0.001027885945160 
0.001026838475826 
0.001025817007615 
0.001024818487885 
0.001023840091778 
0.001022879210242 
0.001021933437480 
0.001021000558517 
0.001020078537514 
0.001019165507347 
0.001018259760924 
0.001017359744584 
0.001016464053828 
0.001015571431449 
0.001014680767924 
0.001013791103725 
0.001012901632888 
0.001012011706968 
0.001011120838274 
0.001010228701151 
0.001009335130155 
0.001008440114120 
0.001007543785561 
0.001006646405350 
0.001005748343162 
0.001004850054752 
0.001003952057457 
0.001003054905492 
0.001002159166560 
0.001001265401032 
0.001000374144562 
0.000999485894611 
0.000998601100940 
0.000997720159838 
0.000996843411622 
0.000995971140871 
0.000995103578788 
0.000994240907141 
0.000993383263301 
0.000992530745941 
0.000991683421078 
0.000990841328168 
0.000990004486047 
0.000989172898531 
0.000988346559544 
0.000987525457633 
0.000986709579802 
0.000985898914566 
0.000985093454207 
0.000984293196215 
0.000983498143931 
0.000982708306465 
0.000981923697982 
0.000981144336468 
0.000980370242135 
0.000979601435590 
0.000978837935932 
0.000978079758887 
0.000977326915107 
0.000976579408701 
0.000975837236052 
0.000975100384948 
0.000974368834030 
0.000973642552526 
0.000972921500262 
0.000972205627889 
0.000971494877290 
0.000970789182135 
0.000970088468518 
0.000969392655666 
0.000968701656666 
0.000968015379205 
0.000967333726280 
0.000966656596884 
0.000965983886644 
0.000965315488401 
0.000964651292748 
0.000963991188490 
0.000963335063061 
0.000962682802874 
0.000962034293619 
0.000961389420504 
0.000960748068446 
0.000960110122217 
0.000959475466539 
0.000958843986141 
0.000958215565773 
0.000957590090180 
0.000956967444045 
0.000956347511889 
0.000955730177940 
0.000955115325969 
0.000954502839082 
0.000953892599486 
0.000953284488209 
0.000952678384784 
0.000952074166885 
0.000951471709915 
0.000950870886546 
0.000950271566189 
0.000949673614404 
0.000949076892224 
0.000948481255399 
0.000947886553524 
0.000947292629054 
0.000946699316182 
0.000946106439540 
0.000945513812720 
0.000944921236567 
0.000944328497205 
0.000943735363764 
0.000943141585748 
0.000942546889995 
0.000941950977176 
0.000941353517779 
0.000940754147547 
0.000940152462363 
0.000939548012658 
0.000938940297520 
0.000938328758922 
0.000937712776835 
0.000937091666565 
0.000936464680586 
0.000935831018426 
0.000935189849933 
0.000934540359240 
0.000933881818190 
0.000933213697293 
0.000932535816458 
0.000931848523806 
0.000931152868274 
0.000930450707852 
0.000929744687482 
0.000929038047654 
0.000928334286041 
0.000927636759028 
0.000926948334687 
0.000926271177907 
0.000925606687106 
0.000924955549984 
0.000924317864652 
0.000923693278523 
0.000923081115122 
0.000922480476041 
0.000921890316469 
0.000921309498075 
0.000920736824539 
0.000920171064715 
0.000919610967514 
0.000919055271812 
0.000918502714258 
0.000917952037876 
0.000917402004779 
0.000916851417092 
0.000916299151018 
0.000915744209349 
0.000915185796704 
0.000914623417730 
0.000914056990342 
0.000913486953606 
0.000912914337247 
0.000912340755061 
0.000911768296962 
0.000911199325393 
0.000910636218572 
0.000910081124474 
0.000909535782281 
0.000909001438266 
0.000908478849537 
0.000907968347910 
0.000907469931688 
0.000906983359943 
0.000906508234506 
0.000906044063912 
0.000905590309433 
0.000905146416054 
0.000904711832073 
0.000904286020695 
0.000903868466335 
0.000903458677593 
0.000903056188256 
0.000902660557201 
0.000902271367739 
0.000901888226712 
0.000901510763509 
0.000901138629102 
0.000900771495111 
0.000900409052918 
0.000900051012836 
0.000899697103293 
0.000899347070049 
0.000899000675429 
0.000898657697558 
0.000898317929612 
0.000897981179061 
0.000897647266934 
0.000897316027078 
0.000896987305435 
0.000896660959331 
0.000896336856781 
0.000896014875809 
0.000895694903796 
0.000895376836849 
0.000895060579193 
0.000894746042594 
0.000894433145806 
0.000894121814050 
0.000893811978522 
0.000893503575925 
0.000893196548033 
0.000892890841286 
0.000892586406406 
0.000892283198039 
0.000891981174434 
0.000891680297129 
0.000891380530670 
0.000891081842355 
0.000890784201987 
0.000890487581659 
0.000890191955544 
0.000889897299716 
0.000889603591975 
0.000889310811692 
0.000889018939665 
0.000888727957994 
0.000888437849957 
0.000888148599906 
0.000887860193164 
0.000887572615941 
0.000887285855252 
0.000886999898840 
0.000886714735113 
0.000886430353082 
0.000886146742305 
0.000885863892839 
0.000885581795196 
0.000885300440300 
0.000885019819451 
0.000884739924293 
0.000884460746783 
0.000884182279162 
0.000883904513935 
0.000883627443844 
0.000883351061852 
0.000883075361123 
0.000882800335003 
0.000882525977011 
0.000882252280823 
0.000881979240259 
0.000881706849271 
0.000881435101937 
0.000881163992452 
0.000880893515115 
0.000880623664326 
0.000880354434580 
0.000880085820459 
0.000879817816625 
0.000879550417821 
0.000879283618860 
0.000879017414626 
0.000878751800067 
0.000878486770195 
0.000878222320079 
0.000877958444845 
0.000877695139675 
0.000877432399800 
0.000877170220504 
0.000876908597114 
0.000876647525008 
0.000876386999607 
0.000876127016373 
0.000875867570813 
0.000875608658473 
0.000875350274939 
0.000875092415836 
0.000874835076825 
0.000874578253604 
0.000874321941909 
0.000874066137510 
0.000873810836209 
0.000873556033845 
0.000873301726289 
0.000873047909444 
0.000872794579245 
0.000872541731661 
0.000872289362687 
0.000872037468354 
0.000871786044719 
0.000871535087872 
0.000871284593928 
0.000871034559036 
0.000870784979370 
0.000870535851133 
0.000870287170557 
0.000870038933900 
0.000869791137448 
0.000869543777515 
0.000869296850439 
0.000869050352587 
0.000868804280350 
0.000868558630147 
0.000868313398421 
0.000868068581640 
0.000867824176299 
0.000867580178916 
0.000867336586035 
0.000867093394222 
0.000866850600070 
0.000866608200194 
0.000866366191233 
0.000866124569851 
0.000865883332732 
0.000865642476587 
