1.000000000000000 
0.002161183128234 
0.002117452172216 
0.002115230822472 
0.002114096068817 
0.002113135651757 
0.002112154500554 
0.002111075438176 
0.002109851409748 
0.002108443618315 
0.002106814235522 
0.002104923403588 
0.002102727797248 
0.002100179891664 
0.002097227654744 
0.002093814587039 
0.002089880115168 
0.002085360379464 
0.002080189467128 
0.002074301136201 
0.002067631055089 
0.002060119547651 
0.002051714785713 
0.002042376311350 
0.002032078704892 
0.002020815148425 
0.002008600578958 
0.001995474092680 
0.001981500264453 
0.001966769094806 
0.001951394394295 
0.001935510557523 
0.001919267851984 
0.001902826525179 
0.001886350184826 
0.001869998997529 
0.001853923256685 
0.001838257793798 
0.001823117563657 
0.001808594594721 
0.001794756365933 
0.001781645586022 
0.001769281283058 
0.001757661044692 
0.001746764176229 
0.001736555474706 
0.001726989271884 
0.001718013395064 
0.001709572738355 
0.001701612220583 
0.001694079010833 
0.001686924006546 
0.001680102634502 
0.001673575101675 
0.001667306249035 
0.001661265160834 
0.001655424662263 
0.001649760807985 
0.001644252430447 
0.001638880785273 
0.001633629303824 
0.001628483440270 
0.001623430581853 
0.001618459977584 
0.001613562636249 
0.001608731154206 
0.001603959458405 
0.001599242483678 
0.001594575831831 
0.001589955470115 
0.001585377514298 
0.001580838114880 
0.001576333437438 
0.001571859710278 
0.001567413307459 
0.001562990839763 
0.001558589235068 
0.001554205798454 
0.001549838249009 
0.001545484734284 
0.001541143825151 
0.001536814494452 
0.001532496082860 
0.001528188255467 
0.001523890952832 
0.001519604340562 
0.001515328761729 
0.001511064696400 
0.001506812732067 
0.001502573547992 
0.001498347915536 
0.001494136715819 
0.001489940975596 
0.001485761921972 
0.001481601055466 
0.001477460237443 
0.001473341780273 
0.001469248516251 
0.001465183808008 
0.001461151458026 
0.001457155489687 
0.001453199811865 
0.001449287830208 
0.001445422102177 
0.001441604124916 
0.001437834296549 
0.001434112030605 
0.001430435961853 
0.001426804174000 
0.001423214398170 
0.001419664159266 
0.001416150871237 
0.001412671896199 
0.001409224586486 
0.001405806326609 
0.001402414586917 
0.001399046994874 
0.001395701424038 
0.001392376095309 
0.001389069679848 
0.001385781388795 
0.001382511032767 
0.001379259035558 
0.001376026392405 
0.001372814572909 
0.001369625379822 
0.001366460783743 
0.001363322757426 
0.001360213131009 
0.001357133482399 
0.001354085068306 
0.001351068793637 
0.001348085211967 
0.001345134547806 
0.001342216731674 
0.001339331440759 
0.001336478140045 
0.001333656120821 
0.001330864535086 
0.001328102425467 
0.001325368750958 
0.001322662409137 
0.001319982255675 
0.001317327121927 
0.001314695831291 
0.001312087214856 
0.001309500126633 
0.001306933458424 
0.001304386154080 
0.001301857222679 
0.001299345749904 
0.001296850906813 
0.001294371955229 
0.001291908249186 
0.001289459232242 
0.001287024430959 
0.001284603445343 
0.001282195937439 
0.001279801619488 
0.001277420243060 
0.001275051590276 
0.001272695467848 
0.001270351704094 
0.001268020148573 
0.001265700673509 
0.001263393175877 
0.001261097578890 
0.001258813831719 
0.001256541906564 
0.001254281792606 
0.001252033486845 
0.001249796982321 
0.001247572254498 
0.001245359246785 
0.001243157856128 
0.001240967919421 
0.001238789201191 
0.001236621382724 
0.001234464052516 
0.001232316697819 
0.001230178696986 
0.001228049312567 
0.001225927685483 
0.001223812831451 
0.001221703642146 
0.001219598895695 
0.001217497284168 
0.001215397469785 
0.001213298185671 
0.001211198398467 
0.001209097543294 
0.001206995818249 
0.001204894481574 
0.001202796042146 
0.001200704212808 
0.001198623552920 
0.001196558860290 
0.001194514501501 
0.001192493894163 
0.001190499260543 
0.001188531640930 
0.001186591073386 
0.001184676836314 
0.001182787682151 
0.001180922028824 
0.001179078102280 
0.001177254036278 
0.001175447939369 
0.001173657938229 
0.001171882204450 
0.001170118969774 
0.001168366533185 
0.001166623262175 
0.001164887589761 
0.001163158008385 
0.001161433061519 
0.001159711333559 
0.001157991438468 
0.001156272007455 
0.001154551675916 
0.001152829069734 
0.001151102791022 
0.001149371403308 
0.001147633416245 
0.001145887269966 
0.001144131319510 
0.001142363820167 
0.001140582915476 
0.001138786631005 
0.001136972879364 
0.001135139485289 
0.001133284244281 
0.001131405033550 
0.001129499997672 
0.001127567828459 
0.001125608140584 
0.001123621903064 
0.001121611823156 
0.001119582520561 
0.001117540330096 
0.001115492675096 
0.001113447134584 
0.001111410473725 
0.001109387912867 
0.001107382778333 
0.001105396510928 
0.001103428905090 
0.001101478437341 
0.001099542582824 
0.001097618070028 
0.001095701062066 
0.001093787273599 
0.001091872040575 
0.001089950361842 
0.001088016932167 
0.001086066188122 
0.001084092392819 
0.001082089792503 
0.001080052885196 
0.001077976843145 
0.001075858115943 
0.001073695196007 
0.001071489444957 
0.001069245777339 
0.001066972937388 
0.001064683165188 
0.001062391251782 
0.001060113225233 
0.001057865020505 
0.001055661393435 
0.001053515150324 
0.001051436645367 
0.001049433500284 
0.001047510546427 
0.001045669994111 
0.001043911790964 
0.001042234088035 
0.001040633723561 
0.001039106657413 
0.001037648323250 
0.001036253893403 
0.001034918467348 
0.001033637200240 
0.001032405387535 
0.001031218518664 
0.001030072309335 
0.001028962719117 
0.001027885958823 
0.001026838490741 
0.001025817023837 
0.001024818505470 
0.001023840110784 
0.001022879230728 
0.001021933459501 
0.001021000582130 
0.001020078562774 
0.001019165534307 
0.001018259789632 
0.001017359775085 
0.001016464086163 
0.001015571465651 
0.001014680804021 
0.001013791141737 
0.001012901672827 
0.001012011748838 
0.001011120882068 
0.001010228746853 
0.001009335177740 
0.001008440163551 
0.001007543836793 
0.001006646458326 
0.001005748397818 
0.001004850111016 
0.001003952115246 
0.001003054964719 
0.001002159227131 
0.001001265462848 
0.001000374207519 
0.000999485958604 
0.000998601165863 
0.000997720225583 
0.000996843478082 
0.000995971207940 
0.000995103646363 
0.000994240975122 
0.000993383331590 
0.000992530814446 
0.000991683489710 
0.000990841396844 
0.000990004554686 
0.000989172967061 
0.000988346627895 
0.000987525525742 
0.000986709647610 
0.000985898982017 
0.000985093521252 
0.000984293262810 
0.000983498210033 
0.000982708372038 
0.000981923762991 
0.000981144400885 
0.000980370305932 
0.000979601498745 
0.000978837998423 
0.000978079820697 
0.000977326976221 
0.000976579469105 
0.000975837295735 
0.000975100443902 
0.000974368892247 
0.000973642610000 
0.000972921556989 
0.000972205683866 
0.000971494932515 
0.000970789236608 
0.000970088522239 
0.000969392708636 
0.000968701708888 
0.000968015430681 
0.000967333777013 
0.000966656646879 
0.000965983935904 
0.000965315536933 
0.000964651340556 
0.000963991235579 
0.000963335109438 
0.000962682848544 
0.000962034338589 
0.000961389464780 
0.000960748112035 
0.000960110165125 
0.000959475508773 
0.000958844027708 
0.000958215606679 
0.000957590130432 
0.000956967483650 
0.000956347550854 
0.000955730216272 
0.000955115363674 
0.000954502876166 
0.000953892635956 
0.000953284524071 
0.000952678420044 
0.000952074201548 
0.000951471743987 
0.000950870920033 
0.000950271599096 
0.000949673646736 
0.000949076923987 
0.000948481286595 
0.000947886584158 
0.000947292659130 
0.000946699345703 
0.000946106468509 
0.000945513841139 
0.000944921264437 
0.000944328524527 
0.000943735390539 
0.000943141611975 
0.000942546915673 
0.000941951002302 
0.000941353542350 
0.000940754171557 
0.000940152485807 
0.000939548035526 
0.000938940319802 
0.000938328780606 
0.000937712797906 
0.000937091687006 
0.000936464700378 
0.000935831037549 
0.000935189868366 
0.000934540376962 
0.000933881835188 
0.000933213713561 
0.000932535832006 
0.000931848538664 
0.000931152882502 
0.000930450721534 
0.000929744700731 
0.000929038060597 
0.000928334298806 
0.000927636771734 
0.000926948347431 
0.000926271190759 
0.000925606700113 
0.000924955563169 
0.000924317878019 
0.000923693292067 
0.000923081128829 
0.000922480489889 
0.000921890330434 
0.000921309512133 
0.000920736838664 
0.000920171078883 
0.000919610981701 
0.000919055285995 
0.000918502728416 
0.000917952051990 
0.000917402018831 
0.000916851431067 
0.000916299164899 
0.000915744223126 
0.000915185810363 
0.000914623431262 
0.000914057003736 
0.000913486966853 
0.000912914350339 
0.000912340767989 
0.000911768309718 
0.000911199337969 
0.000910636230962 
0.000910081136673 
0.000909535794285 
0.000909001450072 
0.000908478861142 
0.000907968359315 
0.000907469942892 
0.000906983370947 
0.000906508245310 
0.000906044074518 
0.000905590319843 
0.000905146426270 
0.000904711842096 
0.000904286030526 
0.000903868475977 
0.000903458687048 
0.000903056197527 
0.000902660566289 
0.000902271376648 
0.000901888235442 
0.000901510772063 
0.000901138637482 
0.000900771503358 
0.000900409061034 
0.000900051020822 
0.000899697111149 
0.000899347077777 
0.000899000683031 
0.000898657705035 
0.000898317936965 
0.000897981186291 
0.000897647274043 
0.000897316034066 
0.000896987312303 
0.000896660966081 
0.000896336863413 
0.000896014882324 
0.000895694910196 
0.000895376843134 
0.000895060585365 
0.000894746048652 
0.000894433151752 
0.000894121819885 
0.000893811984246 
0.000893503581539 
0.000893196553539 
0.000892890846683 
0.000892586411695 
0.000892283203222 
0.000891981179511 
0.000891680302101 
0.000891380535538 
0.000891081847119 
0.000890784206648 
0.000890487586218 
0.000890191960002 
0.000889897304073 
0.000889603596232 
0.000889310815850 
0.000889018943725 
0.000888727961957 
0.000888437853823 
0.000888148603676 
0.000887860196839 
0.000887572619522 
0.000887285858740 
0.000886999902236 
0.000886714738418 
0.000886430356296 
0.000886146745429 
0.000885863895875 
0.000885581798144 
0.000885300443161 
0.000885019822227 
0.000884739926984 
0.000884460749390 
0.000884182281687 
0.000883904516378 
0.000883627446207 
0.000883351064136 
0.000883075363327 
0.000882800337130 
0.000882525979063 
0.000882252282800 
0.000881979242161 
0.000881706851100 
0.000881435103695 
0.000881163994139 
0.000880893516733 
0.000880623665876 
0.000880354436063 
0.000880085821876 
0.000879817817978 
0.000879550419110 
0.000879283620088 
0.000879017415792 
0.000878751801174 
0.000878486771243 
0.000878222321070 
0.000877958445780 
0.000877695140555 
0.000877432400627 
0.000877170221277 
0.000876908597836 
0.000876647525680 
0.000876387000229 
0.000876127016947 
0.000875867571340 
0.000875608658954 
0.000875350275375 
0.000875092416228 
0.000874835077174 
0.000874578253911 
0.000874321942176 
0.000874066137736 
0.000873810836396 
0.000873556033994 
0.000873301726400 
0.000873047909519 
0.000872794579285 
0.000872541731665 
0.000872289362658 
0.000872037468292 
0.000871786044625 
0.000871535087745 
0.000871284593771 
0.000871034558849 
0.000870784979153 
0.000870535850887 
0.000870287170283 
0.000870038933598 
0.000869791137119 
0.000869543777159 
0.000869296850058 
0.000869050352180 
0.000868804279919 
0.000868558629692 
0.000868313397942 
0.000868068581139 
0.000867824175776 
0.000867580178371 
0.000867336585468 
0.000867093393635 
0.000866850599463 
0.000866608199567 
0.000866366190588 
0.000866124569187 
0.000865883332050 
0.000865642475887 
