1.000000000000000 
0.398303729990748 
0.239997250127467 
0.184025237489912 
0.160089474744360 
0.148238809084988 
0.141637648722178 
0.137592141845758 
0.134913731064645 
0.133026480930170 
0.131628246531546 
0.130549317951582 
0.129688578236725 
0.128982635642884 
0.128389977453750 
0.127882388207332 
0.127440073226009 
0.127048765413893 
0.126697941205392 
0.126379682070604 
0.126087925594363 
0.125817959449758 
0.125566071310067 
0.125329301536426 
0.125105265202133 
0.124892021883284 
0.124687978976184 
0.124491818944590 
0.124302443906708 
0.124118932959591 
0.123940508977163 
0.123766512535032 
0.123596381253025 
0.123429633296320 
0.123265854097537 
0.123104685594647 
0.122945817449466 
0.122788979837010 
0.122633937489474 
0.122480484748953 
0.122328441436282 
0.122177649384132 
0.122027969513779 
0.121879279359290 
0.121731470961743 
0.121584449071002 
0.121438129604254 
0.121292438319859 
0.121147309672481 
0.121002685821438 
0.120858515769031 
0.120714754609514 
0.120571362872563 
0.120428305947672 
0.120285553578107 
0.120143079414758 
0.120000860621743 
0.119858877526826 
0.119717113310724 
0.119575553730263 
0.119434186871036 
0.119293002925855 
0.119151993995785 
0.119011153911004 
0.118870478069097 
0.118729963288713 
0.118589607676807 
0.118449410507896 
0.118309372113979 
0.118169493783946 
0.118029777671439 
0.117890226710271 
0.117750844536624 
0.117611635417316 
0.117472604183564 
0.117333756169687 
0.117195097156296 
0.117056633317564 
0.116918371172203 
0.116780317537839 
0.116642479488505 
0.116504864314990 
0.116367479487837 
0.116230332622775 
0.116093431448438 
0.115956783776179 
0.115820397471865 
0.115684280429517 
0.115548440546682 
0.115412885701428 
0.115277623730882 
0.115142662411220 
0.115008009439018 
0.114873672413921 
0.114739658822533 
0.114605976023494 
0.114472631233673 
0.114339631515420 
0.114206983764848 
0.114074694701079 
0.113942770856417 
0.113811218567415 
0.113680043966783 
0.113549252976117 
0.113418851299395 
0.113288844417226 
0.113159237581803 
0.113030035812548 
0.112901243892401 
0.112772866364739 
0.112644907530901 
0.112517371448272 
0.112390261928935 
0.112263582538836 
0.112137336597468 
0.112011527178027 
0.111886157108043 
0.111761228970446 
0.111636745105072 
0.111512707610566 
0.111389118346681 
0.111265978936962 
0.111143290771774 
0.111021055011693 
0.110899272591211 
0.110777944222771 
0.110657070401101 
0.110536651407834 
0.110416687316407 
0.110297177997228 
0.110178123123085 
0.110059522174801 
0.109941374447112 
0.109823679054760 
0.109706434938784 
0.109589640873001 
0.109473295470665 
0.109357397191287 
0.109241944347606 
0.109126935112691 
0.109012367527182 
0.108898239506626 
0.108784548848913 
0.108671293241802 
0.108558470270508 
0.108446077425343 
0.108334112109400 
0.108222571646258 
0.108111453287697 
0.108000754221404 
0.107890471578660 
0.107780602441991 
0.107671143852756 
0.107562092818677 
0.107453446321272 
0.107345201323199 
0.107237354775470 
0.107129903624545 
0.107022844819264 
0.106916175317630 
0.106809892093404 
0.106703992142510 
0.106598472489241 
0.106493330192238 
0.106388562350243 
0.106284166107610 
0.106180138659560 
0.106076477257176 
0.105973179212132 
0.105870241901134 
0.105767662770083 
0.105665439337948 
0.105563569200343 
0.105462050032811 
0.105360879593802 
0.105260055727368 
0.105159576365543 
0.105059439530437 
0.104959643336040 
0.104860185989732 
0.104761065793512 
0.104662281144949 
0.104563830537867 
0.104465712562763 
0.104367925906971 
0.104270469354585 
0.104173341786139 
0.104076542178065 
0.103980069601935 
0.103883923223490 
0.103788102301479 
0.103692606186311 
0.103597434318527 
0.103502586227107 
0.103408061527627 
0.103313859920264 
0.103219981187664 
0.103126425192692 
0.103033191876057 
0.102940281253831 
0.102847693414871 
0.102755428518153 
0.102663486790017 
0.102571868521350 
0.102480574064691 
0.102389603831295 
0.102298958288131 
0.102208637954855 
0.102118643400734 
0.102028975241555 
0.101939634136508 
0.101850620785054 
0.101761935923794 
0.101673580323327 
0.101585554785121 
0.101497860138391 
0.101410497236993 
0.101323466956342 
0.101236770190349 
0.101150407848392 
0.101064380852316 
0.100978690133475 
0.100893336629805 
0.100808321282944 
0.100723645035397 
0.100639308827739 
0.100555313595872 
0.100471660268328 
0.100388349763620 
0.100305382987643 
0.100222760831129 
0.100140484167150 
0.100058553848676 
0.099976970706183 
0.099895735545319 
0.099814849144622 
0.099734312253296 
0.099654125589046 
0.099574289835969 
0.099494805642513 
0.099415673619498 
0.099336894338206 
0.099258468328539 
0.099180396077256 
0.099102678026287 
0.099025314571129 
0.098948306059328 
0.098871652789058 
0.098795355007785 
0.098719412911039 
0.098643826641288 
0.098568596286916 
0.098493721881313 
0.098419203402085 
0.098345040770364 
0.098271233850256 
0.098197782448386 
0.098124686313581 
0.098051945136659 
0.097979558550335 
0.097907526129245 
0.097835847390081 
0.097764521791829 
0.097693548736110 
0.097622927567615 
0.097552657574633 
0.097482737989659 
0.097413167990073 
0.097343946698890 
0.097275073185560 
0.097206546466826 
0.097138365507612 
0.097070529221948 
0.097003036473910 
0.096935886078584 
0.096869076803024 
0.096802607367214 
0.096736476445021 
0.096670682665136 
0.096605224611985 
0.096540100826633 
0.096475309807645 
0.096410850011928 
0.096346719855539 
0.096282917714463 
0.096219441925369 
0.096156290786320 
0.096093462557479 
0.096030955461780 
0.095968767685584 
0.095906897379323 
0.095845342658134 
0.095784101602488 
0.095723172258826 
0.095662552640192 
0.095602240726888 
0.095542234467141 
0.095482531777790 
0.095423130545001 
0.095364028625010 
0.095305223844899 
0.095246714003403 
0.095188496871756 
0.095130570194575 
0.095072931690775 
0.095015579054528 
0.094958509956249 
0.094901722043624 
0.094845212942665 
0.094788980258791 
0.094733021577934 
0.094677334467673 
0.094621916478376 
0.094566765144358 
0.094511877985045 
0.094457252506145 
0.094402886200814 
0.094348776550817 
0.094294921027677 
0.094241317093813 
0.094187962203651 
0.094134853804722 
0.094081989338727 
0.094029366242574 
0.093976981949382 
0.093924833889451 
0.093872919491196 
0.093821236182038 
0.093769781389264 
0.093718552540834 
0.093667547066157 
0.093616762396820 
0.093566195967280 
0.093515845215509 
0.093465707583606 
0.093415780518367 
0.093366061471817 
0.093316547901707 
0.093267237271975 
0.093218127053183 
0.093169214722913 
0.093120497766142 
0.093071973675594 
0.093023639952061 
0.092975494104718 
0.092927533651403 
0.092879756118903 
0.092832159043211 
0.092784739969790 
0.092737496453815 
0.092690426060434 
0.092643526365008 
0.092596794953373 
0.092550229422100 
0.092503827378770 
0.092457586442256 
0.092411504243035 
0.092365578423509 
0.092319806638358 
0.092274186554918 
0.092228715853591 
0.092183392228292 
0.092138213386931 
0.092093177051943 
0.092048280960866 
0.092003522866962 
0.091958900539898 
0.091914411766488 
0.091870054351490 
0.091825826118477 
0.091781724910773 
0.091737748592462 
0.091693895049475 
0.091650162190758 
0.091606547949514 
0.091563050284545 
0.091519667181657 
0.091476396655171 
0.091433236749508 
0.091390185540864 
0.091347241138968 
0.091304401688920 
0.091261665373103 
0.091219030413163 
0.091176495072061 
0.091134057656160 
0.091091716517375 
0.091049470055336 
0.091007316719574 
0.090965255011699 
0.090923283487560 
0.090881400759365 
0.090839605497729 
0.090797896433644 
0.090756272360323 
0.090714732134914 
0.090673274680034 
0.090631898985119 
0.090590604107534 
0.090549389173445 
0.090508253378402 
0.090467195987621 
0.090426216335942 
0.090385313827433 
0.090344487934643 
0.090303738197470 
0.090263064221647 
0.090222465676851 
0.090181942294422 
0.090141493864700 
0.090101120234019 
0.090060821301334 
0.090020597014553 
0.089980447366555 
0.089940372390975 
0.089900372157751 
0.089860446768509 
0.089820596351798 
0.089780821058254 
0.089741121055707 
0.089701496524293 
0.089661947651621 
0.089622474628019 
0.089583077641922 
0.089543756875420 
0.089504512500016 
0.089465344672612 
0.089426253531750 
0.089387239194136 
0.089348301751455 
0.089309441267496 
0.089270657775578 
0.089231951276306 
0.089193321735625 
0.089154769083196 
0.089116293211061 
0.089077893972605 
0.089039571181790 
0.089001324612653 
0.088963153999042 
0.088925059034589 
0.088887039372886 
0.088849094627845 
0.088811224374247 
0.088773428148422 
0.088735705449086 
0.088698055738276 
0.088660478442408 
0.088622972953401 
0.088585538629881 
0.088548174798451 
0.088510880754991 
0.088473655765999 
0.088436499069962 
0.088399409878724 
0.088362387378877 
0.088325430733136 
0.088288539081713 
0.088251711543673 
0.088214947218263 
0.088178245186228 
0.088141604511087 
0.088105024240384 
0.088068503406897 
0.088032041029815 
0.087995636115869 
0.087959287660433 
0.087922994648564 
0.087886756056021 
0.087850570850218 
0.087814437991156 
0.087778356432285 
0.087742325121341 
0.087706343001135 
0.087670409010292 
0.087634522083951 
0.087598681154427 
0.087562885151822 
0.087527133004608 
0.087491423640158 
0.087455755985247 
0.087420128966520 
0.087384541510911 
0.087348992546038 
0.087313481000569 
0.087278005804546 
0.087242565889691 
0.087207160189675 
0.087171787640366 
0.087136447180055 
0.087101137749653 
0.087065858292872 
0.087030607756387 
0.086995385089978 
0.086960189246656 
0.086925019182780 
0.086889873858153 
0.086854752236119 
0.086819653283637 
0.086784575971360 
0.086749519273694 
0.086714482168872 
0.086679463639003 
0.086644462670129 
0.086609478252290 
0.086574509379566 
0.086539555050146 
0.086504614266384 
0.086469686034860 
0.086434769366456 
0.086399863276423 
0.086364966784466 
0.086330078914832 
0.086295198696407 
0.086260325162827 
0.086225457352586 
0.086190594309178 
0.086155735081229 
0.086120878722653 
0.086086024292827 
0.086051170856768 
0.086016317485343 
0.085981463255480 
0.085946607250413 
0.085911748559937 
0.085876886280693 
0.085842019516468 
0.085807147378527 
0.085772268985964 
0.085737383466094 
0.085702489954860 
0.085667587597280 
0.085632675547929 
0.085597752971454 
0.085562819043122 
0.085527872949419 
0.085492913888682 
0.085457941071775 
0.085422953722816 
0.085387951079945 
0.085352932396146 
0.085317896940118 
0.085282843997198 
0.085247772870335 
0.085212682881128 
0.085177573370909 
0.085142443701884 
0.085107293258338 
0.085072121447889 
0.085036927702794 
0.085001711481328 
0.084966472269190 
0.084931209580985 
0.084895922961743 
0.084860611988489 
0.084825276271857 
0.084789915457741 
0.084754529228992 
0.084719117307136 
0.084683679454127 
0.084648215474119 
0.084612725215256 
0.084577208571470 
0.084541665484286 
0.084506095944623 
0.084470499994583 
0.084434877729231 
0.084399229298346 
0.084363554908139 
0.084327854822944 
0.084292129366853 
0.084256378925305 
0.084220603946618 
0.084184804943449 
0.084148982494192 
0.084113137244284 
0.084077269907439 
0.084041381266784 
0.084005472175898 
0.083969543559753 
0.083933596415538 
0.083897631813375 
0.083861650896910 
0.083825654883777 
0.083789645065935 
0.083753622809853 
0.083717589556561 
0.083681546821539 
0.083645496194449 
0.083609439338702 
0.083573377990838 
0.083537313959733 
0.083501249125606 
0.083465185438828 
0.083429124918524 
0.083393069650948 
0.083357021787644 
0.083320983543365 
0.083284957193758 
0.083248945072804 
0.083212949570006 
0.083176973127326 
0.083141018235873 
0.083105087432336 
0.083069183295164 
0.083033308440512 
0.082997465517945 
0.082961657205915 
0.082925886207033 
0.082890155243137 
0.082854467050190 
0.082818824373008 
0.082783229959870 
0.082747686557008 
0.082712196903017 
0.082676763723219 
0.082641389723998 
0.082606077587152 
0.082570829964277 
0.082535649471234 
0.082500538682716 
0.082465500126958 
0.082430536280606 
0.082395649563796 
0.082360842335447 
0.082326116888812 
0.082291475447301 
0.082256920160600 
0.082222453101107 
0.082188076260697 
0.082153791547834 
0.082119600785029 
0.082085505706675 
0.082051507957230 
0.082017609089786 
0.081983810564989 
0.081950113750338 
0.081916519919828 
0.081883030253953 
0.081849645840040 
0.081816367672921 
0.081783196655903 
0.081750133602052 
0.081717179235746 
0.081684334194499 
0.081651599031029 
0.081618974215553 
0.081586460138286 
0.081554057112131 
0.081521765375534 
0.081489585095494 
0.081457516370687 
0.081425559234716 
0.081393713659438 
0.081361979558370 
0.081330356790146 
0.081298845162014 
0.081267444433347 
0.081236154319169 
0.081204974493660 
0.081173904593646 
0.081142944222039 
0.081112092951240 
0.081081350326470 
0.081050715869027 
0.081020189079465 
0.080989769440669 
0.080959456420838 
0.080929249476345 
0.080899148054486 
0.080869151596096 
0.080839259538039 
0.080809471315555 
0.080779786364461 
0.080750204123212 
0.080720724034805 
0.080691345548525 
0.080662068121543 
0.080632891220348 
0.080603814322018 
0.080574836915335 
0.080545958501738 
0.080517178596114 
0.080488496727432 
0.080459912439223 
0.080431425289905 
0.080403034852958 
0.080374740716954 
0.080346542485448 
0.080318439776731 
0.080290432223456 
0.080262519472140 
0.080234701182555 
0.080206977027003 
0.080179346689495 
0.080151809864845 
0.080124366257671 
0.080097015581328 
0.080069757556776 
0.080042591911395 
0.080015518377751 
0.079988536692325 
0.079961646594227 
0.079934847823875 
0.079908140121683 
0.079881523226741 
0.079854996875506 
0.079828560800517 
0.079802214729128 
0.079775958382281 
0.079749791473317 
0.079723713706836 
0.079697724777608 
0.079671824369543 
0.079646012154729 
0.079620287792530 
0.079594650928757 
0.079569101194919 
0.079543638207541 
0.079518261567567 
0.079492970859836 
0.079467765652644 
0.079442645497376 
0.079417609928227 
0.079392658461995 
0.079367790597948 
0.079343005817770 
0.079318303585580 
0.079293683348013 
0.079269144534374 
0.079244686556852 
0.079220308810794 
0.079196010675038 
0.079171791512294 
0.079147650669573 
0.079123587478667 
0.079099601256661 
0.079075691306487 
0.079051856917509 
0.079028097366133 
0.079004411916448 
0.078980799820883 
0.078957260320881 
0.078933792647589 
0.078910396022557 
0.078887069658443 
0.078863812759723 
0.078840624523402 
0.078817504139721 
0.078794450792866 
0.078771463661660 
0.078748541920254 
0.078725684738810 
0.078702891284159 
0.078680160720459 
0.078657492209828 
0.078634884912967 
0.078612337989755 
0.078589850599841 
0.078567421903200 
0.078545051060680 
0.078522737234521 
0.078500479588864 
0.078478277290224 
0.078456129507947 
0.078434035414657 
0.078411994186661 
0.078390005004350 
0.078368067052566 
0.078346179520958 
0.078324341604311 
0.078302552502854 
0.078280811422552 
0.078259117575378 
0.078237470179559 
0.078215868459810 
0.078194311647552 
0.078172798981099 
0.078151329705845 
0.078129903074419 
0.078108518346835 
0.078087174790618 
0.078065871680921 
0.078044608300623 
0.078023383940416 
0.078002197898875 
0.077981049482519 
0.077959938005855 
0.077938862791417 
0.077917823169783 
0.077896818479593 
0.077875848067545 
0.077854911288391 
0.077834007504915 
0.077813136087910 
0.077792296416141 
0.077771487876299 
0.077750709862953 
0.077729961778489 
0.077709243033043 
0.077688553044436 
0.077667891238084 
0.077647257046927 
0.077626649911328 
0.077606069278987 
0.077585514604840 
0.077564985350979 
0.077544480986467 
0.077524000987312 
0.077503544836315 
0.077483112022965 
0.077462702043310 
0.077442314399835 
0.077421948601342 
0.077401604162819 
0.077381280605310 
0.077360977455787 
0.077340694247017 
0.077320430517428 
0.077300185810977 
0.077279959677013 
0.077259751670142 
0.077239561350091 
0.077219388281573 
0.077199232034147 
0.077179092182088 
0.077158968304241 
0.077138859983895 
0.077118766808641 
0.077098688370239 
0.077078624264481 
0.077058574091060 
0.077038537453435 
0.077018513958699 
0.076998503217448 
0.076978504843647 
0.076958518454507 
0.076938543670348 
0.076918580114480 
0.076898627413071 
0.076878685195022 
0.076858753091849 
0.076838830737552 
0.076818917768501 
0.076799013823310 
0.076779118542725 
0.076759231569498 
0.076739352548278 
0.076719481125495 
0.076699616949242 
0.076679759669169 
0.076659908936366 
0.076640064403259 
0.076620225723496 
0.076600392551846 
0.076580564544088 
0.076560741356910 
0.076540922647802 
0.076521108074955 
0.076501297297162 
0.076481489973715 
0.076461685764307 
0.076441884328934 
0.076422085327798 
0.076402288421212 
0.076382493269504 
0.076362699532922 
0.076342906871544 
0.076323114945181 
0.076303323413291 
0.076283531934883 
0.076263740168434 
0.076243947771790 
0.076224154402088 
0.076204359715663 
0.076184563367960 
0.076164765013454 
0.076144964305558 
0.076125160896540 
0.076105354437440 
0.076085544577989 
0.076065730966520 
0.076045913249892 
0.076026091073405 
0.076006264080721 
0.075986431913783 
0.075966594212740 
0.075946750615863 
0.075926900759471 
0.075907044277854 
0.075887180803201 
0.075867309965521 
0.075847431392574 
0.075827544709799 
0.075807649540240 
0.075787745504487 
0.075767832220599 
0.075747909304049 
0.075727976367655 
0.075708033021525 
0.075688078872995 
0.075668113526581 
0.075648136583922 
0.075628147643737 
0.075608146301778 
0.075588132150795 
0.075568104780497 
0.075548063777521 
0.075528008725414 
0.075507939204611 
0.075487854792423 
0.075467755063046 
0.075447639587526 
0.075427507933807 
0.075407359666743 
0.075387194348125 
0.075367011536724 
0.075346810788343 
0.075326591655881 
0.075306353689415 
0.075286096436290 
0.075265819441227 
0.075245522246449 
0.075225204391824 
0.075204865415026 
0.075184504851715 
0.075164122235742 
0.075143717099377 
0.075123288973555 
0.075102837388158 
0.075082361872314 
0.075061861954733 
0.075041337164072 
0.075020787029328 
0.075000211080273 
0.074979608847915 
0.074958979865006 
0.074938323666587 
0.074917639790568 
0.074896927778357 
0.074876187175537 
0.074855417532577 
0.074834618405610 
0.074813789357238 
0.074792929957406 
0.074772039784325 
0.074751118425440 
0.074730165478465 
0.074709180552462 
0.074688163268991 
0.074667113263303 
0.074646030185598 
0.074624913702339 
0.074603763497623 
0.074582579274609 
0.074561360756999 
0.074540107690575 
0.074518819844788 
0.074497497014391 
0.074476139021128 
0.074454745715461 
0.074433316978327 
0.074411852722950 
0.074390352896660 
0.074368817482749 
0.074347246502338 
0.074325640016255 
0.074303998126912 
0.074282320980178 
0.074260608767231 
0.074238861726384 
0.074217080144881 
0.074195264360632 
0.074173414763897 
0.074151531798896 
0.074129615965327 
0.074107667819792 
0.074085687977111 
0.074063677111502 
0.074041635957633 
0.074019565311507 
0.073997466031191 
0.073975339037356 
0.073953185313631 
0.073931005906740 
0.073908801926431 
0.073886574545171 
0.073864324997602 
0.073842054579758 
0.073819764648016 
0.073797456617799 
0.073775131962012 
0.073752792209215 
0.073730438941532 
0.073708073792303 
0.073685698443474 
0.073663314622749 
0.073640924100496 
0.073618528686426 
0.073596130226064 
0.073573730597028 
0.073551331705117 
0.073528935480262 
0.073506543872328 
0.073484158846815 
0.073461782380467 
0.073439416456827 
0.073417063061761 
0.073394724178972 
0.073372401785542 
0.073350097847517 
0.073327814315572 
0.073305553120777 
0.073283316170486 
0.073261105344369 
0.073238922490604 
0.073216769422318 
0.073194647914132 
0.073172559698987 
0.073150506465196 
0.073128489853721 
0.073106511455706 
0.073084572810263 
0.073062675402507 
0.073040820661853 
0.073019009960561 
0.072997244612532 
0.072975525872353 
0.072953854934572 
0.072932232933204 
0.072910660941455 
0.072889139971655 
0.072867670975389 
0.072846254843797 
0.072824892408070 
0.072803584440074 
0.072782331653139 
0.072761134702970 
0.072739994188675 
0.072718910653895 
0.072697884588033 
0.072676916427557 
0.072656006557367 
0.072635155312226 
0.072614362978235 
0.072593629794339 
0.072572955953867 
0.072552341606089 
0.072531786857777 
0.072511291774781 
0.072490856383596 
0.072470480672919 
0.072450164595194 
0.072429908068143 
0.072409710976266 
0.072389573172324 
0.072369494478787 
0.072349474689255 
0.072329513569837 
0.072309610860507 
0.072289766276416 
0.072269979509165 
0.072250250228040 
0.072230578081216 
0.072210962696911 
0.072191403684502 
0.072171900635612 
0.072152453125143 
0.072133060712286 
0.072113722941478 
0.072094439343331 
0.072075209435527 
0.072056032723665 
0.072036908702087 
0.072017836854659 
0.071998816655529 
0.071979847569843 
0.071960929054435 
0.071942060558494 
0.071923241524185 
0.071904471387260 
0.071885749577630 
0.071867075519919 
0.071848448633986 
0.071829868335434 
0.071811334036079 
0.071792845144418 
0.071774401066060 
0.071756001204145 
0.071737644959741 
0.071719331732227 
0.071701060919651 
0.071682831919086 
0.071664644126949 
0.071646496939328 
0.071628389752284 
0.071610321962137 
0.071592292965751 
0.071574302160796 
0.071556348946009 
0.071538432721439 
0.071520552888687 
0.071502708851141 
0.071484900014188 
0.071467125785445 
0.071449385574959 
0.071431678795420 
0.071414004862361 
0.071396363194356 
0.071378753213217 
0.071361174344187 
0.071343626016136 
0.071326107661747 
0.071308618717716 
0.071291158624944 
0.071273726828728 
0.071256322778969 
0.071238945930364 
0.071221595742622 
0.071204271680667 
0.071186973214860 
0.071169699821222 
0.071152450981663 
0.071135226184222 
0.071118024923312 
0.071100846699980 
0.071083691022168 
0.071066557404995 
0.071049445371038 
0.071032354450637 
0.071015284182200 
0.070998234112527 
0.070981203797147 
0.070964192800661 
0.070947200697102 
0.070930227070310 
0.070913271514310 
0.070896333633714 
0.070879413044122 
0.070862509372542 
0.070845622257817 
0.070828751351059 
0.070811896316094 
0.070795056829909 
0.070778232583109 
0.070761423280368 
0.070744628640889 
0.070727848398860 
0.070711082303901 
0.070694330121508 
0.070677591633488 
0.070660866638381 
0.070644154951858 
0.070627456407112 
0.070610770855215 
0.070594098165453 
0.070577438225629 
0.070560790942331 
0.070544156241163 
0.070527534066930 
0.070510924383783 
0.070494327175311 
0.070477742444575 
0.070461170214101 
0.070444610525798 
0.070428063440823 
0.070411529039384 
0.070395007420474 
0.070378498701540 
0.070362003018086 
0.070345520523212 
0.070329051387082 
0.070312595796329 
0.070296153953397 
0.070279726075821 
0.070263312395452 
0.070246913157620 
0.070230528620258 
0.070214159052963 
0.070197804736038 
0.070181465959476 
0.070165143021928 
0.070148836229646 
0.070132545895401 
0.070116272337395 
0.070100015878172 
0.070083776843519 
0.070067555561385 
0.070051352360810 
0.070035167570875 
0.070019001519674 
0.070002854533322 
0.069986726934993 
0.069970619044000 
0.069954531174922 
0.069938463636773 
0.069922416732223 
0.069906390756870 
0.069890385998569 
0.069874402736814 
0.069858441242179 
0.069842501775809 
0.069826584588974 
0.069810689922677 
0.069794818007316 
0.069778969062396 
0.069763143296301 
0.069747340906110 
0.069731562077460 
0.069715806984456 
0.069700075789628 
0.069684368643920 
0.069668685686725 
0.069653027045945 
0.069637392838095 
0.069621783168430 
0.069606198131092 
0.069590637809297 
0.069575102275528 
0.069559591591753 
0.069544105809665 
0.069528644970924 
0.069513209107425 
0.069497798241562 
0.069482412386513 
0.069467051546522 
0.069451715717190 
0.069436404885771 
0.069421119031466 
0.069405858125719 
0.069390622132515 
0.069375411008673 
0.069360224704138 
0.069345063162276 
0.069329926320151 
0.069314814108814 
0.069299726453577 
0.069284663274282 
0.069269624485573 
0.069254609997152 
0.069239619714031 
0.069224653536787 
0.069209711361795 
0.069194793081470 
0.069179898584492 
0.069165027756027 
0.069150180477944 
0.069135356629025 
0.069120556085163 
0.069105778719566 
0.069091024402938 
0.069076293003669 
0.069061584388012 
0.069046898420250 
0.069032234962867 
0.069017593876709 
0.069002975021135 
0.068988378254170 
0.068973803432646 
0.068959250412346 
0.068944719048133 
0.068930209194083 
0.068915720703609 
0.068901253429582 
0.068886807224445 
0.068872381940323 
0.068857977429137 
0.068843593542697 
0.068829230132811 
0.068814887051375 
0.068800564150460 
0.068786261282411 
0.068771978299921 
0.068757715056115 
0.068743471404625 
0.068729247199667 
0.068715042296109 
0.068700856549536 
0.068686689816315 
0.068672541953658 
0.068658412819674 
0.068644302273426 
0.068630210174985 
0.068616136385473 
0.068602080767112 
0.068588043183263 
0.068574023498471 
0.068560021578495 
0.068546037290352 
0.068532070502339 
0.068518121084065 
0.068504188906483 
0.068490273841904 
0.068476375764028 
0.068462494547958 
0.068448630070216 
0.068434782208763 
0.068420950843003 
0.068407135853802 
0.068393337123489 
0.068379554535865 
0.068365787976206 
0.068352037331265 
0.068338302489271 
0.068324583339929 
0.068310879774416 
0.068297191685375 
0.068283518966906 
0.068269861514562 
0.068256219225334 
0.068242591997645 
0.068228979731332 
0.068215382327635 
0.068201799689182 
0.068188231719968 
0.068174678325344 
0.068161139411995 
0.068147614887921 
0.068134104662418 
0.068120608646054 
0.068107126750653 
0.068093658889266 
0.068080204976154 
0.068066764926761 
0.068053338657694 
0.068039926086697 
0.068026527132626 
0.068013141715427 
0.067999769756109 
0.067986411176723 
0.067973065900336 
0.067959733851005 
0.067946414953756 
0.067933109134558 
0.067919816320297 
0.067906536438758 
0.067893269418597 
0.067880015189323 
0.067866773681269 
0.067853544825577 
0.067840328554171 
0.067827124799740 
0.067813933495717 
0.067800754576256 
0.067787587976217 
0.067774433631143 
0.067761291477250 
0.067748161451400 
0.067735043491090 
0.067721937534435 
0.067708843520152 
0.067695761387548 
0.067682691076502 
0.067669632527455 
0.067656585681397 
0.067643550479855 
0.067630526864880 
0.067617514779041 
0.067604514165409 
0.067591524967554 
0.067578547129532 
0.067565580595882 
0.067552625311614 
0.067539681222205 
0.067526748273591 
0.067513826412164 
0.067500915584768 
0.067488015738689 
0.067475126821660 
0.067462248781848 
0.067449381567858 
0.067436525128730 
0.067423679413934 
0.067410844373371 
0.067398019957371 
0.067385206116691 
0.067372402802520 
0.067359609966472 
0.067346827560590 
0.067334055537347 
0.067321293849643 
0.067308542450814 
0.067295801294622 
0.067283070335267 
0.067270349527384 
0.067257638826044 
0.067244938186756 
0.067232247565473 
0.067219566918590 
0.067206896202947 
0.067194235375831 
0.067181584394982 
0.067168943218588 
0.067156311805295 
0.067143690114205 
0.067131078104878 
0.067118475737335 
0.067105882972058 
0.067093299769999 
0.067080726092571 
0.067068161901656 
0.067055607159607 
0.067043061829246 
0.067030525873865 
0.067017999257230 
0.067005481943579 
0.066992973897621 
0.066980475084539 
0.066967985469988 
0.066955505020093 
0.066943033701450 
0.066930571481125 
0.066918118326650 
0.066905674206023 
0.066893239087703 
0.066880812940612 
0.066868395734127 
0.066855987438079 
0.066843588022747 
0.066831197458857 
0.066818815717573 
0.066806442770498 
0.066794078589661 
0.066781723147515 
0.066769376416934 
0.066757038371197 
0.066744708983993 
0.066732388229402 
0.066720076081894 
0.066707772516322 
0.066695477507905 
0.066683191032228 
0.066670913065230 
0.066658643583192 
0.066646382562729 
0.066634129980781 
0.066621885814601 
0.066609650041744 
0.066597422640057 
0.066585203587668 
0.066572992862976 
0.066560790444635 
0.066548596311548 
0.066536410442852 
0.066524232817906 
0.066512063416281 
0.066499902217747 
0.066487749202261 
0.066475604349955 
0.066463467641126 
0.066451339056221 
0.066439218575828 
0.066427106180661 
0.066415001851553 
0.066402905569440 
0.066390817315355 
0.066378737070412 
0.066366664815797 
0.066354600532760 
0.066342544202600 
0.066330495806658 
0.066318455326308 
0.066306422742945 
0.066294398037977 
0.066282381192820 
0.066270372188882 
0.066258371007563 
0.066246377630240 
0.066234392038267 
0.066222414212962 
0.066210444135606 
0.066198481787431 
0.066186527149621 
0.066174580203301 
0.066162640929535 
0.066150709309322 
0.066138785323592 
0.066126868953200 
0.066114960178924 
0.066103058981467 
0.066091165341445 
0.066079279239393 
0.066067400655761 
0.066055529570911 
0.066043665965118 
0.066031809818568 
0.066019961111358 
0.066008119823499 
0.065996285934909 
0.065984459425421 
0.065972640274779 
0.065960828462642 
0.065949023968582 
0.065937226772088 
0.065925436852567 
0.065913654189346 
0.065901878761672 
0.065890110548716 
0.065878349529572 
0.065866595683266 
0.065854848988752 
0.065843109424915 
0.065831376970574 
0.065819651604490 
0.065807933305357 
0.065796222051814 
0.065784517822445 
0.065772820595779 
0.065761130350294 
0.065749447064420 
0.065737770716540 
0.065726101284992 
0.065714438748072 
0.065702783084035 
0.065691134271097 
0.065679492287437 
0.065667857111198 
0.065656228720487 
0.065644607093380 
0.065632992207921 
0.065621384042120 
0.065609782573960 
0.065598187781392 
0.065586599642335 
0.065575018134681 
0.065563443236294 
0.065551874925004 
0.065540313178613 
0.065528757974894 
0.065517209291584 
0.065505667106391 
0.065494131396989 
0.065482602141015 
0.065471079316070 
0.065459562899716 
0.065448052869475 
0.065436549202826 
0.065425051877203 
0.065413560869991 
0.065402076158526 
0.065390597720090 
0.065379125531908 
0.065367659571144 
0.065356199814900 
0.065344746240209 
0.065333298824034 
0.065321857543261 
0.065310422374698 
0.065298993295066 
0.065287570280999 
0.065276153309036 
0.065264742355617 
0.065253337397077 
0.065241938409642 
0.065230545369422 
0.065219158252405 
0.065207777034452 
0.065196401691289 
0.065185032198505 
0.065173668531538 
0.065162310665674 
0.065150958576038 
0.065139612237590 
0.065128271625107 
0.065116936713190 
0.065105607476244 
0.065094283888479 
0.065082965923894 
0.065071653556273 
0.065060346759176 
0.065049045505927 
0.065037749769610 
0.065026459523053 
0.065015174738824 
0.065003895389218 
0.064992621446249 
0.064981352881634 
0.064970089666792 
0.064958831772824 
0.064947579170506 
0.064936331830279 
0.064925089722233 
0.064913852816097 
0.064902621081228 
0.064891394486598 
0.064880173000781 
0.064868956591939 
0.064857745227810 
0.064846538875693 
0.064835337502437 
0.064824141074424 
0.064812949557554 
0.064801762917237 
0.064790581118366 
0.064779404125317 
0.064768231901919 
0.064757064411448 
0.064745901616608 
0.064734743479514 
0.064723589961676 
0.064712441023983 
0.064701296626687 
0.064690156729383 
0.064679021290992 
0.064667890269747 
0.064656763623169 
0.064645641308054 
0.064634523280455 
0.064623409495657 
0.064612299908167 
0.064601194471687 
0.064590093139099 
0.064578995862446 
0.064567902592912 
0.064556813280798 
0.064545727875509 
0.064534646325529 
0.064523568578401 
0.064512494580709 
0.064501424278055 
0.064490357615039 
0.064479294535237 
0.064468234981182 
0.064457178894341 
0.064446126215094 
0.064435076882710 
0.064424030835330 
0.064412988009941 
0.064401948342356 
0.064390911767190 
0.064379878217840 
0.064368847626460 
0.064357819923940 
0.064346795039881 
0.064335772902576 
0.064324753438982 
0.064313736574700 
0.064302722233950 
0.064291710339548 
0.064280700812885 
0.064269693573893 
0.064258688541036 
0.064247685631273 
0.064236684760038 
0.064225685841218 
0.064214688787124 
0.064203693508467 
0.064192699914335 
0.064181707912165 
0.064170717407719 
0.064159728305056 
0.064148740506509 
0.064137753912655 
0.064126768422293 
0.064115783932415 
0.064104800338179 
0.064093817532879 
0.064082835407927 
0.064071853852815 
0.064060872755094 
0.064049892000342 
0.064038911472142 
0.064027931052046 
0.064016950619554 
0.064005970052080 
0.063994989224929 
0.063984008011263 
0.063973026282076 
0.063962043906166 
0.063951060750103 
0.063940076678203 
0.063929091552498 
0.063918105232711 
0.063907117576225 
0.063896128438056 
0.063885137670827 
0.063874145124738 
0.063863150647544 
0.063852154084525 
0.063841155278465 
0.063830154069622 
0.063819150295711 
0.063808143791879 
0.063797134390683 
0.063786121922071 
0.063775106213365 
0.063764087089246 
0.063753064371733 
0.063742037880180 
0.063731007431257 
0.063719972838952 
0.063708933914558 
0.063697890466678 
0.063686842301223 
0.063675789221423 
0.063664731027832 
0.063653667518350 
0.063642598488233 
0.063631523730128 
0.063620443034101 
0.063609356187672 
0.063598262975863 
0.063587163181249 
0.063576056584019 
0.063564942962044 
0.063553822090955 
0.063542693744232 
0.063531557693305 
0.063520413707660 
0.063509261554971 
0.063498101001227 
0.063486931810887 
0.063475753747046 
0.063464566571619 
0.063453370045537 
0.063442163928965 
0.063430947981538 
0.063419721962621 
0.063408485631584 
0.063397238748105 
0.063385981072494 
0.063374712366045 
0.063363432391408 
0.063352140912998 
0.063340837697425 
0.063329522513956 
0.063318195135008 
0.063306855336674 
0.063295502899281 
0.063284137607983 
0.063272759253389 
0.063261367632222 
0.063249962548023 
0.063238543811885 
0.063227111243223 
0.063215664670588 
0.063204203932512 
0.063192728878389 
0.063181239369397 
0.063169735279448 
0.063158216496177 
0.063146682921956 
0.063135134474944 
0.063123571090159 
0.063111992720573 
0.063100399338229 
0.063088790935371 
0.063077167525586 
0.063065529144954 
0.063053875853191 
0.063042207734789 
0.063030524900145 
0.063018827486663 
0.063007115659829 
0.062995389614252 
0.062983649574650 
0.062971895796788 
0.062960128568346 
0.062948348209712 
0.062936555074695 
0.062924749551131 
0.062912932061397 
0.062901103062803 
0.062889263047862 
0.062877412544429 
0.062865552115699 
0.062853682360055 
0.062841803910766 
0.062829917435523 
0.062818023635818 
0.062806123246150 
0.062794217033071 
0.062782305794060 
0.062770390356243 
0.062758471574943 
0.062746550332080 
0.062734627534425 
0.062722704111711 
0.062710781014617 
0.062698859212638 
0.062686939691847 
0.062675023452567 
0.062663111506971 
0.062651204876619 
0.062639304589959 
0.062627411679792 
0.062615527180739 
0.062603652126709 
0.062591787548397 
0.062579934470816 
0.062568093910897 
0.062556266875151 
0.062544454357413 
0.062532657336696 
0.062520876775142 
0.062509113616097 
0.062497368782306 
0.062485643174251 
0.062473937668616 
0.062462253116905 
0.062450590344195 
0.062438950148043 
0.062427333297531 
0.062415740532461 
0.062404172562688 
0.062392630067586 
0.062381113695659 
0.062369624064267 
0.062358161759480 
0.062346727336041 
0.062335321317447 
0.062323944196118 
0.062312596433669 
0.062301278461260 
0.062289990680028 
0.062278733461583 
0.062267507148577 
0.062256312055312 
0.062245148468414 
0.062234016647529 
0.062222916826071 
0.062211849211984 
0.062200813988536 
0.062189811315128 
0.062178841328111 
0.062167904141613 
0.062156999848375 
0.062146128520576 
0.062135290210664 
0.062124484952173 
0.062113712760534 
0.062102973633871 
0.062092267553793 
0.062081594486151 
0.062070954381797 
0.062060347177313 
0.062049772795724 
0.062039231147189 
0.062028722129675 
0.062018245629605 
0.062007801522483 
0.061997389673504 
0.061987009938137 
0.061976662162683 
0.061966346184822 
0.061956061834125 
0.061945808932558 
0.061935587294958 
0.061925396729485 
0.061915237038067 
0.061905108016812 
0.061895009456414 
0.061884941142527 
0.061874902856136 
0.061864894373902 
0.061854915468491 
0.061844965908894 
0.061835045460722 
0.061825153886495 
0.061815290945918 
0.061805456396129 
0.061795649991954 
0.061785871486138 
0.061776120629566 
0.061766397171473 
0.061756700859647 
0.061747031440614 
0.061737388659821 
0.061727772261806 
0.061718181990359 
0.061708617588675 
0.061699078799497 
0.061689565365256 
0.061680077028198 
0.061670613530506 
0.061661174614421 
0.061651760022341 
0.061642369496934 
0.061633002781230 
0.061623659618713 
0.061614339753407 
0.061605042929958 
0.061595768893707 
0.061586517390768 
0.061577288168087 
0.061568080973510 
0.061558895555839 
0.061549731664889 
0.061540589051535 
0.061531467467766 
0.061522366666722 
0.061513286402739 
0.061504226431387 
0.061495186509501 
0.061486166395218 
0.061477165848001 
0.061468184628674 
0.061459222499435 
0.061450279223886 
0.061441354567052 
0.061432448295392 
0.061423560176825 
0.061414689980733 
0.061405837477980 
0.061397002440918 
0.061388184643395 
0.061379383860764 
0.061370599869884 
0.061361832449130 
0.061353081378384 
0.061344346439048 
0.061335627414033 
0.061326924087764 
0.061318236246172 
0.061309563676692 
0.061300906168260 
0.061292263511299 
0.061283635497722 
0.061275021920914 
0.061266422575727 
0.061257837258474 
0.061249265766909 
0.061240707900225 
0.061232163459033 
0.061223632245357 
0.061215114062614 
0.061206608715604 
0.061198116010494 
0.061189635754800 
0.061181167757376 
0.061172711828394 
0.061164267779329 
0.061155835422943 
0.061147414573263 
0.061139005045570 
0.061130606656373 
0.061122219223399 
0.061113842565568 
0.061105476502977 
0.061097120856880 
0.061088775449667 
0.061080440104848 
0.061072114647034 
0.061063798901913 
0.061055492696230 
0.061047195857776 
0.061038908215356 
0.061030629598777 
0.061022359838828 
0.061014098767255 
0.061005846216746 
0.060997602020912 
0.060989366014261 
0.060981138032187 
0.060972917910943 
0.060964705487629 
0.060956500600166 
0.060948303087284 
0.060940112788497 
0.060931929544092 
0.060923753195103 
0.060915583583300 
0.060907420551168 
0.060899263941894 
0.060891113599344 
0.060882969368053 
0.060874831093205 
0.060866698620622 
0.060858571796745 
0.060850450468621 
0.060842334483891 
0.060834223690776 
0.060826117938062 
0.060818017075090 
0.060809920951746 
0.060801829418448 
0.060793742326137 
0.060785659526265 
0.060777580870792 
0.060769506212174 
0.060761435403356 
0.060753368297768 
0.060745304749318 
0.060737244612389 
0.060729187741833 
0.060721133992971 
0.060713083221591 
0.060705035283947 
0.060696990036760 
0.060688947337218 
0.060680907042980 
0.060672869012182 
0.060664833103436 
0.060656799175844 
0.060648767088998 
0.060640736702995 
0.060632707878442 
0.060624680476471 
0.060616654358749 
0.060608629387494 
0.060600605425488 
0.060592582336098 
0.060584559983290 
0.060576538231649 
0.060568516946406 
0.060560495993455 
0.060552475239377 
0.060544454551471 
0.060536433797775 
0.060528412847101 
0.060520391569064 
0.060512369834114 
0.060504347513565 
0.060496324479641 
0.060488300605502 
0.060480275765294 
0.060472249834178 
0.060464222688382 
0.060456194205239 
0.060448164263232 
0.060440132742046 
0.060432099522613 
0.060424064487158 
0.060416027519259 
0.060407988503894 
0.060399947327497 
0.060391903878015 
0.060383858044963 
0.060375809719483 
0.060367758794406 
0.060359705164308 
0.060351648725579 
0.060343589376479 
0.060335527017207 
0.060327461549962 
0.060319392879011 
0.060311320910755 
0.060303245553795 
0.060295166719000 
0.060287084319576 
0.060278998271129 
0.060270908491740 
0.060262814902029 
0.060254717425222 
0.060246615987222 
0.060238510516675 
0.060230400945034 
0.060222287206632 
0.060214169238740 
0.060206046981633 
0.060197920378659 
0.060189789376292 
0.060181653924198 
0.060173513975294 
0.060165369485803 
0.060157220415308 
0.060149066726810 
0.060140908386772 
0.060132745365176 
0.060124577635560 
0.060116405175067 
0.060108227964483 
0.060100045988276 
0.060091859234628 
0.060083667695469 
0.060075471366498 
0.060067270247220 
0.060059064340950 
0.060050853654845 
0.060042638199905 
0.060034417990989 
0.060026193046817 
0.060017963389972 
0.060009729046897 
0.060001490047887 
0.059993246427076 
0.059984998222423 
0.059976745475690 
0.059968488232420 
0.059960226541904 
0.059951960457153 
0.059943690034853 
0.059935415335332 
0.059927136422507 
0.059918853363837 
0.059910566230268 
0.059902275096176 
0.059893980039301 
0.059885681140687 
0.059877378484606 
0.059869072158490 
0.059860762252847 
0.059852448861189 
0.059844132079944 
0.059835812008369 
0.059827488748461 
0.059819162404868 
0.059810833084790 
0.059802500897883 
0.059794165956160 
0.059785828373890 
0.059777488267492 
0.059769145755434 
0.059760800958124 
0.059752453997802 
0.059744104998431 
0.059735754085588 
0.059727401386352 
0.059719047029197 
0.059710691143876 
0.059702333861309 
0.059693975313478 
0.059685615633307 
0.059677254954559 
0.059668893411720 
0.059660531139895 
0.059652168274693 
0.059643804952128 
0.059635441308504 
0.059627077480320 
0.059618713604156 
0.059610349816584 
0.059601986254057 
0.059593623052823 
0.059585260348819 
0.059576898277588 
0.059568536974180 
0.059560176573070 
0.059551817208069 
0.059543459012245 
0.059535102117837 
0.059526746656183 
0.059518392757645 
0.059510040551533 
0.059501690166043 
0.059493341728186 
0.059484995363730 
0.059476651197136 
0.059468309351506 
0.059459969948527 
0.059451633108422 
0.059443298949905 
0.059434967590133 
0.059426639144670 
0.059418313727443 
0.059409991450716 
0.059401672425050 
0.059393356759279 
0.059385044560486 
0.059376735933975 
0.059368430983254 
0.059360129810018 
0.059351832514132 
0.059343539193623 
0.059335249944670 
0.059326964861594 
0.059318684036855 
0.059310407561053 
0.059302135522925 
0.059293868009349 
0.059285605105348 
0.059277346894098 
0.059269093456933 
0.059260844873360 
0.059252601221069 
0.059244362575948 
0.059236129012095 
0.059227900601842 
0.059219677415765 
0.059211459522709 
0.059203246989811 
0.059195039882515 
0.059186838264602 
0.059178642198212 
0.059170451743866 
0.059162266960498 
0.059154087905476 
0.059145914634633 
0.059137747202294 
0.059129585661305 
0.059121430063058 
0.059113280457528 
0.059105136893294 
0.059096999417573 
0.059088868076251 
0.059080742913913 
0.059072623973869 
0.059064511298187 
0.059056404927723 
0.059048304902150 
0.059040211259990 
0.059032124038637 
0.059024043274394 
0.059015969002497 
0.059007901257144 
0.058999840071522 
0.058991785477838 
0.058983737507343 
0.058975696190358 
0.058967661556302 
0.058959633633714 
0.058951612450284 
0.058943598032869 
0.058935590407522 
0.058927589599513 
0.058919595633350 
0.058911608532801 
0.058903628320916 
0.058895655020046 
0.058887688651858 
0.058879729237362 
0.058871776796919 
0.058863831350264 
0.058855892916521 
0.058847961514216 
0.058840037161294 
0.058832119875132 
0.058824209672550 
0.058816306569829 
0.058808410582713 
0.058800521726431 
0.058792640015697 
0.058784765464728 
0.058776898087244 
0.058769037896485 
0.058761184905213 
0.058753339125719 
0.058745500569830 
0.058737669248917 
0.058729845173895 
0.058722028355234 
0.058714218802955 
0.058706416526640 
0.058698621535434 
0.058690833838045 
0.058683053442747 
0.058675280357382 
0.058667514589362 
0.058659756145672 
0.058652005032864 
0.058644261257063 
0.058636524823968 
0.058628795738846 
0.058621074006538 
0.058613359631454 
0.058605652617573 
0.058597952968445 
0.058590260687187 
0.058582575776483 
0.058574898238582 
0.058567228075299 
0.058559565288010 
0.058551909877654 
0.058544261844730 
0.058536621189298 
0.058528987910974 
0.058521362008933 
0.058513743481903 
0.058506132328171 
0.058498528545575 
0.058490932131508 
0.058483343082916 
0.058475761396298 
0.058468187067704 
0.058460620092737 
0.058453060466555 
0.058445508183866 
0.058437963238932 
0.058430425625571 
0.058422895337157 
0.058415372366617 
0.058407856706440 
0.058400348348675 
0.058392847284931 
0.058385353506384 
0.058377867003774 
0.058370387767414 
0.058362915787188 
0.058355451052556 
0.058347993552556 
0.058340543275814 
0.058333100210540 
0.058325664344536 
0.058318235665201 
0.058310814159537 
0.058303399814147 
0.058295992615251 
0.058288592548681 
0.058281199599896 
0.058273813753979 
0.058266434995652 
0.058259063309273 
0.058251698678851 
0.058244341088047 
0.058236990520185 
0.058229646958254 
0.058222310384919 
0.058214980782529 
0.058207658133120 
0.058200342418428 
0.058193033619894 
0.058185731718671 
0.058178436695633 
0.058171148531384 
0.058163867206265 
0.058156592700363 
0.058149324993518 
0.058142064065334 
0.058134809895186 
0.058127562462226 
0.058120321745396 
0.058113087723434 
0.058105860374885 
0.058098639678105 
0.058091425611275 
0.058084218152408 
0.058077017279353 
0.058069822969813 
0.058062635201346 
0.058055453951375 
0.058048279197202 
0.058041110916008 
0.058033949084869 
0.058026793680759 
0.058019644680566 
0.058012502061090 
0.058005365799061 
0.057998235871141 
0.057991112253936 
0.057983994924003 
0.057976883857858 
0.057969779031982 
0.057962680422834 
0.057955588006854 
0.057948501760474 
0.057941421660122 
0.057934347682234 
0.057927279803261 
0.057920217999671 
0.057913162247964 
0.057906112524672 
0.057899068806373 
0.057892031069691 
0.057884999291310 
0.057877973447974 
0.057870953516498 
0.057863939473772 
0.057856931296771 
0.057849928962558 
0.057842932448288 
0.057835941731221 
0.057828956788722 
0.057821977598269 
0.057815004137457 
0.057808036384008 
0.057801074315769 
0.057794117910724 
0.057787167146995 
0.057780222002849 
0.057773282456703 
0.057766348487127 
0.057759420072849 
0.057752497192761 
0.057745579825922 
0.057738667951561 
0.057731761549085 
0.057724860598077 
0.057717965078305 
0.057711074969724 
0.057704190252477 
0.057697310906903 
0.057690436913535 
0.057683568253107 
0.057676704906557 
0.057669846855025 
0.057662994079861 
0.057656146562626 
0.057649304285093 
0.057642467229251 
0.057635635377304 
0.057628808711677 
0.057621987215017 
0.057615170870192 
0.057608359660294 
0.057601553568643 
0.057594752578783 
0.057587956674490 
0.057581165839764 
0.057574380058841 
0.057567599316183 
0.057560823596486 
0.057554052884678 
0.057547287165919 
0.057540526425602 
0.057533770649351 
0.057527019823026 
0.057520273932717 
0.057513532964747 
0.057506796905673 
0.057500065742280 
0.057493339461588 
0.057486618050845 
0.057479901497527 
0.057473189789342 
0.057466482914222 
0.057459780860328 
0.057453083616043 
0.057446391169975 
0.057439703510955 
0.057433020628032 
0.057426342510474 
0.057419669147768 
0.057413000529613 
0.057406336645922 
0.057399677486818 
0.057393023042634 
0.057386373303906 
0.057379728261377 
0.057373087905989 
0.057366452228883 
0.057359821221397 
0.057353194875060 
0.057346573181594 
0.057339956132906 
0.057333343721088 
0.057326735938414 
0.057320132777337 
0.057313534230483 
0.057306940290651 
0.057300350950809 
0.057293766204091 
0.057287186043789 
0.057280610463357 
0.057274039456404 
0.057267473016687 
0.057260911138113 
0.057254353814734 
0.057247801040741 
0.057241252810460 
0.057234709118354 
0.057228169959012 
0.057221635327149 
0.057215105217603 
0.057208579625330 
0.057202058545396 
0.057195541972983 
0.057189029903375 
0.057182522331960 
0.057176019254226 
0.057169520665753 
0.057163026562214 
0.057156536939369 
0.057150051793061 
0.057143571119211 
0.057137094913819 
0.057130623172954 
0.057124155892755 
0.057117693069424 
0.057111234699226 
0.057104780778480 
0.057098331303561 
0.057091886270893 
0.057085445676947 
0.057079009518235 
0.057072577791309 
0.057066150492758 
0.057059727619202 
0.057053309167293 
0.057046895133704 
0.057040485515132 
0.057034080308297 
0.057027679509931 
0.057021283116782 
0.057014891125605 
0.057008503533164 
0.057002120336228 
0.056995741531564 
0.056989367115941 
0.056982997086122 
0.056976631438863 
0.056970270170912 
0.056963913279002 
0.056957560759855 
0.056951212610172 
0.056944868826640 
0.056938529405918 
0.056932194344647 
0.056925863639438 
0.056919537286875 
0.056913215283513 
0.056906897625875 
0.056900584310449 
0.056894275333687 
0.056887970692004 
0.056881670381777 
0.056875374399341 
0.056869082740989 
0.056862795402970 
0.056856512381487 
0.056850233672698 
0.056843959272712 
0.056837689177590 
0.056831423383340 
0.056825161885923 
0.056818904681242 
0.056812651765152 
0.056806403133449 
0.056800158781876 
0.056793918706119 
0.056787682901808 
0.056781451364514 
0.056775224089752 
0.056769001072974 
0.056762782309575 
0.056756567794891 
0.056750357524195 
0.056744151492700 
0.056737949695557 
0.056731752127857 
0.056725558784626 
0.056719369660831 
0.056713184751374 
0.056707004051094 
0.056700827554770 
0.056694655257114 
0.056688487152778 
0.056682323236350 
0.056676163502354 
0.056670007945250 
0.056663856559438 
0.056657709339252 
0.056651566278965 
0.056645427372785 
0.056639292614860 
0.056633161999274 
0.056627035520047 
0.056620913171140 
0.056614794946449 
0.056608680839812 
0.056602570845002 
0.056596464955733 
0.056590363165660 
0.056584265468372 
0.056578171857405 
0.056572082326229 
0.056565996868258 
0.056559915476846 
0.056553838145290 
0.056547764866826 
0.056541695634636 
0.056535630441840 
0.056529569281505 
0.056523512146641 
0.056517459030199 
0.056511409925079 
0.056505364824121 
0.056499323720115 
0.056493286605794 
0.056487253473839 
0.056481224316877 
0.056475199127481 
0.056469177898175 
0.056463160621428 
0.056457147289662 
0.056451137895244 
0.056445132430493 
0.056439130887678 
0.056433133259019 
0.056427139536687 
0.056421149712806 
0.056415163779452 
0.056409181728654 
0.056403203552393 
0.056397229242607 
0.056391258791188 
0.056385292189980 
0.056379329430786 
0.056373370505363 
0.056367415405427 
0.056361464122650 
0.056355516648660 
0.056349572975048 
0.056343633093360 
0.056337696995102 
0.056331764671740 
0.056325836114702 
0.056319911315377 
0.056313990265113 
0.056308072955223 
0.056302159376981 
0.056296249521626 
0.056290343380360 
0.056284440944347 
0.056278542204722 
0.056272647152579 
0.056266755778981 
0.056260868074959 
0.056254984031509 
0.056249103639596 
0.056243226890153 
0.056237353774083 
0.056231484282256 
0.056225618405515 
0.056219756134673 
0.056213897460513 
0.056208042373791 
0.056202190865236 
0.056196342925550 
0.056190498545407 
0.056184657715458 
0.056178820426327 
0.056172986668615 
0.056167156432898 
0.056161329709730 
0.056155506489642 
0.056149686763143 
0.056143870520721 
0.056138057752843 
0.056132248449958 
0.056126442602492 
0.056120640200855 
0.056114841235441 
0.056109045696621 
0.056103253574756 
0.056097464860185 
0.056091679543237 
0.056085897614222 
0.056080119063441 
0.056074343881177 
0.056068572057703 
0.056062803583280 
0.056057038448158 
0.056051276642577 
0.056045518156765 
0.056039762980945 
0.056034011105330 
0.056028262520123 
0.056022517215525 
0.056016775181729 
0.056011036408920 
0.056005300887282 
0.055999568606996 
0.055993839558235 
0.055988113731176 
0.055982391115989 
0.055976671702847 
0.055970955481921 
0.055965242443383 
0.055959532577409 
0.055953825874173 
0.055948122323856 
0.055942421916639 
0.055936724642712 
0.055931030492266 
0.055925339455501 
0.055919651522622 
0.055913966683844 
0.055908284929388 
0.055902606249486 
0.055896930634379 
0.055891258074317 
0.055885588559565 
0.055879922080398 
0.055874258627104 
0.055868598189986 
0.055862940759361 
0.055857286325559 
0.055851634878928 
0.055845986409834 
0.055840340908658 
0.055834698365800 
0.055829058771680 
0.055823422116736 
0.055817788391427 
0.055812157586233 
0.055806529691657 
0.055800904698223 
0.055795282596478 
0.055789663376994 
0.055784047030368 
0.055778433547220 
0.055772822918198 
0.055767215133976 
0.055761610185255 
0.055756008062764 
0.055750408757261 
0.055744812259533 
0.055739218560395 
0.055733627650694 
0.055728039521310 
0.055722454163151 
0.055716871567159 
0.055711291724308 
0.055705714625607 
0.055700140262095 
0.055694568624850 
0.055688999704982 
0.055683433493637 
0.055677869981998 
0.055672309161283 
0.055666751022748 
0.055661195557685 
0.055655642757425 
0.055650092613337 
0.055644545116829 
0.055639000259347 
0.055633458032377 
0.055627918427446 
0.055622381436120 
0.055616847050005 
0.055611315260750 
0.055605786060043 
0.055600259439616 
0.055594735391240 
0.055589213906731 
0.055583694977946 
0.055578178596785 
0.055572664755190 
0.055567153445148 
0.055561644658689 
0.055556138387883 
0.055550634624850 
0.055545133361748 
0.055539634590784 
0.055534138304205 
0.055528644494304 
0.055523153153420 
0.055517664273934 
0.055512177848272 
0.055506693868906 
0.055501212328352 
0.055495733219169 
0.055490256533964 
0.055484782265386 
0.055479310406128 
0.055473840948931 
0.055468373886578 
0.055462909211896 
0.055457446917759 
0.055451986997083 
0.055446529442828 
0.055441074248001 
0.055435621405649 
0.055430170908865 
0.055424722750786 
0.055419276924591 
0.055413833423503 
0.055408392240787 
0.055402953369753 
0.055397516803751 
0.055392082536174 
0.055386650560457 
0.055381220870079 
0.055375793458558 
0.055370368319452 
0.055364945446361 
0.055359524832929 
0.055354106472834 
0.055348690359798 
0.055343276487581 
0.055337864849982 
0.055332455440839 
0.055327048254030 
0.055321643283466 
0.055316240523101 
0.055310839966923 
0.055305441608957 
0.055300045443264 
0.055294651463941 
0.055289259665122 
0.055283870040971 
0.055278482585693 
0.055273097293521 
0.055267714158725 
0.055262333175605 
0.055256954338497 
0.055251577641765 
0.055246203079806 
0.055240830647049 
0.055235460337952 
0.055230092147003 
0.055224726068718 
0.055219362097643 
0.055214000228354 
0.055208640455450 
0.055203282773561 
0.055197927177342 
0.055192573661473 
0.055187222220662 
0.055181872849640 
0.055176525543161 
0.055171180296005 
0.055165837102974 
0.055160495958893 
0.055155156858608 
0.055149819796989 
0.055144484768923 
0.055139151769319 
0.055133820793107 
0.055128491835235 
0.055123164890668 
0.055117839954392 
0.055112517021407 
0.055107196086733 
0.055101877145405 
0.055096560192473 
0.055091245223002 
0.055085932232073 
0.055080621214780 
0.055075312166231 
0.055070005081545 
0.055064699955857 
0.055059396784309 
0.055054095562058 
0.055048796284271 
0.055043498946123 
0.055038203542802 
0.055032910069501 
0.055027618521425 
0.055022328893786 
0.055017041181802 
0.055011755380700 
0.055006471485711 
0.055001189492075 
0.054995909395036 
0.054990631189842 
0.054985354871746 
0.054980080436005 
0.054974807877880 
0.054969537192635 
0.054964268375534 
0.054959001421846 
0.054953736326841 
0.054948473085788 
0.054943211693959 
0.054937952146625 
0.054932694439057 
0.054927438566524 
0.054922184524297 
0.054916932307641 
0.054911681911822 
0.054906433332103 
0.054901186563744 
0.054895941602000 
0.054890698442126 
0.054885457079368 
0.054880217508971 
0.054874979726174 
0.054869743726210 
0.054864509504308 
0.054859277055691 
0.054854046375572 
0.054848817459160 
0.054843590301656 
0.054838364898255 
0.054833141244142 
0.054827919334494 
0.054822699164481 
0.054817480729261 
0.054812264023986 
0.054807049043796 
0.054801835783822 
0.054796624239185 
0.054791414404993 
0.054786206276347 
0.054780999848332 
0.054775795116026 
0.054770592074492 
0.054765390718783 
0.054760191043936 
0.054754993044979 
0.054749796716924 
0.054744602054772 
0.054739409053509 
0.054734217708107 
0.054729028013523 
0.054723839964702 
0.054718653556572 
0.054713468784045 
0.054708285642021 
0.054703104125383 
0.054697924228995 
0.054692745947709 
0.054687569276359 
0.054682394209762 
0.054677220742719 
0.054672048870013 
0.054666878586410 
0.054661709886659 
0.054656542765489 
0.054651377217613 
0.054646213237725 
0.054641050820501 
0.054635889960596 
0.054630730652649 
0.054625572891277 
0.054620416671079 
0.054615261986633 
0.054610108832500 
0.054604957203217 
0.054599807093303 
0.054594658497255 
0.054589511409552 
0.054584365824648 
0.054579221736979 
0.054574079140957 
0.054568938030976 
0.054563798401403 
0.054558660246588 
0.054553523560855 
0.054548388338509 
0.054543254573830 
0.054538122261075 
0.054532991394480 
0.054527861968255 
0.054522733976591 
0.054517607413650 
0.054512482273576 
0.054507358550485 
0.054502236238471 
0.054497115331602 
0.054491995823924 
0.054486877709457 
0.054481760982197 
0.054476645636114 
0.054471531665156 
0.054466419063242 
0.054461307824268 
0.054456197942106 
0.054451089410600 
0.054445982223568 
0.054440876374805 
0.054435771858079 
0.054430668667131 
0.054425566795676 
0.054420466237404 
0.054415366985979 
0.054410269035037 
0.054405172378189 
0.054400077009019 
0.054394982921083 
0.054389890107913 
0.054384798563011 
0.054379708279856 
0.054374619251896 
0.054369531472556 
0.054364444935232 
0.054359359633292 
0.054354275560080 
0.054349192708909 
0.054344111073069 
0.054339030645820 
0.054333951420396 
0.054328873390005 
0.054323796547826 
0.054318720887011 
0.054313646400689 
0.054308573081957 
0.054303500923887 
0.054298429919525 
0.054293360061890 
0.054288291343974 
0.054283223758741 
0.054278157299132 
0.054273091958059 
0.054268027728408 
0.054262964603040 
0.054257902574789 
0.054252841636464 
0.054247781780847 
0.054242723000696 
0.054237665288743 
0.054232608637697 
0.054227553040237 
0.054222498489024 
0.054217444976690 
0.054212392495843 
0.054207341039069 
0.054202290598930 
0.054197241167964 
0.054192192738686 
0.054187145303590 
0.054182098855144 
0.054177053385797 
0.054172008887975 
0.054166965354085 
0.054161922776509 
0.054156881147611 
0.054151840459735 
0.054146800705205 
0.054141761876325 
0.054136723965381 
0.054131686964641 
0.054126650866355 
0.054121615662754 
0.054116581346055 
0.054111547908456 
0.054106515342142 
0.054101483639281 
0.054096452792028 
0.054091422792522 
0.054086393632890 
0.054081365305248 
0.054076337801696 
0.054071311114326 
0.054066285235219 
0.054061260156444 
0.054056235870063 
0.054051212368129 
0.054046189642687 
0.054041167685776 
0.054036146489426 
0.054031126045667 
0.054026106346518 
0.054021087384000 
0.054016069150130 
0.054011051636920 
0.054006034836384 
0.054001018740536 
0.053996003341390 
0.053990988630962 
0.053985974601270 
0.053980961244338 
0.053975948552193 
0.053970936516868 
0.053965925130405 
0.053960914384852 
0.053955904272265 
0.053950894784713 
0.053945885914274 
0.053940877653040 
0.053935869993116 
0.053930862926622 
0.053925856445692 
0.053920850542479 
0.053915845209155 
0.053910840437909 
0.053905836220953 
0.053900832550520 
0.053895829418865 
0.053890826818271 
0.053885824741043 
0.053880823179516 
0.053875822126053 
0.053870821573045 
0.053865821512916 
0.053860821938123 
0.053855822841156 
0.053850824214540 
0.053845826050836 
0.053840828342646 
0.053835831082609 
0.053830834263407 
0.053825837877761 
0.053820841918439 
0.053815846378254 
0.053810851250067 
0.053805856526782 
0.053800862201359 
0.053795868266806 
0.053790874716183 
0.053785881542607 
0.053780888739249 
0.053775896299338 
0.053770904216161 
0.053765912483066 
0.053760921093461 
0.053755930040821 
0.053750939318681 
0.053745948920647 
0.053740958840390 
0.053735969071651 
0.053730979608242 
0.053725990444048 
0.053721001573027 
0.053716012989214 
0.053711024686716 
0.053706036659726 
0.053701048902510 
0.053696061409419 
0.053691074174888 
0.053686087193432 
0.053681100459656 
0.053676113968249 
0.053671127713990 
0.053666141691747 
0.053661155896482 
0.053656170323248 
0.053651184967191 
0.053646199823554 
0.053641214887678 
0.053636230154998 
0.053631245621055 
0.053626261281486 
0.053621277132030 
0.053616293168532 
0.053611309386939 
0.053606325783305 
0.053601342353790 
0.053596359094664 
0.053591376002304 
0.053586393073199 
0.053581410303948 
0.053576427691262 
0.053571445231967 
0.053566462923004 
0.053561480761426 
0.053556498744406 
0.053551516869231 
0.053546535133310 
0.053541553534166 
0.053536572069446 
0.053531590736915 
0.053526609534460 
0.053521628460090 
0.053516647511937 
0.053511666688254 
0.053506685987421 
0.053501705407940 
0.053496724948438 
0.053491744607668 
0.053486764384508 
0.053481784277963 
0.053476804287165 
0.053471824411370 
0.053466844649964 
0.053461865002459 
0.053456885468494 
0.053451906047836 
0.053446926740381 
0.053441947546149 
0.053436968465293 
0.053431989498089 
0.053427010644945 
0.053422031906391 
0.053417053283090 
0.053412074775829 
0.053407096385522 
0.053402118113210 
0.053397139960062 
0.053392161927369 
0.053387184016551 
0.053382206229152 
0.053377228566840 
0.053372251031407 
0.053367273624768 
0.053362296348961 
0.053357319206146 
0.053352342198605 
0.053347365328738 
0.053342388599067 
0.053337412012232 
0.053332435570991 
0.053327459278219 
0.053322483136906 
0.053317507150159 
0.053312531321195 
0.053307555653348 
0.053302580150060 
0.053297604814886 
0.053292629651489 
0.053287654663641 
0.053282679855218 
0.053277705230204 
0.053272730792686 
0.053267756546854 
0.053262782496998 
0.053257808647507 
0.053252835002872 
0.053247861567676 
0.053242888346600 
0.053237915344416 
0.053232942565991 
0.053227970016280 
0.053222997700326 
0.053218025623261 
0.053213053790300 
0.053208082206743 
0.053203110877971 
0.053198139809444 
0.053193169006700 
0.053188198475356 
0.053183228221099 
0.053178258249692 
0.053173288566966 
0.053168319178823 
0.053163350091229 
0.053158381310217 
0.053153412841881 
0.053148444692379 
0.053143476867924 
0.053138509374789 
0.053133542219300 
0.053128575407837 
0.053123608946830 
0.053118642842759 
0.053113677102150 
0.053108711731574 
0.053103746737647 
0.053098782127021 
0.053093817906393 
0.053088854082491 
0.053083890662082 
0.053078927651963 
0.053073965058963 
0.053069002889939 
0.053064041151776 
0.053059079851383 
0.053054118995690 
0.053049158591649 
0.053044198646232 
0.053039239166425 
0.053034280159231 
0.053029321631664 
0.053024363590750 
0.053019406043523 
0.053014448997024 
0.053009492458300 
0.053004536434400 
0.052999580932375 
0.052994625959274 
0.052989671522145 
0.052984717628030 
0.052979764283967 
0.052974811496983 
0.052969859274099 
0.052964907622321 
0.052959956548644 
0.052955006060046 
0.052950056163491 
0.052945106865920 
0.052940158174259 
0.052935210095409 
0.052930262636249 
0.052925315803631 
0.052920369604384 
0.052915424045305 
0.052910479133163 
0.052905534874697 
0.052900591276611 
0.052895648345577 
0.052890706088229 
0.052885764511166 
0.052880823620947 
0.052875883424092 
0.052870943927082 
0.052866005136351 
0.052861067058292 
0.052856129699254 
0.052851193065537 
0.052846257163395 
0.052841321999033 
0.052836387578607 
0.052831453908220 
0.052826520993925 
0.052821588841720 
0.052816657457550 
0.052811726847304 
0.052806797016814 
0.052801867971858 
0.052796939718150 
0.052792012261350 
0.052787085607055 
0.052782159760802 
0.052777234728065 
0.052772310514256 
0.052767387124722 
0.052762464564748 
0.052757542839553 
0.052752621954290 
0.052747701914042 
0.052742782723830 
0.052737864388604 
0.052732946913246 
0.052728030302568 
0.052723114561312 
0.052718199694150 
0.052713285705683 
0.052708372600440 
0.052703460382878 
0.052698549057381 
0.052693638628259 
0.052688729099751 
0.052683820476018 
0.052678912761150 
0.052674005959160 
0.052669100073986 
0.052664195109491 
0.052659291069461 
0.052654387957607 
0.052649485777562 
0.052644584532882 
0.052639684227045 
0.052634784863454 
0.052629886445433 
0.052624988976227 
0.052620092459005 
0.052615196896853 
0.052610302292784 
0.052605408649729 
0.052600515970541 
0.052595624257993 
0.052590733514780 
0.052585843743518 
0.052580954946741 
0.052576067126907 
0.052571180286393 
0.052566294427495 
0.052561409552431 
0.052556525663339 
0.052551642762278 
0.052546760851225 
0.052541879932080 
0.052537000006662 
0.052532121076711 
0.052527243143886 
0.052522366209768 
0.052517490275857 
0.052512615343575 
0.052507741414263 
0.052502868489185 
0.052497996569524 
0.052493125656383 
0.052488255750789 
0.052483386853688 
0.052478518965948 
0.052473652088357 
0.052468786221626 
0.052463921366388 
0.052459057523196 
0.052454194692526 
0.052449332874778 
0.052444472070270 
0.052439612279247 
0.052434753501874 
0.052429895738239 
0.052425038988354 
0.052420183252154 
0.052415328529498 
0.052410474820167 
0.052405622123868 
0.052400770440229 
0.052395919768807 
0.052391070109080 
0.052386221460452 
0.052381373822252 
0.052376527193735 
0.052371681574079 
0.052366836962392 
0.052361993357704 
0.052357150758974 
0.052352309165086 
0.052347468574851 
0.052342628987009 
0.052337790400225 
0.052332952813093 
0.052328116224135 
0.052323280631799 
0.052318446034465 
0.052313612430439 
0.052308779817958 
0.052303948195186 
0.052299117560220 
0.052294287911082 
0.052289459245730 
0.052284631562049 
0.052279804857854 
0.052274979130895 
0.052270154378849 
0.052265330599327 
0.052260507789873 
0.052255685947961 
0.052250865070998 
0.052246045156326 
0.052241226201218 
0.052236408202882 
0.052231591158458 
0.052226775065022 
0.052221959919585 
0.052217145719090 
0.052212332460417 
0.052207520140382 
0.052202708755736 
0.052197898303166 
0.052193088779294 
0.052188280180682 
0.052183472503826 
0.052178665745160 
0.052173859901059 
0.052169054967830 
0.052164250941722 
0.052159447818924 
0.052154645595560 
0.052149844267697 
0.052145043831338 
0.052140244282430 
0.052135445616857 
0.052130647830446 
0.052125850918962 
0.052121054878114 
0.052116259703551 
0.052111465390866 
0.052106671935592 
0.052101879333204 
0.052097087579123 
0.052092296668712 
0.052087506597275 
0.052082717360063 
0.052077928952271 
0.052073141369036 
0.052068354605444 
0.052063568656522 
0.052058783517246 
0.052053999182536 
0.052049215647258 
0.052044432906225 
0.052039650954200 
0.052034869785887 
0.052030089395944 
0.052025309778972 
0.052020530929522 
0.052015752842096 
0.052010975511141 
0.052006198931056 
0.052001423096188 
0.051996648000835 
0.051991873639246 
0.051987100005618 
0.051982327094101 
0.051977554898795 
0.051972783413754 
0.051968012632982 
0.051963242550435 
0.051958473160023 
0.051953704455609 
0.051948936431008 
0.051944169079988 
0.051939402396275 
0.051934636373546 
0.051929871005432 
0.051925106285521 
0.051920342207356 
0.051915578764436 
0.051910815950214 
0.051906053758102 
0.051901292181466 
0.051896531213632 
0.051891770847880 
0.051887011077451 
0.051882251895542 
0.051877493295309 
0.051872735269865 
0.051867977812284 
0.051863220915600 
0.051858464572805 
0.051853708776850 
0.051848953520648 
0.051844198797074 
0.051839444598960 
0.051834690919103 
0.051829937750260 
0.051825185085149 
0.051820432916452 
0.051815681236812 
0.051810930038836 
0.051806179315094 
0.051801429058119 
0.051796679260408 
0.051791929914421 
0.051787181012586 
0.051782432547290 
0.051777684510891 
0.051772936895707 
0.051768189694026 
0.051763442898099 
0.051758696500145 
0.051753950492347 
0.051749204866858 
0.051744459615795 
0.051739714731245 
0.051734970205260 
0.051730226029861 
0.051725482197040 
0.051720738698752 
0.051715995526924 
0.051711252673452 
0.051706510130199 
0.051701767889002 
0.051697025941662 
0.051692284279955 
0.051687542895623 
0.051682801780381 
0.051678060925914 
0.051673320323878 
0.051668579965900 
0.051663839843579 
0.051659099948484 
0.051654360272158 
0.051649620806114 
0.051644881541838 
0.051640142470789 
0.051635403584398 
0.051630664874068 
0.051625926331177 
0.051621187947074 
0.051616449713082 
0.051611711620499 
0.051606973660594 
0.051602235824613 
0.051597498103772 
0.051592760489264 
0.051588022972256 
0.051583285543889 
0.051578548195277 
0.051573810917510 
0.051569073701653 
0.051564336538745 
0.051559599419799 
0.051554862335807 
0.051550125277730 
0.051545388236508 
0.051540651203056 
0.051535914168263 
0.051531177122994 
0.051526440058088 
0.051521702964362 
0.051516965832606 
0.051512228653585 
0.051507491418042 
0.051502754116692 
0.051498016740228 
0.051493279279316 
0.051488541724600 
0.051483804066696 
0.051479066296197 
0.051474328403670 
0.051469590379660 
0.051464852214681 
0.051460113899228 
0.051455375423767 
0.051450636778739 
0.051445897954559 
0.051441158941619 
0.051436419730280 
0.051431680310883 
0.051426940673738 
0.051422200809129 
0.051417460707316 
0.051412720358529 
0.051407979752974 
0.051403238880826 
0.051398497732234 
0.051393756297320 
0.051389014566176 
0.051384272528868 
0.051379530175429 
0.051374787495866 
0.051370044480155 
0.051365301118243 
0.051360557400046 
0.051355813315450 
0.051351068854310 
0.051346324006447 
0.051341578761653 
0.051336833109686 
0.051332087040271 
0.051327340543101 
0.051322593607834 
0.051317846224094 
0.051313098381469 
0.051308350069512 
0.051303601277741 
0.051298851995635 
0.051294102212639 
0.051289351918156 
0.051284601101553 
0.051279849752159 
0.051275097859259 
0.051270345412101 
0.051265592399891 
0.051260838811791 
0.051256084636922 
0.051251329864361 
0.051246574483140 
0.051241818482247 
0.051237061850623 
0.051232304577160 
0.051227546650707 
0.051222788060061 
0.051218028793969 
0.051213268841129 
0.051208508190188 
0.051203746829737 
0.051198984748318 
0.051194221934415 
0.051189458376458 
0.051184694062820 
0.051179928981815 
0.051175163121702 
0.051170396470675 
0.051165629016869 
0.051160860748358 
0.051156091653151 
0.051151321719190 
0.051146550934356 
0.051141779286458 
0.051137006763239 
0.051132233352369 
0.051127459041451 
0.051122683818011 
0.051117907669504 
0.051113130583307 
0.051108352546721 
0.051103573546969 
0.051098793571193 
0.051094012606453 
0.051089230639727 
0.051084447657908 
0.051079663647802 
0.051074878596127 
0.051070092489512 
0.051065305314493 
0.051060517057515 
0.051055727704927 
0.051050937242981 
0.051046145657831 
0.051041352935529 
0.051036559062029 
0.051031764023176 
0.051026967804711 
0.051022170392268 
0.051017371771370 
0.051012571927427 
0.051007770845735 
0.051002968511476 
0.050998164909712 
0.050993360025385 
0.050988553843313 
0.050983746348192 
0.050978937524588 
0.050974127356940 
0.050969315829553 
0.050964502926599 
0.050959688632115 
0.050954872929997 
0.050950055804002 
0.050945237237741 
0.050940417214680 
0.050935595718137 
0.050930772731278 
0.050925948237113 
0.050921122218499 
0.050916294658131 
0.050911465538543 
0.050906634842104 
0.050901802551017 
0.050896968647312 
0.050892133112848 
0.050887295929306 
0.050882457078189 
0.050877616540818 
0.050872774298327 
0.050867930331665 
0.050863084621588 
0.050858237148656 
0.050853387893235 
0.050848536835488 
0.050843683955373 
0.050838829232642 
0.050833972646836 
0.050829114177282 
0.050824253803091 
0.050819391503148 
0.050814527256119 
0.050809661040438 
0.050804792834311 
0.050799922615704 
0.050795050362346 
0.050790176051726 
0.050785299661081 
0.050780421167402 
0.050775540547423 
0.050770657777621 
0.050765772834210 
0.050760885693138 
0.050755996330082 
0.050751104720444 
0.050746210839349 
0.050741314661637 
0.050736416161863 
0.050731515314287 
0.050726612092875 
0.050721706471292 
0.050716798422899 
0.050711887920745 
0.050706974937566 
0.050702059445779 
0.050697141417479 
0.050692220824427 
0.050687297638056 
0.050682371829459 
0.050677443369384 
0.050672512228231 
0.050667578376049 
0.050662641782524 
0.050657702416982 
0.050652760248376 
0.050647815245286 
0.050642867375912 
0.050637916608067 
0.050632962909174 
0.050628006246258 
0.050623046585939 
0.050618083894432 
0.050613118137535 
0.050608149280626 
0.050603177288656 
0.050598202126144 
0.050593223757168 
0.050588242145361 
0.050583257253905 
0.050578269045525 
0.050573277482477 
0.050568282526548 
0.050563284139047 
0.050558282280796 
0.050553276912126 
0.050548267992870 
0.050543255482350 
0.050538239339380 
0.050533219522248 
0.050528195988717 
0.050523168696012 
0.050518137600817 
0.050513102659262 
0.050508063826917 
0.050503021058787 
0.050497974309301 
0.050492923532302 
0.050487868681045 
0.050482809708182 
0.050477746565755 
0.050472679205190 
0.050467607577287 
0.050462531632208 
0.050457451319472 
0.050452366587942 
0.050447277385821 
0.050442183660635 
0.050437085359232 
0.050431982427763 
0.050426874811679 
0.050421762455719 
0.050416645303896 
0.050411523299495 
0.050406396385051 
0.050401264502350 
0.050396127592408 
0.050390985595466 
0.050385838450978 
0.050380686097597 
0.050375528473166 
0.050370365514704 
0.050365197158394 
0.050360023339574 
0.050354843992722 
0.050349659051441 
0.050344468448452 
0.050339272115576 
0.050334069983723 
0.050328861982877 
0.050323648042084 
0.050318428089439 
0.050313202052068 
0.050307969856115 
0.050302731426730 
0.050297486688051 
0.050292235563189 
0.050286977974217 
0.050281713842147 
0.050276443086920 
0.050271165627387 
0.050265881381294 
0.050260590265264 
0.050255292194779 
0.050249987084166 
0.050244674846575 
0.050239355393967 
0.050234028637089 
0.050228694485460 
0.050223352847350 
0.050218003629761 
0.050212646738410 
0.050207282077704 
0.050201909550727 
0.050196529059213 
0.050191140503528 
0.050185743782647 
0.050180338794138 
0.050174925434132 
0.050169503597309 
0.050164073176868 
0.050158634064509 
0.050153186150409 
0.050147729323198 
0.050142263469935 
0.050136788476084 
0.050131304225491 
0.050125810600355 
0.050120307481209 
0.050114794746890 
0.050109272274515 
0.050103739939456 
0.050098197615313 
0.050092645173887 
0.050087082485155 
0.050081509417243 
0.050075925836400 
0.050070331606969 
0.050064726591361 
0.050059110650030 
0.050053483641444 
0.050047845422058 
0.050042195846291 
0.050036534766495 
0.050030862032931 
0.050025177493742 
0.050019480994932 
0.050013772380336 
0.050008051491597 
0.050002318168144 
0.049996572247171 
0.049990813563612 
0.049985041950121 
0.049979257237056 
0.049973459252459 
0.049967647822039 
0.049961822769163 
0.049955983914837 
0.049950131077699 
0.049944264074016 
0.049938382717674 
0.049932486820177 
0.049926576190654 
0.049920650635858 
0.049914709960183 
0.049908753965669 
0.049902782452033 
0.049896795216682 
0.049890792054751 
0.049884772759134 
0.049878737120530 
0.049872684927494 
0.049866615966491 
0.049860530021965 
0.049854426876416 
0.049848306310483 
0.049842168103040 
0.049836012031302 
0.049829837870944 
0.049823645396233 
0.049817434380173 
0.049811204594663 
0.049804955810669 
0.049798687798418 
0.049792400327605 
0.049786093167612 
0.049779766087761 
0.049773418857568 
0.049767051247034 
0.049760663026946 
0.049754253969208 
0.049747823847190 
0.049741372436103 
0.049734899513400 
0.049728404859199 
0.049721888256739 
0.049715349492853 
0.049708788358473 
0.049702204649169 
0.049695598165700 
0.049688968714606 
0.049682316108822 
0.049675640168318 
0.049668940720767 
0.049662217602240 
0.049655470657919 
0.049648699742839 
0.049641904722652 
0.049635085474404 
0.049628241887336 
0.049621373863691 
0.049614481319548 
0.049607564185644 
0.049600622408220 
0.049593655949854 
0.049586664790300 
0.049579648927319 
0.049572608377490 
0.049565543177016 
0.049558453382496 
0.049551339071683 
0.049544200344201 
0.049537037322224 
0.049529850151123 
0.049522639000047 
0.049515404062474 
0.049508145556686 
0.049500863726191 
0.049493558840081 
0.049486231193309 
0.049478881106916 
0.049471508928157 
0.049464115030570 
0.049456699813957 
0.049449263704291 
0.049441807153541 
0.049434330639422 
0.049426834665066 
0.049419319758624 
0.049411786472787 
0.049404235384252 
0.049396667093109 
0.049389082222176 
0.049381481416282 
0.049373865341488 
0.049366234684268 
0.049358590150654 
0.049350932465335 
0.049343262370734 
0.049335580626052 
0.049327888006296 
0.049320185301284 
0.049312473314644 
0.049304752862796 
0.049297024773928 
0.049289289886972 
0.049281549050570 
0.049273803122045 
0.049266052966372 
0.049258299455143 
0.049250543465543 
0.049242785879320 
0.049235027581765 
0.049227269460681 
0.049219512405369 
0.049211757305605 
0.049204005050616 
0.049196256528072 
0.049188512623063 
0.049180774217086 
0.049173042187038 
0.049165317404205 
0.049157600733262 
0.049149893031277 
0.049142195146729 
0.049134507918527 
0.049126832175056 
0.049119168733228 
0.049111518397562 
0.049103881959280 
0.049096260195431 
0.049088653868049 
0.049081063723338 
0.049073490490896 
0.049065934882978 
0.049058397593802 
0.049050879298902 
0.049043380654524 
0.049035902297077 
0.049028444842636 
0.049021008886496 
0.049013595002784 
0.049006203744127 
0.048998835641373 
0.048991491203378 
0.048984170916838 
0.048976875246187 
0.048969604633545 
0.048962359498717 
0.048955140239255 
0.048947947230560 
0.048940780826038 
0.048933641357297 
0.048926529134397 
0.048919444446131 
0.048912387560347 
0.048905358724308 
0.048898358165086 
0.048891386089976 
0.048884442686945 
0.048877528125105 
0.048870642555198 
0.048863786110107 
0.048856958905379 
0.048850161039760 
0.048843392595735 
0.048836653640089 
0.048829944224453 
0.048823264385873 
0.048816614147359 
0.048809993518454 
0.048803402495782 
0.048796841063601 
0.048790309194347 
0.048783806849169 
0.048777333978460 
0.048770890522372 
0.048764476411324 
0.048758091566503 
0.048751735900336 
0.048745409316974 
0.048739111712740 
0.048732842976574 
0.048726602990469 
0.048720391629878 
0.048714208764122 
0.048708054256771 
0.048701927966021 
0.048695829745051 
0.048689759442365 
0.048683716902125 
0.048677701964462 
0.048671714465783 
0.048665754239059 
0.048659821114098 
0.048653914917814 
0.048648035474471 
0.048642182605925 
0.048636356131852 
0.048630555869961 
0.048624781636203 
0.048619033244957 
0.048613310509224 
0.048607613240791 
0.048601941250405 
0.048596294347922 
0.048590672342456 
0.048585075042519 
0.048579502256147 
0.048573953791030 
0.048568429454623 
0.048562929054252 
0.048557452397226 
0.048551999290922 
0.048546569542881 
0.048541162960893 
0.048535779353071 
0.048530418527930 
0.048525080294452 
0.048519764462154 
0.048514470841143 
0.048509199242177 
0.048503949476712 
0.048498721356955 
0.048493514695907 
0.048488329307400 
0.048483165006145 
0.048478021607758 
0.048472898928797 
0.048467796786792 
0.048462715000273 
0.048457653388793 
0.048452611772954 
0.048447589974426 
0.048442587815969 
0.048437605121447 
0.048432641715846 
0.048427697425287 
0.048422772077041 
0.048417865499538 
0.048412977522376 
0.048408107976336 
0.048403256693382 
0.048398423506671 
0.048393608250559 
0.048388810760607 
0.048384030873581 
0.048379268427459 
0.048374523261430 
0.048369795215898 
0.048365084132481 
0.048360389854015 
0.048355712224546 
0.048351051089340 
0.048346406294871 
0.048341777688828 
0.048337165120107 
0.048332568438810 
0.048327987496244 
0.048323422144914 
0.048318872238524 
0.048314337631969 
0.048309818181333 
0.048305313743885 
0.048300824178072 
0.048296349343516 
0.048291889101008 
0.048287443312504 
0.048283011841120 
0.048278594551123 
0.048274191307929 
0.048269801978095 
0.048265426429315 
0.048261064530412 
0.048256716151331 
0.048252381163137 
0.048248059438006 
0.048243750849216 
0.048239455271147 
0.048235172579267 
0.048230902650131 
0.048226645361373 
0.048222400591697 
0.048218168220875 
0.048213948129734 
0.048209740200155 
0.048205544315063 
0.048201360358422 
0.048197188215227 
0.048193027771496 
0.048188878914267 
0.048184741531587 
0.048180615512509 
0.048176500747080 
0.048172397126340 
0.048168304542312 
0.048164222887995 
0.048160152057358 
0.048156091945333 
0.048152042447808 
0.048148003461622 
0.048143974884553 
0.048139956615318 
0.048135948553563 
0.048131950599854 
0.048127962655676 
0.048123984623420 
0.048120016406381 
0.048116057908748 
0.048112109035600 
0.048108169692899 
0.048104239787482 
0.048100319227054 
0.048096407920186 
0.048092505776301 
0.048088612705674 
0.048084728619423 
0.048080853429503 
0.048076987048697 
0.048073129390614 
0.048069280369681 
0.048065439901134 
0.048061607901016 
0.048057784286167 
0.048053968974220 
0.048050161883594 
0.048046362933488 
0.048042572043875 
0.048038789135493 
0.048035014129846 
0.048031246949188 
0.048027487516529 
0.048023735755615 
0.048019991590935 
0.048016254947706 
0.048012525751871 
0.048008803930094 
0.048005089409750 
0.048001382118926 
0.047997681986405 
0.047993988941672 
0.047990302914898 
0.047986623836941 
0.047982951639338 
0.047979286254298 
0.047975627614699 
0.047971975654080 
0.047968330306637 
0.047964691507218 
0.047961059191315 
0.047957433295061 
0.047953813755224 
0.047950200509199 
0.047946593495008 
0.047942992651288 
0.047939397917292 
0.047935809232880 
0.047932226538514 
0.047928649775253 
0.047925078884751 
0.047921513809246 
0.047917954491559 
0.047914400875088 
0.047910852903803 
0.047907310522241 
0.047903773675499 
0.047900242309233 
0.047896716369650 
0.047893195803503 
0.047889680558090 
0.047886170581242 
0.047882665821326 
0.047879166227236 
0.047875671748388 
0.047872182334716 
0.047868697936668 
0.047865218505203 
0.047861743991782 
0.047858274348365 
0.047854809527409 
0.047851349481861 
0.047847894165155 
0.047844443531204 
0.047840997534402 
0.047837556129612 
0.047834119272170 
0.047830686917872 
0.047827259022975 
0.047823835544195 
0.047820416438694 
0.047817001664085 
0.047813591178422 
0.047810184940198 
0.047806782908342 
0.047803385042214 
0.047799991301597 
0.047796601646701 
0.047793216038151 
0.047789834436990 
0.047786456804668 
0.047783083103045 
0.047779713294381 
0.047776347341336 
0.047772985206967 
0.047769626854721 
0.047766272248432 
0.047762921352319 
0.047759574130981 
0.047756230549393 
0.047752890572904 
0.047749554167231 
0.047746221298458 
0.047742891933030 
0.047739566037753 
0.047736243579785 
0.047732924526638 
0.047729608846171 
0.047726296506589 
0.047722987476438 
0.047719681724602 
0.047716379220300 
0.047713079933082 
0.047709783832827 
0.047706490889738 
0.047703201074341 
0.047699914357481 
0.047696630710316 
0.047693350104318 
0.047690072511269 
0.047686797903256 
0.047683526252670 
0.047680257532200 
0.047676991714834 
0.047673728773854 
0.047670468682833 
0.047667211415630 
0.047663956946393 
0.047660705249551 
0.047657456299811 
0.047654210072159 
0.047650966541853 
0.047647725684425 
0.047644487475674 
0.047641251891663 
0.047638018908721 
0.047634788503436 
0.047631560652654 
0.047628335333475 
0.047625112523255 
0.047621892199596 
0.047618674340350 
0.047615458923612 
0.047612245927722 
0.047609035331257 
0.047605827113033 
0.047602621252102 
0.047599417727747 
0.047596216519482 
0.047593017607049 
0.047589820970414 
0.047586626589769 
0.047583434445524 
0.047580244518311 
0.047577056788975 
0.047573871238577 
0.047570687848391 
0.047567506599897 
0.047564327474787 
0.047561150454955 
0.047557975522502 
0.047554802659726 
0.047551631849126 
0.047548463073400 
0.047545296315438 
0.047542131558324 
0.047538968785334 
0.047535807979932 
0.047532649125770 
0.047529492206682 
0.047526337206690 
0.047523184109994 
0.047520032900974 
0.047516883564187 
0.047513736084367 
0.047510590446421 
0.047507446635428 
0.047504304636637 
0.047501164435465 
0.047498026017497 
0.047494889368482 
0.047491754474331 
0.047488621321119 
0.047485489895079 
0.047482360182603 
0.047479232170237 
0.047476105844685 
0.047472981192802 
0.047469858201596 
0.047466736858224 
0.047463617149991 
0.047460499064350 
0.047457382588897 
0.047454267711375 
0.047451154419666 
0.047448042701794 
0.047444932545922 
0.047441823940350 
0.047438716873518 
0.047435611333995 
0.047432507310487 
0.047429404791832 
0.047426303766996 
0.047423204225076 
0.047420106155298 
0.047417009547012 
0.047413914389694 
0.047410820672944 
0.047407728386484 
0.047404637520158 
0.047401548063927 
0.047398460007875 
0.047395373342199 
0.047392288057216 
0.047389204143353 
0.047386121591155 
0.047383040391276 
0.047379960534484 
0.047376882011654 
0.047373804813772 
0.047370728931930 
0.047367654357328 
0.047364581081268 
0.047361509095161 
0.047358438390516 
0.047355368958947 
0.047352300792167 
0.047349233881991 
0.047346168220328 
0.047343103799191 
0.047340040610683 
0.047336978647006 
0.047333917900455 
0.047330858363420 
0.047327800028380 
0.047324742887908 
0.047321686934667 
0.047318632161407 
0.047315578560969 
0.047312526126279 
0.047309474850351 
0.047306424726283 
0.047303375747258 
0.047300327906543 
0.047297281197487 
0.047294235613519 
0.047291191148152 
0.047288147794975 
0.047285105547659 
0.047282064399951 
0.047279024345676 
0.047275985378735 
0.047272947493104 
0.047269910682833 
0.047266874942048 
0.047263840264944 
0.047260806645792 
0.047257774078930 
0.047254742558771 
0.047251712079793 
0.047248682636545 
0.047245654223643 
0.047242626835772 
0.047239600467680 
0.047236575114183 
0.047233550770161 
0.047230527430558 
0.047227505090381 
0.047224483744699 
0.047221463388645 
0.047218444017410 
0.047215425626246 
0.047212408210467 
0.047209391765443 
0.047206376286603 
0.047203361769433 
0.047200348209475 
0.047197335602331 
0.047194323943653 
0.047191313229150 
0.047188303454585 
0.047185294615775 
0.047182286708588 
0.047179279728944 
0.047176273672816 
0.047173268536224 
0.047170264315244 
0.047167261005995 
0.047164258604649 
0.047161257107424 
0.047158256510587 
0.047155256810449 
0.047152258003370 
0.047149260085755 
0.047146263054053 
0.047143266904759 
0.047140271634411 
0.047137277239589 
0.047134283716919 
0.047131291063064 
0.047128299274734 
0.047125308348677 
0.047122318281680 
0.047119329070573 
0.047116340712224 
0.047113353203539 
0.047110366541463 
0.047107380722979 
0.047104395745105 
0.047101411604899 
0.047098428299451 
0.047095445825890 
0.047092464181379 
0.047089483363113 
0.047086503368325 
0.047083524194280 
0.047080545838274 
0.047077568297638 
0.047074591569733 
0.047071615651954 
0.047068640541725 
0.047065666236501 
0.047062692733767 
0.047059720031038 
0.047056748125858 
0.047053777015800 
0.047050806698464 
0.047047837171480 
0.047044868432503 
0.047041900479215 
0.047038933309327 
0.047035966920573 
0.047033001310715 
0.047030036477538 
0.047027072418853 
0.047024109132495 
0.047021146616322 
0.047018184868218 
0.047015223886087 
0.047012263667858 
0.047009304211480 
0.047006345514925 
0.047003387576188 
0.047000430393282 
0.046997473964243 
0.046994518287127 
0.046991563360009 
0.046988609180984 
0.046985655748165 
0.046982703059687 
0.046979751113700 
0.046976799908375 
0.046973849441897 
0.046970899712472 
0.046967950718321 
0.046965002457682 
0.046962054928810 
0.046959108129976 
0.046956162059466 
0.046953216715581 
0.046950272096638 
0.046947328200967 
0.046944385026916 
0.046941442572843 
0.046938500837121 
0.046935559818138 
0.046932619514293 
0.046929679923998 
0.046926741045680 
0.046923802877774 
0.046920865418732 
0.046917928667013 
0.046914992621091 
0.046912057279447 
0.046909122640577 
0.046906188702985 
0.046903255465186 
0.046900322925705 
0.046897391083077 
0.046894459935845 
0.046891529482563 
0.046888599721793 
0.046885670652106 
0.046882742272081 
0.046879814580306 
0.046876887575376 
0.046873961255894 
0.046871035620471 
0.046868110667725 
0.046865186396280 
0.046862262804769 
0.046859339891830 
0.046856417656107 
0.046853496096252 
0.046850575210919 
0.046847654998774 
0.046844735458483 
0.046841816588719 
0.046838898388161 
0.046835980855492 
0.046833063989400 
0.046830147788579 
0.046827232251723 
0.046824317377535 
0.046821403164720 
0.046818489611987 
0.046815576718047 
0.046812664481618 
0.046809752901417 
0.046806841976168 
0.046803931704595 
0.046801022085427 
0.046798113117394 
0.046795204799230 
0.046792297129669 
0.046789390107450 
0.046786483731311 
0.046783577999996 
0.046780672912247 
0.046777768466809 
0.046774864662428 
0.046771961497853 
0.046769058971831 
0.046766157083113 
0.046763255830450 
0.046760355212594 
0.046757455228298 
0.046754555876314 
0.046751657155396 
0.046748759064297 
0.046745861601773 
0.046742964766579 
0.046740068557467 
0.046737172973192 
0.046734278012509 
0.046731383674172 
0.046728489956934 
0.046725596859549 
0.046722704380769 
0.046719812519346 
0.046716921274032 
0.046714030643577 
0.046711140626732 
0.046708251222244 
0.046705362428861 
0.046702474245331 
0.046699586670400 
0.046696699702810 
0.046693813341304 
0.046690927584627 
0.046688042431516 
0.046685157880711 
0.046682273930949 
0.046679390580966 
0.046676507829495 
0.046673625675270 
0.046670744117020 
0.046667863153473 
0.046664982783358 
0.046662103005399 
0.046659223818318 
0.046656345220838 
0.046653467211675 
0.046650589789549 
0.046647712953174 
0.046644836701261 
0.046641961032523 
0.046639085945668 
0.046636211439401 
0.046633337512426 
0.046630464163444 
0.046627591391157 
0.046624719194260 
0.046621847571448 
0.046618976521413 
0.046616106042847 
0.046613236134435 
0.046610366794864 
0.046607498022816 
0.046604629816971 
0.046601762176008 
0.046598895098602 
0.046596028583427 
0.046593162629152 
0.046590297234446 
0.046587432397975 
0.046584568118402 
0.046581704394388 
0.046578841224592 
0.046575978607668 
0.046573116542271 
0.046570255027053 
0.046567394060660 
0.046564533641741 
0.046561673768937 
0.046558814440891 
0.046555955656243 
0.046553097413627 
0.046550239711680 
0.046547382549033 
0.046544525924315 
0.046541669836153 
0.046538814283173 
0.046535959263997 
0.046533104777246 
0.046530250821537 
0.046527397395488 
0.046524544497712 
0.046521692126819 
0.046518840281420 
0.046515988960123 
0.046513138161533 
0.046510287884251 
0.046507438126881 
0.046504588888021 
0.046501740166268 
0.046498891960218 
0.046496044268464 
0.046493197089597 
0.046490350422207 
0.046487504264881 
0.046484658616206 
0.046481813474766 
0.046478968839144 
0.046476124707920 
0.046473281079673 
0.046470437952982 
0.046467595326421 
0.046464753198566 
0.046461911567990 
0.046459070433263 
0.046456229792957 
0.046453389645639 
0.046450549989878 
0.046447710824240 
0.046444872147288 
0.046442033957587 
0.046439196253700 
0.046436359034186 
0.046433522297608 
0.046430686042524 
0.046427850267493 
0.046425014971070 
0.046422180151813 
0.046419345808277 
0.046416511939017 
0.046413678542586 
0.046410845617537 
0.046408013162423 
0.046405181175796 
0.046402349656206 
0.046399518602204 
0.046396688012339 
0.046393857885163 
0.046391028219222 
0.046388199013067 
0.046385370265245 
0.046382541974305 
0.046379714138794 
0.046376886757260 
0.046374059828250 
0.046371233350311 
0.046368407321992 
0.046365581741838 
0.046362756608396 
0.046359931920216 
0.046357107675843 
0.046354283873825 
0.046351460512709 
0.046348637591044 
0.046345815107378 
0.046342993060260 
0.046340171448238 
0.046337350269861 
0.046334529523680 
0.046331709208245 
0.046328889322106 
0.046326069863814 
0.046323250831923 
0.046320432224984 
0.046317614041550 
0.046314796280177 
0.046311978939418 
0.046309162017830 
0.046306345513969 
0.046303529426393 
0.046300713753660 
0.046297898494330 
0.046295083646962 
0.046292269210120 
0.046289455182365 
0.046286641562262 
0.046283828348375 
0.046281015539270 
0.046278203133516 
0.046275391129680 
0.046272579526334 
0.046269768322047 
0.046266957515395 
0.046264147104951 
0.046261337089290 
0.046258527466990 
0.046255718236630 
0.046252909396790 
0.046250100946052 
0.046247292883000 
0.046244485206220 
0.046241677914298 
0.046238871005823 
0.046236064479386 
0.046233258333579 
0.046230452566997 
0.046227647178234 
0.046224842165890 
0.046222037528564 
0.046219233264859 
0.046216429373376 
0.046213625852723 
0.046210822701507 
0.046208019918337 
0.046205217501827 
0.046202415450589 
0.046199613763239 
0.046196812438397 
0.046194011474681 
0.046191210870716 
0.046188410625125 
0.046185610736535 
0.046182811203576 
0.046180012024880 
0.046177213199080 
0.046174414724812 
0.046171616600715 
0.046168818825429 
0.046166021397598 
0.046163224315868 
0.046160427578885 
0.046157631185302 
0.046154835133770 
0.046152039422945 
0.046149244051484 
0.046146449018049 
0.046143654321301 
0.046140859959907 
0.046138065932533 
0.046135272237851 
0.046132478874533 
0.046129685841254 
0.046126893136694 
0.046124100759532 
0.046121308708452 
0.046118516982140 
0.046115725579285 
0.046112934498576 
0.046110143738710 
0.046107353298382 
0.046104563176291 
0.046101773371139 
0.046098983881632 
0.046096194706476 
