1.000000000000000 
0.010053515533818 
0.008737405048266 
0.008601711576654 
0.008551515849170 
0.008525629898769 
0.008509877044087 
0.008499247042827 
0.008491536544040 
0.008485633234167 
0.008480918407802 
0.008477021959114 
0.008473709520492 
0.008470825703476 
0.008468263508632 
0.008465946883127 
0.008463820295739 
0.008461842251515 
0.008459981115624 
0.008458212342261 
0.008456516586821 
0.008454878389615 
0.008453285238949 
0.008451726891838 
0.008450194873297 
0.008448682101708 
0.008447182604710 
0.008445691301066 
0.008444203831313 
0.008442716424928 
0.008441225795165 
0.008439729055077 
0.008438223649936 
0.008436707302458 
0.008435177968103 
0.008433633798386 
0.008432073110591 
0.008430494362639 
0.008428896132143 
0.008427277098862 
0.008425636029962 
0.008423971767567 
0.008422283218228 
0.008420569343979 
0.008418829154713 
0.008417061701678 
0.008415266071906 
0.008413441383441 
0.008411586781234 
0.008409701433615 
0.008407784529251 
0.008405835274394 
0.008403852891030 
0.008401836614524 
0.008399785692080 
0.008397699381302 
0.008395576948960 
0.008393417669927 
0.008391220826290 
0.008388985706579 
0.008386711605140 
0.008384397821597 
0.008382043660428 
0.008379648430617 
0.008377211445387 
0.008374732022009 
0.008372209481664 
0.008369643149374 
0.008367032353976 
0.008364376428158 
0.008361674708520 
0.008358926535697 
0.008356131254507 
0.008353288214278 
0.008350396768651 
0.008347456276248 
0.008344466100813 
0.008341425611524 
0.008338334183319 
0.008335191197264 
0.008331996040926 
0.008328748108778 
0.008325446802625 
0.008322091532042 
0.008318681714836 
0.008315216777529 
0.008311696155844 
0.008308119295221 
0.008304485651336 
0.008300794690643 
0.008297045890917 
0.008293238741822 
0.008289372745473 
0.008285447417025 
0.008281462285255 
0.008277416893160 
0.008273310798559 
0.008269143574697 
0.008264914810862 
0.008260624112991 
0.008256271104290 
0.008251855425849 
0.008247376737254 
0.008242834717205 
0.008238229064120 
0.008233559496744 
0.008228825754747 
0.008224027599314 
0.008219164813732 
0.008214237203958 
0.008209244599187 
0.008204186852395 
0.008199063840881 
0.008193875466777 
0.008188621657560 
0.008183302366530 
0.008177917573275 
0.008172467284114 
0.008166951532520 
0.008161370379509 
0.008155723914020 
0.008150012253250 
0.008144235542978 
0.008138393957848 
0.008132487701623 
0.008126517007417 
0.008120482137882 
0.008114383385367 
0.008108221072044 
0.008101995549999 
0.008095707201275 
0.008089356437899 
0.008082943701851 
0.008076469465003 
0.008069934229025 
0.008063338525240 
0.008056682914448 
0.008049967986707 
0.008043194361075 
0.008036362685310 
0.008029473635535 
0.008022527915861 
0.008015526257966 
0.008008469420649 
0.008001358189327 
0.007994193375514 
0.007986975816250 
0.007979706373499 
0.007972385933513 
0.007965015406165 
0.007957595724241 
0.007950127842716 
0.007942612737981 
0.007935051407064 
0.007927444866808 
0.007919794153031 
0.007912100319667 
0.007904364437877 
0.007896587595154 
0.007888770894396 
0.007880915452979 
0.007873022401808 
0.007865092884358 
0.007857128055717 
0.007849129081607 
0.007841097137415 
0.007833033407214 
0.007824939082790 
0.007816815362670 
0.007808663451154 
0.007800484557357 
0.007792279894256 
0.007784050677759 
0.007775798125774 
0.007767523457305 
0.007759227891560 
0.007750912647082 
0.007742578940900 
0.007734227987701 
0.007725860999034 
0.007717479182534 
0.007709083741174 
0.007700675872552 
0.007692256768200 
0.007683827612935 
0.007675389584229 
0.007666943851627 
0.007658491576183 
0.007650033909947 
0.007641571995468 
0.007633106965349 
0.007624639941825 
0.007616172036378 
0.007607704349390 
0.007599237969823 
0.007590773974936 
0.007582313430032 
0.007573857388240 
0.007565406890316 
0.007556962964486 
0.007548526626304 
0.007540098878545 
0.007531680711112 
0.007523273100969 
0.007514877012099 
0.007506493395467 
0.007498123189008 
0.007489767317626 
0.007481426693203 
0.007473102214614 
0.007464794767754 
0.007456505225562 
0.007448234448053 
0.007439983282343 
0.007431752562678 
0.007423543110452 
0.007415355734218 
0.007407191229697 
0.007399050379767 
0.007390933954445 
0.007382842710856 
0.007374777393180 
0.007366738732592 
0.007358727447179 
0.007350744241836 
0.007342789808155 
0.007334864824283 
0.007326969954769 
0.007319105850390 
0.007311273147959 
0.007303472470117 
0.007295704425108 
0.007287969606536 
0.007280268593116 
0.007272601948403 
0.007264970220516 
0.007257373941849 
0.007249813628781 
0.007242289781375 
0.007234802883077 
0.007227353400411 
0.007219941782680 
0.007212568461667 
0.007205233851343 
0.007197938347583 
0.007190682327893 
0.007183466151147 
0.007176290157340 
0.007169154667356 
0.007162059982755 
0.007155006385580 
0.007147994138179 
0.007141023483059 
0.007134094642758 
0.007127207819735 
0.007120363196303 
0.007113560934565 
0.007106801176398 
0.007100084043236 
0.007093409636740 
0.007086778038209 
0.007080189308880 
0.007073643490034 
0.007067140603135 
0.007060680649988 
0.007054263612931 
0.007047889455044 
0.007041558120387 
0.007035269534263 
0.007029023603499 
0.007022820216756 
0.007016659244853 
0.007010540541119 
0.007004463941758 
0.006998429266240 
0.006992436317700 
0.006986484883368 
0.006980574734998 
0.006974705629328 
0.006968877308544 
0.006963089500760 
0.006957341920511 
0.006951634269257 
0.006945966235892 
0.006940337497274 
0.006934747718747 
0.006929196554684 
0.006923683649026 
0.006918208635834 
0.006912771139834 
0.006907370776976 
0.006902007154987 
0.006896679873927 
0.006891388526741 
0.006886132699817 
0.006880911973531 
0.006875725922794 
0.006870574117595 
0.006865456123533 
0.006860371502345 
0.006855319812428 
0.006850300609348 
0.006845313446340 
0.006840357874803 
0.006835433444775 
0.006830539705401 
0.006825676205391 
0.006820842493460 
0.006816038118752 
0.006811262631262 
0.006806515582225 
0.006801796524510 
0.006797105012982 
0.006792440604858 
0.006787802860044 
0.006783191341461 
0.006778605615345 
0.006774045251544 
0.006769509823789 
0.006764998909956 
0.006760512092308 
0.006756048957727 
0.006751609097926 
0.006747192109646 
0.006742797594847 
0.006738425160874 
0.006734074420616 
0.006729744992650 
0.006725436501371 
0.006721148577112 
0.006716880856249 
0.006712632981297 
0.006708404600994 
0.006704195370372 
0.006700004950819 
0.006695833010138 
0.006691679222580 
0.006687543268889 
0.006683424836320 
0.006679323618660 
0.006675239316239 
0.006671171635928 
0.006667120291143 
0.006663085001824 
0.006659065494427 
0.006655061501895 
0.006651072763634 
0.006647099025475 
0.006643140039641 
0.006639195564700 
0.006635265365518 
0.006631349213209 
0.006627446885080 
0.006623558164568 
0.006619682841185 
0.006615820710444 
0.006611971573798 
0.006608135238564 
0.006604311517849 
0.006600500230475 
0.006596701200903 
0.006592914259142 
0.006589139240677 
0.006585375986375 
0.006581624342404 
0.006577884160139 
0.006574155296073 
0.006570437611728 
0.006566730973554 
0.006563035252841 
0.006559350325619 
0.006555676072560 
0.006552012378880 
0.006548359134241 
0.006544716232647 
0.006541083572346 
0.006537461055723 
0.006533848589204 
0.006530246083147 
0.006526653451739 
0.006523070612894 
0.006519497488148 
0.006515934002553 
0.006512380084574 
0.006508835665984 
0.006505300681760 
0.006501775069978 
0.006498258771712 
0.006494751730928 
0.006491253894383 
0.006487765211522 
0.006484285634381 
0.006480815117480 
0.006477353617732 
0.006473901094340 
0.006470457508701 
0.006467022824311 
0.006463597006672 
0.006460180023200 
0.006456771843130 
0.006453372437432 
0.006449981778720 
0.006446599841167 
0.006443226600423 
0.006439862033528 
0.006436506118836 
0.006433158835937 
0.006429820165577 
0.006426490089589 
0.006423168590816 
0.006419855653044 
0.006416551260934 
0.006413255399954 
0.006409968056320 
0.006406689216930 
0.006403418869307 
0.006400157001541 
0.006396903602236 
0.006393658660453 
0.006390422165665 
0.006387194107704 
0.006383974476715 
0.006380763263114 
0.006377560457541 
0.006374366050825 
0.006371180033939 
0.006368002397968 
0.006364833134074 
0.006361672233459 
0.006358519687336 
0.006355375486901 
0.006352239623302 
0.006349112087615 
0.006345992870817 
0.006342881963765 
0.006339779357173 
0.006336685041591 
0.006333599007390 
0.006330521244739 
0.006327451743593 
0.006324390493674 
0.006321337484462 
0.006318292705180 
0.006315256144781 
0.006312227791941 
0.006309207635047 
0.006306195662190 
0.006303191861157 
0.006300196219423 
0.006297208724149 
0.006294229362175 
0.006291258120014 
0.006288294983854 
0.006285339939548 
0.006282392972620 
0.006279454068258 
0.006276523211315 
0.006273600386310 
0.006270685577429 
0.006267778768520 
0.006264879943102 
0.006261989084365 
0.006259106175167 
0.006256231198043 
0.006253364135204 
0.006250504968543 
0.006247653679635 
0.006244810249745 
0.006241974659830 
0.006239146890541 
0.006236326922232 
0.006233514734961 
0.006230710308496 
0.006227913622321 
0.006225124655639 
0.006222343387378 
0.006219569796197 
0.006216803860490 
0.006214045558389 
0.006211294867776 
0.006208551766281 
0.006205816231291 
0.006203088239954 
0.006200367769184 
0.006197654795667 
0.006194949295866 
0.006192251246024 
0.006189560622169 
0.006186877400124 
0.006184201555503 
0.006181533063721 
0.006178871899999 
0.006176218039365 
0.006173571456659 
0.006170932126540 
0.006168300023485 
0.006165675121797 
0.006163057395605 
0.006160446818872 
0.006157843365394 
0.006155247008806 
0.006152657722582 
0.006150075480044 
0.006147500254359 
0.006144932018543 
0.006142370745468 
0.006139816407858 
0.006137268978298 
0.006134728429231 
0.006132194732967 
0.006129667861677 
0.006127147787404 
0.006124634482060 
0.006122127917430 
0.006119628065175 
0.006117134896832 
0.006114648383820 
0.006112168497442 
0.006109695208884 
0.006107228489222 
0.006104768309421 
0.006102314640341 
0.006099867452739 
0.006097426717271 
0.006094992404495 
0.006092564484876 
0.006090142928790 
0.006087727706523 
0.006085318788279 
0.006082916144184 
0.006080519744288 
0.006078129558569 
0.006075745556939 
0.006073367709250 
0.006070995985293 
0.006068630354809 
0.006066270787492 
0.006063917252992 
0.006061569720925 
0.006059228160874 
0.006056892542397 
0.006054562835035 
0.006052239008312 
0.006049921031749 
0.006047608874863 
0.006045302507178 
0.006043001898231 
0.006040707017575 
0.006038417834792 
0.006036134319495 
0.006033856441334 
0.006031584170007 
0.006029317475264 
0.006027056326914 
0.006024800694833 
0.006022550548967 
0.006020305859345 
0.006018066596079 
0.006015832729377 
0.006013604229541 
0.006011381066981 
0.006009163212218 
0.006006950635887 
0.006004743308749 
0.006002541201689 
0.006000344285728 
0.005998152532023 
0.005995965911873 
0.005993784396726 
0.005991607958179 
0.005989436567983 
0.005987270198050 
0.005985108820451 
0.005982952407422 
0.005980800931365 
0.005978654364852 
0.005976512680623 
0.005974375851592 
0.005972243850847 
0.005970116651647 
0.005967994227426 
0.005965876551795 
0.005963763598534 
0.005961655341601 
0.005959551755124 
0.005957452813402 
0.005955358490905 
0.005953268762270 
0.005951183602299 
0.005949102985958 
0.005947026888375 
0.005944955284833 
0.005942888150771 
0.005940825461781 
0.005938767193600 
0.005936713322113 
0.005934663823342 
0.005932618673449 
0.005930577848727 
0.005928541325597 
0.005926509080608 
0.005924481090427 
0.005922457331837 
0.005920437781735 
0.005918422417124 
0.005916411215114 
0.005914404152910 
0.005912401207817 
0.005910402357230 
0.005908407578633 
0.005906416849591 
0.005904430147753 
0.005902447450844 
0.005900468736662 
0.005898493983076 
0.005896523168021 
0.005894556269498 
0.005892593265570 
0.005890634134359 
0.005888678854041 
0.005886727402852 
0.005884779759076 
0.005882835901051 
0.005880895807164 
0.005878959455848 
0.005877026825585 
0.005875097894904 
0.005873172642376 
0.005871251046618 
0.005869333086292 
0.005867418740104 
0.005865507986802 
0.005863600805179 
0.005861697174074 
0.005859797072367 
0.005857900478987 
0.005856007372907 
0.005854117733148 
0.005852231538778 
0.005850348768915 
0.005848469402727 
0.005846593419433 
0.005844720798307 
0.005842851518676 
0.005840985559925 
0.005839122901496 
0.005837263522893 
0.005835407403679 
0.005833554523484 
0.005831704862002 
0.005829858398997 
0.005828015114299 
0.005826174987816 
0.005824337999526 
0.005822504129486 
0.005820673357831 
0.005818845664778 
0.005817021030627 
0.005815199435764 
0.005813380860663 
0.005811565285889 
0.005809752692100 
0.005807943060047 
0.005806136370581 
0.005804332604652 
0.005802531743311 
0.005800733767716 
0.005798938659129 
0.005797146398923 
0.005795356968583 
0.005793570349705 
0.005791786524003 
0.005790005473312 
0.005788227179583 
0.005786451624894 
0.005784678791447 
0.005782908661573 
0.005781141217732 
0.005779376442517 
0.005777614318659 
0.005775854829023 
0.005774097956616 
0.005772343684587 
0.005770591996233 
0.005768842874994 
0.005767096304465 
0.005765352268392 
0.005763610750677 
0.005761871735380 
0.005760135206724 
0.005758401149096 
0.005756669547049 
0.005754940385308 
0.005753213648770 
0.005751489322509 
0.005749767391778 
0.005748047842015 
0.005746330658842 
0.005744615828071 
0.005742903335709 
0.005741193167958 
0.005739485311222 
0.005737779752106 
0.005736076477428 
0.005734375474214 
0.005732676729707 
0.005730980231370 
0.005729285966890 
0.005727593924181 
0.005725904091392 
0.005724216456905 
0.005722531009345 
0.005720847737583 
0.005719166630735 
0.005717487678177 
0.005715810869539 
0.005714136194715 
0.005712463643865 
0.005710793207422 
0.005709124876093 
0.005707458640866 
0.005705794493013 
0.005704132424093 
0.005702472425957 
0.005700814490753 
0.005699158610929 
0.005697504779236 
0.005695852988730 
0.005694203232778 
0.005692555505061 
0.005690909799575 
0.005689266110633 
0.005687624432871 
0.005685984761244 
0.005684347091033 
0.005682711417846 
0.005681077737614 
0.005679446046597 
0.005677816341382 
0.005676188618882 
0.005674562876338 
0.005672939111314 
0.005671317321698 
0.005669697505702 
0.005668079661855 
0.005666463789003 
0.005664849886303 
0.005663237953222 
0.005661627989533 
0.005660019995304 
0.005658413970899 
0.005656809916969 
0.005655207834446 
0.005653607724534 
0.005652009588704 
0.005650413428685 
0.005648819246452 
0.005647227044223 
0.005645636824445 
0.005644048589784 
0.005642462343115 
0.005640878087513 
0.005639295826237 
0.005637715562724 
0.005636137300572 
0.005634561043529 
0.005632986795483 
0.005631414560445 
0.005629844342536 
0.005628276145979 
0.005626709975077 
0.005625145834207 
0.005623583727801 
0.005622023660333 
0.005620465636308 
0.005618909660246 
0.005617355736666 
0.005615803870075 
0.005614254064956 
0.005612706325749 
0.005611160656841 
0.005609617062555 
0.005608075547130 
0.005606536114717 
0.005604998769360 
0.005603463514987 
0.005601930355396 
0.005600399294247 
0.005598870335047 
0.005597343481144 
0.005595818735711 
0.005594296101741 
0.005592775582035 
0.005591257179196 
0.005589740895615 
0.005588226733470 
0.005586714694713 
0.005585204781066 
0.005583696994013 
0.005582191334795 
0.005580687804403 
0.005579186403574 
0.005577687132787 
0.005576189992257 
0.005574694981931 
0.005573202101490 
0.005571711350337 
0.005570222727604 
0.005568736232144 
0.005567251862530 
0.005565769617059 
0.005564289493744 
0.005562811490318 
0.005561335604235 
0.005559861832665 
0.005558390172500 
0.005556920620354 
0.005555453172561 
0.005553987825181 
0.005552524573998 
0.005551063414526 
0.005549604342007 
0.005548147351417 
0.005546692437468 
0.005545239594608 
0.005543788817030 
0.005542340098670 
0.005540893433212 
0.005539448814095 
0.005538006234511 
0.005536565687412 
0.005535127165517 
0.005533690661308 
0.005532256167043 
0.005530823674754 
0.005529393176256 
0.005527964663148 
0.005526538126817 
0.005525113558446 
0.005523690949017 
0.005522270289313 
0.005520851569927 
0.005519434781263 
0.005518019913542 
0.005516606956807 
0.005515195900928 
0.005513786735605 
0.005512379450374 
0.005510974034612 
0.005509570477538 
0.005508168768225 
0.005506768895596 
0.005505370848436 
0.005503974615392 
0.005502580184979 
0.005501187545585 
0.005499796685475 
0.005498407592797 
0.005497020255585 
0.005495634661763 
0.005494250799152 
0.005492868655473 
0.005491488218353 
0.005490109475327 
0.005488732413845 
0.005487357021277 
0.005485983284916 
0.005484611191983 
0.005483240729633 
0.005481871884958 
0.005480504644995 
0.005479138996728 
0.005477774927092 
0.005476412422982 
0.005475051471256 
0.005473692058740 
0.005472334172232 
0.005470977798512 
0.005469622924341 
0.005468269536471 
0.005466917621651 
0.005465567166629 
0.005464218158161 
0.005462870583018 
0.005461524427987 
0.005460179679884 
0.005458836325554 
0.005457494351882 
0.005456153745800 
0.005454814494289 
0.005453476584391 
0.005452140003214 
0.005450804737940 
0.005449470775833 
0.005448138104244 
0.005446806710623 
0.005445476582523 
0.005444147707611 
0.005442820073675 
0.005441493668634 
0.005440168480543 
0.005438844497608 
0.005437521708189 
0.005436200100811 
0.005434879664176 
0.005433560387167 
0.005432242258864 
0.005430925268547 
0.005429609405711 
0.005428294660073 
0.005426981021581 
0.005425668480427 
0.005424357027053 
0.005423046652164 
0.005421737346736 
0.005420429102027 
0.005419121909584 
0.005417815761255 
0.005416510649200 
0.005415206565894 
0.005413903504144 
0.005412601457089 
0.005411300418217 
0.005410000381368 
0.005408701340744 
0.005407403290915 
0.005406106226826 
0.005404810143807 
0.005403515037573 
0.005402220904238 
0.005400927740311 
0.005399635542708 
0.005398344308750 
0.005397054036172 
0.005395764723121 
0.005394476368158 
0.005393188970264 
0.005391902528833 
0.005390617043678 
0.005389332515027 
0.005388048943518 
0.005386766330203 
0.005385484676537 
0.005384203984377 
0.005382924255977 
0.005381645493980 
0.005380367701410 
0.005379090881664 
0.005377815038507 
0.005376540176056 
0.005375266298773 
0.005373993411451 
0.005372721519205 
0.005371450627456 
0.005370180741918 
0.005368911868583 
0.005367644013708 
0.005366377183796 
0.005365111385581 
0.005363846626013 
0.005362582912238 
0.005361320251580 
0.005360058651525 
0.005358798119703 
0.005357538663865 
0.005356280291868 
0.005355023011657 
0.005353766831241 
0.005352511758678 
0.005351257802055 
0.005350004969466 
0.005348753268998 
0.005347502708711 
0.005346253296615 
0.005345005040658 
0.005343757948704 
0.005342512028518 
0.005341267287748 
0.005340023733909 
0.005338781374364 
0.005337540216314 
0.005336300266778 
0.005335061532583 
0.005333824020346 
0.005332587736463 
0.005331352687098 
0.005330118878169 
0.005328886315338 
0.005327655004001 
0.005326424949275 
0.005325196155996 
0.005323968628705 
0.005322742371641 
0.005321517388736 
0.005320293683610 
0.005319071259562 
0.005317850119566 
0.005316630266272 
0.005315411701994 
0.005314194428716 
0.005312978448084 
0.005311763761404 
0.005310550369648 
0.005309338273446 
0.005308127473089 
0.005306917968531 
0.005305709759390 
0.005304502844947 
0.005303297224152 
0.005302092895623 
0.005300889857654 
0.005299688108214 
0.005298487644952 
0.005297288465204 
0.005296090565994 
0.005294893944042 
0.005293698595767 
0.005292504517297 
0.005291311704467 
0.005290120152836 
0.005288929857682 
0.005287740814020 
0.005286553016599 
0.005285366459918 
0.005284181138225 
0.005282997045534 
0.005281814175623 
0.005280632522051 
0.005279452078158 
0.005278272837081 
0.005277094791757 
0.005275917934933 
0.005274742259179 
0.005273567756888 
0.005272394420293 
0.005271222241475 
0.005270051212367 
0.005268881324769 
0.005267712570355 
0.005266544940683 
0.005265378427205 
0.005264213021275 
0.005263048714161 
0.005261885497055 
0.005260723361078 
0.005259562297298 
0.005258402296734 
0.005257243350368 
0.005256085449155 
0.005254928584034 
0.005253772745937 
0.005252617925802 
0.005251464114579 
0.005250311303243 
0.005249159482806 
0.005248008644323 
0.005246858778908 
0.005245709877738 
0.005244561932069 
0.005243414933245 
0.005242268872705 
0.005241123741999 
0.005239979532793 
0.005238836236884 
0.005237693846204 
0.005236552352839 
0.005235411749029 
0.005234272027187 
0.005233133179901 
0.005231995199950 
0.005230858080310 
0.005229721814163 
0.005228586394909 
0.005227451816173 
0.005226318071812 
0.005225185155928 
0.005224053062872 
0.005222921787255 
0.005221791323953 
0.005220661668116 
0.005219532815175 
0.005218404760847 
0.005217277501145 
0.005216151032379 
0.005215025351165 
0.005213900454428 
0.005212776339409 
0.005211653003666 
0.005210530445081 
0.005209408661859 
0.005208287652535 
0.005207167415974 
0.005206047951371 
0.005204929258254 
0.005203811336487 
0.005202694186262 
0.005201577808108 
0.005200462202882 
0.005199347371771 
0.005198233316290 
0.005197120038275 
0.005196007539884 
0.005194895823592 
0.005193784892182 
0.005192674748746 
0.005191565396674 
0.005190456839651 
0.005189349081648 
0.005188242126917 
0.005187135979980 
0.005186030645623 
0.005184926128885 
0.005183822435053 
0.005182719569648 
0.005181617538416 
0.005180516347320 
0.005179416002527 
0.005178316510398 
0.005177217877476 
0.005176120110477 
0.005175023216276 
0.005173927201894 
0.005172832074492 
0.005171737841353 
0.005170644509872 
0.005169552087544 
0.005168460581954 
0.005167370000761 
0.005166280351689 
0.005165191642514 
0.005164103881052 
0.005163017075149 
0.005161931232667 
0.005160846361473 
0.005159762469433 
0.005158679564393 
0.005157597654174 
0.005156516746559 
0.005155436849287 
0.005154357970038 
0.005153280116427 
0.005152203295993 
0.005151127516192 
0.005150052784388 
0.005148979107844 
0.005147906493717 
0.005146834949046 
0.005145764480751 
0.005144695095622 
0.005143626800313 
0.005142559601340 
0.005141493505073 
0.005140428517728 
0.005139364645368 
0.005138301893896 
0.005137240269050 
0.005136179776403 
0.005135120421353 
0.005134062209128 
0.005133005144778 
0.005131949233175 
0.005130894479011 
0.005129840886793 
0.005128788460849 
0.005127737205318 
0.005126687124156 
0.005125638221131 
0.005124590499825 
0.005123543963635 
0.005122498615768 
0.005121454459248 
0.005120411496911 
0.005119369731410 
0.005118329165211 
0.005117289800599 
0.005116251639676 
0.005115214684363 
0.005114178936404 
0.005113144397364 
0.005112111068631 
0.005111078951421 
0.005110048046776 
0.005109018355572 
0.005107989878512 
0.005106962616137 
0.005105936568823 
0.005104911736787 
0.005103888120085 
0.005102865718618 
0.005101844532134 
0.005100824560229 
0.005099805802352 
0.005098788257804 
0.005097771925745 
0.005096756805194 
0.005095742895031 
0.005094730194001 
0.005093718700719 
0.005092708413669 
0.005091699331205 
0.005090691451563 
0.005089684772851 
0.005088679293064 
0.005087675010076 
0.005086671921650 
0.005085670025440 
0.005084669318988 
0.005083669799734 
0.005082671465013 
0.005081674312062 
0.005080678338020 
0.005079683539929 
0.005078689914741 
0.005077697459318 
0.005076706170434 
0.005075716044778 
0.005074727078958 
0.005073739269501 
0.005072752612856 
0.005071767105400 
0.005070782743434 
0.005069799523190 
0.005068817440832 
0.005067836492458 
0.005066856674102 
0.005065877981738 
0.005064900411281 
0.005063923958587 
0.005062948619458 
0.005061974389646 
0.005061001264848 
0.005060029240717 
0.005059058312854 
0.005058088476821 
0.005057119728134 
0.005056152062269 
0.005055185474663 
0.005054219960718 
0.005053255515797 
0.005052292135233 
0.005051329814327 
0.005050368548348 
0.005049408332540 
0.005048449162118 
0.005047491032275 
0.005046533938177 
0.005045577874972 
0.005044622837786 
0.005043668821727 
0.005042715821887 
0.005041763833341 
0.005040812851151 
0.005039862870367 
0.005038913886025 
0.005037965893154 
0.005037018886773 
0.005036072861895 
0.005035127813525 
0.005034183736665 
0.005033240626313 
0.005032298477464 
0.005031357285113 
0.005030417044254 
0.005029477749883 
0.005028539396997 
0.005027601980596 
0.005026665495685 
0.005025729937275 
0.005024795300382 
0.005023861580028 
0.005022928771245 
0.005021996869074 
0.005021065868564 
0.005020135764775 
0.005019206552780 
0.005018278227662 
0.005017350784518 
0.005016424218460 
0.005015498524612 
0.005014573698114 
0.005013649734122 
0.005012726627808 
0.005011804374361 
0.005010882968989 
0.005009962406915 
0.005009042683384 
0.005008123793657 
0.005007205733019 
0.005006288496770 
0.005005372080235 
0.005004456478757 
0.005003541687703 
0.005002627702459 
0.005001714518437 
0.005000802131068 
0.004999890535807 
0.004998979728133 
0.004998069703549 
0.004997160457580 
0.004996251985776 
0.004995344283711 
0.004994437346984 
0.004993531171218 
0.004992625752062 
0.004991721085189 
0.004990817166296 
0.004989913991109 
0.004989011555376 
0.004988109854871 
0.004987208885395 
0.004986308642775 
0.004985409122860 
0.004984510321529 
0.004983612234685 
0.004982714858257 
0.004981818188199 
0.004980922220491 
0.004980026951140 
0.004979132376177 
0.004978238491660 
0.004977345293671 
0.004976452778318 
0.004975560941734 
0.004974669780079 
0.004973779289536 
0.004972889466314 
0.004972000306646 
0.004971111806791 
0.004970223963030 
0.004969336771671 
0.004968450229045 
0.004967564331507 
0.004966679075436 
0.004965794457233 
0.004964910473325 
0.004964027120159 
0.004963144394207 
0.004962262291964 
0.004961380809944 
0.004960499944687 
0.004959619692752 
0.004958740050722 
0.004957861015198 
0.004956982582805 
0.004956104750187 
0.004955227514009 
0.004954350870955 
0.004953474817731 
0.004952599351059 
0.004951724467683 
0.004950850164364 
0.004949976437883 
0.004949103285038 
0.004948230702645 
0.004947358687537 
0.004946487236564 
0.004945616346594 
0.004944746014510 
0.004943876237212 
0.004943007011614 
0.004942138334647 
0.004941270203255 
0.004940402614398 
0.004939535565051 
0.004938669052200 
0.004937803072846 
0.004936937624003 
0.004936072702698 
0.004935208305968 
0.004934344430864 
0.004933481074449 
0.004932618233794 
0.004931755905983 
0.004930894088110 
0.004930032777279 
0.004929171970602 
0.004928311665201 
0.004927451858206 
0.004926592546758 
0.004925733728002 
0.004924875399093 
0.004924017557191 
0.004923160199464 
0.004922303323087 
0.004921446925239 
0.004920591003106 
0.004919735553877 
0.004918880574747 
0.004918026062916 
0.004917172015585 
0.004916318429962 
0.004915465303255 
0.004914612632675 
0.004913760415438 
0.004912908648757 
0.004912057329850 
0.004911206455935 
0.004910356024230 
0.004909506031952 
0.004908656476321 
0.004907807354554 
0.004906958663866 
0.004906110401472 
0.004905262564586 
0.004904415150416 
0.004903568156172 
0.004902721579056 
0.004901875416271 
0.004901029665012 
0.004900184322473 
0.004899339385839 
0.004898494852295 
0.004897650719016 
0.004896806983173 
0.004895963641930 
0.004895120692444 
0.004894278131865 
0.004893435957335 
0.004892594165989 
0.004891752754950 
0.004890911721336 
0.004890071062254 
0.004889230774800 
0.004888390856062 
0.004887551303116 
0.004886712113026 
0.004885873282847 
0.004885034809619 
0.004884196690372 
0.004883358922121 
0.004882521501871 
0.004881684426609 
0.004880847693311 
0.004880011298937 
0.004879175240433 
0.004878339514728 
0.004877504118735 
0.004876669049353 
0.004875834303461 
0.004874999877922 
0.004874165769582 
0.004873331975266 
0.004872498491784 
0.004871665315923 
0.004870832444453 
0.004869999874121 
0.004869167601657 
0.004868335623765 
0.004867503937130 
0.004866672538415 
0.004865841424260 
0.004865010591279 
0.004864180036066 
0.004863349755188 
0.004862519745186 
0.004861690002579 
0.004860860523857 
0.004860031305484 
0.004859202343896 
0.004858373635503 
0.004857545176685 
0.004856716963792 
0.004855888993147 
0.004855061261040 
0.004854233763730 
0.004853406497447 
0.004852579458387 
0.004851752642711 
0.004850926046550 
0.004850099665998 
0.004849273497114 
0.004848447535922 
0.004847621778411 
0.004846796220528 
0.004845970858187 
0.004845145687259 
0.004844320703579 
0.004843495902938 
0.004842671281089 
0.004841846833739 
0.004841022556556 
0.004840198445162 
0.004839374495134 
0.004838550702004 
0.004837727061258 
0.004836903568332 
0.004836080218615 
0.004835257007448 
0.004834433930120 
0.004833610981867 
0.004832788157874 
0.004831965453274 
0.004831142863141 
0.004830320382496 
0.004829498006304 
0.004828675729468 
0.004827853546836 
0.004827031453191 
0.004826209443258 
0.004825387511697 
0.004824565653104 
0.004823743862008 
0.004822922132874 
0.004822100460095 
0.004821278837996 
0.004820457260832 
0.004819635722783 
0.004818814217956 
0.004817992740382 
0.004817171284013 
0.004816349842726 
0.004815528410314 
0.004814706980490 
0.004813885546882 
0.004813064103032 
0.004812242642396 
0.004811421158341 
0.004810599644142 
0.004809778092982 
0.004808956497950 
0.004808134852036 
0.004807313148134 
0.004806491379037 
0.004805669537434 
0.004804847615912 
0.004804025606950 
0.004803203502917 
0.004802381296073 
0.004801558978563 
0.004800736542419 
0.004799913979554 
0.004799091281760 
0.004798268440708 
0.004797445447945 
0.004796622294889 
0.004795798972830 
0.004794975472927 
0.004794151786202 
0.004793327903543 
0.004792503815697 
0.004791679513270 
0.004790854986722 
0.004790030226369 
0.004789205222375 
0.004788379964753 
0.004787554443362 
0.004786728647902 
0.004785902567917 
0.004785076192785 
0.004784249511721 
0.004783422513772 
0.004782595187818 
0.004781767522565 
0.004780939506544 
0.004780111128110 
0.004779282375442 
0.004778453236534 
0.004777623699199 
0.004776793751065 
0.004775963379575 
0.004775132571980 
0.004774301315344 
0.004773469596540 
0.004772637402247 
0.004771804718952 
0.004770971532947 
0.004770137830331 
0.004769303597006 
0.004768468818681 
0.004767633480871 
0.004766797568898 
0.004765961067889 
0.004765123962783 
0.004764286238329 
0.004763447879092 
0.004762608869451 
0.004761769193608 
0.004760928835587 
0.004760087779246 
0.004759246008275 
0.004758403506208 
0.004757560256426 
0.004756716242169 
0.004755871446542 
0.004755025852529 
0.004754179442999 
0.004753332200722 
0.004752484108381 
0.004751635148587 
0.004750785303898 
0.004749934556830 
0.004749082889884 
0.004748230285561 
0.004747376726388 
0.004746522194939 
0.004745666673865 
0.004744810145918 
0.004743952593986 
0.004743094001120 
0.004742234350572 
0.004741373625831 
0.004740511810661 
0.004739648889145 
0.004738784845727 
0.004737919665258 
0.004737053333049 
0.004736185834919 
0.004735317157251 
0.004734447287050 
0.004733576212002 
0.004732703920537 
0.004731830401896 
0.004730955646197 
0.004730079644503 
0.004729202388900 
0.004728323872572 
0.004727444089870 
0.004726563036403 
0.004725680709109 
0.004724797106341 
0.004723912227951 
0.004723026075373 
0.004722138651706 
0.004721249961802 
0.004720360012345 
0.004719468811937 
0.004718576371181 
0.004717682702756 
0.004716787821495 
0.004715891744461 
0.004714994491013 
0.004714096082874 
0.004713196544187 
0.004712295901572 
0.004711394184171 
0.004710491423687 
0.004709587654418 
0.004708682913278 
0.004707777239811 
0.004706870676194 
0.004705963267235 
0.004705055060349 
0.004704146105535 
0.004703236455332 
0.004702326164771 
0.004701415291312 
0.004700503894766 
0.004699592037209 
0.004698679782886 
0.004697767198100 
0.004696854351093 
0.004695941311914 
0.004695028152284 
0.004694114945439 
0.004693201765984 
0.004692288689721 
0.004691375793484 
0.004690463154962 
0.004689550852523 
0.004688638965031 
0.004687727571665 
0.004686816751732 
0.004685906584488 
0.004684997148957 
0.004684088523751 
0.004683180786896 
0.004682274015667 
0.004681368286421 
0.004680463674440 
0.004679560253787 
0.004678658097159 
0.004677757275761 
0.004676857859178 
0.004675959915264 
0.004675063510039 
0.004674168707594 
0.004673275570009 
0.004672384157277 
0.004671494527244 
0.004670606735555 
0.004669720835606 
0.004668836878517 
0.004667954913097 
0.004667074985838 
0.004666197140896 
0.004665321420097 
0.004664447862941 
0.004663576506616 
0.004662707386014 
0.004661840533761 
0.004660975980246 
0.004660113753652 
0.004659253880000 
0.004658396383193 
0.004657541285057 
0.004656688605393 
0.004655838362031 
0.004654990570880 
0.004654145245986 
0.004653302399585 
0.004652462042165 
0.004651624182520 
0.004650788827813 
0.004649955983630 
0.004649125654042 
0.004648297841662 
0.004647472547701 
0.004646649772030 
0.004645829513231 
0.004645011768656 
0.004644196534479 
0.004643383805751 
0.004642573576453 
0.004641765839543 
0.004640960587009 
0.004640157809918 
0.004639357498458 
0.004638559641989 
0.004637764229084 
0.004636971247572 
0.004636180684582 
0.004635392526577 
0.004634606759401 
0.004633823368308 
0.004633042338002 
0.004632263652674 
0.004631487296030 
0.004630713251326 
0.004629941501399 
0.004629172028697 
0.004628404815304 
0.004627639842975 
0.004626877093152 
0.004626116547000 
0.004625358185423 
0.004624601989091 
0.004623847938463 
0.004623096013805 
0.004622346195215 
0.004621598462638 
0.004620852795890 
0.004620109174671 
0.004619367578585 
0.004618627987157 
0.004617890379845 
0.004617154736060 
0.004616421035177 
0.004615689256553 
0.004614959379532 
0.004614231383467 
0.004613505247726 
0.004612780951704 
0.004612058474836 
0.004611337796607 
0.004610618896561 
0.004609901754308 
0.004609186349539 
0.004608472662028 
0.004607760671645 
0.004607050358360 
0.004606341702253 
0.004605634683519 
0.004604929282475 
0.004604225479566 
0.004603523255371 
0.004602822590609 
0.004602123466144 
0.004601425862986 
0.004600729762302 
0.004600035145416 
0.004599341993812 
0.004598650289143 
0.004597960013228 
0.004597271148058 
0.004596583675801 
0.004595897578800 
0.004595212839579 
0.004594529440845 
0.004593847365488 
0.004593166596584 
0.004592487117398 
0.004591808911383 
0.004591131962182 
0.004590456253630 
0.004589781769755 
0.004589108494776 
0.004588436413107 
0.004587765509358 
0.004587095768330 
0.004586427175021 
0.004585759714624 
0.004585093372525 
0.004584428134306 
0.004583763985742 
0.004583100912804 
0.004582438901654 
0.004581777938648 
0.004581118010334 
0.004580459103452 
0.004579801204931 
0.004579144301890 
0.004578488381637 
0.004577833431668 
0.004577179439664 
0.004576526393492 
0.004575874281201 
0.004575223091025 
0.004574572811378 
0.004573923430852 
0.004573274938221 
0.004572627322431 
0.004571980572605 
0.004571334678042 
0.004570689628207 
0.004570045412741 
0.004569402021450 
0.004568759444306 
0.004568117671448 
0.004567476693177 
0.004566836499955 
0.004566197082404 
0.004565558431303 
0.004564920537586 
0.004564283392343 
0.004563646986813 
0.004563011312388 
0.004562376360605 
0.004561742123149 
0.004561108591850 
0.004560475758678 
0.004559843615744 
0.004559212155300 
0.004558581369731 
0.004557951251559 
0.004557321793437 
0.004556692988150 
0.004556064828613 
0.004555437307864 
0.004554810419070 
0.004554184155520 
0.004553558510624 
0.004552933477911 
0.004552309051028 
0.004551685223739 
0.004551061989920 
0.004550439343560 
0.004549817278759 
0.004549195789724 
0.004548574870770 
0.004547954516317 
0.004547334720886 
0.004546715479103 
0.004546096785691 
0.004545478635474 
0.004544861023368 
0.004544243944389 
0.004543627393643 
0.004543011366327 
0.004542395857730 
0.004541780863229 
0.004541166378286 
0.004540552398450 
0.004539938919354 
0.004539325936711 
0.004538713446318 
0.004538101444047 
0.004537489925853 
0.004536878887762 
0.004536268325880 
0.004535658236382 
0.004535048615519 
0.004534439459610 
0.004533830765047 
0.004533222528286 
0.004532614745852 
0.004532007414337 
0.004531400530396 
0.004530794090747 
0.004530188092170 
0.004529582531507 
0.004528977405659 
0.004528372711584 
0.004527768446299 
0.004527164606877 
0.004526561190447 
0.004525958194189 
0.004525355615340 
0.004524753451186 
0.004524151699064 
0.004523550356363 
0.004522949420519 
0.004522348889017 
0.004521748759389 
0.004521149029211 
0.004520549696108 
0.004519950757745 
0.004519352211833 
0.004518754056125 
0.004518156288415 
0.004517558906539 
0.004516961908371 
0.004516365291825 
0.004515769054854 
0.004515173195449 
0.004514577711635 
0.004513982601476 
0.004513387863069 
0.004512793494548 
0.004512199494079 
0.004511605859862 
0.004511012590129 
0.004510419683143 
0.004509827137200 
0.004509234950626 
0.004508643121776 
0.004508051649035 
0.004507460530816 
0.004506869765560 
0.004506279351738 
0.004505689287844 
0.004505099572402 
0.004504510203958 
0.004503921181086 
0.004503332502385 
0.004502744166476 
0.004502156172006 
0.004501568517644 
0.004500981202081 
0.004500394224033 
0.004499807582234 
0.004499221275443 
0.004498635302438 
0.004498049662017 
0.004497464352999 
0.004496879374223 
0.004496294724547 
0.004495710402846 
0.004495126408016 
0.004494542738970 
0.004493959394638 
0.004493376373969 
0.004492793675926 
0.004492211299492 
0.004491629243664 
0.004491047507455 
0.004490466089896 
0.004489884990029 
0.004489304206915 
0.004488723739627 
0.004488143587254 
0.004487563748897 
0.004486984223673 
0.004486405010712 
0.004485826109155 
0.004485247518159 
0.004484669236891 
0.004484091264532 
0.004483513600274 
0.004482936243323 
0.004482359192894 
0.004481782448215 
0.004481206008524 
0.004480629873071 
0.004480054041116 
0.004479478511930 
0.004478903284795 
0.004478328359000 
0.004477753733848 
0.004477179408649 
0.004476605382722 
0.004476031655398 
0.004475458226015 
0.004474885093920 
0.004474312258470 
0.004473739719028 
0.004473167474969 
0.004472595525673 
0.004472023870530 
0.004471452508936 
0.004470881440298 
0.004470310664027 
0.004469740179544 
0.004469169986275 
0.004468600083656 
0.004468030471128 
0.004467461148139 
0.004466892114144 
0.004466323368605 
0.004465754910990 
0.004465186740774 
0.004464618857437 
0.004464051260466 
0.004463483949356 
0.004462916923603 
0.004462350182713 
0.004461783726196 
0.004461217553568 
0.004460651664351 
0.004460086058070 
0.004459520734258 
0.004458955692452 
0.004458390932195 
0.004457826453033 
0.004457262254518 
0.004456698336208 
0.004456134697663 
0.004455571338451 
0.004455008258141 
0.004454445456310 
0.004453882932536 
0.004453320686404 
0.004452758717502 
0.004452197025422 
0.004451635609760 
0.004451074470118 
0.004450513606099 
0.004449953017311 
0.004449392703368 
0.004448832663884 
0.004448272898479 
0.004447713406776 
0.004447154188403 
0.004446595242989 
0.004446036570168 
0.004445478169577 
0.004444920040857 
0.004444362183651 
0.004443804597607 
0.004443247282374 
0.004442690237606 
0.004442133462959 
0.004441576958093 
0.004441020722669 
0.004440464756354 
0.004439909058816 
0.004439353629726 
0.004438798468757 
0.004438243575587 
0.004437688949894 
0.004437134591362 
0.004436580499674 
0.004436026674519 
0.004435473115586 
0.004434919822567 
0.004434366795158 
0.004433814033056 
0.004433261535961 
0.004432709303575 
0.004432157335604 
0.004431605631754 
0.004431054191734 
0.004430503015256 
0.004429952102033 
0.004429401451783 
0.004428851064223 
0.004428300939073 
0.004427751076057 
0.004427201474898 
0.004426652135323 
0.004426103057062 
0.004425554239844 
0.004425005683403 
0.004424457387473 
0.004423909351792 
0.004423361576097 
0.004422814060129 
0.004422266803631 
0.004421719806347 
0.004421173068022 
0.004420626588406 
0.004420080367248 
0.004419534404298 
0.004418988699311 
0.004418443252041 
0.004417898062245 
0.004417353129682 
0.004416808454112 
0.004416264035296 
0.004415719872997 
0.004415175966981 
0.004414632317015 
0.004414088922867 
0.004413545784306 
0.004413002901103 
0.004412460273033 
0.004411917899869 
0.004411375781387 
0.004410833917364 
0.004410292307581 
0.004409750951816 
0.004409209849852 
0.004408669001473 
0.004408128406463 
0.004407588064608 
0.004407047975697 
0.004406508139517 
0.004405968555859 
0.004405429224515 
0.004404890145279 
0.004404351317944 
0.004403812742307 
0.004403274418164 
0.004402736345313 
0.004402198523556 
0.004401660952692 
0.004401123632523 
0.004400586562855 
0.004400049743490 
0.004399513174236 
0.004398976854899 
0.004398440785288 
0.004397904965212 
0.004397369394484 
0.004396834072914 
0.004396299000316 
0.004395764176504 
0.004395229601295 
0.004394695274505 
0.004394161195951 
0.004393627365454 
0.004393093782832 
0.004392560447909 
0.004392027360505 
0.004391494520445 
0.004390961927554 
0.004390429581656 
0.004389897482579 
0.004389365630151 
0.004388834024201 
0.004388302664559 
0.004387771551056 
0.004387240683524 
0.004386710061796 
0.004386179685707 
0.004385649555091 
0.004385119669786 
0.004384590029627 
0.004384060634455 
0.004383531484107 
0.004383002578424 
0.004382473917247 
0.004381945500418 
0.004381417327781 
0.004380889399180 
0.004380361714460 
0.004379834273466 
0.004379307076046 
0.004378780122048 
0.004378253411319 
0.004377726943712 
0.004377200719074 
0.004376674737259 
0.004376148998119 
0.004375623501507 
0.004375098247278 
0.004374573235286 
0.004374048465387 
0.004373523937439 
0.004372999651299 
0.004372475606826 
0.004371951803879 
0.004371428242318 
0.004370904922005 
0.004370381842802 
0.004369859004570 
0.004369336407175 
0.004368814050481 
0.004368291934352 
0.004367770058655 
0.004367248423257 
0.004366727028025 
0.004366205872829 
0.004365684957536 
0.004365164282017 
0.004364643846143 
0.004364123649786 
0.004363603692818 
0.004363083975112 
0.004362564496541 
0.004362045256981 
0.004361526256307 
0.004361007494395 
0.004360488971121 
0.004359970686363 
0.004359452640000 
0.004358934831911 
0.004358417261975 
0.004357899930072 
0.004357382836084 
0.004356865979892 
0.004356349361379 
0.004355832980429 
0.004355316836924 
0.004354800930750 
0.004354285261792 
0.004353769829935 
0.004353254635066 
0.004352739677073 
0.004352224955843 
0.004351710471264 
0.004351196223226 
0.004350682211619 
0.004350168436332 
0.004349654897257 
0.004349141594286 
0.004348628527311 
0.004348115696224 
0.004347603100920 
0.004347090741291 
0.004346578617233 
0.004346066728642 
0.004345555075412 
0.004345043657441 
0.004344532474625 
0.004344021526862 
0.004343510814050 
0.004343000336088 
0.004342490092875 
0.004341980084311 
0.004341470310296 
0.004340960770731 
0.004340451465517 
0.004339942394557 
0.004339433557754 
0.004338924955009 
0.004338416586226 
0.004337908451311 
0.004337400550166 
0.004336892882698 
0.004336385448812 
0.004335878248414 
0.004335371281410 
0.004334864547708 
0.004334358047215 
0.004333851779839 
0.004333345745489 
0.004332839944073 
0.004332334375501 
0.004331829039683 
0.004331323936529 
0.004330819065950 
0.004330314427857 
0.004329810022162 
0.004329305848777 
0.004328801907614 
0.004328298198586 
0.004327794721607 
0.004327291476591 
0.004326788463451 
0.004326285682102 
0.004325783132460 
0.004325280814440 
0.004324778727956 
0.004324276872927 
0.004323775249268 
0.004323273856895 
0.004322772695728 
0.004322271765682 
0.004321771066677 
0.004321270598630 
0.004320770361461 
0.004320270355089 
0.004319770579432 
0.004319271034411 
0.004318771719947 
0.004318272635958 
0.004317773782368 
0.004317275159095 
0.004316776766063 
0.004316278603192 
0.004315780670406 
0.004315282967625 
0.004314785494774 
0.004314288251774 
0.004313791238550 
0.004313294455025 
0.004312797901123 
0.004312301576767 
0.004311805481883 
0.004311309616396 
0.004310813980229 
0.004310318573309 
0.004309823395560 
0.004309328446909 
0.004308833727282 
0.004308339236605 
0.004307844974804 
0.004307350941807 
0.004306857137540 
0.004306363561930 
0.004305870214904 
0.004305377096392 
0.004304884206320 
0.004304391544616 
0.004303899111209 
0.004303406906027 
0.004302914928999 
0.004302423180054 
0.004301931659121 
0.004301440366129 
0.004300949301008 
0.004300458463687 
0.004299967854096 
0.004299477472165 
0.004298987317825 
0.004298497391006 
0.004298007691637 
0.004297518219650 
0.004297028974976 
0.004296539957545 
0.004296051167289 
0.004295562604139 
0.004295074268026 
0.004294586158881 
0.004294098276637 
0.004293610621224 
0.004293123192576 
0.004292635990623 
0.004292149015298 
0.004291662266533 
0.004291175744261 
0.004290689448413 
0.004290203378923 
0.004289717535723 
0.004289231918745 
0.004288746527922 
0.004288261363188 
0.004287776424475 
0.004287291711716 
0.004286807224843 
0.004286322963792 
0.004285838928493 
0.004285355118882 
0.004284871534890 
0.004284388176452 
0.004283905043501 
0.004283422135970 
0.004282939453793 
0.004282456996903 
0.004281974765234 
0.004281492758719 
0.004281010977292 
0.004280529420888 
0.004280048089438 
0.004279566982878 
0.004279086101140 
0.004278605444159 
0.004278125011868 
0.004277644804201 
0.004277164821092 
0.004276685062474 
0.004276205528281 
0.004275726218447 
0.004275247132905 
0.004274768271589 
0.004274289634433 
0.004273811221370 
0.004273333032335 
0.004272855067259 
0.004272377326078 
0.004271899808724 
0.004271422515131 
0.004270945445233 
0.004270468598962 
0.004269991976252 
0.004269515577036 
0.004269039401248 
0.004268563448821 
0.004268087719687 
0.004267612213780 
0.004267136931032 
0.004266661871377 
0.004266187034748 
0.004265712421076 
0.004265238030296 
0.004264763862338 
0.004264289917137 
0.004263816194623 
0.004263342694730 
0.004262869417390 
0.004262396362535 
0.004261923530096 
0.004261450920006 
0.004260978532197 
0.004260506366600 
0.004260034423147 
0.004259562701769 
0.004259091202398 
0.004258619924965 
0.004258148869401 
0.004257678035638 
0.004257207423605 
0.004256737033234 
0.004256266864455 
0.004255796917200 
0.004255327191397 
0.004254857686979 
0.004254388403873 
0.004253919342011 
0.004253450501323 
0.004252981881737 
0.004252513483184 
0.004252045305593 
0.004251577348893 
0.004251109613013 
0.004250642097882 
0.004250174803428 
0.004249707729581 
0.004249240876269 
0.004248774243419 
0.004248307830960 
0.004247841638820 
0.004247375666927 
0.004246909915208 
0.004246444383590 
0.004245979072001 
0.004245513980367 
0.004245049108616 
0.004244584456674 
0.004244120024468 
0.004243655811923 
0.004243191818967 
0.004242728045524 
0.004242264491521 
0.004241801156882 
0.004241338041534 
0.004240875145402 
0.004240412468409 
0.004239950010482 
0.004239487771544 
0.004239025751520 
0.004238563950334 
0.004238102367910 
0.004237641004171 
0.004237179859041 
0.004236718932443 
0.004236258224300 
0.004235797734535 
0.004235337463070 
0.004234877409829 
0.004234417574732 
0.004233957957703 
0.004233498558662 
0.004233039377531 
0.004232580414232 
0.004232121668685 
0.004231663140811 
0.004231204830532 
0.004230746737766 
0.004230288862435 
0.004229831204458 
0.004229373763754 
0.004228916540244 
0.004228459533846 
0.004228002744480 
0.004227546172064 
0.004227089816516 
0.004226633677755 
0.004226177755698 
0.004225722050264 
0.004225266561370 
0.004224811288933 
0.004224356232871 
0.004223901393099 
0.004223446769535 
0.004222992362094 
0.004222538170694 
0.004222084195248 
0.004221630435674 
0.004221176891887 
0.004220723563800 
0.004220270451330 
0.004219817554391 
0.004219364872896 
0.004218912406761 
0.004218460155898 
0.004218008120221 
0.004217556299644 
0.004217104694080 
0.004216653303441 
0.004216202127639 
0.004215751166588 
0.004215300420198 
0.004214849888383 
0.004214399571052 
0.004213949468118 
0.004213499579491 
0.004213049905083 
0.004212600444803 
0.004212151198561 
0.004211702166268 
0.004211253347834 
0.004210804743167 
0.004210356352177 
0.004209908174772 
0.004209460210862 
0.004209012460355 
0.004208564923158 
0.004208117599180 
0.004207670488329 
0.004207223590511 
0.004206776905633 
0.004206330433603 
0.004205884174328 
0.004205438127712 
0.004204992293663 
0.004204546672086 
0.004204101262887 
0.004203656065971 
0.004203211081243 
0.004202766308607 
0.004202321747969 
0.004201877399232 
0.004201433262301 
0.004200989337079 
0.004200545623469 
0.004200102121376 
0.004199658830701 
0.004199215751348 
0.004198772883218 
0.004198330226215 
0.004197887780240 
0.004197445545195 
0.004197003520981 
0.004196561707499 
0.004196120104651 
0.004195678712336 
0.004195237530457 
0.004194796558912 
0.004194355797601 
0.004193915246425 
0.004193474905282 
0.004193034774072 
0.004192594852694 
0.004192155141047 
0.004191715639029 
0.004191276346538 
0.004190837263472 
0.004190398389729 
0.004189959725206 
0.004189521269801 
0.004189083023411 
0.004188644985932 
0.004188207157261 
0.004187769537294 
0.004187332125928 
0.004186894923057 
0.004186457928579 
0.004186021142387 
0.004185584564377 
0.004185148194445 
0.004184712032484 
0.004184276078389 
0.004183840332055 
0.004183404793375 
0.004182969462243 
0.004182534338552 
0.004182099422196 
0.004181664713068 
0.004181230211061 
0.004180795916068 
0.004180361827980 
0.004179927946690 
0.004179494272090 
0.004179060804072 
0.004178627542527 
0.004178194487346 
0.004177761638422 
0.004177328995644 
0.004176896558903 
0.004176464328091 
0.004176032303096 
0.004175600483809 
0.004175168870121 
0.004174737461920 
0.004174306259097 
0.004173875261540 
0.004173444469138 
0.004173013881781 
0.004172583499357 
0.004172153321755 
0.004171723348863 
0.004171293580568 
0.004170864016760 
0.004170434657325 
0.004170005502151 
0.004169576551126 
0.004169147804136 
0.004168719261069 
0.004168290921812 
0.004167862786250 
0.004167434854271 
0.004167007125761 
0.004166579600606 
0.004166152278692 
0.004165725159904 
0.004165298244128 
0.004164871531250 
0.004164445021155 
0.004164018713727 
0.004163592608853 
0.004163166706416 
0.004162741006301 
0.004162315508393 
0.004161890212575 
0.004161465118733 
0.004161040226749 
0.004160615536509 
0.004160191047894 
0.004159766760790 
0.004159342675079 
0.004158918790645 
0.004158495107371 
0.004158071625139 
0.004157648343833 
0.004157225263334 
0.004156802383527 
0.004156379704292 
0.004155957225513 
0.004155534947072 
0.004155112868850 
0.004154690990729 
0.004154269312592 
0.004153847834319 
0.004153426555793 
0.004153005476894 
0.004152584597504 
0.004152163917505 
0.004151743436777 
0.004151323155201 
0.004150903072658 
0.004150483189028 
0.004150063504194 
0.004149644018033 
0.004149224730429 
0.004148805641259 
0.004148386750406 
0.004147968057748 
0.004147549563167 
0.004147131266541 
0.004146713167751 
0.004146295266676 
0.004145877563197 
0.004145460057192 
0.004145042748541 
0.004144625637124 
0.004144208722820 
0.004143792005508 
0.004143375485067 
0.004142959161377 
0.004142543034316 
0.004142127103764 
0.004141711369598 
0.004141295831699 
0.004140880489945 
0.004140465344215 
0.004140050394386 
0.004139635640339 
0.004139221081951 
0.004138806719101 
0.004138392551667 
0.004137978579527 
0.004137564802561 
0.004137151220645 
0.004136737833659 
0.004136324641481 
0.004135911643988 
0.004135498841060 
0.004135086232573 
0.004134673818406 
0.004134261598437 
0.004133849572544 
0.004133437740604 
0.004133026102497 
0.004132614658099 
0.004132203407289 
0.004131792349944 
0.004131381485942 
0.004130970815161 
0.004130560337479 
0.004130150052774 
0.004129739960923 
0.004129330061803 
0.004128920355294 
0.004128510841272 
0.004128101519615 
0.004127692390201 
0.004127283452908 
0.004126874707614 
0.004126466154195 
0.004126057792530 
0.004125649622498 
0.004125241643974 
0.004124833856838 
0.004124426260966 
0.004124018856237 
0.004123611642529 
0.004123204619719 
0.004122797787685 
0.004122391146306 
0.004121984695458 
0.004121578435020 
0.004121172364870 
0.004120766484886 
0.004120360794945 
0.004119955294926 
0.004119549984707 
0.004119144864166 
0.004118739933181 
0.004118335191630 
0.004117930639392 
0.004117526276345 
0.004117122102367 
0.004116718117336 
0.004116314321131 
0.004115910713630 
0.004115507294712 
0.004115104064255 
0.004114701022138 
0.004114298168240 
0.004113895502440 
0.004113493024615 
0.004113090734645 
0.004112688632410 
0.004112286717787 
0.004111884990656 
0.004111483450897 
0.004111082098387 
0.004110680933007 
0.004110279954636 
0.004109879163153 
0.004109478558438 
0.004109078140371 
0.004108677908830 
0.004108277863696 
0.004107878004848 
0.004107478332167 
0.004107078845532 
0.004106679544823 
0.004106280429921 
0.004105881500706 
0.004105482757058 
0.004105084198858 
0.004104685825986 
0.004104287638322 
0.004103889635748 
0.004103491818145 
0.004103094185392 
0.004102696737372 
0.004102299473965 
0.004101902395052 
0.004101505500516 
0.004101108790237 
0.004100712264097 
0.004100315921978 
0.004099919763761 
0.004099523789328 
0.004099127998562 
0.004098732391344 
0.004098336967556 
0.004097941727082 
0.004097546669804 
0.004097151795603 
0.004096757104363 
0.004096362595968 
0.004095968270298 
0.004095574127239 
0.004095180166672 
0.004094786388482 
0.004094392792552 
0.004093999378766 
0.004093606147006 
0.004093213097158 
0.004092820229105 
0.004092427542732 
0.004092035037921 
0.004091642714559 
0.004091250572530 
0.004090858611718 
0.004090466832008 
0.004090075233285 
0.004089683815435 
0.004089292578342 
0.004088901521893 
0.004088510645972 
0.004088119950465 
0.004087729435258 
0.004087339100238 
0.004086948945290 
0.004086558970301 
0.004086169175158 
0.004085779559745 
0.004085390123952 
0.004085000867664 
0.004084611790769 
0.004084222893154 
0.004083834174705 
0.004083445635312 
0.004083057274862 
0.004082669093242 
0.004082281090340 
0.004081893266045 
0.004081505620246 
0.004081118152830 
0.004080730863686 
0.004080343752703 
0.004079956819771 
0.004079570064778 
0.004079183487614 
0.004078797088168 
0.004078410866330 
0.004078024821990 
0.004077638955038 
0.004077253265364 
0.004076867752858 
0.004076482417411 
0.004076097258914 
0.004075712277258 
0.004075327472333 
0.004074942844031 
0.004074558392243 
0.004074174116861 
0.004073790017776 
0.004073406094882 
0.004073022348068 
0.004072638777229 
0.004072255382256 
0.004071872163042 
0.004071489119479 
0.004071106251462 
0.004070723558882 
0.004070341041633 
0.004069958699609 
0.004069576532704 
0.004069194540811 
0.004068812723824 
0.004068431081638 
0.004068049614147 
0.004067668321246 
0.004067287202829 
0.004066906258791 
0.004066525489028 
0.004066144893434 
0.004065764471906 
0.004065384224339 
0.004065004150628 
0.004064624250671 
0.004064244524362 
0.004063864971599 
0.004063485592278 
0.004063106386295 
0.004062727353549 
0.004062348493935 
0.004061969807352 
0.004061591293696 
0.004061212952865 
0.004060834784758 
0.004060456789272 
0.004060078966305 
0.004059701315756 
0.004059323837524 
0.004058946531507 
0.004058569397604 
0.004058192435714 
0.004057815645736 
0.004057439027571 
0.004057062581118 
0.004056686306276 
0.004056310202945 
0.004055934271027 
0.004055558510420 
0.004055182921027 
0.004054807502746 
0.004054432255481 
0.004054057179130 
0.004053682273597 
0.004053307538781 
0.004052932974586 
0.004052558580912 
0.004052184357662 
0.004051810304738 
0.004051436422042 
0.004051062709477 
0.004050689166946 
0.004050315794350 
0.004049942591594 
0.004049569558581 
0.004049196695213 
0.004048824001395 
0.004048451477031 
0.004048079122023 
0.004047706936277 
0.004047334919697 
0.004046963072186 
0.004046591393650 
0.004046219883993 
0.004045848543121 
0.004045477370938 
0.004045106367350 
0.004044735532262 
0.004044364865579 
0.004043994367208 
0.004043624037055 
0.004043253875025 
0.004042883881025 
0.004042514054961 
0.004042144396740 
0.004041774906269 
0.004041405583454 
0.004041036428203 
0.004040667440422 
0.004040298620020 
0.004039929966904 
0.004039561480981 
0.004039193162160 
0.004038825010348 
0.004038457025454 
0.004038089207385 
0.004037721556052 
0.004037354071361 
0.004036986753222 
0.004036619601544 
0.004036252616236 
0.004035885797207 
0.004035519144367 
0.004035152657625 
0.004034786336891 
0.004034420182074 
0.004034054193085 
0.004033688369834 
0.004033322712231 
0.004032957220186 
0.004032591893610 
0.004032226732414 
0.004031861736508 
0.004031496905804 
0.004031132240212 
0.004030767739644 
0.004030403404011 
0.004030039233225 
0.004029675227197 
0.004029311385839 
0.004028947709063 
0.004028584196781 
0.004028220848905 
0.004027857665348 
0.004027494646021 
0.004027131790838 
0.004026769099710 
0.004026406572551 
0.004026044209274 
0.004025682009792 
0.004025319974017 
0.004024958101864 
0.004024596393245 
0.004024234848073 
0.004023873466264 
0.004023512247729 
0.004023151192383 
0.004022790300141 
0.004022429570915 
0.004022069004620 
0.004021708601171 
0.004021348360482 
0.004020988282467 
0.004020628367040 
0.004020268614117 
0.004019909023612 
0.004019549595441 
0.004019190329517 
0.004018831225756 
0.004018472284074 
0.004018113504385 
0.004017754886605 
0.004017396430649 
0.004017038136433 
0.004016680003872 
0.004016322032882 
0.004015964223379 
0.004015606575279 
0.004015249088497 
0.004014891762951 
0.004014534598554 
0.004014177595225 
0.004013820752879 
0.004013464071433 
0.004013107550802 
0.004012751190904 
0.004012394991655 
0.004012038952972 
0.004011683074771 
0.004011327356968 
0.004010971799482 
0.004010616402229 
0.004010261165125 
0.004009906088088 
0.004009551171035 
0.004009196413883 
0.004008841816548 
0.004008487378949 
0.004008133101003 
0.004007778982627 
0.004007425023738 
0.004007071224255 
0.004006717584093 
0.004006364103171 
0.004006010781407 
0.004005657618718 
0.004005304615021 
0.004004951770235 
0.004004599084277 
0.004004246557066 
0.004003894188518 
0.004003541978552 
0.004003189927085 
0.004002838034036 
0.004002486299322 
0.004002134722862 
0.004001783304573 
0.004001432044374 
0.004001080942182 
0.004000729997916 
0.004000379211493 
0.004000028582833 
0.003999678111852 
0.003999327798470 
0.003998977642603 
0.003998627644171 
0.003998277803092 
0.003997928119284 
0.003997578592665 
0.003997229223152 
0.003996880010666 
0.003996530955123 
0.003996182056442 
0.003995833314541 
0.003995484729339 
0.003995136300753 
0.003994788028702 
0.003994439913104 
0.003994091953878 
0.003993744150940 
0.003993396504211 
0.003993049013607 
0.003992701679047 
0.003992354500450 
0.003992007477732 
0.003991660610813 
0.003991313899611 
0.003990967344043 
0.003990620944027 
0.003990274699482 
0.003989928610326 
0.003989582676477 
0.003989236897852 
0.003988891274369 
0.003988545805947 
0.003988200492503 
0.003987855333955 
0.003987510330221 
0.003987165481219 
0.003986820786866 
0.003986476247079 
0.003986131861778 
0.003985787630878 
0.003985443554298 
0.003985099631956 
0.003984755863768 
0.003984412249652 
0.003984068789525 
0.003983725483305 
0.003983382330909 
0.003983039332254 
0.003982696487257 
0.003982353795835 
0.003982011257906 
0.003981668873386 
0.003981326642192 
0.003980984564241 
0.003980642639449 
0.003980300867734 
0.003979959249012 
0.003979617783200 
0.003979276470213 
0.003978935309969 
0.003978594302384 
0.003978253447374 
0.003977912744855 
0.003977572194743 
0.003977231796955 
0.003976891551405 
0.003976551458011 
0.003976211516688 
0.003975871727352 
0.003975532089917 
0.003975192604301 
0.003974853270418 
0.003974514088183 
0.003974175057511 
0.003973836178319 
0.003973497450521 
0.003973158874031 
0.003972820448766 
0.003972482174639 
0.003972144051565 
0.003971806079459 
0.003971468258235 
0.003971130587808 
0.003970793068092 
0.003970455699000 
0.003970118480448 
0.003969781412349 
0.003969444494617 
0.003969107727165 
0.003968771109908 
0.003968434642758 
0.003968098325630 
0.003967762158435 
0.003967426141088 
0.003967090273502 
0.003966754555588 
0.003966418987261 
0.003966083568433 
0.003965748299016 
0.003965413178923 
0.003965078208066 
0.003964743386358 
0.003964408713709 
0.003964074190033 
0.003963739815241 
0.003963405589244 
0.003963071511954 
0.003962737583283 
0.003962403803142 
0.003962070171441 
0.003961736688092 
0.003961403353006 
0.003961070166094 
0.003960737127265 
0.003960404236430 
0.003960071493501 
0.003959738898385 
0.003959406450995 
0.003959074151239 
0.003958741999028 
0.003958409994270 
0.003958078136876 
0.003957746426754 
0.003957414863813 
0.003957083447963 
0.003956752179113 
0.003956421057170 
0.003956090082044 
0.003955759253643 
0.003955428571875 
0.003955098036648 
0.003954767647870 
0.003954437405449 
0.003954107309291 
0.003953777359306 
0.003953447555399 
0.003953117897478 
0.003952788385450 
0.003952459019221 
0.003952129798699 
0.003951800723789 
0.003951471794398 
0.003951143010432 
0.003950814371797 
0.003950485878398 
0.003950157530141 
0.003949829326933 
0.003949501268676 
0.003949173355278 
0.003948845586643 
0.003948517962675 
0.003948190483279 
0.003947863148360 
0.003947535957821 
0.003947208911567 
0.003946882009502 
0.003946555251528 
0.003946228637551 
0.003945902167472 
0.003945575841196 
0.003945249658625 
0.003944923619662 
0.003944597724209 
0.003944271972169 
0.003943946363445 
0.003943620897937 
0.003943295575549 
0.003942970396182 
0.003942645359737 
0.003942320466115 
0.003941995715219 
0.003941671106948 
0.003941346641204 
0.003941022317886 
0.003940698136896 
0.003940374098134 
0.003940050201500 
0.003939726446893 
0.003939402834213 
0.003939079363360 
0.003938756034233 
0.003938432846730 
0.003938109800752 
0.003937786896196 
0.003937464132961 
0.003937141510945 
0.003936819030047 
0.003936496690164 
0.003936174491194 
0.003935852433034 
0.003935530515583 
0.003935208738736 
0.003934887102392 
0.003934565606446 
0.003934244250796 
0.003933923035337 
0.003933601959967 
0.003933281024580 
0.003932960229072 
0.003932639573340 
0.003932319057279 
0.003931998680783 
0.003931678443748 
0.003931358346068 
0.003931038387639 
0.003930718568354 
0.003930398888108 
0.003930079346794 
0.003929759944307 
0.003929440680540 
0.003929121555387 
0.003928802568741 
0.003928483720494 
0.003928165010539 
0.003927846438770 
0.003927528005079 
0.003927209709357 
0.003926891551497 
0.003926573531390 
0.003926255648929 
0.003925937904004 
0.003925620296508 
0.003925302826330 
0.003924985493361 
0.003924668297493 
0.003924351238615 
0.003924034316619 
0.003923717531393 
0.003923400882828 
0.003923084370813 
0.003922767995238 
0.003922451755992 
0.003922135652964 
0.003921819686043 
0.003921503855117 
0.003921188160074 
0.003920872600804 
0.003920557177194 
0.003920241889131 
0.003919926736504 
0.003919611719200 
0.003919296837106 
0.003918982090109 
0.003918667478095 
0.003918353000953 
0.003918038658567 
0.003917724450824 
0.003917410377611 
0.003917096438813 
0.003916782634315 
0.003916468964003 
0.003916155427763 
0.003915842025479 
0.003915528757036 
0.003915215622319 
0.003914902621212 
0.003914589753600 
0.003914277019366 
0.003913964418395 
0.003913651950570 
0.003913339615774 
0.003913027413891 
0.003912715344805 
0.003912403408397 
0.003912091604550 
0.003911779933147 
0.003911468394071 
0.003911156987203 
0.003910845712426 
0.003910534569620 
0.003910223558668 
0.003909912679451 
0.003909601931850 
0.003909291315746 
0.003908980831019 
0.003908670477551 
0.003908360255222 
0.003908050163912 
0.003907740203500 
0.003907430373868 
0.003907120674894 
0.003906811106457 
0.003906501668438 
0.003906192360715 
0.003905883183166 
0.003905574135672 
0.003905265218110 
0.003904956430358 
0.003904647772295 
0.003904339243798 
0.003904030844747 
0.003903722575017 
0.003903414434486 
0.003903106423032 
0.003902798540532 
0.003902490786862 
0.003902183161900 
0.003901875665521 
0.003901568297602 
0.003901261058020 
0.003900953946650 
0.003900646963367 
0.003900340108048 
0.003900033380568 
0.003899726780802 
0.003899420308625 
0.003899113963913 
0.003898807746540 
0.003898501656380 
0.003898195693307 
0.003897889857197 
0.003897584147923 
0.003897278565359 
0.003896973109378 
0.003896667779855 
0.003896362576662 
0.003896057499673 
0.003895752548760 
0.003895447723797 
0.003895143024656 
0.003894838451210 
0.003894534003331 
0.003894229680891 
0.003893925483762 
0.003893621411817 
0.003893317464926 
0.003893013642962 
0.003892709945795 
0.003892406373297 
0.003892102925339 
0.003891799601792 
0.003891496402526 
0.003891193327413 
0.003890890376321 
0.003890587549123 
0.003890284845687 
0.003889982265884 
0.003889679809584 
0.003889377476656 
0.003889075266969 
0.003888773180394 
0.003888471216798 
0.003888169376052 
0.003887867658023 
0.003887566062582 
0.003887264589595 
0.003886963238932 
0.003886662010462 
0.003886360904051 
0.003886059919568 
0.003885759056881 
0.003885458315858 
0.003885157696366 
0.003884857198273 
0.003884556821445 
0.003884256565750 
0.003883956431055 
0.003883656417227 
0.003883356524132 
0.003883056751638 
0.003882757099609 
0.003882457567914 
0.003882158156417 
0.003881858864985 
0.003881559693484 
0.003881260641779 
0.003880961709737 
0.003880662897222 
0.003880364204100 
0.003880065630236 
0.003879767175495 
0.003879468839743 
0.003879170622844 
0.003878872524662 
0.003878574545063 
0.003878276683911 
0.003877978941070 
0.003877681316404 
0.003877383809778 
0.003877086421055 
0.003876789150100 
0.003876491996775 
0.003876194960946 
0.003875898042474 
0.003875601241224 
0.003875304557059 
0.003875007989841 
0.003874711539435 
0.003874415205702 
0.003874118988506 
0.003873822887710 
0.003873526903175 
0.003873231034765 
0.003872935282341 
0.003872639645767 
0.003872344124904 
0.003872048719613 
0.003871753429758 
0.003871458255200 
0.003871163195801 
0.003870868251421 
0.003870573421924 
0.003870278707170 
0.003869984107020 
0.003869689621336 
0.003869395249979 
0.003869100992809 
0.003868806849689 
0.003868512820478 
0.003868218905037 
0.003867925103227 
0.003867631414909 
0.003867337839942 
0.003867044378188 
0.003866751029507 
0.003866457793758 
0.003866164670801 
0.003865871660498 
0.003865578762707 
0.003865285977289 
0.003864993304103 
0.003864700743009 
0.003864408293866 
0.003864115956534 
0.003863823730873 
0.003863531616741 
0.003863239613998 
0.003862947722503 
0.003862655942115 
0.003862364272694 
0.003862072714097 
0.003861781266185 
0.003861489928815 
0.003861198701846 
0.003860907585137 
0.003860616578547 
0.003860325681934 
0.003860034895157 
0.003859744218073 
0.003859453650542 
0.003859163192420 
0.003858872843567 
0.003858582603841 
0.003858292473099 
0.003858002451200 
0.003857712538001 
0.003857422733360 
0.003857133037135 
0.003856843449183 
0.003856553969363 
0.003856264597532 
0.003855975333547 
0.003855686177266 
0.003855397128546 
0.003855108187245 
0.003854819353220 
0.003854530626328 
0.003854242006426 
0.003853953493372 
0.003853665087022 
0.003853376787234 
0.003853088593864 
0.003852800506770 
0.003852512525808 
0.003852224650836 
0.003851936881709 
0.003851649218286 
0.003851361660422 
0.003851074207974 
0.003850786860799 
0.003850499618753 
0.003850212481694 
0.003849925449476 
0.003849638521958 
0.003849351698995 
0.003849064980444 
0.003848778366161 
0.003848491856003 
0.003848205449825 
0.003847919147484 
0.003847632948836 
0.003847346853737 
0.003847060862045 
0.003846774973613 
0.003846489188300 
0.003846203505960 
0.003845917926450 
0.003845632449626 
0.003845347075344 
0.003845061803459 
0.003844776633829 
0.003844491566307 
0.003844206600752 
0.003843921737018 
0.003843636974961 
0.003843352314437 
0.003843067755302 
0.003842783297411 
0.003842498940621 
0.003842214684787 
0.003841930529765 
0.003841646475411 
0.003841362521580 
0.003841078668128 
0.003840794914911 
0.003840511261784 
0.003840227708603 
0.003839944255223 
0.003839660901501 
0.003839377647292 
0.003839094492451 
0.003838811436835 
0.003838528480298 
0.003838245622697 
0.003837962863886 
0.003837680203722 
0.003837397642060 
0.003837115178755 
0.003836832813664 
0.003836550546641 
0.003836268377543 
0.003835986306225 
0.003835704332542 
0.003835422456351 
0.003835140677506 
0.003834858995863 
0.003834577411278 
0.003834295923607 
0.003834014532704 
0.003833733238426 
0.003833452040629 
0.003833170939167 
0.003832889933896 
0.003832609024673 
0.003832328211352 
0.003832047493790 
0.003831766871842 
0.003831486345363 
0.003831205914210 
0.003830925578238 
0.003830645337303 
0.003830365191260 
0.003830085139966 
0.003829805183275 
0.003829525321044 
0.003829245553129 
0.003828965879386 
0.003828686299669 
0.003828406813836 
0.003828127421742 
0.003827848123242 
0.003827568918194 
0.003827289806452 
0.003827010787872 
0.003826731862312 
0.003826453029626 
0.003826174289670 
0.003825895642302 
0.003825617087376 
0.003825338624749 
0.003825060254277 
0.003824781975817 
0.003824503789224 
0.003824225694354 
0.003823947691065 
0.003823669779211 
0.003823391958651 
0.003823114229239 
0.003822836590832 
0.003822559043287 
0.003822281586460 
0.003822004220208 
0.003821726944386 
0.003821449758853 
0.003821172663463 
0.003820895658075 
0.003820618742544 
0.003820341916727 
0.003820065180481 
0.003819788533663 
0.003819511976130 
0.003819235507738 
0.003818959128344 
0.003818682837805 
0.003818406635979 
0.003818130522722 
0.003817854497892 
0.003817578561344 
0.003817302712938 
0.003817026952529 
0.003816751279976 
0.003816475695134 
0.003816200197863 
0.003815924788018 
0.003815649465458 
0.003815374230041 
0.003815099081622 
0.003814824020061 
0.003814549045215 
0.003814274156941 
0.003813999355097 
0.003813724639541 
0.003813450010131 
0.003813175466725 
0.003812901009180 
0.003812626637355 
0.003812352351108 
0.003812078150297 
0.003811804034779 
0.003811530004414 
0.003811256059059 
0.003810982198573 
0.003810708422814 
0.003810434731640 
0.003810161124911 
0.003809887602484 
0.003809614164219 
0.003809340809974 
0.003809067539607 
0.003808794352978 
0.003808521249945 
0.003808248230367 
0.003807975294104 
0.003807702441013 
0.003807429670956 
0.003807156983789 
0.003806884379374 
0.003806611857569 
0.003806339418233 
0.003806067061226 
0.003805794786407 
0.003805522593636 
0.003805250482773 
0.003804978453677 
0.003804706506208 
0.003804434640226 
0.003804162855590 
0.003803891152161 
0.003803619529798 
0.003803347988363 
0.003803076527714 
0.003802805147712 
0.003802533848218 
0.003802262629092 
0.003801991490194 
0.003801720431384 
0.003801449452524 
0.003801178553474 
0.003800907734095 
0.003800636994247 
0.003800366333791 
0.003800095752589 
0.003799825250501 
0.003799554827389 
0.003799284483113 
0.003799014217535 
0.003798744030517 
0.003798473921919 
0.003798203891603 
0.003797933939430 
0.003797664065263 
0.003797394268962 
0.003797124550391 
0.003796854909410 
0.003796585345881 
0.003796315859667 
0.003796046450629 
0.003795777118630 
0.003795507863532 
0.003795238685197 
0.003794969583488 
0.003794700558267 
0.003794431609396 
0.003794162736739 
0.003793893940158 
0.003793625219516 
0.003793356574676 
0.003793088005500 
0.003792819511852 
0.003792551093595 
0.003792282750592 
0.003792014482707 
0.003791746289802 
0.003791478171741 
0.003791210128388 
0.003790942159606 
0.003790674265260 
0.003790406445212 
0.003790138699327 
0.003789871027469 
0.003789603429501 
0.003789335905288 
0.003789068454694 
0.003788801077584 
0.003788533773821 
0.003788266543271 
0.003787999385797 
0.003787732301264 
0.003787465289538 
0.003787198350482 
0.003786931483963 
0.003786664689844 
0.003786397967991 
0.003786131318269 
0.003785864740543 
0.003785598234679 
0.003785331800542 
0.003785065437997 
0.003784799146911 
0.003784532927148 
0.003784266778575 
0.003784000701057 
0.003783734694461 
0.003783468758652 
0.003783202893497 
0.003782937098861 
0.003782671374611 
0.003782405720614 
0.003782140136736 
0.003781874622844 
0.003781609178803 
0.003781343804482 
0.003781078499746 
0.003780813264463 
0.003780548098499 
0.003780283001723 
0.003780017974000 
0.003779753015199 
0.003779488125187 
0.003779223303831 
0.003778958550998 
0.003778693866557 
0.003778429250376 
0.003778164702321 
0.003777900222261 
0.003777635810064 
0.003777371465599 
0.003777107188732 
0.003776842979333 
0.003776578837271 
0.003776314762412 
0.003776050754627 
0.003775786813784 
0.003775522939751 
0.003775259132397 
0.003774995391591 
0.003774731717203 
0.003774468109102 
0.003774204567156 
0.003773941091234 
0.003773677681208 
0.003773414336945 
0.003773151058315 
0.003772887845189 
0.003772624697436 
0.003772361614925 
0.003772098597528 
0.003771835645113 
0.003771572757551 
0.003771309934712 
0.003771047176466 
0.003770784482685 
0.003770521853238 
0.003770259287996 
0.003769996786830 
0.003769734349611 
0.003769471976209 
0.003769209666495 
0.003768947420341 
0.003768685237618 
0.003768423118196 
0.003768161061948 
0.003767899068744 
0.003767637138457 
0.003767375270958 
0.003767113466118 
0.003766851723810 
0.003766590043905 
0.003766328426276 
0.003766066870793 
0.003765805377331 
0.003765543945761 
0.003765282575954 
0.003765021267785 
0.003764760021125 
0.003764498835846 
0.003764237711823 
0.003763976648927 
0.003763715647031 
0.003763454706009 
0.003763193825734 
0.003762933006078 
0.003762672246916 
0.003762411548120 
0.003762150909563 
0.003761890331121 
0.003761629812665 
0.003761369354071 
0.003761108955211 
0.003760848615960 
0.003760588336192 
0.003760328115780 
0.003760067954600 
0.003759807852525 
0.003759547809429 
0.003759287825188 
0.003759027899676 
0.003758768032767 
0.003758508224337 
0.003758248474259 
0.003757988782410 
0.003757729148663 
0.003757469572895 
0.003757210054980 
0.003756950594794 
0.003756691192212 
0.003756431847109 
0.003756172559361 
0.003755913328844 
0.003755654155434 
0.003755395039006 
0.003755135979436 
0.003754876976600 
0.003754618030375 
0.003754359140636 
0.003754100307260 
0.003753841530123 
0.003753582809101 
0.003753324144072 
0.003753065534911 
0.003752806981496 
0.003752548483704 
0.003752290041410 
0.003752031654493 
0.003751773322828 
0.003751515046295 
0.003751256824768 
0.003750998658127 
0.003750740546248 
0.003750482489009 
0.003750224486287 
0.003749966537960 
0.003749708643906 
0.003749450804003 
0.003749193018128 
0.003748935286160 
0.003748677607976 
0.003748419983456 
0.003748162412476 
0.003747904894916 
0.003747647430654 
0.003747390019568 
0.003747132661537 
0.003746875356439 
0.003746618104155 
0.003746360904561 
0.003746103757537 
0.003745846662963 
0.003745589620717 
0.003745332630679 
0.003745075692727 
0.003744818806741 
0.003744561972601 
0.003744305190185 
0.003744048459374 
0.003743791780048 
0.003743535152085 
0.003743278575366 
0.003743022049770 
0.003742765575178 
0.003742509151470 
0.003742252778526 
0.003741996456226 
0.003741740184450 
0.003741483963078 
0.003741227791992 
0.003740971671072 
0.003740715600197 
0.003740459579250 
0.003740203608110 
0.003739947686659 
0.003739691814778 
0.003739435992346 
0.003739180219247 
0.003738924495359 
0.003738668820566 
0.003738413194748 
0.003738157617786 
0.003737902089562 
0.003737646609958 
0.003737391178855 
0.003737135796134 
0.003736880461678 
0.003736625175368 
0.003736369937086 
0.003736114746714 
0.003735859604133 
0.003735604509228 
0.003735349461878 
0.003735094461967 
0.003734839509377 
0.003734584603990 
0.003734329745688 
0.003734074934355 
0.003733820169873 
0.003733565452123 
0.003733310780990 
0.003733056156356 
0.003732801578104 
0.003732547046116 
0.003732292560276 
0.003732038120466 
0.003731783726571 
0.003731529378472 
0.003731275076054 
0.003731020819199 
0.003730766607791 
0.003730512441714 
0.003730258320850 
0.003730004245084 
0.003729750214300 
0.003729496228380 
0.003729242287208 
0.003728988390669 
0.003728734538647 
0.003728480731025 
0.003728226967687 
0.003727973248517 
0.003727719573400 
0.003727465942220 
0.003727212354860 
0.003726958811206 
0.003726705311142 
0.003726451854552 
0.003726198441320 
0.003725945071332 
0.003725691744471 
0.003725438460622 
0.003725185219671 
0.003724932021502 
0.003724678865999 
0.003724425753049 
0.003724172682534 
0.003723919654342 
0.003723666668355 
0.003723413724461 
0.003723160822544 
0.003722907962488 
0.003722655144180 
0.003722402367505 
0.003722149632348 
0.003721896938594 
0.003721644286129 
0.003721391674839 
0.003721139104609 
0.003720886575324 
0.003720634086871 
0.003720381639135 
0.003720129232001 
0.003719876865356 
0.003719624539086 
0.003719372253076 
0.003719120007213 
0.003718867801382 
0.003718615635469 
0.003718363509361 
0.003718111422943 
0.003717859376102 
0.003717607368724 
0.003717355400696 
0.003717103471903 
0.003716851582232 
0.003716599731569 
0.003716347919801 
0.003716096146814 
0.003715844412495 
0.003715592716730 
0.003715341059407 
0.003715089440410 
0.003714837859628 
0.003714586316947 
0.003714334812253 
0.003714083345434 
0.003713831916376 
0.003713580524966 
0.003713329171091 
0.003713077854638 
0.003712826575494 
0.003712575333545 
0.003712324128680 
0.003712072960784 
0.003711821829745 
0.003711570735451 
0.003711319677787 
0.003711068656642 
0.003710817671903 
0.003710566723456 
0.003710315811189 
0.003710064934990 
0.003709814094746 
0.003709563290344 
0.003709312521671 
0.003709061788615 
0.003708811091063 
0.003708560428903 
0.003708309802022 
0.003708059210308 
0.003707808653648 
0.003707558131929 
0.003707307645040 
0.003707057192868 
0.003706806775301 
0.003706556392225 
0.003706306043530 
0.003706055729101 
0.003705805448828 
0.003705555202598 
0.003705304990298 
0.003705054811816 
0.003704804667041 
0.003704554555859 
0.003704304478159 
0.003704054433828 
0.003703804422754 
0.003703554444826 
0.003703304499930 
0.003703054587955 
0.003702804708788 
0.003702554862318 
0.003702305048431 
0.003702055267018 
0.003701805517964 
0.003701555801158 
0.003701306116488 
0.003701056463842 
0.003700806843107 
0.003700557254172 
0.003700307696924 
0.003700058171253 
0.003699808677044 
0.003699559214187 
0.003699309782569 
0.003699060382078 
0.003698811012603 
0.003698561674031 
0.003698312366249 
0.003698063089147 
0.003697813842612 
0.003697564626532 
0.003697315440794 
0.003697066285287 
0.003696817159899 
0.003696568064518 
0.003696318999031 
0.003696069963327 
0.003695820957293 
0.003695571980817 
0.003695323033787 
0.003695074116091 
0.003694825227617 
0.003694576368253 
0.003694327537886 
0.003694078736405 
0.003693829963697 
0.003693581219649 
0.003693332504151 
0.003693083817089 
0.003692835158351 
0.003692586527825 
0.003692337925399 
0.003692089350960 
0.003691840804397 
0.003691592285596 
0.003691343794445 
0.003691095330833 
0.003690846894646 
0.003690598485772 
0.003690350104099 
0.003690101749514 
0.003689853421904 
0.003689605121158 
0.003689356847162 
0.003689108599805 
0.003688860378972 
0.003688612184553 
0.003688364016433 
0.003688115874501 
0.003687867758643 
0.003687619668748 
0.003687371604701 
0.003687123566390 
0.003686875553703 
0.003686627566525 
0.003686379604746 
0.003686131668250 
0.003685883756926 
0.003685635870661 
0.003685388009340 
0.003685140172851 
0.003684892361082 
0.003684644573917 
0.003684396811246 
0.003684149072953 
0.003683901358925 
0.003683653669050 
0.003683406003213 
0.003683158361302 
0.003682910743202 
0.003682663148800 
0.003682415577983 
0.003682168030636 
0.003681920506645 
0.003681673005898 
0.003681425528280 
0.003681178073676 
0.003680930641974 
0.003680683233059 
0.003680435846817 
0.003680188483133 
0.003679941141894 
0.003679693822986 
0.003679446526293 
0.003679199251701 
0.003678951999096 
0.003678704768364 
0.003678457559389 
0.003678210372058 
0.003677963206254 
0.003677716061864 
0.003677468938773 
0.003677221836865 
0.003676974756025 
0.003676727696139 
0.003676480657091 
0.003676233638765 
0.003675986641048 
0.003675739663822 
0.003675492706973 
0.003675245770385 
0.003674998853942 
0.003674751957528 
0.003674505081029 
0.003674258224327 
0.003674011387307 
0.003673764569852 
0.003673517771847 
0.003673270993175 
0.003673024233720 
0.003672777493366 
0.003672530771995 
0.003672284069491 
0.003672037385738 
0.003671790720618 
0.003671544074015 
0.003671297445812 
0.003671050835891 
0.003670804244135 
0.003670557670428 
0.003670311114651 
0.003670064576687 
0.003669818056418 
0.003669571553727 
0.003669325068495 
0.003669078600605 
0.003668832149939 
0.003668585716379 
0.003668339299805 
0.003668092900101 
0.003667846517146 
0.003667600150823 
0.003667353801013 
0.003667107467597 
0.003666861150456 
0.003666614849471 
0.003666368564522 
0.003666122295490 
0.003665876042256 
0.003665629804700 
0.003665383582703 
0.003665137376144 
0.003664891184903 
0.003664645008860 
0.003664398847896 
0.003664152701889 
0.003663906570719 
0.003663660454265 
0.003663414352407 
0.003663168265023 
0.003662922191993 
0.003662676133195 
0.003662430088508 
0.003662184057810 
0.003661938040979 
0.003661692037894 
0.003661446048433 
0.003661200072474 
0.003660954109893 
0.003660708160570 
0.003660462224380 
0.003660216301202 
0.003659970390913 
0.003659724493389 
0.003659478608507 
0.003659232736144 
0.003658986876176 
0.003658741028480 
0.003658495192931 
0.003658249369405 
0.003658003557779 
0.003657757757928 
0.003657511969726 
0.003657266193050 
0.003657020427775 
0.003656774673774 
0.003656528930924 
0.003656283199098 
0.003656037478171 
0.003655791768017 
0.003655546068509 
0.003655300379523 
0.003655054700930 
0.003654809032605 
0.003654563374420 
0.003654317726250 
0.003654072087965 
0.003653826459440 
0.003653580840546 
0.003653335231156 
0.003653089631141 
0.003652844040373 
0.003652598458724 
0.003652352886065 
0.003652107322268 
0.003651861767203 
0.003651616220740 
0.003651370682751 
0.003651125153106 
0.003650879631674 
0.003650634118326 
0.003650388612931 
0.003650143115358 
0.003649897625476 
0.003649652143155 
0.003649406668263 
0.003649161200668 
0.003648915740240 
0.003648670286844 
0.003648424840350 
0.003648179400625 
0.003647933967536 
0.003647688540950 
0.003647443120733 
0.003647197706753 
0.003646952298874 
0.003646706896965 
0.003646461500889 
0.003646216110512 
0.003645970725701 
0.003645725346318 
0.003645479972230 
0.003645234603300 
0.003644989239393 
0.003644743880373 
0.003644498526102 
0.003644253176445 
0.003644007831264 
0.003643762490422 
0.003643517153781 
0.003643271821204 
0.003643026492552 
0.003642781167687 
0.003642535846470 
0.003642290528763 
0.003642045214425 
0.003641799903317 
0.003641554595300 
0.003641309290233 
0.003641063987975 
0.003640818688385 
0.003640573391323 
0.003640328096647 
0.003640082804214 
0.003639837513884 
0.003639592225513 
0.003639346938959 
0.003639101654078 
0.003638856370727 
0.003638611088762 
0.003638365808040 
0.003638120528415 
0.003637875249743 
0.003637629971879 
0.003637384694677 
0.003637139417991 
0.003636894141675 
0.003636648865582 
0.003636403589567 
0.003636158313480 
0.003635913037175 
0.003635667760504 
0.003635422483318 
0.003635177205468 
0.003634931926806 
0.003634686647181 
0.003634441366444 
0.003634196084445 
0.003633950801032 
0.003633705516055 
0.003633460229362 
0.003633214940802 
0.003632969650222 
0.003632724357469 
0.003632479062390 
0.003632233764833 
0.003631988464642 
0.003631743161663 
0.003631497855742 
0.003631252546724 
0.003631007234453 
0.003630761918773 
0.003630516599527 
0.003630271276558 
0.003630025949710 
0.003629780618824 
0.003629535283742 
0.003629289944305 
0.003629044600355 
0.003628799251731 
0.003628553898273 
0.003628308539822 
0.003628063176215 
0.003627817807291 
0.003627572432889 
0.003627327052846 
0.003627081666999 
0.003626836275184 
0.003626590877237 
0.003626345472995 
0.003626100062292 
0.003625854644963 
0.003625609220842 
0.003625363789762 
0.003625118351556 
0.003624872906057 
0.003624627453097 
0.003624381992508 
0.003624136524119 
0.003623891047762 
0.003623645563267 
0.003623400070462 
0.003623154569176 
0.003622909059238 
0.003622663540475 
0.003622418012715 
0.003622172475783 
0.003621926929505 
0.003621681373708 
0.003621435808215 
0.003621190232851 
0.003620944647440 
0.003620699051804 
0.003620453445765 
0.003620207829146 
0.003619962201768 
0.003619716563451 
0.003619470914015 
0.003619225253279 
0.003618979581062 
0.003618733897183 
0.003618488201457 
0.003618242493703 
0.003617996773736 
0.003617751041372 
0.003617505296425 
0.003617259538709 
0.003617013768039 
0.003616767984226 
0.003616522187083 
0.003616276376420 
0.003616030552050 
0.003615784713781 
0.003615538861423 
0.003615292994785 
0.003615047113674 
0.003614801217898 
0.003614555307262 
0.003614309381573 
0.003614063440635 
0.003613817484253 
0.003613571512230 
0.003613325524368 
0.003613079520470 
0.003612833500336 
0.003612587463768 
0.003612341410564 
0.003612095340523 
0.003611849253443 
0.003611603149121 
0.003611357027355 
0.003611110887938 
0.003610864730666 
0.003610618555334 
0.003610372361732 
0.003610126149655 
0.003609879918894 
0.003609633669238 
0.003609387400477 
0.003609141112401 
0.003608894804796 
0.003608648477450 
0.003608402130150 
0.003608155762680 
0.003607909374824 
0.003607662966366 
0.003607416537088 
0.003607170086772 
0.003606923615198 
0.003606677122146 
0.003606430607395 
0.003606184070721 
0.003605937511903 
0.003605690930715 
0.003605444326932 
0.003605197700329 
0.003604951050677 
0.003604704377748 
0.003604457681314 
0.003604210961143 
0.003603964217005 
0.003603717448667 
0.003603470655896 
0.003603223838456 
0.003602976996112 
0.003602730128628 
0.003602483235766 
0.003602236317287 
0.003601989372950 
0.003601742402515 
0.003601495405739 
0.003601248382378 
0.003601001332189 
0.003600754254926 
0.003600507150341 
0.003600260018186 
0.003600012858213 
0.003599765670170 
0.003599518453806 
0.003599271208867 
0.003599023935100 
0.003598776632250 
0.003598529300059 
0.003598281938269 
0.003598034546622 
0.003597787124856 
0.003597539672710 
0.003597292189921 
0.003597044676224 
0.003596797131353 
0.003596549555041 
0.003596301947020 
0.003596054307020 
0.003595806634769 
0.003595558929995 
0.003595311192423 
0.003595063421778 
0.003594815617783 
0.003594567780159 
0.003594319908628 
0.003594072002906 
0.003593824062712 
0.003593576087760 
0.003593328077766 
0.003593080032442 
0.003592831951498 
0.003592583834644 
0.003592335681589 
0.003592087492038 
0.003591839265695 
0.003591591002265 
0.003591342701449 
0.003591094362945 
0.003590845986454 
0.003590597571670 
0.003590349118289 
0.003590100626004 
0.003589852094505 
0.003589603523484 
0.003589354912626 
0.003589106261620 
0.003588857570148 
0.003588608837893 
0.003588360064536 
0.003588111249756 
0.003587862393229 
0.003587613494630 
0.003587364553633 
0.003587115569909 
0.003586866543127 
0.003586617472954 
0.003586368359057 
0.003586119201097 
0.003585869998736 
0.003585620751635 
0.003585371459450 
0.003585122121835 
0.003584872738446 
0.003584623308931 
0.003584373832941 
0.003584124310122 
0.003583874740119 
0.003583625122573 
0.003583375457125 
0.003583125743414 
0.003582875981074 
0.003582626169739 
0.003582376309039 
0.003582126398605 
0.003581876438062 
0.003581626427034 
0.003581376365143 
0.003581126252007 
0.003580876087245 
0.003580625870469 
0.003580375601293 
0.003580125279324 
0.003579874904170 
0.003579624475435 
0.003579373992720 
0.003579123455625 
0.003578872863745 
0.003578622216674 
0.003578371514004 
0.003578120755321 
0.003577869940212 
0.003577619068259 
0.003577368139042 
0.003577117152138 
0.003576866107121 
0.003576615003562 
0.003576363841028 
0.003576112619086 
0.003575861337297 
0.003575609995221 
0.003575358592414 
0.003575107128429 
0.003574855602815 
0.003574604015119 
0.003574352364885 
0.003574100651653 
0.003573848874960 
0.003573597034340 
0.003573345129322 
0.003573093159435 
0.003572841124201 
0.003572589023140 
0.003572336855770 
0.003572084621603 
0.003571832320149 
0.003571579950914 
0.003571327513399 
0.003571075007104 
0.003570822431524 
0.003570569786148 
0.003570317070466 
0.003570064283959 
0.003569811426109 
0.003569558496389 
0.003569305494273 
0.003569052419227 
0.003568799270714 
0.003568546048195 
0.003568292751125 
0.003568039378954 
0.003567785931129 
0.003567532407094 
0.003567278806284 
0.003567025128136 
0.003566771372077 
0.003566517537532 
0.003566263623922 
0.003566009630661 
0.003565755557162 
0.003565501402829 
0.003565247167064 
0.003564992849264 
0.003564738448821 
0.003564483965120 
0.003564229397544 
0.003563974745468 
0.003563720008265 
0.003563465185301 
0.003563210275937 
0.003562955279527 
0.003562700195424 
0.003562445022970 
0.003562189761506 
0.003561934410366 
0.003561678968877 
0.003561423436362 
0.003561167812137 
0.003560912095513 
0.003560656285795 
0.003560400382281 
0.003560144384265 
0.003559888291032 
0.003559632101864 
0.003559375816033 
0.003559119432808 
0.003558862951450 
0.003558606371213 
0.003558349691346 
0.003558092911089 
0.003557836029677 
0.003557579046337 
0.003557321960291 
0.003557064770751 
0.003556807476923 
0.003556550078008 
0.003556292573197 
0.003556034961673 
0.003555777242614 
0.003555519415189 
0.003555261478560 
0.003555003431879 
0.003554745274292 
0.003554487004938 
0.003554228622945 
0.003553970127435 
0.003553711517520 
0.003553452792305 
0.003553193950886 
0.003552934992349 
0.003552675915773 
0.003552416720227 
0.003552157404772 
0.003551897968457 
0.003551638410326 
0.003551378729409 
0.003551118924731 
0.003550858995304 
0.003550598940130 
0.003550338758204 
0.003550078448508 
0.003549818010015 
0.003549557441688 
0.003549296742478 
0.003549035911327 
0.003548774947165 
0.003548513848911 
0.003548252615474 
0.003547991245750 
0.003547729738625 
0.003547468092973 
0.003547206307656 
0.003546944381524 
0.003546682313415 
0.003546420102154 
0.003546157746555 
0.003545895245418 
0.003545632597531 
0.003545369801668 
0.003545106856591 
0.003544843761047 
0.003544580513771 
0.003544317113483 
0.003544053558890 
0.003543789848683 
0.003543525981541 
0.003543261956127 
0.003542997771087 
0.003542733425057 
0.003542468916652 
0.003542204244476 
0.003541939407114 
0.003541674403137 
0.003541409231098 
0.003541143889536 
0.003540878376969 
0.003540612691903 
0.003540346832822 
0.003540080798195 
0.003539814586474 
0.003539548196090 
0.003539281625457 
0.003539014872971 
0.003538747937009 
0.003538480815926 
0.003538213508060 
0.003537946011729 
0.003537678325229 
0.003537410446837 
0.003537142374810 
0.003536874107380 
0.003536605642761 
0.003536336979143 
0.003536068114696 
0.003535799047564 
0.003535529775871 
0.003535260297716 
0.003534990611174 
0.003534720714298 
0.003534450605113 
0.003534180281622 
0.003533909741801 
0.003533638983600 
0.003533368004945 
0.003533096803732 
0.003532825377832 
0.003532553725088 
0.003532281843316 
0.003532009730301 
0.003531737383800 
0.003531464801542 
0.003531191981224 
0.003530918920514 
0.003530645617049 
0.003530372068431 
0.003530098272235 
0.003529824226001 
0.003529549927234 
0.003529275373408 
0.003529000561962 
0.003528725490300 
0.003528450155788 
0.003528174555760 
0.003527898687509 
0.003527622548295 
0.003527346135335 
0.003527069445811 
0.003526792476865 
0.003526515225596 
0.003526237689065 
0.003525959864292 
0.003525681748251 
0.003525403337877 
0.003525124630058 
0.003524845621640 
0.003524566309422 
0.003524286690157 
0.003524006760552 
0.003523726517264 
0.003523445956904 
0.003523165076031 
0.003522883871155 
0.003522602338735 
0.003522320475177 
0.003522038276833 
0.003521755740003 
0.003521472860930 
0.003521189635801 
0.003520906060748 
0.003520622131843 
0.003520337845099 
0.003520053196470 
0.003519768181848 
0.003519482797063 
0.003519197037880 
0.003518910900003 
0.003518624379067 
0.003518337470642 
0.003518050170229 
0.003517762473261 
0.003517474375101 
0.003517185871038 
0.003516896956291 
0.003516607626004 
0.003516317875245 
0.003516027699006 
0.003515737092201 
0.003515446049666 
0.003515154566155 
0.003514862636341 
0.003514570254814 
0.003514277416078 
0.003513984114554 
