1.000000000000000 
0.058967079960329 
0.038213790453643 
0.035657580934857 
0.034786136829746 
0.034351096683171 
0.034090852111049 
0.033917662772949 
0.033793893019121 
0.033700711753768 
0.033627651725749 
0.033568438150796 
0.033519091072447 
0.033476973204548 
0.033440274541166 
0.033407716237455 
0.033378372167162 
0.033351557138293 
0.033326754572855 
0.033303568421446 
0.033281690426239 
0.033260877364333 
0.033240934931860 
0.033221706137591 
0.033203062815250 
0.033184899328735 
0.033167127842865 
0.033149674727532 
0.033132477793124 
0.033115484143031 
0.033098648489438 
0.033081931820618 
0.033065300337550 
0.033048724598834 
0.033032178828091 
0.033015640349171 
0.032999089122643 
0.032982507363155 
0.032965879221776 
0.032949190520925 
0.032932428532075 
0.032915581788481 
0.032898639926722 
0.032881593552076 
0.032864434123703 
0.032847153856358 
0.032829745635973 
0.032812202946904 
0.032794519809048 
0.032776690723320 
0.032758710624260 
0.032740574838713 
0.032722279049732 
0.032703819264950 
0.032685191788820 
0.032666393198186 
0.032647420320755 
0.032628270216067 
0.032608940158672 
0.032589427623199 
0.032569730271115 
0.032549845938927 
0.032529772627697 
0.032509508493678 
0.032489051839956 
0.032468401108969 
0.032447554875819 
0.032426511842269 
0.032405270831369 
0.032383830782619 
0.032362190747627 
0.032340349886205 
0.032318307462847 
0.032296062843568 
0.032273615493036 
0.032250964972002 
0.032228110934964 
0.032205053128065 
0.032181791387181 
0.032158325636198 
0.032134655885439 
0.032110782230237 
0.032086704849637 
0.032062424005203 
0.032037940039931 
0.032013253377239 
0.031988364520041 
0.031963274049882 
0.031937982626120 
0.031912490985170 
0.031886799939764 
0.031860910378259 
0.031834823263948 
0.031808539634399 
0.031782060600789 
0.031755387347247 
0.031728521130180 
0.031701463277597 
0.031674215188406 
0.031646778331693 
0.031619154245965 
0.031591344538366 
0.031563350883853 
0.031535175024323 
0.031506818767702 
0.031478283986975 
0.031449572619172 
0.031420686664288 
0.031391628184147 
0.031362399301211 
0.031333002197313 
0.031303439112341 
0.031273712342846 
0.031243824240585 
0.031213777211009 
0.031183573711673 
0.031153216250592 
0.031122707384532 
0.031092049717236 
0.031061245897605 
0.031030298617811 
0.030999210611367 
0.030967984651151 
0.030936623547382 
0.030905130145562 
0.030873507324388 
0.030841757993631 
0.030809885092000 
0.030777891584987 
0.030745780462709 
0.030713554737743 
0.030681217442969 
0.030648771629426 
0.030616220364185 
0.030583566728249 
0.030550813814489 
0.030517964725613 
0.030485022572192 
0.030451990470727 
0.030418871541784 
0.030385668908190 
0.030352385693304 
0.030319025019352 
0.030285590005860 
0.030252083768151 
0.030218509415947 
0.030184870052047 
0.030151168771108 
0.030117408658516 
0.030083592789350 
0.030049724227443 
0.030015806024540 
0.029981841219548 
0.029947832837875 
0.029913783890863 
0.029879697375306 
0.029845576273049 
0.029811423550669 
0.029777242159222 
0.029743035034069 
0.029708805094754 
0.029674555244943 
0.029640288372416 
0.029606007349090 
0.029571715031093 
0.029537414258851 
0.029503107857209 
0.029468798635557 
0.029434489387966 
0.029400182893320 
0.029365881915449 
0.029331589203235 
0.029297307490707 
0.029263039497105 
0.029228787926915 
0.029194555469862 
0.029160344800865 
0.029126158579947 
0.029091999452092 
0.029057870047054 
0.029023772979110 
0.028989710846761 
0.028955686232372 
0.028921701701758 
0.028887759803717 
0.028853863069503 
0.028820014012249 
0.028786215126338 
0.028752468886726 
0.028718777748215 
0.028685144144688 
0.028651570488308 
0.028618059168672 
0.028584612551944 
0.028551232979959 
0.028517922769303 
0.028484684210381 
0.028451519566465 
0.028418431072748 
0.028385420935378 
0.028352491330506 
0.028319644403340 
0.028286882267202 
0.028254207002609 
0.028221620656367 
0.028189125240690 
0.028156722732347 
0.028124415071842 
0.028092204162618 
0.028060091870307 
0.028028080022020 
0.027996170405672 
0.027964364769358 
0.027932664820775 
0.027901072226688 
0.027869588612457 
0.027838215561602 
0.027806954615432 
0.027775807272727 
0.027744774989466 
0.027713859178621 
0.027683061209994 
0.027652382410126 
0.027621824062236 
0.027591387406239 
0.027561073638794 
0.027530883913418 
0.027500819340641 
0.027470880988210 
0.027441069881336 
0.027411387002990 
0.027381833294225 
0.027352409654547 
0.027323116942312 
0.027293955975158 
0.027264927530455 
0.027236032345786 
0.027207271119441 
0.027178644510933 
0.027150153141517 
0.027121797594729 
0.027093578416916 
0.027065496117780 
0.027037551170916 
0.027009744014344 
0.026982075051037 
0.026954544649441 
0.026927153143981 
0.026899900835563 
0.026872787992051 
0.026845814848741 
0.026818981608813 
0.026792288443780 
0.026765735493907 
0.026739322868636 
0.026713050646984 
0.026686918877944 
0.026660927580869 
0.026635076745856 
0.026609366334125 
0.026583796278398 
0.026558366483281 
0.026533076825650 
0.026507927155049 
0.026482917294093 
0.026458047038894 
0.026433316159495 
0.026408724400330 
0.026384271480706 
0.026359957095304 
0.026335780914717 
0.026311742586002 
0.026287841733279 
0.026264077958343 
0.026240450841322 
0.026216959941353 
0.026193604797304 
0.026170384928512 
0.026147299835561 
0.026124349001083 
0.026101531890585 
0.026078847953305 
0.026056296623080 
0.026033877319245 
0.026011589447537 
0.025989432401018 
0.025967405560999 
0.025945508297979 
0.025923739972577 
0.025902099936464 
0.025880587533288 
0.025859202099585 
0.025837942965683 
0.025816809456578 
0.025795800892794 
0.025774916591215 
0.025754155865887 
0.025733518028791 
0.025713002390575 
0.025692608261256 
0.025672334950874 
0.025652181770112 
0.025632148030864 
0.025612233046768 
0.025592436133679 
0.025572756610110 
0.025553193797616 
0.025533747021133 
0.025514415609268 
0.025495198894546 
0.025476096213605 
0.025457106907345 
0.025438230321039 
0.025419465804390 
0.025400812711553 
0.025382270401114 
0.025363838236022 
0.025345515583499 
0.025327301814897 
0.025309196305528 
0.025291198434470 
0.025273307584323 
0.025255523140961 
0.025237844493238 
0.025220271032688 
0.025202802153187 
0.025185437250613 
0.025168175722483 
0.025151016967574 
0.025133960385544 
0.025117005376532 
0.025100151340767 
0.025083397678167 
0.025066743787942 
0.025050189068198 
0.025033732915553 
0.025017374724757 
0.025001113888326 
0.024984949796193 
0.024968881835375 
0.024952909389652 
0.024937031839285 
0.024921248560737 
0.024905558926434 
0.024889962304550 
0.024874458058815 
0.024859045548363 
0.024843724127596 
0.024828493146097 
0.024813351948559 
0.024798299874754 
0.024783336259534 
0.024768460432858 
0.024753671719855 
0.024738969440915 
0.024724352911807 
0.024709821443828 
0.024695374343974 
0.024681010915143 
0.024666730456346 
0.024652532262958 
0.024638415626973 
0.024624379837281 
0.024610424179960 
0.024596547938582 
0.024582750394525 
0.024569030827296 
0.024555388514862 
0.024541822733981 
0.024528332760539 
0.024514917869882 
0.024501577337154 
0.024488310437627 
0.024475116447024 
0.024461994641841 
0.024448944299660 
0.024435964699449 
0.024423055121858 
0.024410214849500 
0.024397443167227 
0.024384739362381 
0.024372102725048 
0.024359532548288 
0.024347028128355 
0.024334588764907 
0.024322213761195 
0.024309902424250 
0.024297654065042 
0.024285467998640 
0.024273343544352 
0.024261280025855 
0.024249276771311 
0.024237333113474 
0.024225448389789 
0.024213621942473 
0.024201853118595 
0.024190141270140 
0.024178485754074 
0.024166885932388 
0.024155341172148 
0.024143850845534 
0.024132414329869 
0.024121031007650 
0.024109700266570 
0.024098421499538 
0.024087194104698 
0.024076017485438 
0.024064891050405 
0.024053814213515 
0.024042786393963 
0.024031807016226 
0.024020875510078 
0.024009991310590 
0.023999153858146 
0.023988362598448 
0.023977616982525 
0.023966916466747 
0.023956260512836 
0.023945648587884 
0.023935080164366 
0.023924554720159 
0.023914071738566 
0.023903630708339 
0.023893231123703 
0.023882872484389 
0.023872554295659 
0.023862276068349 
0.023852037318901 
0.023841837569402 
0.023831676347631 
0.023821553187104 
0.023811467627120 
0.023801419212815 
0.023791407495212 
0.023781432031285 
0.023771492384007 
0.023761588122423 
0.023751718821701 
0.023741884063206 
0.023732083434564 
0.023722316529724 
0.023712582949037 
0.023702882299315 
0.023693214193909 
0.023683578252774 
0.023673974102540 
0.023664401376580 
0.023654859715078 
0.023645348765094 
0.023635868180625 
0.023626417622670 
0.023616996759280 
0.023607605265617 
0.023598242823997 
0.023588909123937 
0.023579603862186 
0.023570326742762 
0.023561077476969 
0.023551855783418 
0.023542661388027 
0.023533494024026 
0.023524353431940 
0.023515239359571 
0.023506151561963 
0.023497089801360 
0.023488053847150 
0.023479043475802 
0.023470058470783 
0.023461098622468 
0.023452163728041 
0.023443253591374 
0.023434368022904 
0.023425506839487 
0.023416669864253 
0.023407856926433 
0.023399067861191 
0.023390302509434 
0.023381560717616 
0.023372842337530 
0.023364147226093 
0.023355475245120 
0.023346826261096 
0.023338200144931 
0.023329596771722 
0.023321016020500 
0.023312457773975 
0.023303921918284 
0.023295408342732 
0.023286916939532 
0.023278447603544 
0.023270000232025 
0.023261574724363 
0.023253170981837 
0.023244788907357 
0.023236428405230 
0.023228089380916 
0.023219771740799 
0.023211475391964 
0.023203200241978 
0.023194946198685 
0.023186713170004 
0.023178501063740 
0.023170309787407 
0.023162139248052 
0.023153989352101 
0.023145860005206 
0.023137751112109 
0.023129662576512 
0.023121594300962 
0.023113546186744 
0.023105518133784 
0.023097510040566 
0.023089521804058 
0.023081553319647 
0.023073604481086 
0.023065675180449 
0.023057765308096 
0.023049874752653 
0.023042003400991 
0.023034151138222 
0.023026317847702 
0.023018503411040 
0.023010707708114 
0.023002930617101 
0.022995172014510 
0.022987431775220 
0.022979709772527 
0.022972005878202 
0.022964319962545 
0.022956651894454 
0.022949001541496 
0.022941368769983 
0.022933753445051 
0.022926155430749 
0.022918574590127 
0.022911010785331 
0.022903463877701 
0.022895933727870 
0.022888420195871 
0.022880923141246 
0.022873442423150 
0.022865977900467 
0.022858529431924 
0.022851096876205 
0.022843680092070 
0.022836278938471 
0.022828893274673 
0.022821522960371 
0.022814167855810 
0.022806827821904 
0.022799502720358 
0.022792192413778 
0.022784896765798 
0.022777615641183 
0.022770348905954 
0.022763096427488 
0.022755858074637 
0.022748633717825 
0.022741423229154 
0.022734226482504 
0.022727043353625 
0.022719873720230 
0.022712717462082 
0.022705574461073 
0.022698444601303 
0.022691327769151 
0.022684223853339 
0.022677132744995 
0.022670054337703 
0.022662988527554 
0.022655935213188 
0.022648894295824 
0.022641865679291 
0.022634849270052 
0.022627844977211 
0.022620852712527 
0.022613872390414 
0.022606903927928 
0.022599947244762 
0.022593002263219 
0.022586068908188 
0.022579147107111 
0.022572236789939 
0.022565337889092 
0.022558450339398 
0.022551574078041 
0.022544709044497 
0.022537855180460 
0.022531012429772 
0.022524180738346 
0.022517360054076 
0.022510550326758 
0.022503751507996 
0.022496963551109 
0.022490186411037 
0.022483420044240 
0.022476664408602 
0.022469919463326 
0.022463185168837 
0.022456461486676 
0.022449748379398 
0.022443045810472 
0.022436353744176 
0.022429672145504 
0.022423000980062 
0.022416340213971 
0.022409689813780 
0.022403049746367 
0.022396419978856 
0.022389800478530 
0.022383191212750 
0.022376592148878 
0.022370003254203 
0.022363424495871 
0.022356855840825 
0.022350297255736 
0.022343748706959 
0.022337210160471 
0.022330681581833 
0.022324162936148 
0.022317654188024 
0.022311155301541 
0.022304666240233 
0.022298186967059 
0.022291717444390 
0.022285257634003 
0.022278807497066 
0.022272366994143 
0.022265936085195 
0.022259514729588 
0.022253102886105 
0.022246700512960 
0.022240307567819 
0.022233924007824 
0.022227549789620 
0.022221184869383 
0.022214829202859 
0.022208482745394 
0.022202145451978 
0.022195817277284 
0.022189498175715 
0.022183188101448 
0.022176887008481 
0.022170594850687 
0.022164311581859 
0.022158037155768 
0.022151771526213 
0.022145514647074 
0.022139266472371 
0.022133026956314 
0.022126796053360 
0.022120573718268 
0.022114359906151 
0.022108154572534 
0.022101957673404 
0.022095769165265 
0.022089589005187 
0.022083417150856 
0.022077253560626 
0.022071098193563 
0.022064951009492 
0.022058811969041 
0.022052681033684 
0.022046558165776 
0.022040443328598 
0.022034336486385 
0.022028237604366 
0.022022146648791 
0.022016063586958 
0.022009988387242 
0.022003921019116 
0.021997861453173 
0.021991809661142 
0.021985765615903 
0.021979729291503 
0.021973700663160 
0.021967679707275 
0.021961666401435 
0.021955660724412 
0.021949662656167 
0.021943672177842 
0.021937689271757 
0.021931713921401 
0.021925746111419 
0.021919785827603 
0.021913833056874 
0.021907887787265 
0.021901950007903 
0.021896019708986 
0.021890096881760 
0.021884181518497 
0.021878273612466 
0.021872373157903 
0.021866480149988 
0.021860594584810 
0.021854716459335 
0.021848845771378 
0.021842982519565 
0.021837126703301 
0.021831278322735 
0.021825437378724 
0.021819603872799 
0.021813777807129 
0.021807959184483 
0.021802148008196 
0.021796344282131 
0.021790548010648 
0.021784759198561 
0.021778977851109 
0.021773203973921 
0.021767437572975 
0.021761678654574 
0.021755927225308 
0.021750183292021 
0.021744446861783 
0.021738717941855 
0.021732996539666 
0.021727282662778 
0.021721576318864 
0.021715877515675 
0.021710186261022 
0.021704502562747 
0.021698826428699 
0.021693157866717 
0.021687496884604 
0.021681843490109 
0.021676197690908 
0.021670559494588 
0.021664928908630 
0.021659305940391 
0.021653690597094 
0.021648082885811 
0.021642482813455 
0.021636890386765 
0.021631305612299 
0.021625728496423 
0.021620159045305 
0.021614597264907 
0.021609043160976 
0.021603496739044 
0.021597958004419 
0.021592426962185 
0.021586903617196 
0.021581387974073 
0.021575880037207 
0.021570379810755 
0.021564887298638 
0.021559402504547 
0.021553925431936 
0.021548456084032 
0.021542994463829 
0.021537540574097 
0.021532094417378 
0.021526655995995 
0.021521225312053 
0.021515802367442 
0.021510387163842 
0.021504979702727 
0.021499579985370 
0.021494188012848 
0.021488803786044 
0.021483427305657 
0.021478058572205 
0.021472697586029 
0.021467344347299 
0.021461998856021 
0.021456661112044 
0.021451331115059 
0.021446008864614 
0.021440694360113 
0.021435387600823 
0.021430088585884 
0.021424797314307 
0.021419513784987 
0.021414237996707 
0.021408969948138 
0.021403709637855 
0.021398457064332 
0.021393212225953 
0.021387975121020 
0.021382745747750 
0.021377524104288 
0.021372310188709 
0.021367103999022 
0.021361905533176 
0.021356714789067 
0.021351531764537 
0.021346356457386 
0.021341188865369 
0.021336028986205 
0.021330876817580 
0.021325732357151 
0.021320595602548 
0.021315466551381 
0.021310345201240 
0.021305231549702 
0.021300125594330 
0.021295027332680 
0.021289936762299 
0.021284853880733 
0.021279778685527 
0.021274711174223 
0.021269651344372 
0.021264599193523 
0.021259554719237 
0.021254517919079 
0.021249488790623 
0.021244467331452 
0.021239453539162 
0.021234447411354 
0.021229448945645 
0.021224458139657 
0.021219474991026 
0.021214499497395 
0.021209531656415 
0.021204571465744 
0.021199618923047 
0.021194674025991 
0.021189736772245 
0.021184807159479 
0.021179885185356 
0.021174970847537 
0.021170064143671 
0.021165165071396 
0.021160273628332 
0.021155389812080 
0.021150513620216 
0.021145645050287 
0.021140784099806 
0.021135930766248 
0.021131085047042 
0.021126246939570 
0.021121416441157 
0.021116593549067 
0.021111778260497 
0.021106970572571 
0.021102170482330 
0.021097377986731 
0.021092593082634 
0.021087815766800 
0.021083046035881 
0.021078283886412 
0.021073529314806 
0.021068782317343 
0.021064042890167 
0.021059311029272 
0.021054586730499 
0.021049869989527 
0.021045160801862 
0.021040459162833 
0.021035765067581 
0.021031078511053 
0.021026399487992 
0.021021727992929 
0.021017064020177 
0.021012407563822 
0.021007758617714 
0.021003117175460 
0.020998483230416 
0.020993856775680 
0.020989237804086 
0.020984626308190 
0.020980022280273 
0.020975425712324 
0.020970836596041 
0.020966254922819 
0.020961680683745 
0.020957113869593 
0.020952554470816 
0.020948002477544 
0.020943457879570 
0.020938920666355 
0.020934390827015 
0.020929868350321 
0.020925353224689 
0.020920845438182 
0.020916344978501 
0.020911851832983 
0.020907365988598 
0.020902887431944 
0.020898416149247 
0.020893952126353 
0.020889495348732 
0.020885045801471 
0.020880603469274 
0.020876168336459 
0.020871740386962 
0.020867319604327 
0.020862905971715 
0.020858499471894 
0.020854100087249 
0.020849707799775 
0.020845322591077 
0.020840944442378 
0.020836573334512 
0.020832209247929 
0.020827852162699 
0.020823502058509 
0.020819158914668 
0.020814822710108 
0.020810493423389 
0.020806171032700 
0.020801855515864 
0.020797546850338 
0.020793245013220 
0.020788949981254 
0.020784661730831 
0.020780380237994 
0.020776105478446 
0.020771837427550 
0.020767576060339 
0.020763321351520 
0.020759073275478 
0.020754831806283 
0.020750596917699 
0.020746368583184 
0.020742146775904 
0.020737931468735 
0.020733722634271 
0.020729520244834 
0.020725324272478 
0.020721134688999 
0.020716951465942 
0.020712774574609 
0.020708603986070 
0.020704439671168 
0.020700281600530 
0.020696129744577 
0.020691984073530 
0.020687844557422 
0.020683711166110 
0.020679583869277 
0.020675462636453 
0.020671347437015 
0.020667238240205 
0.020663135015137 
0.020659037730809 
0.020654946356113 
0.020650860859849 
0.020646781210733 
0.020642707377412 
0.020638639328474 
0.020634577032459 
0.020630520457873 
0.020626469573199 
0.020622424346913 
0.020618384747491 
0.020614350743424 
0.020610322303234 
0.020606299395482 
0.020602281988784 
0.020598270051825 
0.020594263553367 
0.020590262462271 
0.020586266747500 
0.020582276378142 
0.020578291323417 
0.020574311552693 
0.020570337035497 
0.020566367741532 
0.020562403640689 
0.020558444703056 
0.020554490898939 
0.020550542198866 
0.020546598573608 
0.020542659994186 
0.020538726431887 
0.020534797858272 
0.020530874245193 
0.020526955564802 
0.020523041789562 
0.020519132892260 
0.020515228846016 
0.020511329624294 
0.020507435200915 
0.020503545550059 
0.020499660646284 
0.020495780464527 
0.020491904980115 
0.020488034168775 
0.020484168006635 
0.020480306470239 
0.020476449536545 
0.020472597182936 
0.020468749387223 
0.020464906127648 
0.020461067382890 
0.020457233132066 
0.020453403354732 
0.020449578030889 
0.020445757140981 
0.020441940665894 
0.020438128586959 
0.020434320885946 
0.020430517545067 
0.020426718546971 
0.020422923874741 
0.020419133511891 
0.020415347442358 
0.020411565650502 
0.020407788121096 
0.020404014839322 
0.020400245790762 
0.020396480961391 
0.020392720337571 
0.020388963906039 
0.020385211653897 
0.020381463568609 
0.020377719637982 
0.020373979850163 
0.020370244193622 
0.020366512657145 
0.020362785229821 
0.020359061901030 
0.020355342660432 
0.020351627497951 
0.020347916403768 
0.020344209368306 
0.020340506382216 
0.020336807436366 
0.020333112521828 
0.020329421629867 
0.020325734751923 
0.020322051879606 
0.020318373004678 
0.020314698119044 
0.020311027214736 
0.020307360283907 
0.020303697318814 
0.020300038311812 
0.020296383255337 
0.020292732141900 
0.020289084964076 
0.020285441714491 
0.020281802385816 
0.020278166970757 
0.020274535462045 
0.020270907852428 
0.020267284134665 
0.020263664301516 
0.020260048345735 
0.020256436260067 
0.020252828037237 
0.020249223669949 
0.020245623150876 
0.020242026472660 
0.020238433627903 
0.020234844609168 
0.020231259408971 
0.020227678019784 
0.020224100434025 
0.020220526644060 
0.020216956642202 
0.020213390420709 
0.020209827971782 
0.020206269287565 
0.020202714360146 
0.020199163181553 
0.020195615743762 
0.020192072038690 
0.020188532058200 
0.020184995794105 
0.020181463238163 
0.020177934382084 
0.020174409217530 
0.020170887736120 
0.020167369929429 
0.020163855788993 
0.020160345306312 
0.020156838472852 
0.020153335280051 
0.020149835719318 
0.020146339782040 
0.020142847459587 
0.020139358743309 
0.020135873624550 
0.020132392094641 
0.020128914144913 
0.020125439766697 
0.020121968951326 
0.020118501690144 
0.020115037974507 
0.020111577795786 
0.020108121145375 
0.020104668014692 
0.020101218395182 
0.020097772278325 
0.020094329655637 
0.020090890518673 
0.020087454859034 
0.020084022668368 
0.020080593938375 
0.020077168660810 
0.020073746827487 
0.020070328430282 
0.020066913461134 
0.020063501912054 
0.020060093775122 
0.020056689042492 
0.020053287706398 
0.020049889759151 
0.020046495193147 
0.020043104000864 
0.020039716174869 
0.020036331707820 
0.020032950592463 
0.020029572821639 
0.020026198388287 
0.020022827285439 
0.020019459506227 
0.020016095043883 
0.020012733891741 
0.020009376043237 
0.020006021491908 
0.020002670231400 
0.019999322255459 
0.019995977557940 
0.019992636132803 
0.019989297974115 
0.019985963076049 
0.019982631432887 
0.019979303039015 
0.019975977888928 
0.019972655977228 
0.019969337298622 
0.019966021847924 
0.019962709620053 
0.019959400610033 
0.019956094812993 
0.019952792224163 
0.019949492838878 
0.019946196652572 
0.019942903660782 
0.019939613859143 
0.019936327243386 
0.019933043809341 
0.019929763552932 
0.019926486470178 
0.019923212557188 
0.019919941810164 
0.019916674225394 
0.019913409799256 
0.019910148528211 
0.019906890408807 
0.019903635437669 
0.019900383611505 
0.019897134927100 
0.019893889381316 
0.019890646971087 
0.019887407693419 
0.019884171545390 
0.019880938524142 
0.019877708626887 
0.019874481850895 
0.019871258193502 
0.019868037652100 
0.019864820224140 
0.019861605907127 
0.019858394698616 
0.019855186596217 
0.019851981597584 
0.019848779700420 
0.019845580902468 
0.019842385201518 
0.019839192595395 
0.019836003081962 
0.019832816659120 
0.019829633324799 
0.019826453076964 
0.019823275913604 
0.019820101832741 
0.019816930832416 
0.019813762910696 
0.019810598065669 
0.019807436295440 
0.019804277598132 
0.019801121971882 
0.019797969414842 
0.019794819925174 
0.019791673501050 
0.019788530140649 
0.019785389842157 
0.019782252603764 
0.019779118423662 
0.019775987300045 
0.019772859231105 
0.019769734215034 
0.019766612250018 
0.019763493334239 
0.019760377465874 
0.019757264643088 
0.019754154864041 
0.019751048126879 
0.019747944429739 
0.019744843770741 
0.019741746147996 
0.019738651559593 
0.019735560003609 
0.019732471478102 
0.019729385981110 
0.019726303510652 
0.019723224064727 
0.019720147641311 
0.019717074238357 
0.019714003853794 
0.019710936485530 
0.019707872131443 
0.019704810789388 
0.019701752457193 
0.019698697132658 
0.019695644813554 
0.019692595497624 
0.019689549182584 
0.019686505866116 
0.019683465545874 
0.019680428219482 
0.019677393884530 
0.019674362538577 
0.019671334179150 
0.019668308803745 
0.019665286409822 
0.019662266994808 
0.019659250556100 
0.019656237091056 
0.019653226597002 
0.019650219071230 
0.019647214510997 
0.019644212913526 
0.019641214276001 
0.019638218595575 
0.019635225869365 
0.019632236094451 
0.019629249267878 
0.019626265386655 
0.019623284447757 
0.019620306448122 
0.019617331384652 
0.019614359254213 
0.019611390053636 
0.019608423779718 
0.019605460429216 
0.019602499998856 
0.019599542485324 
0.019596587885275 
0.019593636195325 
0.019590687412057 
0.019587741532018 
0.019584798551719 
0.019581858467639 
0.019578921276219 
0.019575986973866 
0.019573055556955 
0.019570127021825 
0.019567201364780 
0.019564278582092 
0.019561358669997 
0.019558441624701 
0.019555527442374 
0.019552616119154 
0.019549707651145 
0.019546802034419 
0.019543899265017 
0.019540999338947 
0.019538102252185 
0.019535208000674 
0.019532316580328 
0.019529427987028 
0.019526542216625 
0.019523659264941 
0.019520779127764 
0.019517901800855 
0.019515027279944 
0.019512155560731 
0.019509286638889 
0.019506420510058 
0.019503557169854 
0.019500696613861 
0.019497838837637 
0.019494983836711 
0.019492131606584 
0.019489282142731 
0.019486435440599 
0.019483591495610 
0.019480750303157 
0.019477911858609 
0.019475076157308 
0.019472243194571 
0.019469412965689 
0.019466585465928 
0.019463760690531 
0.019460938634714 
0.019458119293671 
0.019455302662571 
0.019452488736560 
0.019449677510759 
0.019446868980269 
0.019444063140166 
0.019441259985504 
0.019438459511315 
0.019435661712609 
0.019432866584375 
0.019430074121579 
0.019427284319168 
0.019424497172067 
0.019421712675179 
0.019418930823391 
0.019416151611566 
0.019413375034549 
0.019410601087165 
0.019407829764219 
0.019405061060500 
0.019402294970775 
0.019399531489795 
0.019396770612290 
0.019394012332976 
0.019391256646548 
0.019388503547684 
0.019385753031048 
0.019383005091284 
0.019380259723019 
0.019377516920866 
0.019374776679420 
0.019372038993261 
0.019369303856953 
0.019366571265045 
0.019363841212070 
0.019361113692547 
0.019358388700980 
0.019355666231858 
0.019352946279656 
0.019350228838836 
0.019347513903845 
0.019344801469116 
0.019342091529070 
0.019339384078116 
0.019336679110647 
0.019333976621045 
0.019331276603680 
0.019328579052909 
0.019325883963078 
0.019323191328520 
0.019320501143558 
0.019317813402502 
0.019315128099651 
0.019312445229294 
0.019309764785710 
0.019307086763165 
0.019304411155918 
0.019301737958215 
0.019299067164293 
0.019296398768381 
0.019293732764695 
0.019291069147446 
0.019288407910833 
0.019285749049047 
0.019283092556269 
0.019280438426675 
0.019277786654429 
0.019275137233688 
0.019272490158603 
0.019269845423314 
0.019267203021957 
0.019264562948657 
0.019261925197536 
0.019259289762705 
0.019256656638271 
0.019254025818332 
0.019251397296982 
0.019248771068307 
0.019246147126389 
0.019243525465301 
0.019240906079114 
0.019238288961890 
0.019235674107687 
0.019233061510559 
0.019230451164553 
0.019227843063713 
0.019225237202077 
0.019222633573678 
0.019220032172547 
0.019217432992709 
0.019214836028185 
0.019212241272992 
0.019209648721145 
0.019207058366654 
0.019204470203526 
0.019201884225764 
0.019199300427370 
0.019196718802341 
0.019194139344672 
0.019191562048356 
0.019188986907384 
0.019186413915742 
0.019183843067417 
0.019181274356392 
0.019178707776650 
0.019176143322171 
0.019173580986933 
0.019171020764915 
0.019168462650092 
0.019165906636439 
0.019163352717931 
0.019160800888542 
0.019158251142244 
0.019155703473009 
0.019153157874810 
0.019150614341619 
0.019148072867406 
0.019145533446144 
0.019142996071805 
0.019140460738360 
0.019137927439784 
0.019135396170049 
0.019132866923128 
0.019130339692998 
0.019127814473634 
0.019125291259013 
0.019122770043113 
0.019120250819914 
0.019117733583398 
0.019115218327547 
0.019112705046346 
0.019110193733781 
0.019107684383840 
0.019105176990515 
0.019102671547798 
0.019100168049685 
0.019097666490173 
0.019095166863262 
0.019092669162956 
0.019090173383260 
0.019087679518183 
0.019085187561738 
0.019082697507938 
0.019080209350804 
0.019077723084356 
0.019075238702619 
0.019072756199624 
0.019070275569402 
0.019067796805990 
0.019065319903428 
0.019062844855761 
0.019060371657037 
0.019057900301310 
0.019055430782637 
0.019052963095080 
0.019050497232704 
0.019048033189581 
0.019045570959787 
0.019043110537402 
0.019040651916511 
0.019038195091207 
0.019035740055584 
0.019033286803743 
0.019030835329791 
0.019028385627839 
0.019025937692005 
0.019023491516412 
0.019021047095189 
0.019018604422469 
0.019016163492393 
0.019013724299108 
0.019011286836765 
0.019008851099524 
0.019006417081548 
0.019003984777009 
0.019001554180083 
0.018999125284956 
0.018996698085816 
0.018994272576861 
0.018991848752295 
0.018989426606328 
0.018987006133177 
0.018984587327065 
0.018982170182225 
0.018979754692895 
0.018977340853320 
0.018974928657751 
0.018972518100450 
0.018970109175683 
0.018967701877725 
0.018965296200857 
0.018962892139370 
0.018960489687560 
0.018958088839733 
0.018955689590201 
0.018953291933284 
0.018950895863311 
0.018948501374617 
0.018946108461547 
0.018943717118454 
0.018941327339696 
0.018938939119643 
0.018936552452672 
0.018934167333167 
0.018931783755521 
0.018929401714136 
0.018927021203422 
0.018924642217798 
0.018922264751690 
0.018919888799535 
0.018917514355775 
0.018915141414864 
0.018912769971264 
0.018910400019444 
0.018908031553885 
0.018905664569074 
0.018903299059507 
0.018900935019690 
0.018898572444139 
0.018896211327377 
0.018893851663937 
0.018891493448361 
0.018889136675199 
0.018886781339012 
0.018884427434370 
0.018882074955850 
0.018879723898042 
0.018877374255542 
0.018875026022956 
0.018872679194901 
0.018870333766003 
0.018867989730894 
0.018865647084221 
0.018863305820637 
0.018860965934804 
0.018858627421396 
0.018856290275095 
0.018853954490593 
0.018851620062592 
0.018849286985802 
0.018846955254944 
0.018844624864750 
0.018842295809959 
0.018839968085322 
0.018837641685597 
0.018835316605556 
0.018832992839976 
0.018830670383647 
0.018828349231369 
0.018826029377949 
0.018823710818207 
0.018821393546971 
0.018819077559079 
0.018816762849380 
0.018814449412732 
0.018812137244003 
0.018809826338070 
0.018807516689823 
0.018805208294159 
0.018802901145986 
0.018800595240221 
0.018798290571793 
0.018795987135639 
0.018793684926708 
0.018791383939956 
0.018789084170352 
0.018786785612874 
0.018784488262510 
0.018782192114256 
0.018779897163122 
0.018777603404125 
0.018775310832293 
0.018773019442663 
0.018770729230284 
0.018768440190214 
0.018766152317520 
0.018763865607280 
0.018761580054582 
0.018759295654525 
0.018757012402215 
0.018754730292771 
0.018752449321322 
0.018750169483004 
0.018747890772965 
0.018745613186364 
0.018743336718368 
0.018741061364154 
0.018738787118911 
0.018736513977835 
0.018734241936135 
0.018731970989028 
0.018729701131740 
0.018727432359510 
0.018725164667583 
0.018722898051217 
0.018720632505679 
0.018718368026245 
0.018716104608202 
0.018713842246845 
0.018711580937481 
0.018709320675424 
0.018707061456001 
0.018704803274547 
0.018702546126406 
0.018700290006933 
0.018698034911492 
0.018695780835457 
0.018693527774211 
0.018691275723148 
0.018689024677669 
0.018686774633188 
0.018684525585126 
0.018682277528913 
0.018680030459992 
0.018677784373812 
0.018675539265832 
0.018673295131522 
0.018671051966360 
0.018668809765834 
0.018666568525441 
0.018664328240687 
0.018662088907089 
0.018659850520170 
0.018657613075466 
0.018655376568519 
0.018653140994882 
0.018650906350117 
0.018648672629794 
0.018646439829493 
0.018644207944804 
0.018641976971324 
0.018639746904659 
0.018637517740425 
0.018635289474248 
0.018633062101760 
0.018630835618604 
0.018628610020431 
0.018626385302901 
0.018624161461682 
0.018621938492453 
0.018619716390898 
0.018617495152712 
0.018615274773598 
0.018613055249269 
0.018610836575444 
0.018608618747851 
0.018606401762228 
0.018604185614321 
0.018601970299882 
0.018599755814674 
0.018597542154467 
0.018595329315040 
0.018593117292178 
0.018590906081678 
0.018588695679342 
0.018586486080979 
0.018584277282411 
0.018582069279462 
0.018579862067967 
0.018577655643770 
0.018575450002721 
0.018573245140677 
0.018571041053504 
0.018568837737077 
0.018566635187274 
0.018564433399986 
0.018562232371109 
0.018560032096546 
0.018557832572207 
0.018555633794011 
0.018553435757885 
0.018551238459759 
0.018549041895576 
0.018546846061282 
0.018544650952831 
0.018542456566185 
0.018540262897313 
0.018538069942188 
0.018535877696794 
0.018533686157120 
0.018531495319161 
0.018529305178920 
0.018527115732407 
0.018524926975636 
0.018522738904630 
0.018520551515418 
0.018518364804035 
0.018516178766523 
0.018513993398930 
0.018511808697309 
0.018509624657721 
0.018507441276233 
0.018505258548917 
0.018503076471852 
0.018500895041122 
0.018498714252817 
0.018496534103033 
0.018494354587873 
0.018492175703444 
0.018489997445859 
0.018487819811237 
0.018485642795702 
0.018483466395384 
0.018481290606418 
0.018479115424945 
0.018476940847109 
0.018474766869062 
0.018472593486959 
0.018470420696961 
0.018468248495235 
0.018466076877950 
0.018463905841281 
0.018461735381410 
0.018459565494521 
0.018457396176803 
0.018455227424450 
0.018453059233661 
0.018450891600639 
0.018448724521590 
0.018446557992726 
0.018444392010262 
0.018442226570418 
0.018440061669417 
0.018437897303486 
0.018435733468857 
0.018433570161764 
0.018431407378447 
0.018429245115147 
0.018427083368111 
0.018424922133587 
0.018422761407828 
0.018420601187090 
0.018418441467633 
0.018416282245717 
0.018414123517608 
0.018411965279575 
0.018409807527888 
0.018407650258820 
0.018405493468649 
0.018403337153653 
0.018401181310114 
0.018399025934316 
0.018396871022544 
0.018394716571088 
0.018392562576237 
0.018390409034286 
0.018388255941527 
0.018386103294259 
0.018383951088778 
0.018381799321385 
0.018379647988382 
0.018377497086071 
0.018375346610757 
0.018373196558746 
0.018371046926345 
0.018368897709861 
0.018366748905604 
0.018364600509884 
0.018362452519011 
0.018360304929297 
0.018358157737054 
0.018356010938594 
0.018353864530231 
0.018351718508278 
0.018349572869048 
0.018347427608854 
0.018345282724010 
0.018343138210830 
0.018340994065625 
0.018338850284710 
0.018336706864396 
0.018334563800995 
0.018332421090817 
0.018330278730174 
0.018328136715373 
0.018325995042724 
0.018323853708533 
0.018321712709106 
0.018319572040748 
0.018317431699760 
0.018315291682445 
0.018313151985102 
0.018311012604027 
0.018308873535518 
0.018306734775867 
0.018304596321365 
0.018302458168301 
0.018300320312961 
0.018298182751630 
0.018296045480588 
0.018293908496112 
0.018291771794479 
0.018289635371958 
0.018287499224821 
0.018285363349330 
0.018283227741748 
0.018281092398332 
0.018278957315337 
0.018276822489012 
0.018274687915604 
0.018272553591353 
0.018270419512497 
0.018268285675269 
0.018266152075896 
0.018264018710602 
0.018261885575604 
0.018259752667115 
0.018257619981344 
0.018255487514491 
0.018253355262754 
0.018251223222324 
0.018249091389384 
0.018246959760115 
0.018244828330688 
0.018242697097269 
0.018240566056019 
0.018238435203089 
0.018236304534627 
0.018234174046770 
0.018232043735650 
0.018229913597392 
0.018227783628112 
0.018225653823919 
0.018223524180915 
0.018221394695191 
0.018219265362833 
0.018217136179916 
0.018215007142509 
0.018212878246670 
0.018210749488449 
0.018208620863886 
0.018206492369012 
0.018204363999849 
0.018202235752410 
0.018200107622695 
0.018197979606697 
0.018195851700397 
0.018193723899765 
0.018191596200763 
0.018189468599339 
0.018187341091431 
0.018185213672967 
0.018183086339860 
0.018180959088016 
0.018178831913324 
0.018176704811665 
0.018174577778905 
0.018172450810898 
0.018170323903487 
0.018168197052499 
0.018166070253749 
0.018163943503039 
0.018161816796157 
0.018159690128876 
0.018157563496957 
0.018155436896144 
0.018153310322169 
0.018151183770746 
0.018149057237577 
0.018146930718347 
0.018144804208725 
0.018142677704365 
0.018140551200904 
0.018138424693964 
0.018136298179149 
0.018134171652047 
0.018132045108229 
0.018129918543248 
0.018127791952639 
0.018125665331921 
0.018123538676591 
0.018121411982133 
0.018119285244007 
0.018117158457657 
0.018115031618507 
0.018112904721962 
0.018110777763405 
0.018108650738202 
0.018106523641696 
0.018104396469212 
0.018102269216050 
0.018100141877494 
0.018098014448801 
0.018095886925210 
0.018093759301936 
0.018091631574172 
0.018089503737088 
0.018087375785832 
0.018085247715526 
0.018083119521273 
0.018080991198146 
0.018078862741197 
0.018076734145454 
0.018074605405919 
0.018072476517567 
0.018070347475350 
0.018068218274192 
0.018066088908993 
0.018063959374624 
0.018061829665930 
0.018059699777728 
0.018057569704809 
0.018055439441933 
0.018053308983834 
0.018051178325217 
0.018049047460757 
0.018046916385101 
0.018044785092863 
0.018042653578630 
0.018040521836958 
0.018038389862370 
0.018036257649360 
0.018034125192389 
0.018031992485886 
0.018029859524248 
0.018027726301839 
0.018025592812989 
0.018023459051996 
0.018021325013123 
0.018019190690598 
0.018017056078616 
0.018014921171334 
0.018012785962876 
0.018010650447329 
0.018008514618743 
0.018006378471133 
0.018004241998474 
0.018002105194705 
0.017999968053729 
0.017997830569405 
0.017995692735559 
0.017993554545975 
0.017991415994395 
0.017989277074526 
0.017987137780029 
0.017984998104528 
0.017982858041604 
0.017980717584795 
0.017978576727599 
0.017976435463470 
0.017974293785818 
0.017972151688010 
0.017970009163370 
0.017967866205175 
0.017965722806661 
0.017963578961013 
0.017961434661376 
0.017959289900844 
0.017957144672467 
0.017954998969247 
0.017952852784138 
0.017950706110046 
0.017948558939829 
0.017946411266295 
0.017944263082204 
0.017942114380265 
0.017939965153136 
0.017937815393426 
0.017935665093692 
0.017933514246439 
0.017931362844120 
0.017929210879135 
0.017927058343833 
0.017924905230506 
0.017922751531395 
0.017920597238686 
0.017918442344509 
0.017916286840942 
0.017914130720004 
0.017911973973658 
0.017909816593813 
0.017907658572320 
0.017905499900971 
0.017903340571503 
0.017901180575594 
0.017899019904861 
0.017896858550867 
0.017894696505110 
0.017892533759033 
0.017890370304016 
0.017888206131380 
0.017886041232385 
0.017883875598228 
0.017881709220048 
0.017879542088919 
0.017877374195853 
0.017875205531801 
0.017873036087650 
0.017870865854224 
0.017868694822283 
0.017866522982525 
0.017864350325581 
0.017862176842020 
0.017860002522345 
0.017857827356995 
0.017855651336343 
0.017853474450697 
0.017851296690299 
0.017849118045326 
0.017846938505889 
0.017844758062032 
0.017842576703733 
0.017840394420903 
0.017838211203388 
0.017836027040966 
0.017833841923347 
0.017831655840178 
0.017829468781034 
0.017827280735427 
0.017825091692800 
0.017822901642529 
0.017820710573925 
0.017818518476228 
0.017816325338615 
0.017814131150195 
0.017811935900008 
0.017809739577031 
0.017807542170173 
0.017805343668274 
0.017803144060112 
0.017800943334398 
0.017798741479776 
0.017796538484825 
0.017794334338060 
0.017792129027931 
0.017789922542822 
0.017787714871055 
0.017785506000888 
0.017783295920515 
0.017781084618067 
0.017778872081616 
0.017776658299168 
0.017774443258671 
0.017772226948012 
0.017770009355018 
0.017767790467456 
0.017765570273036 
0.017763348759409 
0.017761125914171 
0.017758901724859 
0.017756676178959 
0.017754449263898 
0.017752220967053 
0.017749991275747 
0.017747760177251 
0.017745527658788 
0.017743293707530 
0.017741058310598 
0.017738821455072 
0.017736583127981 
0.017734343316311 
0.017732102007006 
0.017729859186965 
0.017727614843047 
0.017725368962074 
0.017723121530827 
0.017720872536052 
0.017718621964459 
0.017716369802725 
0.017714116037495 
0.017711860655383 
0.017709603642976 
0.017707344986831 
0.017705084673481 
0.017702822689437 
0.017700559021185 
0.017698293655193 
0.017696026577911 
0.017693757775770 
0.017691487235189 
0.017689214942573 
0.017686940884317 
0.017684665046808 
0.017682387416424 
0.017680107979540 
0.017677826722527 
0.017675543631758 
0.017673258693604 
0.017670971894441 
0.017668683220652 
0.017666392658626 
0.017664100194761 
0.017661805815468 
0.017659509507173 
0.017657211256317 
0.017654911049360 
0.017652608872780 
0.017650304713080 
0.017647998556788 
0.017645690390456 
0.017643380200667 
0.017641067974033 
0.017638753697202 
0.017636437356852 
0.017634118939703 
0.017631798432509 
0.017629475822068 
0.017627151095220 
0.017624824238847 
0.017622495239880 
0.017620164085297 
0.017617830762124 
0.017615495257441 
0.017613157558377 
0.017610817652120 
0.017608475525909 
0.017606131167042 
0.017603784562876 
0.017601435700827 
0.017599084568371 
0.017596731153045 
0.017594375442451 
0.017592017424251 
0.017589657086175 
0.017587294416014 
0.017584929401627 
0.017582562030937 
0.017580192291933 
0.017577820172672 
0.017575445661275 
0.017573068745930 
0.017570689414890 
0.017568307656476 
0.017565923459071 
0.017563536811124 
0.017561147701149 
0.017558756117719 
0.017556362049474 
0.017553965485109 
0.017551566413382 
0.017549164823108 
0.017546760703157 
0.017544354042453 
0.017541944829973 
0.017539533054744 
0.017537118705840 
0.017534701772380 
0.017532282243527 
0.017529860108482 
0.017527435356483 
0.017525007976802 
0.017522577958739 
0.017520145291625 
0.017517709964809 
0.017515271967661 
0.017512831289566 
0.017510387919920 
0.017507941848124 
0.017505493063582 
0.017503041555693 
0.017500587313851 
0.017498130327435 
0.017495670585805 
0.017493208078298 
0.017490742794223 
0.017488274722853 
0.017485803853419 
0.017483330175107 
0.017480853677047 
0.017478374348311 
0.017475892177907 
0.017473407154765 
0.017470919267741 
0.017468428505600 
0.017465934857016 
0.017463438310561 
0.017460938854698 
0.017458436477776 
0.017455931168020 
0.017453422913524 
0.017450911702242 
0.017448397521983 
0.017445880360399 
0.017443360204981 
0.017440837043047 
0.017438310861736 
0.017435781648000 
0.017433249388593 
0.017430714070065 
0.017428175678752 
0.017425634200766 
0.017423089621990 
0.017420541928065 
0.017417991104386 
0.017415437136088 
0.017412880008038 
0.017410319704832 
0.017407756210776 
0.017405189509888 
0.017402619585879 
0.017400046422151 
0.017397470001786 
0.017394890307535 
0.017392307321813 
0.017389721026688 
0.017387131403871 
0.017384538434709 
0.017381942100179 
0.017379342380874 
0.017376739256998 
0.017374132708360 
0.017371522714359 
0.017368909253984 
0.017366292305800 
0.017363671847944 
0.017361047858118 
0.017358420313579 
0.017355789191135 
0.017353154467137 
0.017350516117471 
0.017347874117559 
0.017345228442344 
0.017342579066291 
0.017339925963383 
0.017337269107111 
0.017334608470475 
0.017331944025980 
0.017329275745634 
0.017326603600940 
0.017323927562904 
0.017321247602025 
0.017318563688304 
0.017315875791234 
0.017313183879813 
0.017310487922537 
0.017307787887410 
0.017305083741942 
0.017302375453162 
0.017299662987617 
0.017296946311387 
0.017294225390088 
0.017291500188885 
0.017288770672505 
0.017286036805248 
0.017283298551004 
0.017280555873266 
0.017277808735154 
0.017275057099432 
0.017272300928529 
0.017269540184565 
0.017266774829378 
0.017264004824552 
0.017261230131447 
0.017258450711233 
0.017255666524929 
0.017252877533438 
0.017250083697588 
0.017247284978181 
0.017244481336038 
0.017241672732048 
0.017238859127224 
0.017236040482760 
0.017233216760090 
0.017230387920955 
0.017227553927466 
0.017224714742181 
0.017221870328175 
0.017219020649121 
0.017216165669375 
0.017213305354057 
0.017210439669147 
0.017207568581573 
0.017204692059318 
0.017201810071513 
0.017198922588546 
0.017196029582175 
0.017193131025634 
0.017190226893757 
0.017187317163089 
0.017184401812017 
0.017181480820889 
0.017178554172147 
0.017175621850451 
0.017172683842819 
0.017169740138751 
0.017166790730374 
0.017163835612567 
0.017160874783103 
0.017157908242783 
0.017154935995564 
0.017151958048698 
0.017148974412858 
0.017145985102260 
0.017142990134796 
0.017139989532141 
0.017136983319870 
0.017133971527563 
0.017130954188906 
0.017127931341778 
0.017124903028334 
0.017121869295080 
0.017118830192928 
0.017115785777254 
0.017112736107930 
0.017109681249352 
0.017106621270449 
0.017103556244679 
0.017100486250017 
0.017097411368912 
0.017094331688243 
0.017091247299252 
0.017088158297460 
0.017085064782569 
0.017081966858343 
0.017078864632475 
0.017075758216442 
0.017072647725329 
0.017069533277656 
0.017066414995176 
0.017063293002662 
0.017060167427684 
0.017057038400364 
0.017053906053130 
0.017050770520451 
0.017047631938565 
0.017044490445197 
0.017041346179272 
0.017038199280622 
0.017035049889686 
0.017031898147211 
0.017028744193945 
0.017025588170340 
0.017022430216244 
0.017019270470611 
0.017016109071199 
0.017012946154286 
0.017009781854390 
0.017006616303991 
0.017003449633272 
0.017000281969861 
0.016997113438596 
0.016993944161287 
0.016990774256506 
0.016987603839382 
0.016984433021409 
0.016981261910278 
0.016978090609713 
0.016974919219332 
0.016971747834513 
0.016968576546289 
0.016965405441245 
0.016962234601438 
0.016959064104333 
0.016955894022751 
0.016952724424830 
0.016949555374006 
0.016946386929006 
0.016943219143850 
0.016940052067875 
0.016936885745761 
0.016933720217581 
0.016930555518856 
0.016927391680618 
0.016924228729494 
0.016921066687794 
0.016917905573608 
0.016914745400918 
0.016911586179714 
0.016908427916126 
0.016905270612553 
0.016902114267816 
0.016898958877309 
0.016895804433158 
0.016892650924396 
0.016889498337134 
0.016886346654756 
0.016883195858103 
0.016880045925682 
0.016876896833874 
0.016873748557149 
0.016870601068294 
0.016867454338646 
0.016864308338339 
0.016861163036545 
0.016858018401743 
0.016854874401981 
0.016851731005153 
0.016848588179286 
0.016845445892829 
0.016842304114960 
0.016839162815892 
0.016836021967192 
0.016832881542104 
0.016829741515885 
0.016826601866142 
0.016823462573177 
0.016820323620333 
0.016817184994355 
0.016814046685735 
0.016810908689077 
0.016807771003451 
0.016804633632746 
0.016801496586021 
0.016798359877848 
0.016795223528649 
0.016792087565020 
0.016788952020038 
0.016785816933560 
0.016782682352494 
0.016779548331054 
0.016776414930983 
0.016773282221757 
0.016770150280748 
0.016767019193360 
0.016763889053119 
0.016760759961739 
0.016757632029126 
0.016754505373353 
0.016751380120583 
0.016748256404945 
0.016745134368361 
0.016742014160327 
0.016738895937642 
0.016735779864092 
0.016732666110080 
0.016729554852223 
0.016726446272890 
0.016723340559716 
0.016720237905063 
0.016717138505459 
0.016714042561001 
0.016710950274738 
0.016707861852028 
0.016704777499885 
0.016701697426314 
0.016698621839643 
0.016695550947850 
0.016692484957905 
0.016689424075114 
0.016686368502485 
0.016683318440113 
0.016680274084585 
0.016677235628416 
0.016674203259522 
0.016671177160718 
0.016668157509256 
0.016665144476410 
0.016662138227085 
0.016659138919480 
0.016656146704793 
0.016653161726955 
0.016650184122422 
0.016647214019994 
0.016644251540680 
0.016641296797603 
0.016638349895936 
0.016635410932876 
0.016632479997649 
0.016629557171552 
0.016626642528013 
0.016623736132684 
0.016620838043559 
0.016617948311107 
0.016615066978432 
0.016612194081443 
0.016609329649043 
0.016606473703334 
0.016603626259820 
0.016600787327637 
0.016597956909774 
0.016595135003310 
0.016592321599649 
0.016589516684762 
0.016586720239425 
0.016583932239465 
0.016581152655994 
0.016578381455655 
0.016575618600850 
0.016572864049979 
0.016570117757663 
0.016567379674971 
0.016564649749638 
0.016561927926276 
0.016559214146584 
0.016556508349548 
0.016553810471633 
0.016551120446977 
0.016548438207566 
0.016545763683417 
0.016543096802737 
0.016540437492095 
0.016537785676569 
0.016535141279898 
0.016532504224624 
0.016529874432228 
0.016527251823260 
0.016524636317458 
0.016522027833871 
0.016519426290969 
0.016516831606746 
0.016514243698823 
0.016511662484542 
0.016509087881056 
0.016506519805413 
0.016503958174636 
0.016501402905799 
0.016498853916098 
0.016496311122914 
0.016493774443881 
0.016491243796938 
0.016488719100388 
0.016486200272946 
0.016483687233789 
0.016481179902596 
0.016478678199591 
0.016476182045583 
0.016473691361994 
0.016471206070897 
0.016468726095045 
0.016466251357894 
0.016463781783629 
0.016461317297187 
0.016458857824277 
0.016456403291397 
0.016453953625851 
0.016451508755760 
0.016449068610080 
0.016446633118607 
0.016444202211990 
0.016441775821738 
0.016439353880224 
0.016436936320695 
0.016434523077271 
0.016432114084948 
0.016429709279605 
0.016427308597998 
0.016424911977763 
0.016422519357417 
0.016420130676349 
0.016417745874824 
0.016415364893979 
0.016412987675813 
0.016410614163189 
0.016408244299824 
0.016405878030287 
0.016403515299988 
0.016401156055175 
0.016398800242926 
0.016396447811139 
0.016394098708528 
0.016391752884611 
0.016389410289702 
0.016387070874906 
0.016384734592103 
0.016382401393947 
0.016380071233850 
0.016377744065972 
0.016375419845219 
0.016373098527223 
0.016370780068340 
0.016368464425635 
0.016366151556874 
0.016363841420512 
0.016361533975686 
0.016359229182201 
0.016356927000521 
0.016354627391760 
0.016352330317670 
0.016350035740631 
0.016347743623641 
0.016345453930305 
0.016343166624825 
0.016340881671991 
0.016338599037169 
0.016336318686293 
0.016334040585852 
0.016331764702883 
0.016329491004959 
0.016327219460181 
0.016324950037166 
0.016322682705039 
0.016320417433424 
0.016318154192433 
0.016315892952657 
0.016313633685156 
0.016311376361453 
0.016309120953520 
0.016306867433775 
0.016304615775066 
0.016302365950669 
0.016300117934274 
0.016297871699982 
0.016295627222290 
0.016293384476087 
0.016291143436646 
0.016288904079614 
0.016286666381005 
0.016284430317190 
0.016282195864892 
0.016279963001178 
0.016277731703450 
0.016275501949438 
0.016273273717193 
0.016271046985079 
0.016268821731767 
0.016266597936226 
0.016264375577719 
0.016262154635793 
0.016259935090275 
0.016257716921261 
0.016255500109117 
0.016253284634463 
0.016251070478176 
0.016248857621375 
0.016246646045422 
0.016244435731913 
0.016242226662669 
0.016240018819735 
0.016237812185373 
0.016235606742054 
0.016233402472453 
0.016231199359446 
0.016228997386101 
0.016226796535674 
0.016224596791605 
0.016222398137512 
0.016220200557182 
0.016218004034573 
0.016215808553802 
0.016213614099146 
0.016211420655031 
0.016209228206032 
0.016207036736867 
0.016204846232392 
0.016202656677593 
0.016200468057589 
0.016198280357619 
0.016196093563044 
0.016193907659339 
0.016191722632091 
0.016189538466990 
0.016187355149832 
0.016185172666509 
0.016182991003007 
0.016180810145401 
0.016178630079852 
0.016176450792602 
0.016174272269972 
0.016172094498355 
0.016169917464214 
0.016167741154078 
0.016165565554537 
0.016163390652241 
0.016161216433893 
0.016159042886247 
0.016156869996104 
0.016154697750309 
0.016152526135745 
0.016150355139333 
0.016148184748026 
0.016146014948805 
0.016143845728677 
0.016141677074672 
0.016139508973837 
0.016137341413236 
0.016135174379941 
0.016133007861037 
0.016130841843609 
0.016128676314747 
0.016126511261537 
0.016124346671061 
0.016122182530392 
0.016120018826589 
0.016117855546697 
0.016115692677744 
0.016113530206734 
0.016111368120645 
0.016109206406428 
0.016107045051002 
0.016104884041249 
0.016102723364013 
0.016100563006098 
0.016098402954261 
0.016096243195210 
0.016094083715602 
0.016091924502040 
0.016089765541065 
0.016087606819160 
0.016085448322739 
0.016083290038151 
0.016081131951669 
0.016078974049495 
0.016076816317749 
0.016074658742468 
0.016072501309607 
0.016070344005027 
0.016068186814501 
0.016066029723702 
0.016063872718204 
0.016061715783478 
0.016059558904890 
0.016057402067692 
0.016055245257023 
0.016053088457904 
0.016050931655235 
0.016048774833790 
0.016046617978213 
0.016044461073015 
0.016042304102571 
0.016040147051116 
0.016037989902736 
0.016035832641373 
0.016033675250814 
0.016031517714689 
0.016029360016468 
0.016027202139453 
0.016025044066781 
0.016022885781412 
0.016020727266129 
0.016018568503533 
0.016016409476039 
0.016014250165868 
0.016012090555048 
0.016009930625406 
0.016007770358564 
0.016005609735935 
0.016003448738715 
0.016001287347886 
0.015999125544201 
0.015996963308186 
0.015994800620135 
0.015992637460100 
0.015990473807891 
0.015988309643068 
0.015986144944938 
0.015983979692548 
0.015981813864677 
0.015979647439840 
0.015977480396270 
0.015975312711922 
0.015973144364464 
0.015970975331272 
0.015968805589424 
0.015966635115692 
0.015964463886541 
0.015962291878120 
0.015960119066258 
0.015957945426455 
0.015955770933880 
0.015953595563361 
0.015951419289384 
0.015949242086082 
0.015947063927232 
0.015944884786249 
0.015942704636177 
0.015940523449688 
0.015938341199070 
0.015936157856227 
0.015933973392668 
0.015931787779505 
0.015929600987443 
0.015927412986779 
0.015925223747391 
0.015923033238737 
0.015920841429848 
0.015918648289319 
0.015916453785309 
0.015914257885533 
0.015912060557258 
0.015909861767296 
0.015907661482002 
0.015905459667269 
0.015903256288522 
0.015901051310718 
0.015898844698338 
0.015896636415387 
0.015894426425390 
0.015892214691389 
0.015890001175944 
0.015887785841129 
0.015885568648530 
0.015883349559248 
0.015881128533896 
0.015878905532606 
0.015876680515022 
0.015874453440310 
0.015872224267158 
0.015869992953780 
0.015867759457925 
0.015865523736878 
0.015863285747473 
0.015861045446098 
0.015858802788705 
0.015856557730826 
0.015854310227581 
0.015852060233694 
0.015849807703510 
0.015847552591014 
0.015845294849848 
0.015843034433335 
0.015840771294502 
0.015838505386108 
0.015836236660671 
0.015833965070499 
0.015831690567725 
0.015829413104344 
0.015827132632250 
0.015824849103282 
0.015822562469266 
0.015820272682067 
0.015817979693641 
0.015815683456091 
0.015813383921726 
0.015811081043129 
0.015808774773218 
0.015806465065327 
0.015804151873275 
0.015801835151453 
0.015799514854906 
0.015797190939427 
0.015794863361648 
0.015792532079147 
0.015790197050546 
0.015787858235627 
0.015785515595446 
0.015783169092452 
0.015780818690618 
0.015778464355565 
0.015776106054705 
0.015773743757376 
0.015771377434992 
0.015769007061194 
0.015766632612000 
0.015764254065969 
0.015761871404362 
0.015759484611310 
0.015757093673980 
0.015754698582751 
0.015752299331388 
0.015749895917215 
0.015747488341297 
0.015745076608612 
0.015742660728230 
0.015740240713491 
0.015737816582172 
0.015735388356662 
0.015732956064129 
0.015730519736677 
0.015728079411501 
0.015725635131040 
0.015723186943109 
0.015720734901034 
0.015718279063768 
0.015715819496002 
0.015713356268254 
0.015710889456951 
0.015708419144496 
0.015705945419313 
0.015703468375880 
0.015700988114742 
0.015698504742501 
0.015696018371795 
0.015693529121245 
0.015691037115391 
0.015688542484599 
0.015686045364953 
0.015683545898117 
0.015681044231181 
0.015678540516486 
0.015676034911420 
0.015673527578205 
0.015671018683649 
0.015668508398895 
0.015665996899138 
0.015663484363334 
0.015660970973887 
0.015658456916329 
0.015655942378979 
0.015653427552595 
0.015650912630022 
0.015648397805823 
0.015645883275908 
0.015643369237166 
0.015640855887087 
0.015638343423388 
0.015635832043639 
0.015633321944901 
0.015630813323359 
0.015628306373971 
0.015625801290120 
0.015623298263287 
0.015620797482723 
0.015618299135148 
0.015615803404454 
0.015613310471428 
0.015610820513496 
0.015608333704480 
0.015605850214367 
0.015603370209113 
0.015600893850447 
0.015598421295706 
0.015595952697684 
0.015593488204502 
0.015591027959494 
0.015588572101113 
0.015586120762850 
0.015583674073181 
0.015581232155514 
0.015578795128168 
0.015576363104358 
0.015573936192195 
0.015571514494700 
0.015569098109832 
0.015566687130528 
0.015564281644749 
0.015561881735545 
0.015559487481116 
0.015557098954895 
0.015554716225629 
0.015552339357472 
0.015549968410079 
0.015547603438707 
0.015545244494326 
0.015542891623720 
0.015540544869607 
0.015538204270751 
0.015535869862077 
0.015533541674791 
0.015531219736495 
0.015528904071312 
0.015526594700000 
0.015524291640069 
0.015521994905904 
0.015519704508878 
0.015517420457465 
0.015515142757356 
0.015512871411571 
0.015510606420566 
0.015508347782342 
0.015506095492548 
0.015503849544585 
0.015501609929705 
0.015499376637109 
0.015497149654039 
0.015494928965873 
0.015492714556214 
0.015490506406973 
0.015488304498454 
0.015486108809438 
0.015483919317258 
0.015481735997872 
0.015479558825943 
0.015477387774902 
0.015475222817021 
0.015473063923473 
0.015470911064400 
0.015468764208969 
0.015466623325434 
0.015464488381186 
0.015462359342812 
0.015460236176143 
0.015458118846307 
0.015456007317770 
0.015453901554386 
0.015451801519442 
0.015449707175693 
0.015447618485410 
0.015445535410409 
0.015443457912095 
0.015441385951497 
0.015439319489294 
0.015437258485856 
0.015435202901268 
0.015433152695362 
0.015431107827746 
0.015429068257830 
0.015427033944847 
0.015425004847887 
0.015422980925911 
0.015420962137778 
0.015418948442266 
0.015416939798089 
0.015414936163922 
0.015412937498416 
0.015410943760214 
0.015408954907970 
0.015406970900366 
0.015404991696127 
0.015403017254032 
0.015401047532932 
0.015399082491760 
0.015397122089547 
0.015395166285431 
0.015393215038670 
0.015391268308651 
0.015389326054902 
0.015387388237103 
0.015385454815090 
0.015383525748870 
0.015381600998625 
0.015379680524722 
0.015377764287720 
0.015375852248376 
0.015373944367653 
0.015372040606726 
0.015370140926988 
0.015368245290055 
0.015366353657772 
0.015364465992219 
0.015362582255711 
0.015360702410809 
0.015358826420319 
0.015356954247299 
0.015355085855061 
0.015353221207173 
0.015351360267467 
0.015349503000034 
0.015347649369236 
0.015345799339701 
0.015343952876329 
0.015342109944292 
0.015340270509038 
0.015338434536292 
0.015336601992056 
0.015334772842612 
0.015332947054522 
0.015331124594632 
0.015329305430068 
0.015327489528241 
0.015325676856846 
0.015323867383862 
0.015322061077554 
0.015320257906471 
0.015318457839449 
0.015316660845608 
0.015314866894355 
0.015313075955380 
0.015311287998660 
0.015309502994456 
0.015307720913313 
0.015305941726060 
0.015304165403809 
0.015302391917955 
0.015300621240173 
0.015298853342420 
0.015297088196934 
0.015295325776229 
0.015293566053099 
0.015291809000616 
0.015290054592125 
0.015288302801246 
0.015286553601874 
0.015284806968175 
0.015283062874585 
0.015281321295810 
0.015279582206822 
0.015277845582863 
0.015276111399435 
0.015274379632307 
0.015272650257508 
0.015270923251328 
0.015269198590312 
0.015267476251267 
0.015265756211251 
0.015264038447575 
0.015262322937804 
0.015260609659751 
0.015258898591476 
0.015257189711288 
0.015255482997735 
0.015253778429613 
0.015252075985954 
0.015250375646031 
0.015248677389352 
0.015246981195660 
0.015245287044930 
0.015243594917370 
0.015241904793413 
0.015240216653723 
0.015238530479185 
0.015236846250909 
0.015235163950224 
0.015233483558680 
0.015231805058041 
0.015230128430289 
0.015228453657616 
0.015226780722425 
0.015225109607329 
0.015223440295147 
0.015221772768902 
0.015220107011821 
0.015218443007330 
0.015216780739054 
0.015215120190818 
0.015213461346635 
0.015211804190716 
0.015210148707461 
0.015208494881457 
0.015206842697481 
0.015205192140490 
0.015203543195629 
0.015201895848220 
0.015200250083764 
0.015198605887939 
0.015196963246601 
0.015195322145774 
0.015193682571655 
0.015192044510611 
0.015190407949176 
0.015188772874048 
0.015187139272089 
0.015185507130322 
0.015183876435932 
0.015182247176258 
0.015180619338797 
0.015178992911201 
0.015177367881273 
0.015175744236966 
0.015174121966384 
0.015172501057775 
0.015170881499534 
0.015169263280199 
0.015167646388449 
0.015166030813104 
0.015164416543121 
0.015162803567595 
0.015161191875754 
0.015159581456960 
0.015157972300707 
0.015156364396619 
0.015154757734446 
0.015153152304068 
0.015151548095486 
0.015149945098828 
0.015148343304341 
0.015146742702395 
0.015145143283476 
0.015143545038188 
0.015141947957252 
0.015140352031502 
0.015138757251883 
0.015137163609456 
0.015135571095386 
0.015133979700949 
0.015132389417529 
0.015130800236614 
0.015129212149794 
0.015127625148766 
0.015126039225324 
0.015124454371366 
0.015122870578884 
0.015121287839972 
0.015119706146815 
0.015118125491697 
0.015116545866992 
0.015114967265168 
0.015113389678782 
0.015111813100484 
0.015110237523007 
0.015108662939176 
0.015107089341898 
0.015105516724168 
0.015103945079063 
0.015102374399741 
0.015100804679444 
0.015099235911491 
0.015097668089282 
0.015096101206293 
0.015094535256080 
0.015092970232271 
0.015091406128571 
0.015089842938757 
0.015088280656679 
0.015086719276258 
0.015085158791486 
0.015083599196424 
0.015082040485202 
0.015080482652016 
0.015078925691130 
0.015077369596872 
0.015075814363637 
0.015074259985879 
0.015072706458121 
0.015071153774941 
0.015069601930983 
0.015068050920949 
0.015066500739599 
0.015064951381754 
0.015063402842289 
0.015061855116137 
0.015060308198289 
0.015058762083786 
0.015057216767728 
0.015055672245264 
0.015054128511599 
0.015052585561987 
0.015051043391735 
0.015049501996197 
0.015047961370780 
0.015046421510937 
0.015044882412170 
0.015043344070029 
0.015041806480108 
0.015040269638049 
0.015038733539539 
0.015037198180307 
0.015035663556129 
0.015034129662821 
0.015032596496243 
0.015031064052297 
0.015029532326925 
0.015028001316110 
0.015026471015874 
0.015024941422280 
0.015023412531428 
0.015021884339457 
0.015020356842542 
0.015018830036897 
0.015017303918769 
0.015015778484443 
0.015014253730240 
0.015012729652513 
0.015011206247651 
0.015009683512075 
0.015008161442239 
0.015006640034631 
0.015005119285770 
0.015003599192205 
0.015002079750518 
0.015000560957319 
0.014999042809251 
0.014997525302984 
0.014996008435218 
0.014994492202680 
0.014992976602127 
0.014991461630341 
0.014989947284135 
0.014988433560343 
0.014986920455830 
0.014985407967485 
0.014983896092222 
0.014982384826980 
0.014980874168723 
0.014979364114438 
0.014977854661137 
0.014976345805853 
0.014974837545644 
0.014973329877590 
0.014971822798792 
0.014970316306373 
0.014968810397479 
0.014967305069274 
0.014965800318944 
0.014964296143696 
0.014962792540756 
0.014961289507367 
0.014959787040796 
0.014958285138324 
0.014956783797254 
0.014955283014905 
0.014953782788614 
0.014952283115736 
0.014950783993641 
0.014949285419720 
0.014947787391376 
0.014946289906030 
0.014944792961118 
0.014943296554093 
0.014941800682422 
0.014940305343586 
0.014938810535083 
0.014937316254423 
0.014935822499131 
0.014934329266744 
0.014932836554816 
0.014931344360911 
0.014929852682606 
0.014928361517492 
0.014926870863171 
0.014925380717258 
0.014923891077379 
0.014922401941171 
0.014920913306283 
0.014919425170376 
0.014917937531118 
0.014916450386192 
0.014914963733288 
0.014913477570107 
0.014911991894359 
0.014910506703765 
0.014909021996052 
0.014907537768961 
0.014906054020236 
0.014904570747634 
0.014903087948916 
0.014901605621856 
0.014900123764231 
0.014898642373828 
0.014897161448441 
0.014895680985870 
0.014894200983923 
0.014892721440415 
0.014891242353166 
0.014889763720003 
0.014888285538757 
0.014886807807269 
0.014885330523380 
0.014883853684942 
0.014882377289808 
0.014880901335836 
0.014879425820891 
0.014877950742842 
0.014876476099559 
0.014875001888920 
0.014873528108806 
0.014872054757099 
0.014870581831687 
0.014869109330461 
0.014867637251314 
0.014866165592143 
0.014864694350846 
0.014863223525325 
0.014861753113483 
0.014860283113226 
0.014858813522461 
0.014857344339098 
0.014855875561047 
0.014854407186219 
0.014852939212528 
0.014851471637887 
0.014850004460210 
0.014848537677413 
0.014847071287409 
0.014845605288116 
0.014844139677447 
0.014842674453318 
0.014841209613644 
0.014839745156337 
0.014838281079312 
0.014836817380479 
0.014835354057750 
0.014833891109034 
0.014832428532240 
0.014830966325273 
0.014829504486037 
0.014828043012435 
0.014826581902367 
0.014825121153730 
0.014823660764419 
0.014822200732326 
0.014820741055340 
0.014819281731346 
0.014817822758228 
0.014816364133865 
0.014814905856131 
0.014813447922898 
0.014811990332034 
0.014810533081401 
0.014809076168859 
0.014807619592262 
0.014806163349459 
0.014804707438296 
0.014803251856611 
0.014801796602239 
0.014800341673009 
0.014798887066744 
0.014797432781262 
0.014795978814375 
0.014794525163888 
0.014793071827601 
0.014791618803307 
0.014790166088791 
0.014788713681835 
0.014787261580210 
0.014785809781682 
0.014784358284011 
0.014782907084948 
0.014781456182235 
0.014780005573610 
0.014778555256801 
0.014777105229527 
0.014775655489502 
0.014774206034429 
0.014772756862003 
0.014771307969912 
0.014769859355834 
0.014768411017438 
0.014766962952385 
0.014765515158326 
0.014764067632904 
0.014762620373751 
0.014761173378491 
0.014759726644737 
0.014758280170093 
0.014756833952154 
0.014755387988503 
0.014753942276715 
0.014752496814353 
0.014751051598971 
0.014749606628112 
0.014748161899309 
0.014746717410083 
0.014745273157947 
0.014743829140400 
0.014742385354933 
0.014740941799024 
0.014739498470141 
0.014738055365741 
0.014736612483268 
0.014735169820158 
0.014733727373834 
0.014732285141708 
0.014730843121179 
0.014729401309638 
0.014727959704461 
0.014726518303015 
0.014725077102656 
0.014723636100726 
0.014722195294557 
0.014720754681471 
0.014719314258776 
0.014717874023770 
0.014716433973741 
0.014714994105962 
0.014713554417698 
0.014712114906202 
0.014710675568715 
0.014709236402468 
0.014707797404681 
0.014706358572562 
0.014704919903310 
0.014703481394113 
0.014702043042146 
0.014700604844578 
0.014699166798564 
0.014697728901252 
0.014696291149777 
0.014694853541268 
0.014693416072841 
0.014691978741607 
0.014690541544664 
0.014689104479104 
0.014687667542009 
0.014686230730455 
0.014684794041507 
0.014683357472225 
0.014681921019661 
0.014680484680861 
0.014679048452864 
0.014677612332702 
0.014676176317403 
0.014674740403990 
0.014673304589478 
0.014671868870882 
0.014670433245210 
0.014668997709468 
0.014667562260660 
0.014666126895786 
0.014664691611844 
0.014663256405834 
0.014661821274752 
0.014660386215595 
0.014658951225363 
0.014657516301054 
0.014656081439670 
0.014654646638215 
0.014653211893699 
0.014651777203132 
0.014650342563532 
0.014648907971922 
0.014647473425332 
0.014646038920800 
0.014644604455372 
0.014643170026101 
0.014641735630054 
0.014640301264307 
0.014638866925948 
0.014637432612079 
0.014635998319815 
0.014634564046288 
0.014633129788644 
0.014631695544047 
0.014630261309679 
0.014628827082743 
0.014627392860460 
0.014625958640075 
0.014624524418855 
0.014623090194091 
0.014621655963098 
0.014620221723220 
0.014618787471828 
0.014617353206321 
0.014615918924128 
0.014614484622712 
0.014613050299567 
0.014611615952221 
0.014610181578239 
0.014608747175221 
0.014607312740807 
0.014605878272676 
0.014604443768547 
0.014603009226184 
0.014601574643391 
0.014600140018021 
0.014598705347971 
0.014597270631186 
0.014595835865662 
0.014594401049444 
0.014592966180630 
0.014591531257371 
0.014590096277872 
0.014588661240397 
0.014587226143265 
0.014585790984855 
0.014584355763606 
0.014582920478018 
0.014581485126654 
0.014580049708142 
0.014578614221175 
0.014577178664513 
0.014575743036982 
0.014574307337480 
0.014572871564972 
0.014571435718496 
0.014569999797164 
0.014568563800157 
0.014567127726735 
0.014565691576231 
0.014564255348054 
0.014562819041693 
0.014561382656712 
0.014559946192756 
0.014558509649549 
0.014557073026895 
0.014555636324680 
0.014554199542870 
0.014552762681517 
0.014551325740751 
0.014549888720788 
0.014548451621927 
0.014547014444552 
0.014545577189129 
0.014544139856210 
0.014542702446431 
0.014541264960512 
0.014539827399260 
0.014538389763563 
0.014536952054396 
0.014535514272818 
0.014534076419972 
0.014532638497083 
0.014531200505461 
0.014529762446500 
0.014528324321674 
0.014526886132540 
0.014525447880736 
0.014524009567980 
0.014522571196070 
0.014521132766884 
0.014519694282375 
0.014518255744577 
0.014516817155597 
0.014515378517617 
0.014513939832893 
0.014512501103756 
0.014511062332603 
0.014509623521906 
0.014508184674202 
0.014506745792098 
0.014505306878265 
0.014503867935437 
0.014502428966414 
0.014500989974053 
0.014499550961274 
0.014498111931051 
0.014496672886417 
0.014495233830457 
0.014493794766309 
0.014492355697162 
0.014490916626254 
0.014489477556868 
0.014488038492334 
0.014486599436022 
0.014485160391346 
0.014483721361759 
0.014482282350748 
0.014480843361837 
0.014479404398585 
0.014477965464578 
0.014476526563435 
0.014475087698800 
0.014473648874343 
0.014472210093756 
0.014470771360753 
0.014469332679067 
0.014467894052449 
0.014466455484663 
0.014465016979490 
0.014463578540718 
0.014462140172148 
0.014460701877586 
0.014459263660847 
0.014457825525746 
0.014456387476103 
0.014454949515737 
0.014453511648467 
0.014452073878106 
0.014450636208465 
0.014449198643348 
0.014447761186549 
0.014446323841854 
0.014444886613038 
0.014443449503863 
0.014442012518075 
0.014440575659406 
0.014439138931571 
0.014437702338267 
0.014436265883169 
0.014434829569933 
0.014433393402193 
0.014431957383558 
0.014430521517613 
0.014429085807918 
0.014427650258006 
0.014426214871381 
0.014424779651521 
0.014423344601872 
0.014421909725850 
0.014420475026838 
0.014419040508191 
0.014417606173227 
0.014416172025232 
0.014414738067457 
0.014413304303119 
0.014411870735397 
0.014410437367437 
0.014409004202345 
0.014407571243192 
0.014406138493011 
0.014404705954796 
0.014403273631502 
0.014401841526047 
0.014400409641308 
0.014398977980124 
0.014397546545293 
0.014396115339574 
0.014394684365685 
0.014393253626306 
0.014391823124072 
0.014390392861582 
0.014388962841392 
0.014387533066018 
0.014386103537936 
0.014384674259580 
0.014383245233345 
0.014381816461584 
0.014380387946610 
0.014378959690695 
0.014377531696073 
0.014376103964935 
0.014374676499432 
0.014373249301679 
0.014371822373747 
0.014370395717670 
0.014368969335442 
0.014367543229018 
0.014366117400315 
0.014364691851211 
0.014363266583546 
0.014361841599121 
0.014360416899701 
0.014358992487014 
0.014357568362750 
0.014356144528563 
0.014354720986070 
0.014353297736854 
0.014351874782459 
0.014350452124398 
0.014349029764145 
0.014347607703144 
0.014346185942803 
0.014344764484494 
0.014343343329560 
0.014341922479308 
0.014340501935014 
0.014339081697923 
0.014337661769245 
0.014336242150163 
0.014334822841826 
0.014333403845354 
0.014331985161837 
0.014330566792335 
0.014329148737879 
0.014327730999473 
0.014326313578090 
0.014324896474677 
0.014323479690153 
0.014322063225410 
0.014320647081313 
0.014319231258702 
0.014317815758390 
0.014316400581165 
0.014314985727791 
0.014313571199006 
0.014312156995525 
0.014310743118038 
0.014309329567214 
0.014307916343696 
0.014306503448107 
0.014305090881047 
0.014303678643093 
0.014302266734804 
0.014300855156714 
0.014299443909338 
0.014298032993173 
0.014296622408693 
0.014295212156353 
0.014293802236591 
0.014292392649825 
0.014290983396452 
0.014289574476856 
0.014288165891400 
0.014286757640429 
0.014285349724274 
0.014283942143247 
0.014282534897644 
0.014281127987746 
0.014279721413817 
0.014278315176106 
0.014276909274847 
0.014275503710261 
0.014274098482551 
0.014272693591908 
0.014271289038510 
0.014269884822520 
0.014268480944088 
0.014267077403352 
0.014265674200435 
0.014264271335449 
0.014262868808496 
0.014261466619662 
0.014260064769025 
0.014258663256649 
0.014257262082588 
0.014255861246886 
0.014254460749576 
0.014253060590679 
0.014251660770207 
0.014250261288164 
0.014248862144542 
0.014247463339323 
0.014246064872483 
0.014244666743986 
0.014243268953789 
0.014241871501840 
0.014240474388079 
0.014239077612437 
0.014237681174837 
0.014236285075197 
0.014234889313423 
0.014233493889418 
0.014232098803077 
0.014230704054284 
0.014229309642923 
0.014227915568865 
0.014226521831980 
0.014225128432128 
0.014223735369165 
0.014222342642940 
0.014220950253297 
0.014219558200075 
0.014218166483105 
0.014216775102217 
0.014215384057233 
0.014213993347970 
0.014212602974242 
0.014211212935858 
0.014209823232620 
0.014208433864329 
0.014207044830781 
0.014205656131767 
0.014204267767074 
0.014202879736486 
0.014201492039784 
0.014200104676744 
0.014198717647140 
0.014197330950741 
0.014195944587314 
0.014194558556623 
0.014193172858429 
0.014191787492491 
0.014190402458563 
0.014189017756398 
0.014187633385746 
0.014186249346357 
0.014184865637975 
0.014183482260344 
0.014182099213205 
0.014180716496298 
0.014179334109360 
0.014177952052129 
0.014176570324337 
0.014175188925717 
0.014173807856001 
0.014172427114918 
0.014171046702197 
0.014169666617564 
0.014168286860746 
0.014166907431467 
0.014165528329452 
0.014164149554423 
0.014162771106103 
0.014161392984212 
0.014160015188472 
0.014158637718602 
0.014157260574322 
0.014155883755351 
0.014154507261407 
0.014153131092209 
0.014151755247475 
0.014150379726922 
0.014149004530268 
0.014147629657230 
0.014146255107526 
0.014144880880873 
0.014143506976989 
0.014142133395592 
0.014140760136399 
0.014139387199128 
0.014138014583499 
0.014136642289230 
0.014135270316039 
0.014133898663648 
0.014132527331776 
0.014131156320144 
0.014129785628473 
0.014128415256486 
0.014127045203906 
0.014125675470455 
0.014124306055859 
0.014122936959842 
0.014121568182132 
0.014120199722453 
0.014118831580536 
0.014117463756109 
0.014116096248902 
0.014114729058646 
0.014113362185074 
0.014111995627919 
0.014110629386916 
0.014109263461802 
0.014107897852312 
0.014106532558186 
0.014105167579165 
0.014103802914988 
0.014102438565399 
0.014101074530143 
0.014099710808964 
0.014098347401610 
0.014096984307830 
0.014095621527375 
0.014094259059996 
0.014092896905446 
0.014091535063482 
0.014090173533860 
0.014088812316338 
0.014087451410678 
0.014086090816641 
0.014084730533992 
0.014083370562496 
0.014082010901921 
0.014080651552037 
0.014079292512614 
0.014077933783427 
0.014076575364250 
0.014075217254862 
0.014073859455041 
0.014072501964569 
0.014071144783229 
0.014069787910805 
0.014068431347087 
0.014067075091864 
0.014065719144927 
0.014064363506069 
0.014063008175088 
0.014061653151780 
0.014060298435947 
0.014058944027391 
0.014057589925917 
0.014056236131331 
0.014054882643444 
0.014053529462066 
0.014052176587012 
0.014050824018097 
0.014049471755141 
0.014048119797963 
0.014046768146388 
0.014045416800240 
0.014044065759347 
0.014042715023541 
0.014041364592653 
0.014040014466519 
0.014038664644976 
0.014037315127865 
0.014035965915028 
0.014034617006309 
0.014033268401557 
0.014031920100621 
0.014030572103354 
0.014029224409612 
0.014027877019250 
0.014026529932130 
0.014025183148115 
0.014023836667068 
0.014022490488859 
0.014021144613358 
0.014019799040437 
0.014018453769971 
0.014017108801841 
0.014015764135925 
0.014014419772108 
0.014013075710275 
0.014011731950316 
0.014010388492122 
0.014009045335586 
0.014007702480606 
0.014006359927081 
0.014005017674913 
0.014003675724007 
0.014002334074271 
0.014000992725614 
0.013999651677950 
0.013998310931194 
0.013996970485265 
0.013995630340084 
0.013994290495575 
0.013992950951665 
0.013991611708282 
0.013990272765359 
0.013988934122832 
0.013987595780637 
0.013986257738716 
0.013984919997011 
0.013983582555469 
0.013982245414038 
0.013980908572672 
0.013979572031322 
0.013978235789948 
0.013976899848508 
0.013975564206967 
0.013974228865290 
0.013972893823445 
0.013971559081405 
0.013970224639142 
0.013968890496635 
0.013967556653864 
0.013966223110810 
0.013964889867460 
0.013963556923803 
0.013962224279829 
0.013960891935533 
0.013959559890912 
0.013958228145966 
0.013956896700698 
0.013955565555114 
0.013954234709222 
0.013952904163033 
0.013951573916562 
0.013950243969826 
0.013948914322846 
0.013947584975644 
0.013946255928247 
0.013944927180682 
0.013943598732983 
0.013942270585183 
0.013940942737319 
0.013939615189433 
0.013938287941567 
0.013936960993768 
0.013935634346085 
0.013934307998569 
0.013932981951277 
0.013931656204265 
0.013930330757594 
0.013929005611329 
0.013927680765535 
0.013926356220282 
0.013925031975642 
0.013923708031691 
0.013922384388507 
0.013921061046172 
0.013919738004768 
0.013918415264384 
0.013917092825109 
0.013915770687035 
0.013914448850260 
0.013913127314880 
0.013911806080999 
0.013910485148720 
0.013909164518151 
0.013907844189402 
0.013906524162586 
0.013905204437819 
0.013903885015222 
0.013902565894915 
0.013901247077024 
0.013899928561676 
0.013898610349003 
0.013897292439138 
0.013895974832217 
0.013894657528380 
0.013893340527770 
0.013892023830533 
0.013890707436815 
0.013889391346769 
0.013888075560548 
0.013886760078310 
0.013885444900215 
0.013884130026424 
0.013882815457105 
0.013881501192426 
0.013880187232558 
0.013878873577677 
0.013877560227958 
0.013876247183583 
0.013874934444735 
0.013873622011600 
0.013872309884367 
0.013870998063227 
0.013869686548376 
0.013868375340011 
0.013867064438333 
0.013865753843545 
0.013864443555854 
0.013863133575469 
0.013861823902602 
0.013860514537468 
0.013859205480285 
0.013857896731274 
0.013856588290658 
0.013855280158664 
0.013853972335521 
0.013852664821461 
0.013851357616721 
0.013850050721537 
0.013848744136151 
0.013847437860806 
0.013846131895748 
0.013844826241228 
0.013843520897498 
0.013842215864813 
0.013840911143430 
0.013839606733610 
0.013838302635618 
0.013836998849719 
0.013835695376183 
0.013834392215282 
0.013833089367291 
0.013831786832489 
0.013830484611155 
0.013829182703573 
0.013827881110029 
0.013826579830812 
0.013825278866215 
0.013823978216532 
0.013822677882060 
0.013821377863100 
0.013820078159954 
0.013818778772929 
0.013817479702333 
0.013816180948478 
0.013814882511678 
0.013813584392250 
0.013812286590513 
0.013810989106791 
0.013809691941407 
0.013808395094692 
0.013807098566974 
0.013805802358587 
0.013804506469869 
0.013803210901157 
0.013801915652794 
0.013800620725124 
0.013799326118494 
0.013798031833255 
0.013796737869758 
0.013795444228359 
0.013794150909416 
0.013792857913289 
0.013791565240343 
0.013790272890942 
0.013788980865457 
0.013787689164258 
0.013786397787720 
0.013785106736218 
0.013783816010134 
0.013782525609848 
0.013781235535746 
0.013779945788214 
0.013778656367644 
0.013777367274428 
0.013776078508959 
0.013774790071638 
0.013773501962864 
0.013772214183040 
0.013770926732572 
0.013769639611869 
0.013768352821341 
0.013767066361402 
0.013765780232468 
0.013764494434957 
0.013763208969290 
0.013761923835892 
0.013760639035189 
0.013759354567609 
0.013758070433584 
0.013756786633547 
0.013755503167936 
0.013754220037189 
0.013752937241747 
0.013751654782054 
0.013750372658558 
0.013749090871706 
0.013747809421950 
0.013746528309745 
0.013745247535545 
0.013743967099811 
0.013742687003002 
0.013741407245584 
0.013740127828022 
0.013738848750784 
0.013737570014341 
0.013736291619168 
0.013735013565739 
0.013733735854532 
0.013732458486028 
0.013731181460711 
0.013729904779065 
0.013728628441577 
0.013727352448738 
0.013726076801041 
0.013724801498979 
0.013723526543049 
0.013722251933751 
0.013720977671587 
0.013719703757060 
0.013718430190677 
0.013717156972945 
0.013715884104376 
0.013714611585482 
0.013713339416779 
0.013712067598784 
0.013710796132016 
0.013709525016998 
0.013708254254254 
0.013706983844309 
0.013705713787693 
0.013704444084937 
0.013703174736572 
0.013701905743134 
0.013700637105160 
0.013699368823189 
0.013698100897763 
0.013696833329426 
0.013695566118722 
0.013694299266200 
0.013693032772409 
0.013691766637902 
0.013690500863232 
0.013689235448956 
0.013687970395631 
0.013686705703817 
0.013685441374077 
0.013684177406975 
0.013682913803076 
0.013681650562950 
0.013680387687166 
0.013679125176296 
0.013677863030914 
0.013676601251596 
0.013675339838920 
0.013674078793466 
0.013672818115816 
0.013671557806552 
0.013670297866261 
0.013669038295530 
0.013667779094948 
0.013666520265106 
0.013665261806597 
0.013664003720016 
0.013662746005959 
0.013661488665024 
0.013660231697812 
0.013658975104924 
0.013657718886964 
0.013656463044538 
0.013655207578252 
0.013653952488714 
0.013652697776537 
0.013651443442331 
0.013650189486711 
0.013648935910291 
0.013647682713690 
0.013646429897527 
0.013645177462420 
0.013643925408993 
0.013642673737869 
0.013641422449673 
0.013640171545031 
0.013638921024573 
0.013637670888928 
0.013636421138727 
0.013635171774604 
0.013633922797192 
0.013632674207126 
0.013631426005046 
0.013630178191589 
0.013628930767395 
0.013627683733106 
0.013626437089365 
0.013625190836816 
0.013623944976105 
0.013622699507879 
0.013621454432786 
0.013620209751477 
0.013618965464602 
0.013617721572813 
0.013616478076765 
0.013615234977111 
0.013613992274509 
0.013612749969615 
0.013611508063088 
0.013610266555588 
0.013609025447776 
0.013607784740314 
0.013606544433865 
0.013605304529093 
0.013604065026664 
0.013602825927245 
0.013601587231503 
0.013600348940108 
0.013599111053728 
0.013597873573035 
0.013596636498701 
0.013595399831398 
0.013594163571800 
0.013592927720582 
0.013591692278421 
0.013590457245991 
0.013589222623972 
0.013587988413042 
0.013586754613880 
0.013585521227166 
0.013584288253581 
0.013583055693807 
0.013581823548527 
0.013580591818425 
0.013579360504184 
0.013578129606490 
0.013576899126029 
0.013575669063487 
0.013574439419550 
0.013573210194908 
0.013571981390248 
0.013570753006261 
0.013569525043635 
0.013568297503061 
0.013567070385230 
0.013565843690834 
0.013564617420564 
0.013563391575115 
0.013562166155178 
0.013560941161447 
0.013559716594617 
0.013558492455382 
0.013557268744438 
0.013556045462480 
0.013554822610203 
0.013553600188305 
0.013552378197481 
0.013551156638430 
0.013549935511848 
0.013548714818433 
0.013547494558882 
0.013546274733895 
0.013545055344170 
0.013543836390405 
0.013542617873300 
0.013541399793553 
0.013540182151864 
0.013538964948933 
0.013537748185458 
0.013536531862141 
0.013535315979680 
0.013534100538775 
0.013532885540127 
0.013531670984435 
0.013530456872400 
0.013529243204721 
0.013528029982100 
0.013526817205234 
0.013525604874826 
0.013524392991573 
0.013523181556177 
0.013521970569337 
0.013520760031752 
0.013519549944121 
0.013518340307145 
0.013517131121521 
0.013515922387948 
0.013514714107125 
0.013513506279751 
0.013512298906522 
0.013511091988138 
0.013509885525294 
0.013508679518689 
0.013507473969018 
0.013506268876978 
0.013505064243265 
0.013503860068574 
0.013502656353601 
0.013501453099040 
0.013500250305584 
0.013499047973927 
0.013497846104763 
0.013496644698784 
0.013495443756681 
0.013494243279146 
0.013493043266870 
0.013491843720542 
0.013490644640853 
0.013489446028491 
0.013488247884144 
0.013487050208499 
0.013485853002243 
0.013484656266061 
0.013483460000640 
0.013482264206663 
0.013481068884813 
0.013479874035774 
0.013478679660227 
0.013477485758853 
0.013476292332332 
0.013475099381342 
0.013473906906564 
0.013472714908673 
0.013471523388345 
0.013470332346257 
0.013469141783081 
0.013467951699492 
0.013466762096162 
0.013465572973760 
0.013464384332958 
0.013463196174424 
0.013462008498826 
0.013460821306829 
0.013459634599100 
0.013458448376303 
0.013457262639099 
0.013456077388152 
0.013454892624120 
0.013453708347664 
0.013452524559440 
0.013451341260106 
0.013450158450315 
0.013448976130723 
0.013447794301981 
0.013446612964740 
0.013445432119649 
0.013444251767356 
0.013443071908508 
0.013441892543750 
0.013440713673725 
0.013439535299075 
0.013438357420440 
0.013437180038460 
0.013436003153771 
0.013434826767008 
0.013433650878807 
0.013432475489799 
0.013431300600615 
0.013430126211883 
0.013428952324231 
0.013427778938284 
0.013426606054666 
0.013425433673999 
0.013424261796903 
0.013423090423996 
0.013421919555894 
0.013420749193213 
0.013419579336565 
0.013418409986561 
0.013417241143809 
0.013416072808917 
0.013414904982490 
0.013413737665131 
0.013412570857440 
0.013411404560017 
0.013410238773459 
0.013409073498361 
0.013407908735316 
0.013406744484915 
0.013405580747746 
0.013404417524396 
0.013403254815449 
0.013402092621488 
0.013400930943093 
0.013399769780842 
0.013398609135310 
0.013397449007071 
0.013396289396697 
0.013395130304755 
0.013393971731814 
0.013392813678436 
0.013391656145185 
0.013390499132620 
0.013389342641297 
0.013388186671773 
0.013387031224600 
0.013385876300328 
0.013384721899504 
0.013383568022674 
0.013382414670381 
0.013381261843164 
0.013380109541563 
0.013378957766112 
0.013377806517343 
0.013376655795788 
0.013375505601974 
0.013374355936426 
0.013373206799666 
0.013372058192215 
0.013370910114589 
0.013369762567303 
0.013368615550869 
0.013367469065797 
0.013366323112592 
0.013365177691759 
0.013364032803799 
0.013362888449210 
0.013361744628488 
0.013360601342126 
0.013359458590613 
0.013358316374437 
0.013357174694083 
0.013356033550031 
0.013354892942761 
0.013353752872749 
0.013352613340467 
0.013351474346385 
0.013350335890972 
0.013349197974690 
0.013348060598001 
0.013346923761364 
0.013345787465235 
0.013344651710064 
0.013343516496303 
0.013342381824396 
0.013341247694788 
0.013340114107919 
0.013338981064226 
0.013337848564143 
0.013336716608102 
0.013335585196531 
0.013334454329854 
0.013333324008493 
0.013332194232867 
0.013331065003391 
0.013329936320479 
0.013328808184538 
0.013327680595976 
0.013326553555195 
0.013325427062593 
0.013324301118569 
0.013323175723515 
0.013322050877821 
0.013320926581873 
0.013319802836055 
0.013318679640748 
0.013317556996327 
0.013316434903166 
0.013315313361637 
0.013314192372105 
0.013313071934933 
0.013311952050483 
0.013310832719111 
0.013309713941171 
0.013308595717011 
0.013307478046981 
0.013306360931421 
0.013305244370673 
0.013304128365073 
0.013303012914954 
0.013301898020645 
0.013300783682472 
0.013299669900759 
0.013298556675824 
0.013297444007983 
0.013296331897548 
0.013295220344828 
0.013294109350129 
0.013292998913751 
0.013291889035993 
0.013290779717150 
0.013289670957513 
0.013288562757369 
0.013287455117002 
0.013286348036693 
0.013285241516719 
0.013284135557352 
0.013283030158862 
0.013281925321516 
0.013280821045577 
0.013279717331301 
0.013278614178947 
0.013277511588763 
0.013276409560999 
0.013275308095899 
0.013274207193704 
0.013273106854650 
0.013272007078971 
0.013270907866897 
0.013269809218653 
0.013268711134463 
0.013267613614544 
0.013266516659112 
0.013265420268377 
0.013264324442548 
0.013263229181829 
0.013262134486419 
0.013261040356515 
0.013259946792310 
0.013258853793993 
0.013257761361749 
0.013256669495759 
0.013255578196202 
0.013254487463251 
0.013253397297076 
0.013252307697845 
0.013251218665720 
0.013250130200860 
0.013249042303421 
0.013247954973553 
0.013246868211406 
0.013245782017122 
0.013244696390842 
0.013243611332702 
0.013242526842836 
0.013241442921372 
0.013240359568434 
0.013239276784146 
0.013238194568623 
0.013237112921980 
0.013236031844326 
0.013234951335769 
0.013233871396410 
0.013232792026348 
0.013231713225677 
0.013230634994489 
0.013229557332872 
0.013228480240907 
0.013227403718675 
0.013226327766253 
0.013225252383710 
0.013224177571117 
0.013223103328538 
0.013222029656032 
0.013220956553657 
0.013219884021467 
0.013218812059509 
0.013217740667830 
0.013216669846472 
0.013215599595471 
0.013214529914863 
0.013213460804677 
0.013212392264940 
0.013211324295674 
0.013210256896899 
0.013209190068630 
0.013208123810877 
0.013207058123649 
0.013205993006949 
0.013204928460778 
0.013203864485131 
0.013202801080000 
0.013201738245375 
0.013200675981241 
0.013199614287578 
0.013198553164363 
0.013197492611572 
0.013196432629172 
0.013195373217131 
0.013194314375411 
0.013193256103970 
0.013192198402763 
0.013191141271741 
0.013190084710852 
0.013189028720039 
0.013187973299242 
0.013186918448398 
0.013185864167439 
0.013184810456293 
0.013183757314886 
0.013182704743138 
0.013181652740968 
0.013180601308290 
0.013179550445014 
0.013178500151045 
0.013177450426288 
0.013176401270642 
0.013175352684001 
0.013174304666258 
0.013173257217301 
0.013172210337014 
0.013171164025278 
0.013170118281972 
0.013169073106967 
0.013168028500135 
0.013166984461341 
0.013165940990449 
0.013164898087317 
0.013163855751801 
0.013162813983753 
0.013161772783021 
0.013160732149449 
0.013159692082880 
0.013158652583151 
0.013157613650095 
0.013156575283543 
0.013155537483323 
0.013154500249257 
0.013153463581165 
0.013152427478863 
0.013151391942165 
0.013150356970880 
0.013149322564813 
0.013148288723766 
0.013147255447539 
0.013146222735927 
0.013145190588721 
0.013144159005710 
0.013143127986678 
0.013142097531408 
0.013141067639677 
0.013140038311260 
0.013139009545928 
0.013137981343449 
0.013136953703586 
0.013135926626102 
0.013134900110753 
0.013133874157293 
0.013132848765474 
0.013131823935043 
0.013130799665744 
0.013129775957317 
0.013128752809501 
0.013127730222029 
0.013126708194632 
0.013125686727038 
0.013124665818970 
0.013123645470151 
0.013122625680296 
0.013121606449121 
0.013120587776336 
0.013119569661650 
0.013118552104768 
0.013117535105390 
0.013116518663215 
0.013115502777938 
0.013114487449251 
0.013113472676842 
0.013112458460397 
0.013111444799598 
0.013110431694124 
0.013109419143652 
0.013108407147854 
0.013107395706400 
0.013106384818957 
0.013105374485188 
0.013104364704755 
0.013103355477313 
0.013102346802518 
0.013101338680022 
0.013100331109471 
0.013099324090513 
0.013098317622788 
0.013097311705937 
0.013096306339595 
0.013095301523396 
0.013094297256970 
0.013093293539945 
0.013092290371945 
0.013091287752592 
0.013090285681503 
0.013089284158296 
0.013088283182582 
0.013087282753972 
0.013086282872073 
0.013085283536489 
0.013084284746821 
0.013083286502669 
0.013082288803627 
0.013081291649289 
0.013080295039244 
0.013079298973081 
0.013078303450383 
0.013077308470733 
0.013076314033710 
0.013075320138889 
0.013074326785845 
0.013073333974149 
0.013072341703369 
0.013071349973071 
0.013070358782817 
0.013069368132167 
0.013068378020681 
0.013067388447911 
0.013066399413412 
0.013065410916732 
0.013064422957419 
0.013063435535018 
0.013062448649070 
0.013061462299116 
0.013060476484692 
0.013059491205333 
0.013058506460570 
0.013057522249935 
0.013056538572952 
0.013055555429148 
0.013054572818044 
0.013053590739160 
0.013052609192013 
0.013051628176118 
0.013050647690988 
0.013049667736133 
0.013048688311059 
0.013047709415274 
0.013046731048280 
0.013045753209577 
0.013044775898664 
0.013043799115037 
0.013042822858190 
0.013041847127615 
0.013040871922801 
0.013039897243234 
0.013038923088400 
0.013037949457781 
0.013036976350859 
0.013036003767110 
0.013035031706011 
0.013034060167036 
0.013033089149657 
0.013032118653343 
0.013031148677562 
0.013030179221779 
0.013029210285457 
0.013028241868059 
0.013027273969042 
0.013026306587864 
0.013025339723980 
0.013024373376844 
0.013023407545905 
0.013022442230615 
0.013021477430418 
0.013020513144761 
0.013019549373087 
0.013018586114837 
0.013017623369450 
0.013016661136364 
0.013015699415014 
0.013014738204834 
0.013013777505255 
0.013012817315709 
0.013011857635621 
0.013010898464420 
0.013009939801529 
0.013008981646371 
0.013008023998367 
0.013007066856935 
0.013006110221494 
0.013005154091459 
0.013004198466243 
0.013003243345259 
0.013002288727918 
0.013001334613627 
0.013000381001795 
0.012999427891826 
0.012998475283125 
0.012997523175093 
0.012996571567131 
0.012995620458638 
0.012994669849011 
0.012993719737647 
0.012992770123938 
0.012991821007279 
0.012990872387059 
0.012989924262669 
0.012988976633497 
0.012988029498929 
0.012987082858350 
0.012986136711144 
0.012985191056693 
0.012984245894378 
0.012983301223578 
0.012982357043671 
0.012981413354033 
0.012980470154040 
0.012979527443066 
0.012978585220482 
0.012977643485660 
0.012976702237969 
0.012975761476777 
0.012974821201453 
0.012973881411361 
0.012972942105865 
0.012972003284330 
0.012971064946117 
0.012970127090587 
0.012969189717099 
