1.000000000000000 
0.058967079960521 
0.038213790453847 
0.035657580934422 
0.034786136828964 
0.034351096682307 
0.034090852110228 
0.033917662772214 
0.033793893018478 
0.033700711753208 
0.033627651725260 
0.033568438150368 
0.033519091072069 
0.033476973204213 
0.033440274540868 
0.033407716237212 
0.033378372166961 
0.033351557138125 
0.033326754572868 
0.033303568421589 
0.033281690426474 
0.033260877364633 
0.033240934932204 
0.033221706137965 
0.033203062815643 
0.033184899329138 
0.033167127843273 
0.033149674727940 
0.033132477793528 
0.033115484143429 
0.033098648489829 
0.033081931821000 
0.033065300337923 
0.033048724599197 
0.033032178828444 
0.033015640349513 
0.032999089122976 
0.032982507363477 
0.032965879222089 
0.032949190521229 
0.032932428532370 
0.032915581788767 
0.032898639926999 
0.032881593552346 
0.032864434123965 
0.032847153856613 
0.032829745636221 
0.032812202947145 
0.032794519809282 
0.032776690723549 
0.032758710624483 
0.032740574838931 
0.032722279049946 
0.032703819265159 
0.032685191789024 
0.032666393198387 
0.032647420320951 
0.032628270216260 
0.032608940158862 
0.032589427623385 
0.032569730271294 
0.032549845939098 
0.032529772627861 
0.032509508493836 
0.032489051840107 
0.032468401109115 
0.032447554875958 
0.032426511842404 
0.032405270831499 
0.032383830782744 
0.032362190747748 
0.032340349886321 
0.032318307462960 
0.032296062843677 
0.032273615493141 
0.032250964972104 
0.032228110935063 
0.032205053128160 
0.032181791387273 
0.032158325636287 
0.032134655885525 
0.032110782230320 
0.032086704849717 
0.032062424005281 
0.032037940040006 
0.032013253377311 
0.031988364520111 
0.031963274049949 
0.031937982626185 
0.031912490985232 
0.031886799939824 
0.031860910378317 
0.031834823264004 
0.031808539634452 
0.031782060600840 
0.031755387347295 
0.031728521130226 
0.031701463277641 
0.031674215188448 
0.031646778331733 
0.031619154246002 
0.031591344538402 
0.031563350883886 
0.031535175024354 
0.031506818767730 
0.031478283987002 
0.031449572619197 
0.031420686664310 
0.031391628184168 
0.031362399301229 
0.031333002197329 
0.031303439112356 
0.031273712342858 
0.031243824240595 
0.031213777211017 
0.031183573711679 
0.031153216250596 
0.031122707384533 
0.031092049717236 
0.031061245897602 
0.031030298617806 
0.030999210611361 
0.030967984651143 
0.030936623547371 
0.030905130145550 
0.030873507324374 
0.030841757993614 
0.030809885091981 
0.030777891584966 
0.030745780462687 
0.030713554737719 
0.030681217442943 
0.030648771629398 
0.030616220364155 
0.030583566728217 
0.030550813814454 
0.030517964725577 
0.030485022572154 
0.030451990470687 
0.030418871541742 
0.030385668908147 
0.030352385693259 
0.030319025019306 
0.030285590005812 
0.030252083768102 
0.030218509415895 
0.030184870051994 
0.030151168771054 
0.030117408658460 
0.030083592789293 
0.030049724227384 
0.030015806024480 
0.029981841219486 
0.029947832837811 
0.029913783890797 
0.029879697375238 
0.029845576272981 
0.029811423550599 
0.029777242159151 
0.029743035033996 
0.029708805094679 
0.029674555244868 
0.029640288372339 
0.029606007349012 
0.029571715031013 
0.029537414258770 
0.029503107857127 
0.029468798635474 
0.029434489387881 
0.029400182893235 
0.029365881915362 
0.029331589203147 
0.029297307490617 
0.029263039497015 
0.029228787926823 
0.029194555469769 
0.029160344800771 
0.029126158579852 
0.029091999451995 
0.029057870046956 
0.029023772979012 
0.028989710846662 
0.028955686232271 
0.028921701701656 
0.028887759803614 
0.028853863069399 
0.028820014012144 
0.028786215126233 
0.028752468886620 
0.028718777748107 
0.028685144144580 
0.028651570488199 
0.028618059168562 
0.028584612551834 
0.028551232979848 
0.028517922769191 
0.028484684210268 
0.028451519566352 
0.028418431072634 
0.028385420935263 
0.028352491330390 
0.028319644403223 
0.028286882267085 
0.028254207002491 
0.028221620656248 
0.028189125240570 
0.028156722732228 
0.028124415071722 
0.028092204162497 
0.028060091870186 
0.028028080021899 
0.027996170405550 
0.027964364769236 
0.027932664820652 
0.027901072226565 
0.027869588612333 
0.027838215561477 
0.027806954615308 
0.027775807272602 
0.027744774989341 
0.027713859178495 
0.027683061209869 
0.027652382410000 
0.027621824062110 
0.027591387406113 
0.027561073638668 
0.027530883913292 
0.027500819340515 
0.027470880988084 
0.027441069881211 
0.027411387002864 
0.027381833294099 
0.027352409654421 
0.027323116942187 
0.027293955975034 
0.027264927530331 
0.027236032345662 
0.027207271119318 
0.027178644510809 
0.027150153141394 
0.027121797594606 
0.027093578416794 
0.027065496117659 
0.027037551170796 
0.027009744014225 
0.026982075050918 
0.026954544649322 
0.026927153143864 
0.026899900835447 
0.026872787991935 
0.026845814848625 
0.026818981608699 
0.026792288443666 
0.026765735493794 
0.026739322868523 
0.026713050646872 
0.026686918877833 
0.026660927580759 
0.026635076745747 
0.026609366334017 
0.026583796278291 
0.026558366483175 
0.026533076825545 
0.026507927154945 
0.026482917293991 
0.026458047038793 
0.026433316159395 
0.026408724400232 
0.026384271480609 
0.026359957095209 
0.026335780914622 
0.026311742585909 
0.026287841733187 
0.026264077958253 
0.026240450841232 
0.026216959941265 
0.026193604797217 
0.026170384928427 
0.026147299835477 
0.026124349001001 
0.026101531890505 
0.026078847953225 
0.026056296623002 
0.026033877319169 
0.026011589447463 
0.025989432400944 
0.025967405560927 
0.025945508297908 
0.025923739972508 
0.025902099936397 
0.025880587533222 
0.025859202099520 
0.025837942965619 
0.025816809456515 
0.025795800892733 
0.025774916591155 
0.025754155865829 
0.025733518028734 
0.025713002390519 
0.025692608261202 
0.025672334950821 
0.025652181770060 
0.025632148030814 
0.025612233046719 
0.025592436133631 
0.025572756610063 
0.025553193797571 
0.025533747021089 
0.025514415609226 
0.025495198894506 
0.025476096213566 
0.025457106907307 
0.025438230321002 
0.025419465804354 
0.025400812711519 
0.025382270401080 
0.025363838235990 
0.025345515583468 
0.025327301814866 
0.025309196305499 
0.025291198434441 
0.025273307584312 
0.025255523140966 
0.025237844493261 
0.025220271032726 
0.025202802153242 
0.025185437250684 
0.025168175722570 
0.025151016967678 
0.025133960385663 
0.025117005376666 
0.025100151340917 
0.025083397678333 
0.025066743788123 
0.025050189068395 
0.025033732915765 
0.025017374724983 
0.025001113888567 
0.024984949796449 
0.024968881835645 
0.024952909389938 
0.024937031839585 
0.024921248561051 
0.024905558926762 
0.024889962304892 
0.024874458059172 
0.024859045548733 
0.024843724127981 
0.024828493146496 
0.024813351948973 
0.024798299875182 
0.024783336259976 
0.024768460433314 
0.024753671720325 
0.024738969441399 
0.024724352912305 
0.024709821444340 
0.024695374344501 
0.024681010915683 
0.024666730456901 
0.024652532263527 
0.024638415627556 
0.024624379837878 
0.024610424180572 
0.024596547939209 
0.024582750395166 
0.024569030827952 
0.024555388515533 
0.024541822734666 
0.024528332761239 
0.024514917870597 
0.024501577337884 
0.024488310438371 
0.024475116447783 
0.024461994642616 
0.024448944300450 
0.024435964700253 
0.024423055122678 
0.024410214850336 
0.024397443168077 
0.024384739363247 
0.024372102725929 
0.024359532549185 
0.024347028129267 
0.024334588765834 
0.024322213762139 
0.024309902425209 
0.024297654066017 
0.024285467999632 
0.024273343545360 
0.024261280026879 
0.024249276772351 
0.024237333114531 
0.024225448390862 
0.024213621943563 
0.024201853119701 
0.024190141271263 
0.024178485755213 
0.024166885933543 
0.024155341173321 
0.024143850846723 
0.024132414331076 
0.024121031008873 
0.024109700267810 
0.024098421500796 
0.024087194105972 
0.024076017486729 
0.024064891051713 
0.024053814214842 
0.024042786395307 
0.024031807017588 
0.024020875511456 
0.024009991311986 
0.023999153859560 
0.023988362599880 
0.023977616983975 
0.023966916468214 
0.023956260514322 
0.023945648589388 
0.023935080165887 
0.023924554721699 
0.023914071740124 
0.023903630709915 
0.023893231125298 
0.023882872486002 
0.023872554297291 
0.023862276070000 
0.023852037320570 
0.023841837571090 
0.023831676349338 
0.023821553188830 
0.023811467628865 
0.023801419214578 
0.023791407496995 
0.023781432033086 
0.023771492385828 
0.023761588124263 
0.023751718823560 
0.023741884065085 
0.023732083436462 
0.023722316531642 
0.023712582950974 
0.023702882301272 
0.023693214195886 
0.023683578254770 
0.023673974104556 
0.023664401378615 
0.023654859717133 
0.023645348767168 
0.023635868182719 
0.023626417624783 
0.023616996761413 
0.023607605267769 
0.023598242826169 
0.023588909126128 
0.023579603864397 
0.023570326744993 
0.023561077479220 
0.023551855785689 
0.023542661390318 
0.023533494026336 
0.023524353434270 
0.023515239361921 
0.023506151564333 
0.023497089803749 
0.023488053849559 
0.023479043478230 
0.023470058473230 
0.023461098624934 
0.023452163730527 
0.023443253593880 
0.023434368025429 
0.023425506842032 
0.023416669866816 
0.023407856929015 
0.023399067863792 
0.023390302512055 
0.023381560720255 
0.023372842340188 
0.023364147228769 
0.023355475247815 
0.023346826263810 
0.023338200147664 
0.023329596774474 
0.023321016023269 
0.023312457776763 
0.023303921921091 
0.023295408345557 
0.023286916942375 
0.023278447606405 
0.023270000234903 
0.023261574727260 
0.023253170984751 
0.023244788910290 
0.023236428408180 
0.023228089383884 
0.023219771743785 
0.023211475394967 
0.023203200244999 
0.023194946201723 
0.023186713173059 
0.023178501066813 
0.023170309790497 
0.023162139251159 
0.023153989355225 
0.023145860008348 
0.023137751115268 
0.023129662579689 
0.023121594304156 
0.023113546189955 
0.023105518137012 
0.023097510043811 
0.023089521807320 
0.023081553322927 
0.023073604484383 
0.023065675183762 
0.023057765311427 
0.023049874756001 
0.023042003404356 
0.023034151141604 
0.023026317851102 
0.023018503414456 
0.023010707711547 
0.023002930620552 
0.022995172017978 
0.022987431778705 
0.022979709776030 
0.022972005881722 
0.022964319966082 
0.022956651898009 
0.022949001545069 
0.022941368773573 
0.022933753448659 
0.022926155434375 
0.022918574593770 
0.022911010788992 
0.022903463881379 
0.022895933731566 
0.022888420199586 
0.022880923144978 
0.022873442426900 
0.022865977904235 
0.022858529435710 
0.022851096880010 
0.022843680095893 
0.022836278942313 
0.022828893278534 
0.022821522964250 
0.022814167859707 
0.022806827825820 
0.022799502724292 
0.022792192417732 
0.022784896769769 
0.022777615645173 
0.022770348909962 
0.022763096431516 
0.022755858078684 
0.022748633721890 
0.022741423233238 
0.022734226486607 
0.022727043357747 
0.022719873724371 
0.022712717466242 
0.022705574465252 
0.022698444605501 
0.022691327773367 
0.022684223857575 
0.022677132749249 
0.022670054341976 
0.022662988531847 
0.022655935217499 
0.022648894300154 
0.022641865683640 
0.022634849274419 
0.022627844981596 
0.022620852716932 
0.022613872394837 
0.022606903932370 
0.022599947249222 
0.022593002267697 
0.022586068912685 
0.022579147111626 
0.022572236794473 
0.022565337893644 
0.022558450343967 
0.022551574082629 
0.022544709049102 
0.022537855185083 
0.022531012434414 
0.022524180743004 
0.022517360058752 
0.022510550331452 
0.022503751512707 
0.022496963555838 
0.022490186415782 
0.022483420049002 
0.022476664413380 
0.022469919468121 
0.022463185173649 
0.022456461491504 
0.022449748384242 
0.022443045815331 
0.022436353749052 
0.022429672150395 
0.022423000984968 
0.022416340218893 
0.022409689818717 
0.022403049751319 
0.022396419983824 
0.022389800483513 
0.022383191217747 
0.022376592153890 
0.022370003259229 
0.022363424500912 
0.022356855845880 
0.022350297260806 
0.022343748712042 
0.022337210165567 
0.022330681586943 
0.022324162941272 
0.022317654193161 
0.022311155306692 
0.022304666245397 
0.022298186972236 
0.022291717449581 
0.022285257639206 
0.022278807502281 
0.022272366999370 
0.022265936090435 
0.022259514734841 
0.022253102891370 
0.022246700518237 
0.022240307573108 
0.022233924013125 
0.022227549794933 
0.022221184874708 
0.022214829208195 
0.022208482750741 
0.022202145457336 
0.022195817282654 
0.022189498181096 
0.022183188106840 
0.022176887013884 
0.022170594856101 
0.022164311587284 
0.022158037161203 
0.022151771531658 
0.022145514652531 
0.022139266477838 
0.022133026961791 
0.022126796058848 
0.022120573723765 
0.022114359911658 
0.022108154578051 
0.022101957678931 
0.022095769170802 
0.022089589010733 
0.022083417156411 
0.022077253566190 
0.022071098199136 
0.022064951015075 
0.022058811974633 
0.022052681039285 
0.022046558171386 
0.022040443334215 
0.022034336492011 
0.022028237610001 
0.022022146654434 
0.022016063592609 
0.022009988392902 
0.022003921024784 
0.021997861458849 
0.021991809666825 
0.021985765621594 
0.021979729297201 
0.021973700668865 
0.021967679712988 
0.021961666407155 
0.021955660730139 
0.021949662661902 
0.021943672183584 
0.021937689277506 
0.021931713927156 
0.021925746117180 
0.021919785833370 
0.021913833062648 
0.021907887793045 
0.021901950013689 
0.021896019714778 
0.021890096887558 
0.021884181524301 
0.021878273618275 
0.021872373163717 
0.021866480155808 
0.021860594590635 
0.021854716465165 
0.021848845777213 
0.021842982525405 
0.021837126709146 
0.021831278328584 
0.021825437384578 
0.021819603878658 
0.021813777812991 
0.021807959190349 
0.021802148014066 
0.021796344288005 
0.021790548016525 
0.021784759204442 
0.021778977856994 
0.021773203979808 
0.021767437578866 
0.021761678660469 
0.021755927231206 
0.021750183297921 
0.021744446867685 
0.021738717947760 
0.021732996545574 
0.021727282668689 
0.021721576324776 
0.021715877521590 
0.021710186266939 
0.021704502568666 
0.021698826434621 
0.021693157872640 
0.021687496890529 
0.021681843496035 
0.021676197696836 
0.021670559500518 
0.021664928914561 
0.021659305946323 
0.021653690603027 
0.021648082891745 
0.021642482819390 
0.021636890392700 
0.021631305618235 
0.021625728502360 
0.021620159051243 
0.021614597270845 
0.021609043166914 
0.021603496744982 
0.021597958010358 
0.021592426968124 
0.021586903623135 
0.021581387980012 
0.021575880043146 
0.021570379816694 
0.021564887304577 
0.021559402510485 
0.021553925437874 
0.021548456089969 
0.021542994469766 
0.021537540580033 
0.021532094423313 
0.021526656001930 
0.021521225317987 
0.021515802373375 
0.021510387169774 
0.021504979708658 
0.021499579991300 
0.021494188018776 
0.021488803791972 
0.021483427311584 
0.021478058578131 
0.021472697591953 
0.021467344353221 
0.021461998861942 
0.021456661117963 
0.021451331120977 
0.021446008870530 
0.021440694366027 
0.021435387606736 
0.021430088591795 
0.021424797320216 
0.021419513790895 
0.021414238002613 
0.021408969954042 
0.021403709643757 
0.021398457070232 
0.021393212231851 
0.021387975126916 
0.021382745753644 
0.021377524110180 
0.021372310194599 
0.021367104004909 
0.021361905539061 
0.021356714794949 
0.021351531770417 
0.021346356463264 
0.021341188871244 
0.021336028992078 
0.021330876823451 
0.021325732363019 
0.021320595608414 
0.021315466557245 
0.021310345207102 
0.021305231555562 
0.021300125600188 
0.021295027338535 
0.021289936768151 
0.021284853886583 
0.021279778691374 
0.021274711180069 
0.021269651350215 
0.021264599199364 
0.021259554725075 
0.021254517924914 
0.021249488796456 
0.021244467337283 
0.021239453544990 
0.021234447417180 
0.021229448951468 
0.021224458145478 
0.021219474996844 
0.021214499503210 
0.021209531662228 
0.021204571471555 
0.021199618928855 
0.021194674031797 
0.021189736778049 
0.021184807165279 
0.021179885191154 
0.021174970853333 
0.021170064149465 
0.021165165077187 
0.021160273634120 
0.021155389817866 
0.021150513625999 
0.021145645056068 
0.021140784105584 
0.021135930772023 
0.021131085052815 
0.021126246945340 
0.021121416446925 
0.021116593554832 
0.021111778266260 
0.021106970578331 
0.021102170488088 
0.021097377992486 
0.021092593088386 
0.021087815772550 
0.021083046041628 
0.021078283892157 
0.021073529320548 
0.021068782323084 
0.021064042895905 
0.021059311035007 
0.021054586736232 
0.021049869995258 
0.021045160807590 
0.021040459168559 
0.021035765073305 
0.021031078516774 
0.021026399493710 
0.021021727998645 
0.021017064025891 
0.021012407569534 
0.021007758623423 
0.021003117181167 
0.020998483236121 
0.020993856781383 
0.020989237809786 
0.020984626313888 
0.020980022285969 
0.020975425718018 
0.020970836601733 
0.020966254928508 
0.020961680689432 
0.020957113875278 
0.020952554476500 
0.020948002483225 
0.020943457885249 
0.020938920672032 
0.020934390832690 
0.020929868355992 
0.020925353230358 
0.020920845443849 
0.020916344984166 
0.020911851838646 
0.020907365994259 
0.020902887437603 
0.020898416154904 
0.020893952132008 
0.020889495354385 
0.020885045807122 
0.020880603474922 
0.020876168342106 
0.020871740392606 
0.020867319609969 
0.020862905977354 
0.020858499477532 
0.020854100092885 
0.020849707805408 
0.020845322596708 
0.020840944448006 
0.020836573340137 
0.020832209253553 
0.020827852168321 
0.020823502064128 
0.020819158920284 
0.020814822715722 
0.020810493429002 
0.020806171038311 
0.020801855521472 
0.020797546855944 
0.020793245018824 
0.020788949986856 
0.020784661736430 
0.020780380243591 
0.020776105484040 
0.020771837433142 
0.020767576065929 
0.020763321357107 
0.020759073281063 
0.020754831811866 
0.020750596923279 
0.020746368588761 
0.020742146781479 
0.020737931474307 
0.020733722639841 
0.020729520250402 
0.020725324278043 
0.020721134694561 
0.020716951471501 
0.020712774580165 
0.020708603991624 
0.020704439676719 
0.020700281606078 
0.020696129750123 
0.020691984079073 
0.020687844562963 
0.020683711171648 
0.020679583874813 
0.020675462641985 
0.020671347442545 
0.020667238245732 
0.020663135020661 
0.020659037736329 
0.020654946361631 
0.020650860865364 
0.020646781216245 
0.020642707382922 
0.020638639333980 
0.020634577037962 
0.020630520463373 
0.020626469578696 
0.020622424352407 
0.020618384752982 
0.020614350748912 
0.020610322308718 
0.020606299400963 
0.020602281994262 
0.020598270057299 
0.020594263558839 
0.020590262467739 
0.020586266752965 
0.020582276383604 
0.020578291328876 
0.020574311558148 
0.020570337040948 
0.020566367746980 
0.020562403646133 
0.020558444708497 
0.020554490904376 
0.020550542204299 
0.020546598579038 
0.020542659999613 
0.020538726437310 
0.020534797863691 
0.020530874250609 
0.020526955570214 
0.020523041794971 
0.020519132897665 
0.020515228851417 
0.020511329629692 
0.020507435206309 
0.020503545555450 
0.020499660651671 
0.020495780469910 
0.020491904985495 
0.020488034174150 
0.020484168012007 
0.020480306475606 
0.020476449541909 
0.020472597188296 
0.020468749392579 
0.020464906133001 
0.020461067388239 
0.020457233137410 
0.020453403360073 
0.020449578036227 
0.020445757146315 
0.020441940671224 
0.020438128592285 
0.020434320891268 
0.020430517550385 
0.020426718552286 
0.020422923880053 
0.020419133517198 
0.020415347447661 
0.020411565655801 
0.020407788126392 
0.020404014844614 
0.020400245796050 
0.020396480966676 
0.020392720342852 
0.020388963911316 
0.020385211659171 
0.020381463573879 
0.020377719643249 
0.020373979855426 
0.020370244198882 
0.020366512662402 
0.020362785235074 
0.020359061906280 
0.020355342665678 
0.020351627503194 
0.020347916409008 
0.020344209373542 
0.020340506387448 
0.020336807441595 
0.020333112527054 
0.020329421635089 
0.020325734757142 
0.020322051884821 
0.020318373009890 
0.020314698124252 
0.020311027219941 
0.020307360289109 
0.020303697324013 
0.020300038317008 
0.020296383260530 
0.020292732147090 
0.020289084969262 
0.020285441719674 
0.020281802390996 
0.020278166975934 
0.020274535467219 
0.020270907857599 
0.020267284139833 
0.020263664306681 
0.020260048350898 
0.020256436265227 
0.020252828042394 
0.020249223675103 
0.020245623156028 
0.020242026477808 
0.020238433633049 
0.020234844614311 
0.020231259414112 
0.020227678024922 
0.020224100439160 
0.020220526649193 
0.020216956647332 
0.020213390425837 
0.020209827976907 
0.020206269292688 
0.020202714365265 
0.020199163186670 
0.020195615748876 
0.020192072043802 
0.020188532063310 
0.020184995799213 
0.020181463243268 
0.020177934387187 
0.020174409222631 
0.020170887741218 
0.020167369934525 
0.020163855794087 
0.020160345311403 
0.020156838477941 
0.020153335285137 
0.020149835724402 
0.020146339787123 
0.020142847464667 
0.020139358748387 
0.020135873629625 
0.020132392099714 
0.020128914149985 
0.020125439771766 
0.020121968956393 
0.020118501695209 
0.020115037979570 
0.020111577800847 
0.020108121150434 
0.020104668019749 
0.020101218400237 
0.020097772283378 
0.020094329660688 
0.020090890523722 
0.020087454864081 
0.020084022673413 
0.020080593943419 
0.020077168665852 
0.020073746832528 
0.020070328435321 
0.020066913466171 
0.020063501917089 
0.020060093780155 
0.020056689047524 
0.020053287711428 
0.020049889764180 
0.020046495198174 
0.020043104005889 
0.020039716179893 
0.020036331712842 
0.020032950597483 
0.020029572826658 
0.020026198393304 
0.020022827290455 
0.020019459511241 
0.020016095048896 
0.020012733896753 
0.020009376048246 
0.020006021496917 
0.020002670236407 
0.019999322260464 
0.019995977562944 
0.019992636137806 
0.019989297979117 
0.019985963081050 
0.019982631437886 
0.019979303044013 
0.019975977893925 
0.019972655982224 
0.019969337303617 
0.019966021852918 
0.019962709625046 
0.019959400615025 
0.019956094817984 
0.019952792229153 
0.019949492843867 
0.019946196657561 
0.019942903665770 
0.019939613864129 
0.019936327248372 
0.019933043814326 
0.019929763557917 
0.019926486475162 
0.019923212562171 
0.019919941815146 
0.019916674230376 
0.019913409804237 
0.019910148533192 
0.019906890413787 
0.019903635442648 
0.019900383616484 
0.019897134932079 
0.019893889386294 
0.019890646976065 
0.019887407698397 
0.019884171550368 
0.019880938529120 
0.019877708631864 
0.019874481855872 
0.019871258198479 
0.019868037657077 
0.019864820229117 
0.019861605912103 
0.019858394703592 
0.019855186601193 
0.019851981602560 
0.019848779705395 
0.019845580907445 
0.019842385206494 
0.019839192600371 
0.019836003086939 
0.019832816664097 
0.019829633329776 
0.019826453081940 
0.019823275918581 
0.019820101837718 
0.019816930837394 
0.019813762915674 
0.019810598070647 
0.019807436300418 
0.019804277603110 
0.019801121976861 
0.019797969419821 
0.019794819930154 
0.019791673506031 
0.019788530145630 
0.019785389847139 
0.019782252608747 
0.019779118428645 
0.019775987305029 
0.019772859236090 
0.019769734220019 
0.019766612255004 
0.019763493339226 
0.019760377470861 
0.019757264648076 
0.019754154869030 
0.019751048131869 
0.019747944434730 
0.019744843775733 
0.019741746152988 
0.019738651564587 
0.019735560008604 
0.019732471483098 
0.019729385986107 
0.019726303515651 
0.019723224069726 
0.019720147646311 
0.019717074243358 
0.019714003858797 
0.019710936490533 
0.019707872136447 
0.019704810794393 
0.019701752462199 
0.019698697137665 
0.019695644818562 
0.019692595502634 
0.019689549187594 
0.019686505871128 
0.019683465550888 
0.019680428224496 
0.019677393889545 
0.019674362543593 
0.019671334184168 
0.019668308808764 
0.019665286414842 
0.019662266999830 
0.019659250561123 
0.019656237096080 
0.019653226602028 
0.019650219076258 
0.019647214516027 
0.019644212918556 
0.019641214281033 
0.019638218600609 
0.019635225874400 
0.019632236099487 
0.019629249272915 
0.019626265391694 
0.019623284452798 
0.019620306453164 
0.019617331389695 
0.019614359259258 
0.019611390058683 
0.019608423784766 
0.019605460434266 
0.019602500003907 
0.019599542490377 
0.019596587890329 
0.019593636200381 
0.019590687417115 
0.019587741537077 
0.019584798556780 
0.019581858472702 
0.019578921281283 
0.019575986978932 
0.019573055562023 
0.019570127026894 
0.019567201369851 
0.019564278587164 
0.019561358675071 
0.019558441629777 
0.019555527447452 
0.019552616124233 
0.019549707656225 
0.019546802039502 
0.019543899270102 
0.019540999344033 
0.019538102257272 
0.019535208005763 
0.019532316585418 
0.019529427992120 
0.019526542221720 
0.019523659270037 
0.019520779132862 
0.019517901805955 
0.019515027285045 
0.019512155565835 
0.019509286643994 
0.019506420515165 
0.019503557174963 
0.019500696618972 
0.019497838842749 
0.019494983841824 
0.019492131611699 
0.019489282147848 
0.019486435445718 
0.019483591500730 
0.019480750308279 
0.019477911863733 
0.019475076162434 
0.019472243199698 
0.019469412970817 
0.019466585471058 
0.019463760695663 
0.019460938639847 
0.019458119298806 
0.019455302667708 
0.019452488741698 
0.019449677515899 
0.019446868985410 
0.019444063145309 
0.019441259990648 
0.019438459516461 
0.019435661717757 
0.019432866589524 
0.019430074126730 
0.019427284324320 
0.019424497177221 
0.019421712680335 
0.019418930828549 
0.019416151616726 
0.019413375039710 
0.019410601092327 
0.019407829769384 
0.019405061065666 
0.019402294975943 
0.019399531494964 
0.019396770617462 
0.019394012338149 
0.019391256651723 
0.019388503552861 
0.019385753036226 
0.019383005096463 
0.019380259728200 
0.019377516926048 
0.019374776684604 
0.019372038998446 
0.019369303862140 
0.019366571270234 
0.019363841217260 
0.019361113697739 
0.019358388706173 
0.019355666237053 
0.019352946284853 
0.019350228844034 
0.019347513909044 
0.019344801474317 
0.019342091534273 
0.019339384083320 
0.019336679115853 
0.019333976626252 
0.019331276608889 
0.019328579058119 
0.019325883968290 
0.019323191333733 
0.019320501148772 
0.019317813407717 
0.019315128104867 
0.019312445234512 
0.019309764790930 
0.019307086768387 
0.019304411161141 
0.019301737963439 
0.019299067169518 
0.019296398773607 
0.019293732769923 
0.019291069152676 
0.019288407916064 
0.019285749054279 
0.019283092561503 
0.019280438431910 
0.019277786659665 
0.019275137238925 
0.019272490163841 
0.019269845428554 
0.019267203027198 
0.019264562953900 
0.019261925202780 
0.019259289767950 
0.019256656643517 
0.019254025823580 
0.019251397302231 
0.019248771073558 
0.019246147131641 
0.019243525470554 
0.019240906084368 
0.019238288967145 
0.019235674112944 
0.019233061515817 
0.019230451169812 
0.019227843068973 
0.019225237207338 
0.019222633578941 
0.019220032177811 
0.019217432997974 
0.019214836033451 
0.019212241278260 
0.019209648726414 
0.019207058371924 
0.019204470208797 
0.019201884231037 
0.019199300432643 
0.019196718807616 
0.019194139349948 
0.019191562053634 
0.019188986912662 
0.019186413921021 
0.019183843072697 
0.019181274361674 
0.019178707781933 
0.019176143327455 
0.019173580992219 
0.019171020770201 
0.019168462655379 
0.019165906641728 
0.019163352723221 
0.019160800893833 
0.019158251147536 
0.019155703478302 
0.019153157880104 
0.019150614346914 
0.019148072872702 
0.019145533451441 
0.019142996077103 
0.019140460743660 
0.019137927445084 
0.019135396175350 
0.019132866928431 
0.019130339698302 
0.019127814478939 
0.019125291264319 
0.019122770048420 
0.019120250825222 
0.019117733588707 
0.019115218332857 
0.019112705051657 
0.019110193739093 
0.019107684389153 
0.019105176995829 
0.019102671553113 
0.019100168055001 
0.019097666495490 
0.019095166868580 
0.019092669168275 
0.019090173388580 
0.019087679523505 
0.019085187567060 
0.019082697513262 
0.019080209356128 
0.019077723089681 
0.019075238707946 
0.019072756204951 
0.019070275574730 
0.019067796811319 
0.019065319908758 
0.019062844861092 
0.019060371662369 
0.019057900306643 
0.019055430787971 
0.019052963100414 
0.019050497238039 
0.019048033194917 
0.019045570965124 
0.019043110542740 
0.019040651921851 
0.019038195096547 
0.019035740060925 
0.019033286809085 
0.019030835335134 
0.019028385633183 
0.019025937697350 
0.019023491521758 
0.019021047100535 
0.019018604427816 
0.019016163497742 
0.019013724304457 
0.019011286842115 
0.019008851104874 
0.019006417086899 
0.019003984782361 
0.019001554185437 
0.018999125290310 
0.018996698091171 
0.018994272582217 
0.018991848757652 
0.018989426611685 
0.018987006138535 
0.018984587332425 
0.018982170187585 
0.018979754698256 
0.018977340858681 
0.018974928663114 
0.018972518105813 
0.018970109181048 
0.018967701883090 
0.018965296206223 
0.018962892144737 
0.018960489692928 
0.018958088845102 
0.018955689595570 
0.018953291938654 
0.018950895868682 
0.018948501379989 
0.018946108466920 
0.018943717123827 
0.018941327345071 
0.018938939125019 
0.018936552458048 
0.018934167338544 
0.018931783760899 
0.018929401719515 
0.018927021208803 
0.018924642223179 
0.018922264757072 
0.018919888804917 
0.018917514361158 
0.018915141420249 
0.018912769976649 
0.018910400024830 
0.018908031559272 
0.018905664574461 
0.018903299064895 
0.018900935025079 
0.018898572449529 
0.018896211332768 
0.018893851669329 
0.018891493453753 
0.018889136680592 
0.018886781344406 
0.018884427439765 
0.018882074961246 
0.018879723903438 
0.018877374260939 
0.018875026028354 
0.018872679200300 
0.018870333771402 
0.018867989736295 
0.018865647089622 
0.018863305826038 
0.018860965940207 
0.018858627426799 
0.018856290280499 
0.018853954495997 
0.018851620067996 
0.018849286991207 
0.018846955260351 
0.018844624870157 
0.018842295815367 
0.018839968090731 
0.018837641691007 
0.018835316610966 
0.018832992845387 
0.018830670389060 
0.018828349236782 
0.018826029383363 
0.018823710823622 
0.018821393552386 
0.018819077564495 
0.018816762854797 
0.018814449418150 
0.018812137249421 
0.018809826343490 
0.018807516695243 
0.018805208299579 
0.018802901151407 
0.018800595245643 
0.018798290577216 
0.018795987141063 
0.018793684932132 
0.018791383945381 
0.018789084175779 
0.018786785618301 
0.018784488267937 
0.018782192119685 
0.018779897168552 
0.018777603409555 
0.018775310837724 
0.018773019448095 
0.018770729235717 
0.018768440195647 
0.018766152322954 
0.018763865612715 
0.018761580060018 
0.018759295659962 
0.018757012407653 
0.018754730298211 
0.018752449326762 
0.018750169488444 
0.018747890778407 
0.018745613191806 
0.018743336723811 
0.018741061369598 
0.018738787124356 
0.018736513983281 
0.018734241941582 
0.018731970994475 
0.018729701137188 
0.018727432364959 
0.018725164673033 
0.018722898056669 
0.018720632511132 
0.018718368031698 
0.018716104613656 
0.018713842252300 
0.018711580942936 
0.018709320680880 
0.018707061461458 
0.018704803280005 
0.018702546131865 
0.018700290012393 
0.018698034916953 
0.018695780840918 
0.018693527779673 
0.018691275728611 
0.018689024683134 
0.018686774638653 
0.018684525590592 
0.018682277534380 
0.018680030465460 
0.018677784379280 
0.018675539271302 
0.018673295136992 
0.018671051971831 
0.018668809771306 
0.018666568530913 
0.018664328246161 
0.018662088912563 
0.018659850525645 
0.018657613080942 
0.018655376573996 
0.018653141000360 
0.018650906355595 
0.018648672635274 
0.018646439834974 
0.018644207950286 
0.018641976976806 
0.018639746910142 
0.018637517745910 
0.018635289479733 
0.018633062107246 
0.018630835624091 
0.018628610025919 
0.018626385308390 
0.018624161467172 
0.018621938497943 
0.018619716396389 
0.018617495158204 
0.018615274779092 
0.018613055254763 
0.018610836580939 
0.018608618753347 
0.018606401767725 
0.018604185619818 
0.018601970305380 
0.018599755820173 
0.018597542159968 
0.018595329320541 
0.018593117297681 
0.018590906087182 
0.018588695684846 
0.018586486086485 
0.018584277287917 
0.018582069284969 
0.018579862073476 
0.018577655649280 
0.018575450008231 
0.018573245146188 
0.018571041059017 
0.018568837742590 
0.018566635192789 
0.018564433405502 
0.018562232376625 
0.018560032102062 
0.018557832577725 
0.018555633799530 
0.018553435763405 
0.018551238465281 
0.018549041901099 
0.018546846066806 
0.018544650958356 
0.018542456571711 
0.018540262902839 
0.018538069947715 
0.018535877702322 
0.018533686162649 
0.018531495324691 
0.018529305184451 
0.018527115737939 
0.018524926981169 
0.018522738910164 
0.018520551520954 
0.018518364809572 
0.018516178772061 
0.018513993404469 
0.018511808702849 
0.018509624663263 
0.018507441281776 
0.018505258554461 
0.018503076477397 
0.018500895046667 
0.018498714258364 
0.018496534108581 
0.018494354593423 
0.018492175708995 
0.018489997451411 
0.018487819816790 
0.018485642801257 
0.018483466400940 
0.018481290611975 
0.018479115430503 
0.018476940852668 
0.018474766874622 
0.018472593492521 
0.018470420702524 
0.018468248500798 
0.018466076883514 
0.018463905846847 
0.018461735386977 
0.018459565500089 
0.018457396182372 
0.018455227430021 
0.018453059239233 
0.018450891606212 
0.018448724527164 
0.018446557998302 
0.018444392015839 
0.018442226575996 
0.018440061674996 
0.018437897309066 
0.018435733474438 
0.018433570167347 
0.018431407384031 
0.018429245120733 
0.018427083373698 
0.018424922139175 
0.018422761413418 
0.018420601192681 
0.018418441473225 
0.018416282251310 
0.018414123523203 
0.018411965285171 
0.018409807533485 
0.018407650264419 
0.018405493474249 
0.018403337159255 
0.018401181315717 
0.018399025939920 
0.018396871028150 
0.018394716576695 
0.018392562581846 
0.018390409039896 
0.018388255947139 
0.018386103299871 
0.018383951094392 
0.018381799327000 
0.018379647993998 
0.018377497091689 
0.018375346616377 
0.018373196564367 
0.018371046931967 
0.018368897715485 
0.018366748911229 
0.018364600515510 
0.018362452524639 
0.018360304934926 
0.018358157742685 
0.018356010944227 
0.018353864535865 
0.018351718513913 
0.018349572874684 
0.018347427614492 
0.018345282729650 
0.018343138216471 
0.018340994071268 
0.018338850290354 
0.018336706870042 
0.018334563806642 
0.018332421096466 
0.018330278735824 
0.018328136721025 
0.018325995048378 
0.018323853714189 
0.018321712714763 
0.018319572046406 
0.018317431705420 
0.018315291688107 
0.018313151990765 
0.018311012609692 
0.018308873541184 
0.018306734781534 
0.018304596327034 
0.018302458173972 
0.018300320318634 
0.018298182757304 
0.018296045486263 
0.018293908501789 
0.018291771800157 
0.018289635377639 
0.018287499230503 
0.018285363355013 
0.018283227747433 
0.018281092404019 
0.018278957321026 
0.018276822494703 
0.018274687921296 
0.018272553597047 
0.018270419518192 
0.018268285680966 
0.018266152081595 
0.018264018716302 
0.018261885581306 
0.018259752672819 
0.018257619987050 
0.018255487520199 
0.018253355268464 
0.018251223228035 
0.018249091395098 
0.018246959765830 
0.018244828336405 
0.018242697102989 
0.018240566061740 
0.018238435208812 
0.018236304540352 
0.018234174052497 
0.018232043741379 
0.018229913603123 
0.018227783633845 
0.018225653829654 
0.018223524186651 
0.018221394700929 
0.018219265368573 
0.018217136185658 
0.018215007148253 
0.018212878252416 
0.018210749494197 
0.018208620869635 
0.018206492374764 
0.018204364005603 
0.018202235758166 
0.018200107628453 
0.018197979612457 
0.018195851706159 
0.018193723905529 
0.018191596206529 
0.018189468605107 
0.018187341097202 
0.018185213678739 
0.018183086345635 
0.018180959093793 
0.018178831919103 
0.018176704817446 
0.018174577784688 
0.018172450816684 
0.018170323909275 
0.018168197058289 
0.018166070259541 
0.018163943508834 
0.018161816801954 
0.018159690134675 
0.018157563502758 
0.018155436901948 
0.018153310327975 
0.018151183776555 
0.018149057243388 
0.018146930724160 
0.018144804214540 
0.018142677710182 
0.018140551206724 
0.018138424699786 
0.018136298184974 
0.018134171657874 
0.018132045114059 
0.018129918549080 
0.018127791958473 
0.018125665337757 
0.018123538682431 
0.018121411987974 
0.018119285249851 
0.018117158463504 
0.018115031624356 
0.018112904727813 
0.018110777769259 
0.018108650744059 
0.018106523647556 
0.018104396475074 
0.018102269221916 
0.018100141883361 
0.018098014454671 
0.018095886931082 
0.018093759307811 
0.018091631580049 
0.018089503742968 
0.018087375791715 
0.018085247721412 
0.018083119527161 
0.018080991204037 
0.018078862747091 
0.018076734151351 
0.018074605411818 
0.018072476523469 
0.018070347481255 
0.018068218280101 
0.018066088914905 
0.018063959380539 
0.018061829671848 
0.018059699783649 
0.018057569710732 
0.018055439447859 
0.018053308989764 
0.018051178331150 
0.018049047466693 
0.018046916391039 
0.018044785098804 
0.018042653584574 
0.018040521842905 
0.018038389868320 
0.018036257655313 
0.018034125198345 
0.018031992491845 
0.018029859530210 
0.018027726307805 
0.018025592818958 
0.018023459057968 
0.018021325019099 
0.018019190696577 
0.018017056084598 
0.018014921177320 
0.018012785968865 
0.018010650453321 
0.018008514624739 
0.018006378477132 
0.018004242004477 
0.018002105200712 
0.017999968059739 
0.017997830575419 
0.017995692741577 
0.017993554551996 
0.017991416000420 
0.017989277080554 
0.017987137786061 
0.017984998110564 
0.017982858047643 
0.017980717590838 
0.017978576733646 
0.017976435469520 
0.017974293791872 
0.017972151694068 
0.017970009169432 
0.017967866211242 
0.017965722812731 
0.017963578967087 
0.017961434667454 
0.017959289906926 
0.017957144678553 
0.017954998975337 
0.017952852790232 
0.017950706116144 
0.017948558945931 
0.017946411272402 
0.017944263088315 
0.017942114386380 
0.017939965159255 
0.017937815399550 
0.017935665099820 
0.017933514252571 
0.017931362850257 
0.017929210885276 
0.017927058349978 
0.017924905236656 
0.017922751537549 
0.017920597244845 
0.017918442350673 
0.017916286847110 
0.017914130726176 
0.017911973979835 
0.017909816599995 
0.017907658578507 
0.017905499907163 
0.017903340577700 
0.017901180581795 
0.017899019911067 
0.017896858557078 
0.017894696511326 
0.017892533765254 
0.017890370310242 
0.017888206137611 
0.017886041238621 
0.017883875604470 
0.017881709226295 
0.017879542095171 
0.017877374202110 
0.017875205538063 
0.017873036093917 
0.017870865860497 
0.017868694828562 
0.017866522988809 
0.017864350331871 
0.017862176848315 
0.017860002528646 
0.017857827363302 
0.017855651342655 
0.017853474457015 
0.017851296696623 
0.017849118051657 
0.017846938512225 
0.017844758068374 
0.017842576710081 
0.017840394427258 
0.017838211209749 
0.017836027047333 
0.017833841929721 
0.017831655846557 
0.017829468787420 
0.017827280741819 
0.017825091699199 
0.017822901648934 
0.017820710580336 
0.017818518482646 
0.017816325345040 
0.017814131156626 
0.017811935906447 
0.017809739583477 
0.017807542176625 
0.017805343674734 
0.017803144066579 
0.017800943340872 
0.017798741486257 
0.017796538491314 
0.017794334344556 
0.017792129034434 
0.017789922549333 
0.017787714877573 
0.017785506007413 
0.017783295927048 
0.017781084624608 
0.017778872088164 
0.017776658305724 
0.017774443265235 
0.017772226954584 
0.017770009361598 
0.017767790474044 
0.017765570279632 
0.017763348766013 
0.017761125920783 
0.017758901731480 
0.017756676185588 
0.017754449270535 
0.017752220973699 
0.017749991282401 
0.017747760183915 
0.017745527665461 
0.017743293714211 
0.017741058317289 
0.017738821461772 
0.017736583134690 
0.017734343323029 
0.017732102013733 
0.017729859193701 
0.017727614849794 
0.017725368968830 
0.017723121537593 
0.017720872542827 
0.017718621971244 
0.017716369809519 
0.017714116044299 
0.017711860662198 
0.017709603649800 
0.017707344993665 
0.017705084680326 
0.017702822696292 
0.017700559028051 
0.017698293662070 
0.017696026584798 
0.017693757782667 
0.017691487242097 
0.017689214949493 
0.017686940891248 
0.017684665053749 
0.017682387423376 
0.017680107986503 
0.017677826729502 
0.017675543638744 
0.017673258700601 
0.017670971901450 
0.017668683227673 
0.017666392665658 
0.017664100201804 
0.017661805822524 
0.017659509514241 
0.017657211263397 
0.017654911056451 
0.017652608879883 
0.017650304720196 
0.017647998563915 
0.017645690397596 
0.017643380207819 
0.017641067981198 
0.017638753704379 
0.017636437364042 
0.017634118946905 
0.017631798439724 
0.017629475829297 
0.017627151102461 
0.017624824246102 
0.017622495247148 
0.017620164092578 
0.017617830769418 
0.017615495264748 
0.017613157565698 
0.017610817659453 
0.017608475533256 
0.017606131174403 
0.017603784570250 
0.017601435708215 
0.017599084575772 
0.017596731160460 
0.017594375449880 
0.017592017431694 
0.017589657093632 
0.017587294423485 
0.017584929409112 
0.017582562038437 
0.017580192299447 
0.017577820180200 
0.017575445668817 
0.017573068753486 
0.017570689422461 
0.017568307664061 
0.017565923466671 
0.017563536818739 
0.017561147708778 
0.017558756125363 
0.017556362057132 
0.017553965492782 
0.017551566421071 
0.017549164830811 
0.017546760710874 
0.017544354050186 
0.017541944837720 
0.017539533062506 
0.017537118713617 
0.017534701780173 
0.017532282251335 
0.017529860116305 
0.017527435364321 
0.017525007984655 
0.017522577966608 
0.017520145299508 
0.017517709972707 
0.017515271975575 
0.017512831297495 
0.017510387927864 
0.017507941856083 
0.017505493071556 
0.017503041563683 
0.017500587321855 
0.017498130335454 
0.017495670593839 
0.017493208086348 
0.017490742802289 
0.017488274730934 
0.017485803861515 
0.017483330183218 
0.017480853685173 
0.017478374356453 
0.017475892186064 
0.017473407162938 
0.017470919275929 
0.017468428513804 
0.017465934865235 
0.017463438318795 
0.017460938862948 
0.017458436486041 
0.017455931176301 
0.017453422921820 
0.017450911710554 
0.017448397530310 
0.017445880368741 
0.017443360213338 
0.017440837051419 
0.017438310870124 
0.017435781656404 
0.017433249397013 
0.017430714078500 
0.017428175687202 
0.017425634209232 
0.017423089630471 
0.017420541936562 
0.017417991112899 
0.017415437144616 
0.017412880016582 
0.017410319713391 
0.017407756219352 
0.017405189518479 
0.017402619594486 
0.017400046430774 
0.017397470010425 
0.017394890316190 
0.017392307330484 
0.017389721035374 
0.017387131412573 
0.017384538443428 
0.017381942108914 
0.017379342389625 
0.017376739265766 
0.017374132717144 
0.017371522723159 
0.017368909262801 
0.017366292314633 
0.017363671856794 
0.017361047866985 
0.017358420322463 
0.017355789200036 
0.017353154476055 
0.017350516126406 
0.017347874126511 
0.017345228451313 
0.017342579075278 
0.017339925972387 
0.017337269116132 
0.017334608479514 
0.017331944035038 
0.017329275754709 
0.017326603610033 
0.017323927572015 
0.017321247611155 
0.017318563697452 
0.017315875800401 
0.017313183888999 
0.017310487931742 
0.017307787896633 
0.017305083751185 
0.017302375462423 
0.017299662996899 
0.017296946320688 
0.017294225399409 
0.017291500198226 
0.017288770681866 
0.017286036814630 
0.017283298560406 
0.017280555882689 
0.017277808744598 
0.017275057108897 
0.017272300938015 
0.017269540194073 
0.017266774838908 
0.017264004834104 
0.017261230141021 
0.017258450720830 
0.017255666534549 
0.017252877543080 
0.017250083707253 
0.017247284987871 
0.017244481345751 
0.017241672741785 
0.017238859136985 
0.017236040492545 
0.017233216769900 
0.017230387930789 
0.017227553937325 
0.017224714752065 
0.017221870338085 
0.017219020659058 
0.017216165679337 
0.017213305364046 
0.017210439679162 
0.017207568591616 
0.017204692069387 
0.017201810081609 
0.017198922598670 
0.017196029592326 
0.017193131035814 
0.017190226903964 
0.017187317173325 
0.017184401822281 
0.017181480831183 
0.017178554182469 
0.017175621860802 
0.017172683853199 
0.017169740149160 
0.017166790740812 
0.017163835623035 
0.017160874793602 
0.017157908253311 
0.017154936006122 
0.017151958059287 
0.017148974423476 
0.017145985112909 
0.017142990145475 
0.017139989542850 
0.017136983330609 
0.017133971538333 
0.017130954199706 
0.017127931352608 
0.017124903039194 
0.017121869305970 
0.017118830203848 
0.017115785788204 
0.017112736118911 
0.017109681260362 
0.017106621281488 
0.017103556255748 
0.017100486261115 
0.017097411380038 
0.017094331699398 
0.017091247310436 
0.017088158308672 
0.017085064793809 
0.017081966869610 
0.017078864643770 
0.017075758227762 
0.017072647736676 
0.017069533289029 
0.017066415006575 
0.017063293014087 
0.017060167439133 
0.017057038411837 
0.017053906064627 
0.017050770531972 
0.017047631950108 
0.017044490456762 
0.017041346190859 
0.017038199292231 
0.017035049901317 
0.017031898158862 
0.017028744205616 
0.017025588182030 
0.017022430227953 
0.017019270482338 
0.017016109082944 
0.017012946166050 
0.017009781866171 
0.017006616315788 
0.017003449645085 
0.017000281981690 
0.016997113450440 
0.016993944173146 
0.016990774268379 
0.016987603851268 
0.016984433033309 
0.016981261922191 
0.016978090621639 
0.016974919231270 
0.016971747846463 
0.016968576558251 
0.016965405453217 
0.016962234613421 
0.016959064116327 
0.016955894034755 
0.016952724436844 
0.016949555386030 
0.016946386941039 
0.016943219155893 
0.016940052079926 
0.016936885757821 
0.016933720229651 
0.016930555530933 
0.016927391692704 
0.016924228741588 
0.016921066699896 
0.016917905585718 
0.016914745413036 
0.016911586191840 
0.016908427928259 
0.016905270624694 
0.016902114279965 
0.016898958889465 
0.016895804445322 
0.016892650936567 
0.016889498349313 
0.016886346666942 
0.016883195870296 
0.016880045937883 
0.016876896846082 
0.016873748569364 
0.016870601080516 
0.016867454350877 
0.016864308350576 
0.016861163048790 
0.016858018413995 
0.016854874414241 
0.016851731017420 
0.016848588191560 
0.016845445905111 
0.016842304127249 
0.016839162828189 
0.016836021979495 
0.016832881554414 
0.016829741528202 
0.016826601878467 
0.016823462585509 
0.016820323632673 
0.016817185006702 
0.016814046698089 
0.016810908701439 
0.016807771015819 
0.016804633645121 
0.016801496598402 
0.016798359890236 
0.016795223541044 
0.016792087577421 
0.016788952032445 
0.016785816945973 
0.016782682364913 
0.016779548343478 
0.016776414943412 
0.016773282234192 
0.016770150293187 
0.016767019205803 
0.016763889065566 
0.016760759974190 
0.016757632041579 
0.016754505385809 
0.016751380133041 
0.016748256417405 
0.016745134380822 
0.016742014172789 
0.016738895950106 
0.016735779876555 
0.016732666122542 
0.016729554864683 
0.016726446285349 
0.016723340572173 
0.016720237917516 
0.016717138517909 
0.016714042573447 
0.016710950287179 
0.016707861864463 
0.016704777512314 
0.016701697438737 
0.016698621852058 
0.016695550960257 
0.016692484970303 
0.016689424087502 
0.016686368514863 
0.016683318452481 
0.016680274096941 
0.016677235640760 
0.016674203271853 
0.016671177173035 
0.016668157521561 
0.016665144488700 
0.016662138239359 
0.016659138931740 
0.016656146717036 
0.016653161739183 
0.016650184134633 
0.016647214032187 
0.016644251552856 
0.016641296809761 
0.016638349908075 
0.016635410944996 
0.016632480009751 
0.016629557183634 
0.016626642540075 
0.016623736144727 
0.016620838055582 
0.016617948323110 
0.016615066990414 
0.016612194093404 
0.016609329660984 
0.016606473715253 
0.016603626271719 
0.016600787339514 
0.016597956921630 
0.016595135015145 
0.016592321611463 
0.016589516696554 
0.016586720251196 
0.016583932251215 
0.016581152667723 
0.016578381467363 
0.016575618612537 
0.016572864061645 
0.016570117769307 
0.016567379686595 
0.016564649761241 
0.016561927937858 
0.016559214158146 
0.016556508361089 
0.016553810483154 
0.016551120458478 
0.016548438219047 
0.016545763694878 
0.016543096814179 
0.016540437503518 
0.016537785687973 
0.016535141291283 
0.016532504235990 
0.016529874443576 
0.016527251834589 
0.016524636328769 
0.016522027845165 
0.016519426302245 
0.016516831618005 
0.016514243710065 
0.016511662495767 
0.016509087892264 
0.016506519816604 
0.016503958185810 
0.016501402916958 
0.016498853927240 
0.016496311134041 
0.016493774454993 
0.016491243808035 
0.016488719111470 
0.016486200284014 
0.016483687244842 
0.016481179913635 
0.016478678210616 
0.016476182056594 
0.016473691372991 
0.016471206081882 
0.016468726106017 
0.016466251368853 
0.016463781794575 
0.016461317308120 
0.016458857835199 
0.016456403302307 
0.016453953636748 
0.016451508766646 
0.016449068620954 
0.016446633129470 
0.016444202222842 
0.016441775832579 
0.016439353891055 
0.016436936331516 
0.016434523088081 
0.016432114095749 
0.016429709290396 
0.016427308608779 
0.016424911988536 
0.016422519368180 
0.016420130687103 
0.016417745885570 
0.016415364904716 
0.016412987686542 
0.016410614173909 
0.016408244310537 
0.016405878040992 
0.016403515310685 
0.016401156065865 
0.016398800253608 
0.016396447821815 
0.016394098719197 
0.016391752895272 
0.016389410300357 
0.016387070885554 
0.016384734602746 
0.016382401404584 
0.016380071244481 
0.016377744076598 
0.016375419855839 
0.016373098537838 
0.016370780078950 
0.016368464436239 
0.016366151567473 
0.016363841431107 
0.016361533986276 
0.016359229192787 
0.016356927011103 
0.016354627402338 
0.016352330328244 
0.016350035751201 
0.016347743634207 
0.016345453940867 
0.016343166635384 
0.016340881682547 
0.016338599047722 
0.016336318696843 
0.016334040596399 
0.016331764713427 
0.016329491015501 
0.016327219470720 
0.016324950047703 
0.016322682715574 
0.016320417443957 
0.016318154202964 
0.016315892963185 
0.016313633695683 
0.016311376371978 
0.016309120964044 
0.016306867444297 
0.016304615785587 
0.016302365961188 
0.016300117944793 
0.016297871710499 
0.016295627232806 
0.016293384486603 
0.016291143447162 
0.016288904090129 
0.016286666391519 
0.016284430327704 
0.016282195875406 
0.016279963011692 
0.016277731713964 
0.016275501959952 
0.016273273727707 
0.016271046995593 
0.016268821742281 
0.016266597946741 
0.016264375588234 
0.016262154646309 
0.016259935100791 
0.016257716931778 
0.016255500119634 
0.016253284644982 
0.016251070488695 
0.016248857631896 
0.016246646055944 
0.016244435742436 
0.016242226673193 
0.016240018830261 
0.016237812195901 
0.016235606752583 
0.016233402482984 
0.016231199369979 
0.016228997396635 
0.016226796546210 
0.016224596802144 
0.016222398148052 
0.016220200567725 
0.016218004045118 
0.016215808564349 
0.016213614109695 
0.016211420665582 
0.016209228216587 
0.016207036747425 
0.016204846242952 
0.016202656688156 
0.016200468068155 
0.016198280368188 
0.016196093573616 
0.016193907669915 
0.016191722642669 
0.016189538477572 
0.016187355160418 
0.016185172677098 
0.016182991013599 
0.016180810155997 
0.016178630090451 
0.016176450803206 
0.016174272280579 
0.016172094508966 
0.016169917474829 
0.016167741164697 
0.016165565565160 
0.016163390662868 
0.016161216444525 
0.016159042896883 
0.016156870006745 
0.016154697760954 
0.016152526146395 
0.016150355149987 
0.016148184758684 
0.016146014959468 
0.016143845739345 
0.016141677085345 
0.016139508984515 
0.016137341423919 
0.016135174390629 
0.016133007871730 
0.016130841854307 
0.016128676325451 
0.016126511272246 
0.016124346681776 
0.016122182541112 
0.016120018837314 
0.016117855557428 
0.016115692688481 
0.016113530217477 
0.016111368131394 
0.016109206417183 
0.016107045061762 
0.016104884052015 
0.016102723374786 
0.016100563016877 
0.016098402965045 
0.016096243206001 
0.016094083726400 
0.016091924512843 
0.016089765551875 
0.016087606829976 
0.016085448333562 
0.016083290048980 
0.016081131962506 
0.016078974060338 
0.016076816328599 
0.016074658753326 
0.016072501320471 
0.016070344015899 
0.016068186825379 
0.016066029734587 
0.016063872729097 
0.016061715794379 
0.016059558915798 
0.016057402078607 
0.016055245267946 
0.016053088468835 
0.016050931666174 
0.016048774844736 
0.016046617989166 
0.016044461083977 
0.016042304113541 
0.016040147062093 
0.016037989913722 
0.016035832652368 
0.016033675261817 
0.016031517725700 
0.016029360027487 
0.016027202150482 
0.016025044077818 
0.016022885792458 
0.016020727277184 
0.016018568514597 
0.016016409487112 
0.016014250176950 
0.016012090566140 
0.016009930636507 
0.016007770369675 
0.016005609747055 
0.016003448749845 
0.016001287359026 
0.015999125555350 
0.015996963319346 
0.015994800631304 
0.015992637471280 
0.015990473819081 
0.015988309654269 
0.015986144956149 
0.015983979703769 
0.015981813875910 
0.015979647451083 
0.015977480407524 
0.015975312723188 
0.015973144375742 
0.015970975342561 
0.015968805600724 
0.015966635127004 
0.015964463897865 
0.015962291889457 
0.015960119077606 
0.015957945437816 
0.015955770945253 
0.015953595574746 
0.015951419300781 
0.015949242097492 
0.015947063938655 
0.015944884797685 
0.015942704647627 
0.015940523461151 
0.015938341210547 
0.015936157867718 
0.015933973404173 
0.015931787791024 
0.015929600998977 
0.015927412998326 
0.015925223758954 
0.015923033250315 
0.015920841441440 
0.015918648300926 
0.015916453796932 
0.015914257897172 
0.015912060568912 
0.015909861778966 
0.015907661493689 
0.015905459678972 
0.015903256300242 
0.015901051322454 
0.015898844710092 
0.015896636427157 
0.015894426437177 
0.015892214703195 
0.015890001187768 
0.015887785852971 
0.015885568660390 
0.015883349571126 
0.015881128545794 
0.015878905544522 
0.015876680526958 
0.015874453452265 
0.015872224279132 
0.015869992965775 
0.015867759469940 
0.015865523748914 
0.015863285759530 
0.015861045458175 
0.015858802800804 
0.015856557742947 
0.015854310239723 
0.015852060245858 
0.015849807715697 
0.015847552603224 
0.015845294862081 
0.015843034445591 
0.015840771306782 
0.015838505398412 
0.015836236672999 
0.015833965082852 
0.015831690580103 
0.015829413116748 
0.015827132644679 
0.015824849115737 
0.015822562481747 
0.015820272694574 
0.015817979706175 
0.015815683468652 
0.015813383934315 
0.015811081055745 
0.015808774785862 
0.015806465077999 
0.015804151885975 
0.015801835164182 
0.015799514867664 
0.015797190952214 
0.015794863374465 
0.015792532091994 
0.015790197063423 
0.015787858248534 
0.015785515608384 
0.015783169105422 
0.015780818703618 
0.015778464368597 
0.015776106067768 
0.015773743770471 
0.015771377448120 
0.015769007074354 
0.015766632625192 
0.015764254079193 
0.015761871417619 
0.015759484624600 
0.015757093687303 
0.015754698596107 
0.015752299344776 
0.015749895930637 
0.015747488354752 
0.015745076622100 
0.015742660741751 
0.015740240727044 
0.015737816595758 
0.015735388370281 
0.015732956077780 
0.015730519750359 
0.015728079425215 
0.015725635144785 
0.015723186956886 
0.015720734914841 
0.015718279077607 
0.015715819509870 
0.015713356282151 
0.015710889470877 
0.015708419158450 
0.015705945433295 
0.015703468389889 
0.015700988128778 
0.015698504756563 
0.015696018385882 
0.015693529135356 
0.015691037129525 
0.015688542498756 
0.015686045379132 
0.015683545912316 
0.015681044245400 
0.015678540530723 
0.015676034925676 
0.015673527592477 
0.015671018697937 
0.015668508413197 
0.015665996913453 
0.015663484377661 
0.015660970988225 
0.015658456930677 
0.015655942393335 
0.015653427566959 
0.015650912644392 
0.015648397820197 
0.015645883290286 
0.015643369251547 
0.015640855901468 
0.015638343437768 
0.015635832058018 
0.015633321959277 
0.015630813337732 
0.015628306388337 
0.015625801304480 
0.015623298277639 
0.015620797497067 
0.015618299149482 
0.015615803418776 
0.015613310485737 
0.015610820527792 
0.015608333718761 
0.015605850228633 
0.015603370223362 
0.015600893864678 
0.015598421309918 
0.015595952711876 
0.015593488218674 
0.015591027973645 
0.015588572115242 
0.015586120776956 
0.015583674087262 
0.015581232169571 
0.015578795142200 
0.015576363118364 
0.015573936206174 
0.015571514508651 
0.015569098123756 
0.015566687144423 
0.015564281658616 
0.015561881749382 
0.015559487494923 
0.015557098968672 
0.015554716239376 
0.015552339371188 
0.015549968423763 
0.015547603452360 
0.015545244507946 
0.015542891637308 
0.015540544883163 
0.015538204284275 
0.015535869875567 
0.015533541688247 
0.015531219749919 
0.015528904084702 
0.015526594713356 
0.015524291653391 
0.015521994919193 
0.015519704522133 
0.015517420470686 
0.015515142770543 
0.015512871424724 
0.015510606433685 
0.015508347795428 
0.015506095505600 
0.015503849557603 
0.015501609942689 
0.015499376650059 
0.015497149666955 
0.015494928978756 
0.015492714569064 
0.015490506419789 
0.015488304511237 
0.015486108822188 
0.015483919329974 
0.015481736010555 
0.015479558838594 
0.015477387787520 
0.015475222829606 
0.015473063936027 
0.015470911076921 
0.015468764221459 
0.015466623337892 
0.015464488393612 
0.015462359355207 
0.015460236188508 
0.015458118858640 
0.015456007330073 
0.015453901566659 
0.015451801531685 
0.015449707187906 
0.015447618497593 
0.015445535422562 
0.015443457924220 
0.015441385963592 
0.015439319501361 
0.015437258497894 
0.015435202913277 
0.015433152707344 
0.015431107839700 
0.015429068269756 
0.015427033956746 
0.015425004859759 
0.015422980937756 
0.015420962149596 
0.015418948454057 
0.015416939809854 
0.015414936175661 
0.015412937510129 
0.015410943771901 
0.015408954919632 
0.015406970912004 
0.015404991707740 
0.015403017265620 
0.015401047544496 
0.015399082503299 
0.015397122101063 
0.015395166296923 
0.015393215050138 
0.015391268320096 
0.015389326066325 
0.015387388248502 
0.015385454826467 
0.015383525760225 
0.015381601009958 
0.015379680536033 
0.015377764299009 
0.015375852259644 
0.015373944378900 
0.015372040617952 
0.015370140938193 
0.015368245301240 
0.015366353668937 
0.015364466003364 
0.015362582266836 
0.015360702421915 
0.015358826431406 
0.015356954258367 
0.015355085866110 
0.015353221218203 
0.015351360278478 
0.015349503011027 
0.015347649380211 
0.015345799350658 
0.015343952887268 
0.015342109955214 
0.015340270519943 
0.015338434547180 
0.015336602002927 
0.015334772853466 
0.015332947065360 
0.015331124605453 
0.015329305440872 
0.015327489539029 
0.015325676867619 
0.015323867394619 
0.015322061088296 
0.015320257917198 
0.015318457850160 
0.015316660856305 
0.015314866905036 
0.015313075966047 
0.015311288009313 
0.015309503005095 
0.015307720923938 
0.015305941736671 
0.015304165414406 
0.015302391928538 
0.015300621250743 
0.015298853352977 
0.015297088207478 
0.015295325786760 
0.015293566063618 
0.015291809011121 
0.015290054602617 
0.015288302811727 
0.015286553612343 
0.015284806978631 
0.015283062885029 
0.015281321306242 
0.015279582217243 
0.015277845593271 
0.015276111409832 
0.015274379642693 
0.015272650267883 
0.015270923261691 
0.015269198600665 
0.015267476261609 
0.015265756221582 
0.015264038457896 
0.015262322948115 
0.015260609670052 
0.015258898601767 
0.015257189721569 
0.015255483008006 
0.015253778439875 
0.015252075996206 
0.015250375656273 
0.015248677399585 
0.015246981205883 
0.015245287055144 
0.015243594927575 
0.015241904803610 
0.015240216663911 
0.015238530489364 
0.015236846261079 
0.015235163960386 
0.015233483568833 
0.015231805068186 
0.015230128440425 
0.015228453667744 
0.015226780732545 
0.015225109617441 
0.015223440305251 
0.015221772778998 
0.015220107021909 
0.015218443017411 
0.015216780749128 
0.015215120200883 
0.015213461356694 
0.015211804200768 
0.015210148717505 
0.015208494891495 
0.015206842707511 
0.015205192150514 
0.015203543205646 
0.015201895858230 
0.015200250093767 
0.015198605897936 
0.015196963256591 
0.015195322155757 
0.015193682581632 
0.015192044520582 
0.015190407959141 
0.015188772884006 
0.015187139282041 
0.015185507140268 
0.015183876445872 
0.015182247186192 
0.015180619348726 
0.015178992921124 
0.015177367891190 
0.015175744246878 
0.015174121976290 
0.015172501067676 
0.015170881509429 
0.015169263290089 
0.015167646398334 
0.015166030822983 
0.015164416552995 
0.015162803577463 
0.015161191885617 
0.015159581466818 
0.015157972310561 
0.015156364406467 
0.015154757744290 
0.015153152313906 
0.015151548105320 
0.015149945108657 
0.015148343314166 
0.015146742712214 
0.015145143293291 
0.015143545047998 
0.015141947967058 
0.015140352041303 
0.015138757261680 
0.015137163619248 
0.015135571105174 
0.015133979710733 
0.015132389427309 
0.015130800246388 
0.015129212159565 
0.015127625158532 
0.015126039235087 
0.015124454381125 
0.015122870588639 
0.015121287849722 
0.015119706156562 
0.015118125501440 
0.015116545876731 
0.015114967274903 
0.015113389688514 
0.015111813110212 
0.015110237532731 
0.015108662948896 
0.015107089351615 
0.015105516733882 
0.015103945088773 
0.015102374409448 
0.015100804689147 
0.015099235921190 
0.015097668098978 
0.015096101215986 
0.015094535265770 
0.015092970241958 
0.015091406138254 
0.015089842948437 
0.015088280666355 
0.015086719285931 
0.015085158801155 
0.015083599206090 
0.015082040494865 
0.015080482661676 
0.015078925700787 
0.015077369606526 
0.015075814373287 
0.015074259995527 
0.015072706467766 
0.015071153784583 
0.015069601940623 
0.015068050930585 
0.015066500749233 
0.015064951391385 
0.015063402851917 
0.015061855125763 
0.015060308207911 
0.015058762093406 
0.015057216777345 
0.015055672254879 
0.015054128521211 
0.015052585571597 
0.015051043401341 
0.015049502005801 
0.015047961380381 
0.015046421520536 
0.015044882421767 
0.015043344079623 
0.015041806489699 
0.015040269647638 
0.015038733549125 
0.015037198189891 
0.015035663565710 
0.015034129672400 
0.015032596505820 
0.015031064061871 
0.015029532336497 
0.015028001325679 
0.015026471025441 
0.015024941431845 
0.015023412540992 
0.015021884349018 
0.015020356852101 
0.015018830046453 
0.015017303928323 
0.015015778493995 
0.015014253739790 
0.015012729662061 
0.015011206257196 
0.015009683521618 
0.015008161451780 
0.015006640044170 
0.015005119295306 
0.015003599201739 
0.015002079760050 
0.015000560966850 
0.014999042818780 
0.014997525312511 
0.014996008444743 
0.014994492212203 
0.014992976611648 
0.014991461639860 
0.014989947293651 
0.014988433569858 
0.014986920465344 
0.014985407976997 
0.014983896101732 
0.014982384836489 
0.014980874178230 
0.014979364123943 
0.014977854670640 
0.014976345815354 
0.014974837555144 
0.014973329887088 
0.014971822808288 
0.014970316315868 
0.014968810406972 
0.014967305078765 
0.014965800328434 
0.014964296153184 
0.014962792550242 
0.014961289516852 
0.014959787050279 
0.014958285147806 
0.014956783806734 
0.014955283024383 
0.014953782798091 
0.014952283125210 
0.014950784003115 
0.014949285429192 
0.014947787400846 
0.014946289915498 
0.014944792970585 
0.014943296563559 
0.014941800691886 
0.014940305353049 
0.014938810544545 
0.014937316263883 
0.014935822508590 
0.014934329276202 
0.014932836564273 
0.014931344370366 
0.014929852692060 
0.014928361526945 
0.014926870872623 
0.014925380726708 
0.014923891086828 
0.014922401950619 
0.014920913315730 
0.014919425179821 
0.014917937540562 
0.014916450395635 
0.014914963742730 
0.014913477579548 
0.014911991903799 
0.014910506713203 
0.014909022005490 
0.014907537778397 
0.014906054029672 
0.014904570757068 
0.014903087958350 
0.014901605631288 
0.014900123773662 
0.014898642383257 
0.014897161457869 
0.014895680995298 
0.014894200993350 
0.014892721449841 
0.014891242362591 
0.014889763729426 
0.014888285548179 
0.014886807816690 
0.014885330532801 
0.014883853694362 
0.014882377299226 
0.014880901345254 
0.014879425830308 
0.014877950752257 
0.014876476108974 
0.014875001898334 
0.014873528118219 
0.014872054766511 
0.014870581841098 
0.014869109339872 
0.014867637260724 
0.014866165601552 
0.014864694360254 
0.014863223534732 
0.014861753122890 
0.014860283122632 
0.014858813531866 
0.014857344348502 
0.014855875570450 
0.014854407195622 
0.014852939221930 
0.014851471647288 
0.014850004469611 
0.014848537686813 
0.014847071296809 
0.014845605297515 
0.014844139686846 
0.014842674462716 
0.014841209623041 
0.014839745165734 
0.014838281088707 
0.014836817389874 
0.014835354067144 
0.014833891118428 
0.014832428541633 
0.014830966334665 
0.014829504495429 
0.014828043021827 
0.014826581911758 
0.014825121163121 
0.014823660773809 
0.014822200741716 
0.014820741064729 
0.014819281740735 
0.014817822767617 
0.014816364143253 
0.014814905865519 
0.014813447932285 
0.014811990341421 
0.014810533090788 
0.014809076178246 
0.014807619601648 
0.014806163358846 
0.014804707447682 
0.014803251865997 
0.014801796611624 
0.014800341682394 
0.014798887076129 
0.014797432790647 
0.014795978823760 
0.014794525173273 
0.014793071836985 
0.014791618812691 
0.014790166098175 
0.014788713691219 
0.014787261589594 
0.014785809791067 
0.014784358293396 
0.014782907094333 
0.014781456191620 
0.014780005582995 
0.014778555266186 
0.014777105238913 
0.014775655498888 
0.014774206043815 
0.014772756871389 
0.014771307979298 
0.014769859365220 
0.014768411026825 
0.014766962961772 
0.014765515167714 
0.014764067642292 
0.014762620383139 
0.014761173387879 
0.014759726654126 
0.014758280179482 
0.014756833961543 
0.014755387997893 
0.014753942286105 
0.014752496823744 
0.014751051608362 
0.014749606637504 
0.014748161908702 
0.014746717419477 
0.014745273167341 
0.014743829149795 
0.014742385364328 
0.014740941808420 
0.014739498479537 
0.014738055375137 
0.014736612492666 
0.014735169829557 
0.014733727383233 
0.014732285151107 
0.014730843130580 
0.014729401319039 
0.014727959713863 
0.014726518312418 
0.014725077112060 
0.014723636110131 
0.014722195303963 
0.014720754690878 
0.014719314268184 
0.014717874033180 
0.014716433983151 
0.014714994115373 
0.014713554427110 
0.014712114915614 
0.014710675578129 
0.014709236411883 
0.014707797414097 
0.014706358581980 
0.014704919912729 
0.014703481403532 
0.014702043051567 
0.014700604854000 
0.014699166807987 
0.014697728910676 
0.014696291159203 
0.014694853550695 
0.014693416082270 
0.014691978751037 
0.014690541554096 
0.014689104488537 
0.014687667551444 
0.014686230739890 
0.014684794050944 
0.014683357481663 
0.014681921029101 
0.014680484690303 
0.014679048462308 
0.014677612342148 
0.014676176326850 
0.014674740413438 
0.014673304598929 
0.014671868880334 
0.014670433254664 
0.014668997718924 
0.014667562270118 
0.014666126905245 
0.014664691621306 
0.014663256415297 
0.014661821284217 
0.014660386225063 
0.014658951234832 
0.014657516310525 
0.014656081449144 
0.014654646647691 
0.014653211903177 
0.014651777212612 
0.014650342573014 
0.014648907981407 
0.014647473434820 
0.014646038930290 
0.014644604464863 
0.014643170035595 
0.014641735639551 
0.014640301273806 
0.014638866935450 
0.014637432621583 
0.014635998329322 
0.014634564055798 
0.014633129798156 
0.014631695553561 
0.014630261319196 
0.014628827092263 
0.014627392869982 
0.014625958649600 
0.014624524428382 
0.014623090203620 
0.014621655972631 
0.014620221732756 
0.014618787481366 
0.014617353215861 
0.014615918933672 
0.014614484632258 
0.014613050309116 
0.014611615961773 
0.014610181587793 
0.014608747184779 
0.014607312750368 
0.014605878282239 
0.014604443778114 
0.014603009235754 
0.014601574652964 
0.014600140027597 
0.014598705357550 
0.014597270640769 
0.014595835875248 
0.014594401059033 
0.014592966190222 
0.014591531266966 
0.014590096287470 
0.014588661249999 
0.014587226152870 
0.014585790994463 
0.014584355773217 
0.014582920487632 
0.014581485136271 
0.014580049717763 
0.014578614230799 
0.014577178674140 
0.014575743046613 
0.014574307347113 
0.014572871574609 
0.014571435728137 
0.014569999806807 
0.014568563809804 
0.014567127736385 
0.014565691585884 
0.014564255357711 
0.014562819051353 
0.014561382666376 
0.014559946202423 
0.014558509659219 
0.014557073036568 
0.014555636334356 
0.014554199552551 
0.014552762691200 
0.014551325750437 
0.014549888730478 
0.014548451631621 
0.014547014454249 
0.014545577198829 
0.014544139865914 
0.014542702456138 
0.014541264970223 
0.014539827408974 
0.014538389773280 
0.014536952064117 
0.014535514282542 
0.014534076429699 
0.014532638506813 
0.014531200515195 
0.014529762456237 
0.014528324331414 
0.014526886142283 
0.014525447890482 
0.014524009577729 
0.014522571205823 
0.014521132776640 
0.014519694292135 
0.014518255754340 
0.014516817165362 
0.014515378527385 
0.014513939842665 
0.014512501113529 
0.014511062342380 
0.014509623531685 
0.014508184683985 
0.014506745801883 
0.014505306888053 
0.014503867945229 
0.014502428976208 
0.014500989983850 
0.014499550971073 
0.014498111940853 
0.014496672896222 
0.014495233840265 
0.014493794776120 
0.014492355706976 
0.014490916636070 
0.014489477566687 
0.014488038502155 
0.014486599445846 
0.014485160401173 
0.014483721371587 
0.014482282360578 
0.014480843371670 
0.014479404408420 
0.014477965474416 
0.014476526573275 
0.014475087708643 
0.014473648884187 
0.014472210103602 
0.014470771370602 
0.014469332688918 
0.014467894062302 
0.014466455494518 
0.014465016989347 
0.014463578550577 
0.014462140182008 
0.014460701887449 
0.014459263670711 
0.014457825535613 
0.014456387485972 
0.014454949525607 
0.014453511658339 
0.014452073887980 
0.014450636218341 
0.014449198653225 
0.014447761196428 
0.014446323851734 
0.014444886622920 
0.014443449513746 
0.014442012527959 
0.014440575669292 
0.014439138941458 
0.014437702348155 
0.014436265893059 
0.014434829579824 
0.014433393412085 
0.014431957393451 
0.014430521527507 
0.014429085817814 
0.014427650267903 
0.014426214881280 
0.014424779661421 
0.014423344611773 
0.014421909735751 
0.014420475036741 
0.014419040518095 
0.014417606183132 
0.014416172035138 
0.014414738077364 
0.014413304313026 
0.014411870745305 
0.014410437377345 
0.014409004212254 
0.014407571253102 
0.014406138502921 
0.014404705964707 
0.014403273641413 
0.014401841535959 
0.014400409651221 
0.014398977990037 
0.014397546555206 
0.014396115349488 
0.014394684375600 
0.014393253636220 
0.014391823133987 
0.014390392871497 
0.014388962851308 
0.014387533075934 
0.014386103547853 
0.014384674269498 
0.014383245243263 
0.014381816471502 
0.014380387956528 
0.014378959700613 
0.014377531705991 
0.014376103974853 
0.014374676509351 
0.014373249311598 
0.014371822383666 
0.014370395727589 
0.014368969345361 
0.014367543238938 
0.014366117410235 
0.014364691861130 
0.014363266593465 
0.014361841609040 
0.014360416909621 
0.014358992496934 
0.014357568372670 
0.014356144538483 
0.014354720995990 
0.014353297746773 
0.014351874792378 
0.014350452134317 
0.014349029774064 
0.014347607713063 
0.014346185952721 
0.014344764494413 
0.014343343339478 
0.014341922489226 
0.014340501944932 
0.014339081707840 
0.014337661779163 
0.014336242160080 
0.014334822851743 
0.014333403855270 
0.014331985171753 
0.014330566802251 
0.014329148747795 
0.014327731009389 
0.014326313588006 
0.014324896484592 
0.014323479700068 
0.014322063235324 
0.014320647091228 
0.014319231268616 
0.014317815768304 
0.014316400591079 
0.014314985737704 
0.014313571208919 
0.014312157005437 
0.014310743127951 
0.014309329577126 
0.014307916353608 
0.014306503458018 
0.014305090890958 
0.014303678653004 
0.014302266744714 
0.014300855166623 
0.014299443919248 
0.014298033003082 
0.014296622418602 
0.014295212166262 
0.014293802246499 
0.014292392659732 
0.014290983406360 
0.014289574486763 
0.014288165901306 
0.014286757650336 
0.014285349734180 
0.014283942153153 
0.014282534907550 
0.014281127997651 
0.014279721423721 
0.014278315186010 
0.014276909284751 
0.014275503720164 
0.014274098492454 
0.014272693601811 
0.014271289048413 
0.014269884832422 
0.014268480953990 
0.014267077413252 
0.014265674210335 
0.014264271345350 
0.014262868818396 
0.014261466629562 
0.014260064778924 
0.014258663266547 
0.014257262092487 
0.014255861256784 
0.014254460759473 
0.014253060600576 
0.014251660780104 
0.014250261298061 
0.014248862154438 
0.014247463349219 
0.014246064882378 
0.014244666753881 
0.014243268963684 
0.014241871511734 
0.014240474397972 
0.014239077622330 
0.014237681184730 
0.014236285085089 
0.014234889323315 
0.014233493899310 
0.014232098812968 
0.014230704064175 
0.014229309652813 
0.014227915578756 
0.014226521841870 
0.014225128442018 
0.014223735379054 
0.014222342652829 
0.014220950263185 
0.014219558209963 
0.014218166492993 
0.014216775112105 
0.014215384067120 
0.014213993357857 
0.014212602984129 
0.014211212945744 
0.014209823242506 
0.014208433874215 
0.014207044840666 
0.014205656141652 
0.014204267776959 
0.014202879746371 
0.014201492049669 
0.014200104686629 
0.014198717657024 
0.014197330960624 
0.014195944597197 
0.014194558566506 
0.014193172868312 
0.014191787502373 
0.014190402468445 
0.014189017766279 
0.014187633395628 
0.014186249356238 
0.014184865647856 
0.014183482270225 
0.014182099223086 
0.014180716506179 
0.014179334119241 
0.014177952062009 
0.014176570334217 
0.014175188935598 
0.014173807865881 
0.014172427124798 
0.014171046712077 
0.014169666627444 
0.014168286870626 
0.014166907441347 
0.014165528339331 
0.014164149564302 
0.014162771115982 
0.014161392994091 
0.014160015198350 
0.014158637728480 
0.014157260584200 
0.014155883765229 
0.014154507271285 
0.014153131102087 
0.014151755257352 
0.014150379736799 
0.014149004540145 
0.014147629667107 
0.014146255117403 
0.014144880890750 
0.014143506986866 
0.014142133405469 
0.014140760146276 
0.014139387209005 
0.014138014593376 
0.014136642299106 
0.014135270325916 
0.014133898673525 
0.014132527341653 
0.014131156330021 
0.014129785638351 
0.014128415266364 
0.014127045213783 
0.014125675480332 
0.014124306065736 
0.014122936969719 
0.014121568192009 
0.014120199732331 
0.014118831590414 
0.014117463765987 
0.014116096258779 
0.014114729068524 
0.014113362194952 
0.014111995637797 
0.014110629396794 
0.014109263471679 
0.014107897862190 
0.014106532568064 
0.014105167589042 
0.014103802924865 
0.014102438575277 
0.014101074540020 
0.014099710818842 
0.014098347411488 
0.014096984317709 
0.014095621537253 
0.014094259069874 
0.014092896915325 
0.014091535073361 
0.014090173543739 
0.014088812326218 
0.014087451420558 
0.014086090826521 
0.014084730543872 
0.014083370572376 
0.014082010911801 
0.014080651561917 
0.014079292522495 
0.014077933793308 
0.014076575374132 
0.014075217264744 
0.014073859464923 
0.014072501974450 
0.014071144793110 
0.014069787920688 
0.014068431356970 
0.014067075101746 
0.014065719154809 
0.014064363515952 
0.014063008184971 
0.014061653161664 
0.014060298445831 
0.014058944037275 
0.014057589935801 
0.014056236141215 
0.014054882653328 
0.014053529471951 
0.014052176596897 
0.014050824027982 
0.014049471765026 
0.014048119807848 
0.014046768156273 
0.014045416810125 
0.014044065769233 
0.014042715033427 
0.014041364602539 
0.014040014476405 
0.014038664654863 
0.014037315137752 
0.014035965924915 
0.014034617016197 
0.014033268411445 
0.014031920110509 
0.014030572113243 
0.014029224419501 
0.014027877029139 
0.014026529942020 
0.014025183158004 
0.014023836676958 
0.014022490498749 
0.014021144623248 
0.014019799050327 
0.014018453779862 
0.014017108811732 
0.014015764145816 
0.014014419781999 
0.014013075720167 
0.014011731960208 
0.014010388502014 
0.014009045345479 
0.014007702490500 
0.014006359936975 
0.014005017684807 
0.014003675733902 
0.014002334084166 
0.014000992735509 
0.013999651687846 
0.013998310941090 
0.013996970495162 
0.013995630349981 
0.013994290505472 
0.013992950961562 
0.013991611718180 
0.013990272775258 
0.013988934132731 
0.013987595790537 
0.013986257748615 
0.013984920006911 
0.013983582565369 
0.013982245423939 
0.013980908582572 
0.013979572041223 
0.013978235799849 
0.013976899858411 
0.013975564216870 
0.013974228875193 
0.013972893833349 
0.013971559091309 
0.013970224649047 
0.013968890506540 
0.013967556663769 
0.013966223120716 
0.013964889877366 
0.013963556933709 
0.013962224289735 
0.013960891945439 
0.013959559900819 
0.013958228155873 
0.013956896710605 
0.013955565565021 
0.013954234719129 
0.013952904172941 
0.013951573926470 
0.013950243979735 
0.013948914332755 
0.013947584985554 
0.013946255938156 
0.013944927190592 
0.013943598742892 
0.013942270595092 
0.013940942747229 
0.013939615199343 
0.013938287951478 
0.013936961003679 
0.013935634355996 
0.013934308008481 
0.013932981961189 
0.013931656214178 
0.013930330767507 
0.013929005621242 
0.013927680775448 
0.013926356230196 
0.013925031985557 
0.013923708041606 
0.013922384398423 
0.013921061056087 
0.013919738014684 
0.013918415274300 
0.013917092835026 
0.013915770696953 
0.013914448860177 
0.013913127324798 
0.013911806090917 
0.013910485158639 
0.013909164528070 
0.013907844199321 
0.013906524172505 
0.013905204447739 
0.013903885025142 
0.013902565904835 
0.013901247086944 
0.013899928571597 
0.013898610358924 
0.013897292449059 
0.013895974842139 
0.013894657538302 
0.013893340537693 
0.013892023840455 
0.013890707446738 
0.013889391356692 
0.013888075570472 
0.013886760088234 
0.013885444910139 
0.013884130036349 
0.013882815467030 
0.013881501202352 
0.013880187242484 
0.013878873587603 
0.013877560237885 
0.013876247193510 
0.013874934454663 
0.013873622021527 
0.013872309894294 
0.013870998073155 
0.013869686558304 
0.013868375349940 
0.013867064448262 
0.013865753853474 
0.013864443565784 
0.013863133585399 
0.013861823912532 
0.013860514547398 
0.013859205490215 
0.013857896741204 
0.013856588300589 
0.013855280168595 
0.013853972345452 
0.013852664831393 
0.013851357626653 
0.013850050731469 
0.013848744146083 
0.013847437870738 
0.013846131905681 
0.013844826251161 
0.013843520907431 
0.013842215874746 
0.013840911153363 
0.013839606743544 
0.013838302645551 
0.013836998859653 
0.013835695386117 
0.013834392225217 
0.013833089377226 
0.013831786842424 
0.013830484621090 
0.013829182713508 
0.013827881119965 
0.013826579840748 
0.013825278876151 
0.013823978226468 
0.013822677891996 
0.013821377873036 
0.013820078169891 
0.013818778782866 
0.013817479712271 
0.013816180958416 
0.013814882521616 
0.013813584402188 
0.013812286600451 
0.013810989116729 
0.013809691951346 
0.013808395104630 
0.013807098576913 
0.013805802368527 
0.013804506479808 
0.013803210911097 
0.013801915662735 
0.013800620735065 
0.013799326128435 
0.013798031843196 
0.013796737879699 
0.013795444238300 
0.013794150919357 
0.013792857923231 
0.013791565250285 
0.013790272900885 
0.013788980875400 
0.013787689174201 
0.013786397797663 
0.013785106746161 
0.013783816020077 
0.013782525619791 
0.013781235545689 
0.013779945798158 
0.013778656377588 
0.013777367284371 
0.013776078518904 
0.013774790081583 
0.013773501972809 
0.013772214192985 
0.013770926742518 
0.013769639621815 
0.013768352831287 
0.013767066371348 
0.013765780242414 
0.013764494444903 
0.013763208979236 
0.013761923845838 
0.013760639045135 
0.013759354577555 
0.013758070443530 
0.013756786643494 
0.013755503177883 
0.013754220047135 
0.013752937251694 
0.013751654792001 
0.013750372668505 
0.013749090881653 
0.013747809431897 
0.013746528319691 
0.013745247545492 
0.013743967109757 
0.013742687012949 
0.013741407255531 
0.013740127837969 
0.013738848760731 
0.013737570024289 
0.013736291629115 
0.013735013575686 
0.013733735864479 
0.013732458495976 
0.013731181470658 
0.013729904789012 
0.013728628451525 
0.013727352458686 
0.013726076810988 
0.013724801508926 
0.013723526552997 
0.013722251943699 
0.013720977681535 
0.013719703767008 
0.013718430200625 
0.013717156982893 
0.013715884114323 
0.013714611595430 
0.013713339426726 
0.013712067608731 
0.013710796141964 
0.013709525026946 
0.013708254264201 
0.013706983854257 
0.013705713797641 
0.013704444094884 
0.013703174746519 
0.013701905753081 
0.013700637115107 
0.013699368833136 
0.013698100907710 
0.013696833339372 
0.013695566128669 
0.013694299276146 
0.013693032782356 
0.013691766647848 
0.013690500873178 
0.013689235458901 
0.013687970405576 
0.013686705713762 
0.013685441384022 
0.013684177416920 
0.013682913813021 
0.013681650572895 
0.013680387697110 
0.013679125186240 
0.013677863040858 
0.013676601261540 
0.013675339848864 
0.013674078803410 
0.013672818125759 
0.013671557816495 
0.013670297876204 
0.013669038305472 
0.013667779104890 
0.013666520275048 
0.013665261816539 
0.013664003729957 
0.013662746015899 
0.013661488674964 
0.013660231707752 
0.013658975114864 
0.013657718896904 
0.013656463054477 
0.013655207588190 
0.013653952498653 
0.013652697786475 
0.013651443452269 
0.013650189496648 
0.013648935920229 
0.013647682723627 
0.013646429907463 
0.013645177472356 
0.013643925418929 
0.013642673747804 
0.013641422459608 
0.013640171554966 
0.013638921034507 
0.013637670898862 
0.013636421148661 
0.013635171784537 
0.013633922807124 
0.013632674217058 
0.013631426014977 
0.013630178201520 
0.013628930777326 
0.013627683743036 
0.013626437099294 
0.013625190846745 
0.013623944986033 
0.013622699517807 
0.013621454442714 
0.013620209761404 
0.013618965474529 
0.013617721582739 
0.013616478086690 
0.013615234987036 
0.013613992284434 
0.013612749979539 
0.013611508073012 
0.013610266565511 
0.013609025457698 
0.013607784750235 
0.013606544443786 
0.013605304539013 
0.013604065036584 
0.013602825937164 
0.013601587241422 
0.013600348950026 
0.013599111063645 
0.013597873582952 
0.013596636508617 
0.013595399841313 
0.013594163581715 
0.013592927730497 
0.013591692288334 
0.013590457255904 
0.013589222633885 
0.013587988422953 
0.013586754623790 
0.013585521237075 
0.013584288263489 
0.013583055703715 
0.013581823558434 
0.013580591828331 
0.013579360514089 
0.013578129616395 
0.013576899135932 
0.013575669073389 
0.013574439429452 
0.013573210204809 
0.013571981400149 
0.013570753016160 
0.013569525053533 
0.013568297512958 
0.013567070395126 
0.013565843700729 
0.013564617430459 
0.013563391585008 
0.013562166165070 
0.013560941171338 
0.013559716604507 
0.013558492465272 
0.013557268754326 
0.013556045472367 
0.013554822620089 
0.013553600198190 
0.013552378207365 
0.013551156648313 
0.013549935521730 
0.013548714828313 
0.013547494568762 
0.013546274743774 
0.013545055354048 
0.013543836400282 
0.013542617883175 
0.013541399803427 
0.013540182161737 
0.013538964958804 
0.013537748195329 
0.013536531872010 
0.013535315989547 
0.013534100548641 
0.013532885549992 
0.013531670994299 
0.013530456882263 
0.013529243214583 
0.013528029991961 
0.013526817215094 
0.013525604884684 
0.013524393001431 
0.013523181566033 
0.013521970579192 
0.013520760041605 
0.013519549953974 
0.013518340316996 
0.013517131131370 
0.013515922397796 
0.013514714116973 
0.013513506289597 
0.013512298916367 
0.013511091997981 
0.013509885535136 
0.013508679528529 
0.013507473978857 
0.013506268886816 
0.013505064253101 
0.013503860078409 
0.013502656363435 
0.013501453108871 
0.013500250315414 
0.013499047983756 
0.013497846114590 
0.013496644708609 
0.013495443766505 
0.013494243288968 
0.013493043276691 
0.013491843730362 
0.013490644650671 
0.013489446038307 
0.013488247893958 
0.013487050218312 
0.013485853012054 
0.013484656275871 
0.013483460010448 
0.013482264216469 
0.013481068894618 
0.013479874045577 
0.013478679670029 
0.013477485768653 
0.013476292342130 
0.013475099391140 
0.013473906916359 
0.013472714918467 
0.013471523398137 
0.013470332356047 
0.013469141792870 
0.013467951709279 
0.013466762105947 
0.013465572983544 
0.013464384342740 
0.013463196184205 
0.013462008508605 
0.013460821316607 
0.013459634608876 
0.013458448386076 
0.013457262648871 
0.013456077397922 
0.013454892633889 
0.013453708357430 
0.013452524569205 
0.013451341269869 
0.013450158460077 
0.013448976140483 
0.013447794311739 
0.013446612974496 
0.013445432129403 
0.013444251777109 
0.013443071918259 
0.013441892553499 
0.013440713683472 
0.013439535308820 
0.013438357430184 
0.013437180048201 
0.013436003163510 
0.013434826776746 
0.013433650888543 
0.013432475499533 
0.013431300610347 
0.013430126221613 
0.013428952333959 
0.013427778948010 
0.013426606064390 
0.013425433683721 
0.013424261806623 
0.013423090433714 
0.013421919565610 
0.013420749202927 
0.013419579346277 
0.013418409996271 
0.013417241153517 
0.013416072818623 
0.013414904992194 
0.013413737674832 
0.013412570867140 
0.013411404569715 
0.013410238783155 
0.013409073508055 
0.013407908745008 
0.013406744494605 
0.013405580757434 
0.013404417534081 
0.013403254825133 
0.013402092631170 
0.013400930952773 
0.013399769790519 
0.013398609144985 
0.013397449016745 
0.013396289406368 
0.013395130314424 
0.013393971741480 
0.013392813688101 
0.013391656154847 
0.013390499142279 
0.013389342650955 
0.013388186681429 
0.013387031234253 
0.013385876309979 
0.013384721909153 
0.013383568032320 
0.013382414680025 
0.013381261852807 
0.013380109551203 
0.013378957775750 
0.013377806526979 
0.013376655805422 
0.013375505611605 
0.013374355946055 
0.013373206809293 
0.013372058201839 
0.013370910124211 
0.013369762576923 
0.013368615560487 
0.013367469075412 
0.013366323122205 
0.013365177701370 
0.013364032813408 
0.013362888458816 
0.013361744638092 
0.013360601351727 
0.013359458600212 
0.013358316384034 
0.013357174703677 
0.013356033559623 
0.013354892952351 
0.013353752882336 
0.013352613350052 
0.013351474355968 
0.013350335900552 
0.013349197984267 
0.013348060607577 
0.013346923770937 
0.013345787474805 
0.013344651719632 
0.013343516505868 
0.013342381833959 
0.013341247704349 
0.013340114117477 
0.013338981073782 
0.013337848573697 
0.013336716617654 
0.013335585206080 
0.013334454339400 
0.013333324018037 
0.013332194242408 
0.013331065012931 
0.013329936330015 
0.013328808194072 
0.013327680605507 
0.013326553564723 
0.013325427072119 
0.013324301128092 
0.013323175733035 
0.013322050887339 
0.013320926591388 
0.013319802845568 
0.013318679650258 
0.013317557005835 
0.013316434912672 
0.013315313371139 
0.013314192381604 
0.013313071944431 
0.013311952059978 
0.013310832728604 
0.013309713950660 
0.013308595726498 
0.013307478056465 
0.013306360940903 
0.013305244380152 
0.013304128374549 
0.013303012924427 
0.013301898030116 
0.013300783691940 
0.013299669910225 
0.013298556685287 
0.013297444017443 
0.013296331907006 
0.013295220354284 
0.013294109359581 
0.013292998923201 
0.013291889045440 
0.013290779726595 
0.013289670966954 
0.013288562766808 
0.013287455126438 
0.013286348046126 
0.013285241526149 
0.013284135566780 
0.013283030168287 
0.013281925330939 
0.013280821054996 
0.013279717340718 
0.013278614188361 
0.013277511598174 
0.013276409570407 
0.013275308105305 
0.013274207203106 
0.013273106864050 
0.013272007088368 
0.013270907876291 
0.013269809228044 
0.013268711143851 
0.013267613623929 
0.013266516668494 
0.013265420277757 
0.013264324451926 
0.013263229191203 
0.013262134495791 
0.013261040365884 
0.013259946801676 
0.013258853803356 
0.013257761371108 
0.013256669505116 
0.013255578205556 
0.013254487472601 
0.013253397306424 
0.013252307707190 
0.013251218675062 
0.013250130210199 
0.013249042312757 
0.013247954982887 
0.013246868220736 
0.013245782026449 
0.013244696400166 
0.013243611342024 
0.013242526852155 
0.013241442930688 
0.013240359577747 
0.013239276793456 
0.013238194577930 
0.013237112931284 
0.013236031853627 
0.013234951345067 
0.013233871405705 
0.013232792035639 
0.013231713234966 
0.013230635003775 
0.013229557342154 
0.013228480250187 
0.013227403727952 
0.013226327775526 
0.013225252392981 
0.013224177580385 
0.013223103337802 
0.013222029665294 
0.013220956562916 
0.013219884030722 
0.013218812068761 
0.013217740677079 
0.013216669855718 
0.013215599604714 
0.013214529924103 
0.013213460813914 
0.013212392274174 
0.013211324304905 
0.013210256906127 
0.013209190077854 
0.013208123820099 
0.013207058132868 
0.013205993016165 
0.013204928469990 
0.013203864494340 
0.013202801089206 
0.013201738254578 
0.013200675990441 
0.013199614296775 
0.013198553173557 
0.013197492620763 
0.013196432638360 
0.013195373226316 
0.013194314384592 
0.013193256113148 
0.013192198411938 
0.013191141280914 
0.013190084720021 
0.013189028729205 
0.013187973308406 
0.013186918457558 
0.013185864176596 
0.013184810465447 
0.013183757324036 
0.013182704752286 
0.013181652750113 
0.013180601317432 
0.013179550454152 
0.013178500160181 
0.013177450435421 
0.013176401279771 
0.013175352693127 
0.013174304675381 
0.013173257226420 
0.013172210346131 
0.013171164034393 
0.013170118291083 
0.013169073116075 
0.013168028509240 
0.013166984470443 
0.013165940999547 
0.013164898096412 
0.013163855760893 
0.013162813992842 
0.013161772792107 
0.013160732158533 
0.013159692091960 
0.013158652592228 
0.013157613659169 
0.013156575292614 
0.013155537492391 
0.013154500258321 
0.013153463590226 
0.013152427487922 
0.013151391951221 
0.013150356979932 
0.013149322573862 
0.013148288732812 
0.013147255456582 
0.013146222744966 
0.013145190597757 
0.013144159014743 
0.013143127995709 
0.013142097540436 
0.013141067648702 
0.013140038320281 
0.013139009554946 
0.013137981352463 
0.013136953712598 
0.013135926635110 
0.013134900119758 
0.013133874166295 
0.013132848774473 
0.013131823944039 
0.013130799674737 
0.013129775966307 
0.013128752818488 
0.013127730231013 
0.013126708203613 
0.013125686736016 
0.013124665827945 
0.013123645479122 
0.013122625689264 
0.013121606458086 
0.013120587785298 
0.013119569670609 
0.013118552113724 
0.013117535114343 
0.013116518672165 
0.013115502786885 
0.013114487458194 
0.013113472685782 
0.013112458469334 
0.013111444808532 
0.013110431703056 
0.013109419152580 
0.013108407156779 
0.013107395715323 
0.013106384827876 
0.013105374494105 
0.013104364713668 
0.013103355486223 
0.013102346811426 
0.013101338688926 
0.013100331118373 
0.013099324099411 
0.013098317631683 
0.013097311714829 
0.013096306348484 
0.013095301532282 
0.013094297265853 
0.013093293548825 
0.013092290380822 
0.013091287761465 
0.013090285690374 
0.013089284167163 
0.013088283191447 
0.013087282762834 
0.013086282880932 
0.013085283545345 
0.013084284755674 
0.013083286511518 
0.013082288812473 
0.013081291658132 
0.013080295048084 
0.013079298981918 
0.013078303459218 
0.013077308479564 
0.013076314042538 
0.013075320147714 
0.013074326794667 
0.013073333982968 
0.013072341712185 
0.013071349981884 
0.013070358791627 
0.013069368140974 
0.013068378029484 
0.013067388456712 
0.013066399422210 
0.013065410925527 
0.013064422966211 
0.013063435543807 
0.013062448657856 
0.013061462307899 
0.013060476493472 
0.013059491214110 
0.013058506469345 
0.013057522258706 
0.013056538581721 
0.013055555437914 
0.013054572826807 
0.013053590747920 
0.013052609200771 
0.013051628184873 
0.013050647699740 
0.013049667744882 
0.013048688319805 
0.013047709424017 
0.013046731057020 
0.013045753218314 
0.013044775907398 
0.013043799123769 
0.013042822866919 
0.013041847136341 
0.013040871931523 
0.013039897251954 
0.013038923097117 
0.013037949466496 
0.013036976359570 
0.013036003775818 
0.013035031714717 
0.013034060175739 
0.013033089158357 
0.013032118662040 
0.013031148686256 
0.013030179230470 
0.013029210294145 
0.013028241876744 
0.013027273977724 
0.013026306596543 
0.013025339732657 
0.013024373385518 
0.013023407554577 
0.013022442239283 
0.013021477439084 
0.013020513153424 
0.013019549381747 
0.013018586123494 
0.013017623378105 
0.013016661145016 
0.013015699423663 
0.013014738213480 
0.013013777513899 
0.013012817324350 
0.013011857644260 
0.013010898473056 
0.013009939810162 
0.013008981655001 
0.013008024006994 
0.013007066865559 
0.013006110230116 
0.013005154100078 
0.013004198474859 
0.013003243353873 
0.013002288736528 
0.013001334622235 
0.013000381010400 
0.012999427900428 
0.012998475291724 
0.012997523183689 
0.012996571575725 
0.012995620467229 
0.012994669857600 
0.012993719746232 
0.012992770132521 
0.012991821015859 
0.012990872395636 
0.012989924271244 
0.012988976642069 
0.012988029507498 
0.012987082866916 
0.012986136719708 
0.012985191065254 
0.012984245902937 
0.012983301232134 
0.012982357052224 
0.012981413362584 
0.012980470162588 
0.012979527451611 
0.012978585229024 
0.012977643494199 
0.012976702246506 
0.012975761485312 
0.012974821209984 
0.012973881419889 
0.012972942114391 
0.012972003292854 
0.012971064954638 
0.012970127099105 
0.012969189725614 
