-670.000000000000000 
-670.000000001538410 
-670.000000002029537 
-670.000000001990770 
-670.000000002339902 
-670.000000002294883 
-670.000000002610705 
-670.000000002885827 
-670.000000003131504 
-670.000000003070340 
-670.000000003113882 
-670.000000003413106 
-670.000000003252126 
-670.000000003020318 
-670.000000002755542 
-670.000000002373326 
-670.000000002434490 
-670.000000002223373 
-670.000000001895614 
-670.000000001970420 
-670.000000001784656 
-670.000000001746912 
-670.000000001342528 
-670.000000000934278 
-670.000000000510681 
-670.000000000329123 
-670.000000000043201 
-669.999999999682245 
-669.999999999314696 
-669.999999999035822 
-669.999999998757403 
-669.999999998804128 
-669.999999998712610 
-669.999999998781618 
-669.999999998723865 
-669.999999998563226 
-669.999999998742851 
-669.999999998662361 
-669.999999998683165 
-669.999999998457611 
-669.999999998383032 
-669.999999998693738 
-669.999999998691010 
-669.999999999418833 
-669.999999999890179 
-670.000000000099249 
-670.000000000487262 
-670.000000000654609 
-670.000000000661657 
-670.000000000737941 
-670.000000000897444 
-670.000000001109356 
-670.000000001472813 
-670.000000002103548 
-670.000000001939839 
-670.000000001918579 
-670.000000002341608 
-670.000000002983597 
-670.000000003610353 
-670.000000004404228 
-670.000000004603180 
-670.000000004796675 
-670.000000005616357 
-670.000000005716174 
-670.000000006440018 
-670.000000007658059 
-670.000000009060614 
-670.000000010310487 
-670.000000010962253 
-670.000000011645852 
-670.000000011742600 
-670.000000012362648 
-670.000000013526460 
-670.000000014810098 
-670.000000014431976 
-670.000000015645242 
-670.000000016452987 
-670.000000016530521 
-670.000000017052002 
-670.000000018236051 
-670.000000019245704 
-670.000000020134621 
-670.000000020979542 
-670.000000021962819 
-670.000000022184395 
-670.000000023444045 
-670.000000024991664 
-670.000000026594989 
-670.000000028909881 
-670.000000028900558 
-670.000000030382239 
-670.000000032478511 
-670.000000033250444 
-670.000000034778168 
-670.000000035905487 
-670.000000035688572 
-670.000000038741973 
-670.000000040227633 
-670.000000041369731 
-670.000000043262048 
-670.000000045350134 
-670.000000046587274 
-670.000000048488801 
-670.000000049416485 
-670.000000051440452 
-670.000000052870746 
-670.000000054270004 
-670.000000057068746 
-670.000000058771434 
-670.000000062777644 
-670.000000065070935 
-670.000000068027134 
-670.000000070486180 
-670.000000075308435 
-670.000000078149469 
-670.000000080651830 
-670.000000081599183 
-670.000000083792315 
-670.000000086727709 
-670.000000090903768 
-670.000000096119265 
-670.000000099691533 
-670.000000104866558 
-670.000000109001803 
-670.000000115278226 
-670.000000119229639 
-670.000000122570327 
-670.000000128394049 
-670.000000132471996 
-670.000000139989197 
-670.000000144554406 
-670.000000149528887 
-670.000000155065550 
-670.000000161030812 
-670.000000165693564 
-670.000000170169869 
-670.000000177796892 
-670.000000183180418 
-670.000000189395109 
-670.000000195097300 
-670.000000202137699 
-670.000000207706535 
-670.000000211411816 
-670.000000215565706 
-670.000000220950483 
-670.000000226792736 
-670.000000234507525 
-670.000000242708666 
-670.000000246236027 
-670.000000253520511 
-670.000000258866976 
-670.000000263378979 
-670.000000269117209 
-670.000000275862931 
-670.000000285235274 
-670.000000292308073 
-670.000000299198518 
-670.000000305866706 
-670.000000314956537 
-670.000000318788352 
-670.000000324272605 
-670.000000328212195 
-670.000000335683808 
-670.000000343969532 
-670.000000351197173 
-670.000000354989879 
-670.000000363696358 
-670.000000368005658 
-670.000000377608899 
-670.000000385897238 
-670.000000393203891 
-670.000000399307282 
-670.000000405862465 
-670.000000413706175 
-670.000000417938395 
-670.000000420788069 
-670.000000423938445 
-670.000000429821057 
-670.000000436303708 
-670.000000438137704 
-670.000000441972134 
-670.000000446281092 
-670.000000452156428 
-670.000000455399572 
-670.000000461442369 
-670.000000467792233 
-670.000000475170395 
-670.000000481245252 
-670.000000487701641 
-670.000000490644197 
-670.000000495308427 
-670.000000498274062 
-670.000000501797331 
-670.000000506657443 
-670.000000512523684 
-670.000000517706439 
-670.000000520067147 
-670.000000528390501 
-670.000000535887466 
-670.000000540485303 
-670.000000547294462 
-670.000000549899255 
-670.000000557492285 
-670.000000563268145 
-670.000000569374038 
-670.000000575334639 
-670.000000580146207 
-670.000000590206355 
-670.000000594256562 
-670.000000600084718 
-670.000000606132517 
-670.000000612983513 
-670.000000616199259 
-670.000000618158538 
-670.000000621015488 
-670.000000625386974 
-670.000000628054181 
-670.000000633722493 
-670.000000638615120 
-670.000000645612090 
-670.000000651109531 
-670.000000656152906 
-670.000000658120825 
-670.000000660373644 
-670.000000664763206 
-670.000000667992936 
-670.000000668022381 
-670.000000671888188 
-670.000000682920927 
-670.000000682474706 
-670.000000694009373 
-670.000000698339136 
-670.000000703232331 
-670.000000700854457 
-670.000000706603259 
-670.000000713211648 
-670.000000712542487 
-670.000000717800390 
-670.000000721405854 
-670.000000723872631 
-670.000000731919499 
-670.000000737977757 
-670.000000740101882 
-670.000000746117735 
-670.000000749630203 
-670.000000756297254 
-670.000000760620196 
-670.000000764166884 
-670.000000770343490 
-670.000000770612587 
-670.000000770138968 
-670.000000772127919 
-670.000000776717798 
-670.000000776822617 
-670.000000778562253 
-670.000000781763219 
-670.000000785676548 
-670.000000787186650 
-670.000000790336003 
-670.000000793364052 
-670.000000796278755 
-670.000000796844915 
-670.000000799217332 
-670.000000804142473 
-670.000000805638820 
-670.000000808998834 
-670.000000806901085 
-670.000000809396852 
-670.000000812298822 
-670.000000813675911 
-670.000000813258566 
-670.000000813940460 
-670.000000818904482 
-670.000000821939693 
-670.000000823921482 
-670.000000832988121 
-670.000000839527729 
-670.000000837564244 
-670.000000839402446 
-670.000000838031610 
-670.000000840237362 
-670.000000842520876 
-670.000000841673682 
-670.000000845138629 
-670.000000848783429 
-670.000000849665753 
-670.000000852346602 
-670.000000853230404 
-670.000000854576683 
-670.000000856322231 
-670.000000852147650 
-670.000000854277005 
-670.000000855722419 
-670.000000852417088 
-670.000000856134648 
-670.000000856431143 
-670.000000857072109 
-670.000000855731514 
-670.000000856939096 
-670.000000857343366 
-670.000000860239197 
-670.000000859916668 
-670.000000861180297 
-670.000000861315129 
-670.000000863440164 
-670.000000859567763 
-670.000000859129159 
-670.000000858832891 
-670.000000857102009 
-670.000000855014832 
-670.000000858303338 
-670.000000853894790 
-670.000000856794713 
-670.000000854896825 
-670.000000853647407 
-670.000000854657515 
-670.000000853332722 
-670.000000850651531 
-670.000000848845275 
-670.000000848874379 
-670.000000851404593 
-670.000000846358375 
-670.000000846616103 
-670.000000843902853 
-670.000000843712087 
-670.000000845635668 
-670.000000840313078 
-670.000000842092959 
-670.000000844159558 
-670.000000842488475 
-670.000000843228690 
-670.000000841811925 
-670.000000844468445 
-670.000000839716222 
-670.000000839034101 
-670.000000835578135 
-670.000000840374696 
-670.000000843792122 
-670.000000844594979 
-670.000000842270083 
-670.000000838902224 
-670.000000832901264 
-670.000000834105776 
-670.000000831326815 
-670.000000826535370 
-670.000000828931661 
-670.000000831305329 
-670.000000831963348 
-670.000000833027343 
-670.000000833257900 
-670.000000833483341 
-670.000000832517912 
-670.000000829431087 
-670.000000826464088 
-670.000000826523888 
-670.000000820501327 
-670.000000819027946 
-670.000000820566811 
-670.000000816673946 
-670.000000818669605 
-670.000000816716010 
-670.000000814784585 
-670.000000816402917 
-670.000000811856125 
-670.000000813213887 
-670.000000810777465 
-670.000000810290430 
-670.000000806363914 
-670.000000804660658 
-670.000000802578143 
-670.000000804218871 
-670.000000805891887 
-670.000000800476528 
-670.000000795198275 
-670.000000794829930 
-670.000000793003210 
-670.000000794656216 
-670.000000792056881 
-670.000000794210905 
-670.000000792384299 
-670.000000788271677 
-670.000000789864089 
-670.000000789630917 
-670.000000789704700 
-670.000000786539431 
-670.000000782621441 
-670.000000779423999 
-670.000000777497007 
-670.000000774968839 
-670.000000775896069 
-670.000000774547516 
-670.000000772495127 
-670.000000768159566 
-670.000000768351470 
-670.000000770927386 
-670.000000771944997 
-670.000000767597840 
-670.000000767650931 
-670.000000770432507 
-670.000000765618552 
-670.000000764723723 
-670.000000764077754 
-670.000000760463763 
-670.000000754509983 
-670.000000753418931 
-670.000000752303436 
-670.000000756657187 
-670.000000751044695 
-670.000000753045015 
-670.000000751326638 
-670.000000751654966 
-670.000000752484652 
-670.000000755588189 
-670.000000757699809 
-670.000000756477561 
-670.000000754065240 
-670.000000750833692 
-670.000000746882506 
-670.000000742123802 
-670.000000737345999 
-670.000000739887469 
-670.000000738650556 
-670.000000738465587 
-670.000000737845426 
-670.000000734688228 
-670.000000733034994 
-670.000000726706162 
-670.000000723987455 
-670.000000724495180 
-670.000000722671984 
-670.000000722163804 
-670.000000723461653 
-670.000000723812377 
-670.000000727662496 
-670.000000725895688 
-670.000000721442689 
-670.000000715847477 
-670.000000719012860 
-670.000000715415126 
-670.000000714153430 
-670.000000711615257 
-670.000000710603672 
-670.000000707863819 
-670.000000706905212 
-670.000000706582114 
-670.000000705952061 
-670.000000706731612 
-670.000000705296884 
-670.000000699511816 
-670.000000701107638 
-670.000000700874921 
-670.000000701693580 
-670.000000698206122 
-670.000000699718385 
-670.000000692874892 
-670.000000694785058 
-670.000000692886147 
-670.000000690262709 
-670.000000689010108 
-670.000000685300506 
-670.000000684061433 
-670.000000683061785 
-670.000000682969358 
-670.000000682361247 
-670.000000680508492 
-670.000000673826207 
-670.000000674139187 
-670.000000676630407 
-670.000000677398816 
-670.000000675452384 
-670.000000677562753 
-670.000000679593654 
-670.000000684030510 
-670.000000680654580 
-670.000000679292043 
-670.000000684285965 
-670.000000683528356 
-670.000000682193559 
-670.000000682795417 
-670.000000679720870 
-670.000000683506869 
-670.000000681849997 
-670.000000678832862 
-670.000000679456207 
-670.000000677902108 
-670.000000679615937 
-670.000000679698132 
-670.000000673579507 
-670.000000669569204 
-670.000000672461510 
-670.000000672610554 
-670.000000675394858 
-670.000000675038677 
-670.000000673738214 
-670.000000670663667 
-670.000000670575446 
-670.000000670743020 
-670.000000665075390 
-670.000000668660391 
-670.000000663595529 
-670.000000661025297 
-670.000000661804279 
-670.000000660398200 
-670.000000657723149 
-670.000000659950047 
-670.000000659398097 
-670.000000661060312 
-670.000000655160648 
-670.000000655277518 
-670.000000651599976 
-670.000000650866241 
-670.000000647841489 
-670.000000645500904 
-670.000000640769485 
-670.000000636365030 
-670.000000636685172 
-670.000000632160436 
-670.000000637087169 
-670.000000632451361 
-670.000000630901468 
-670.000000630365776 
-670.000000630740374 
-670.000000630030172 
-670.000000625410053 
-670.000000625476559 
-670.000000625290340 
-670.000000624778295 
-670.000000625496796 
-670.000000622536618 
-670.000000621850063 
-670.000000617921614 
-670.000000618596914 
-670.000000619745492 
-670.000000621462164 
-670.000000618285640 
-670.000000613884140 
-670.000000610303459 
-670.000000610580969 
-670.000000610978191 
-670.000000613650627 
-670.000000609126687 
-670.000000606519961 
-670.000000600834483 
-670.000000600126100 
-670.000000596199470 
-670.000000596173663 
-670.000000597658072 
-670.000000595339202 
-670.000000595116717 
-670.000000597819735 
-670.000000595035658 
-670.000000591931212 
-670.000000590515015 
-670.000000593861728 
-670.000000597026315 
-670.000000594095354 
-670.000000588878265 
-670.000000590061973 
-670.000000589625188 
-670.000000590283321 
-670.000000587166596 
-670.000000585683779 
-670.000000585991643 
-670.000000583705855 
-670.000000582440634 
-670.000000580682695 
-670.000000580592541 
-670.000000575274953 
-670.000000576458319 
-670.000000570476232 
-670.000000563581580 
-670.000000561986781 
-670.000000565541541 
-670.000000561542947 
-670.000000555999122 
-670.000000556985697 
-670.000000557480348 
-670.000000556637247 
-670.000000555712404 
-670.000000554748226 
-670.000000555504585 
-670.000000554599524 
-670.000000558830720 
-670.000000555212750 
-670.000000552472329 
-670.000000551560674 
-670.000000552246661 
-670.000000548368689 
-670.000000541880468 
-670.000000539670054 
-670.000000538313316 
-670.000000533836101 
-670.000000534136007 
-670.000000532297236 
-670.000000529360591 
-670.000000522227310 
-670.000000526924850 
-670.000000525925543 
-670.000000526086069 
-670.000000527839688 
-670.000000522754931 
-670.000000519416744 
-670.000000514621206 
-670.000000512564270 
-670.000000510223913 
-670.000000504164859 
-670.000000506460992 
-670.000000501204909 
-670.000000494613801 
-670.000000489802119 
-670.000000485767259 
-670.000000482063228 
-670.000000481907250 
-670.000000474573653 
-670.000000470691134 
-670.000000466124902 
-670.000000466517804 
-670.000000465186531 
-670.000000456091470 
-670.000000454966994 
-670.000000452305699 
-670.000000446196395 
-670.000000444400030 
-670.000000442793294 
-670.000000438848019 
-670.000000439138603 
-670.000000437028120 
-670.000000432462116 
-670.000000429980673 
-670.000000429709303 
-670.000000427614168 
-670.000000426761403 
-670.000000425842927 
-670.000000425111352 
-670.000000424233690 
-670.000000422674361 
-670.000000423050551 
-670.000000421527034 
-670.000000420568540 
-670.000000418478976 
-670.000000417275487 
-670.000000414787451 
-670.000000409400400 
-670.000000409614131 
-670.000000408143023 
-670.000000408906544 
-670.000000403178319 
-670.000000399524311 
-670.000000398638576 
-670.000000397431222 
-670.000000393324513 
-670.000000393249479 
-670.000000386148258 
-670.000000384935220 
-670.000000381148197 
-670.000000381241989 
-670.000000385182375 
-670.000000376519665 
-670.000000379054882 
-670.000000374201591 
-670.000000373122134 
-670.000000368163342 
-670.000000364015477 
-670.000000356413580 
-670.000000353373252 
-670.000000354089138 
-670.000000350143864 
-670.000000348758931 
-670.000000346211323 
-670.000000348293952 
-670.000000339399776 
-670.000000334920742 
-670.000000334881406 
-670.000000340220367 
-670.000000339138865 
-670.000000337464371 
-670.000000329301997 
-670.000000323606855 
-670.000000317222884 
-670.000000312895281 
-670.000000309420102 
-670.000000308048698 
-670.000000305862841 
-670.000000301677119 
-670.000000299773887 
-670.000000295748691 
-670.000000293835456 
-670.000000290744879 
-670.000000290764547 
-670.000000288876436 
-670.000000283519626 
-670.000000283236318 
-670.000000279143478 
-670.000000279297410 
-670.000000273315663 
-670.000000268432586 
-670.000000268081749 
-670.000000261119339 
-670.000000257693159 
-670.000000253008238 
-670.000000251167535 
-670.000000245698402 
-670.000000238456096 
-670.000000235926564 
-670.000000232271532 
-670.000000228646968 
-670.000000226273528 
-670.000000223805046 
-670.000000219936283 
-670.000000220599190 
-670.000000221194796 
-670.000000221998675 
-670.000000217593197 
-670.000000211458769 
-670.000000211757197 
-670.000000205493166 
-670.000000206748155 
-670.000000206756113 
-670.000000204205662 
-670.000000203948503 
-670.000000197338522 
-670.000000197359213 
-670.000000199074293 
-670.000000195428811 
-670.000000192125299 
-670.000000185857289 
-670.000000176243475 
-670.000000174443812 
-670.000000172678483 
-670.000000174569550 
-670.000000170314479 
-670.000000166971972 
-670.000000166995505 
-670.000000166423206 
-670.000000168992756 
-670.000000170607791 
-670.000000168752763 
-670.000000167122721 
-670.000000164854555 
-670.000000164102175 
-670.000000166646942 
-670.000000163211553 
-670.000000160450554 
-670.000000157411932 
-670.000000155530074 
-670.000000158337798 
-670.000000157749128 
-670.000000156123633 
-670.000000157695013 
-670.000000153717792 
-670.000000149390871 
-670.000000148161462 
-670.000000145922968 
-670.000000137718644 
-670.000000137295274 
-670.000000133854201 
-670.000000132481773 
-670.000000131763954 
-670.000000134772677 
-670.000000134940933 
-670.000000130425178 
-670.000000134453785 
-670.000000134276661 
-670.000000129608452 
-670.000000127486146 
-670.000000124823032 
-670.000000126296300 
-670.000000123893074 
-670.000000120270215 
-670.000000110753604 
-670.000000111659801 
-670.000000111595000 
-670.000000114555178 
-670.000000115514013 
-670.000000111291683 
-670.000000111481313 
-670.000000105133722 
-670.000000105726258 
-670.000000104509922 
-670.000000105236722 
-670.000000105178060 
-670.000000101445266 
-670.000000098821602 
-670.000000098181545 
-670.000000096341637 
-670.000000096605277 
-670.000000095407813 
-670.000000096005351 
-670.000000092994469 
-670.000000093607014 
-670.000000095059704 
-670.000000087523972 
-670.000000086768523 
-670.000000082202632 
-670.000000084229669 
-670.000000086081741 
-670.000000084033786 
-670.000000082935230 
-670.000000075402568 
-670.000000075847993 
-670.000000071721502 
-670.000000069416274 
-670.000000066900157 
-670.000000063864377 
-670.000000062820277 
-670.000000062467279 
-670.000000067675501 
-670.000000068473696 
-670.000000067733481 
-670.000000069820203 
-670.000000071972636 
-670.000000071224804 
-670.000000073053570 
-670.000000071081104 
-670.000000066807843 
-670.000000063049924 
-670.000000061712512 
-670.000000065838549 
-670.000000061443870 
-670.000000057043508 
-670.000000048916149 
-670.000000048369429 
-670.000000050210247 
-670.000000050806420 
-670.000000047324079 
-670.000000051620418 
-670.000000053739541 
-670.000000050405561 
-670.000000055931764 
-670.000000054407337 
-670.000000057867510 
-670.000000060186039 
-670.000000064075607 
-670.000000064596975 
-670.000000069264843 
-670.000000070588612 
-670.000000074067430 
-670.000000074633590 
-670.000000074731020 
-670.000000075913249 
-670.000000075233970 
-670.000000074651098 
-670.000000073186129 
-670.000000074494665 
-670.000000076045239 
-670.000000077012828 
-670.000000072097578 
-670.000000064736014 
-670.000000067194378 
-670.000000064450546 
-670.000000066517941 
-670.000000066674716 
-670.000000063792527 
-670.000000059308263 
-670.000000057817829 
-670.000000055508508 
-670.000000047436288 
-670.000000051565280 
-670.000000058112164 
-670.000000055360260 
-670.000000056381168 
-670.000000052082214 
-670.000000053803888 
-670.000000051907591 
-670.000000048525521 
-670.000000047528260 
-670.000000046222794 
-670.000000043969862 
-670.000000046462446 
-670.000000045912429 
-670.000000050005156 
-670.000000050980361 
-670.000000046323294 
-670.000000045989850 
-670.000000046527475 
-670.000000044244644 
-670.000000042037186 
-670.000000041044586 
-670.000000041981480 
-670.000000039858151 
-670.000000037929340 
-670.000000039334736 
-670.000000036417077 
-670.000000037527116 
-670.000000038415692 
-670.000000036571237 
-670.000000033522497 
-670.000000031040372 
-670.000000035009634 
-670.000000037322707 
-670.000000038006874 
-670.000000040007990 
-670.000000041328121 
-670.000000040829491 
-670.000000042173951 
-670.000000037155587 
-670.000000037874543 
-670.000000039447400 
-670.000000038778467 
-670.000000032806383 
-670.000000032859361 
-670.000000034295454 
-670.000000031396894 
-670.000000030324486 
-670.000000028595423 
-670.000000027872829 
-670.000000029000830 
-670.000000026650014 
-670.000000029057105 
-670.000000031773993 
-670.000000029357807 
-670.000000028198883 
-670.000000026030307 
-670.000000027765054 
-670.000000026253929 
-670.000000027690021 
-670.000000028447403 
-670.000000022344466 
-670.000000021592314 
-670.000000018797778 
-670.000000015260753 
-670.000000019747404 
-670.000000020431116 
-670.000000015831802 
-670.000000016845661 
-670.000000017390903 
-670.000000015897967 
-670.000000013917997 
-670.000000013062959 
-670.000000010711233 
-670.000000005921947 
-670.000000005379547 
-670.000000003953232 
-670.000000002899014 
-670.000000000998398 
-669.999999999037186 
-669.999999995066219 
-669.999999993147298 
-669.999999999539455 
-670.000000000776026 
-670.000000000243631 
-669.999999999393140 
-669.999999996343149 
-669.999999996204679 
-669.999999996769930 
-669.999999995377721 
-669.999999988732725 
-669.999999991279424 
-669.999999987069145 
-669.999999986802777 
-669.999999981149813 
-669.999999985725594 
-669.999999978481696 
-669.999999976192612 
-669.999999974838829 
-669.999999974072125 
-669.999999969839564 
-669.999999968959173 
-669.999999964065523 
-669.999999966575160 
-669.999999966407131 
-669.999999963808023 
-669.999999960603191 
-669.999999960825903 
-669.999999957308546 
-669.999999959304660 
-669.999999957475438 
-669.999999954935333 
-669.999999954692157 
-669.999999949370704 
-669.999999947703373 
-669.999999949692779 
-669.999999942815521 
-669.999999942392492 
-669.999999943720582 
-669.999999941717419 
-669.999999934414973 
-669.999999932235482 
-669.999999929384217 
-669.999999928351031 
-669.999999921793687 
-669.999999923559017 
-669.999999923136102 
-669.999999924925305 
-669.999999924182475 
-669.999999919882725 
-669.999999926091732 
-669.999999930887952 
-669.999999931881575 
-669.999999932799824 
-669.999999926371061 
-669.999999925159273 
-669.999999925665747 
-669.999999919585207 
-669.999999920586333 
-669.999999916437218 
-669.999999916389584 
-669.999999914662112 
-669.999999915400281 
-669.999999913357556 
-669.999999909091571 
-669.999999911218310 
-669.999999911831992 
-669.999999909159669 
-669.999999913594138 
-669.999999910061888 
-669.999999910931820 
-669.999999907859319 
-669.999999904081278 
-669.999999902601303 
-669.999999900731495 
-669.999999890992058 
-669.999999888006641 
-669.999999892427127 
-669.999999893502036 
-669.999999895405494 
-669.999999893856284 
-669.999999896290433 
-669.999999891574021 
-669.999999886880119 
-669.999999886669002 
-669.999999885597390 
-669.999999883318196 
-669.999999883612986 
-669.999999877310756 
-669.999999880439645 
-669.999999881510917 
-669.999999880507517 
-669.999999881505005 
-669.999999885420038 
-669.999999885973466 
-669.999999886762680 
-669.999999887704007 
-669.999999888244588 
-669.999999890507411 
-669.999999897917860 
-669.999999899032218 
-669.999999903819344 
-669.999999896190616 
-669.999999895743485 
-669.999999891843458 
-669.999999887925696 
-669.999999893020345 
-669.999999889998207 
-669.999999890969775 
-669.999999897174121 
-669.999999897835778 
-669.999999901363594 
-669.999999901584147 
-669.999999906658559 
-669.999999904777837 
-669.999999900402145 
-669.999999900613375 
-669.999999899839281 
-669.999999898555529 
-669.999999901438173 
-669.999999903314574 
-669.999999900274474 
-669.999999900442162 
-669.999999901201818 
-669.999999899800855 
-669.999999901624506 
-669.999999900881335 
-669.999999901271281 
-669.999999904176207 
-669.999999905070808 
-669.999999909177859 
-669.999999910245037 
-669.999999908908876 
-669.999999908233576 
-669.999999910989118 
-669.999999911092573 
-669.999999908720952 
-669.999999905490768 
-669.999999902990112 
-669.999999905369236 
-669.999999907927986 
-669.999999909773805 
-669.999999911462851 
-669.999999909686949 
-669.999999904974857 
-669.999999905685399 
-669.999999906401627 
-669.999999910311658 
-669.999999908741074 
-669.999999906249514 
-669.999999906059315 
-669.999999906944367 
-669.999999911061309 
-669.999999914058321 
-669.999999909808366 
-669.999999906470407 
-669.999999906161975 
-669.999999903325261 
-669.999999904238848 
-669.999999904390847 
-669.999999907830784 
-669.999999908499603 
-669.999999906469270 
-669.999999907514280 
-669.999999911502186 
-669.999999914845489 
-669.999999908746872 
-669.999999908921154 
-669.999999912530143 
-669.999999912935778 
-669.999999913492616 
-669.999999912568683 
-669.999999906853759 
-669.999999905415962 
-669.999999909006647 
-669.999999909321787 
-669.999999908624204 
-669.999999909825647 
-669.999999908464133 
-669.999999903825824 
-669.999999908045424 
-669.999999911886448 
-669.999999909919552 
-669.999999906232460 
-669.999999907426059 
-669.999999912069825 
-669.999999919522224 
-669.999999917474724 
-669.999999911136229 
-669.999999915567628 
-669.999999910198426 
-669.999999909675807 
-669.999999911896793 
-669.999999905429490 
-669.999999906786115 
-669.999999906181301 
-669.999999899240947 
-669.999999902928266 
-669.999999899180011 
-669.999999899974341 
-669.999999899354066 
-669.999999894777943 
-669.999999892362212 
-669.999999893599920 
-669.999999893187010 
-669.999999895716655 
-669.999999890085064 
-669.999999892897904 
-669.999999892019559 
-669.999999893340714 
-669.999999893225890 
-669.999999894495886 
-669.999999890563913 
-669.999999886702085 
-669.999999888023922 
-669.999999889388050 
-669.999999888645107 
-669.999999888977186 
-669.999999889728315 
-669.999999887625222 
-669.999999885518491 
-669.999999884603994 
-669.999999882377779 
-669.999999880404971 
-669.999999878711833 
-669.999999876930815 
-669.999999871764885 
-669.999999873104912 
-669.999999870212150 
-669.999999866500616 
-669.999999867887709 
-669.999999871025352 
-669.999999869726935 
-669.999999864539632 
-669.999999866828261 
-669.999999864860342 
-669.999999865965151 
-669.999999865525979 
-669.999999864487336 
-669.999999862899131 
-669.999999861202809 
-669.999999865294967 
-669.999999860077423 
-669.999999859101536 
-669.999999858031515 
-669.999999863239509 
-669.999999863966536 
-669.999999865163090 
-669.999999859923491 
-669.999999862094910 
-669.999999852738256 
-669.999999859010813 
-669.999999859842774 
-669.999999858319597 
-669.999999864486995 
-669.999999863497237 
-669.999999861285460 
-669.999999861575361 
-669.999999859843456 
-669.999999853002578 
-669.999999853632062 
-669.999999853439135 
-669.999999856664317 
-669.999999858369051 
-669.999999859332320 
-669.999999857013449 
-669.999999858334377 
-669.999999860303774 
-669.999999860257731 
-669.999999862761342 
-669.999999863367066 
-669.999999865629093 
-669.999999871091859 
-669.999999871638465 
-669.999999870145757 
-669.999999870645183 
-669.999999872112767 
-669.999999869908834 
-669.999999870541274 
-669.999999869215571 
-669.999999869933845 
-669.999999867153520 
-669.999999863285552 
-669.999999867362249 
-669.999999862098775 
-669.999999863752919 
-669.999999864506890 
-669.999999863329208 
-669.999999861659944 
-669.999999863895027 
-669.999999857818352 
-669.999999859803665 
-669.999999859932359 
-669.999999860155526 
-669.999999863046924 
-669.999999863298058 
-669.999999862111054 
-669.999999862507366 
-669.999999859017294 
-669.999999856073828 
-669.999999855657848 
-669.999999860546041 
-669.999999857816192 
-669.999999856231852 
-669.999999858493538 
-669.999999857705802 
-669.999999859392801 
-669.999999862433583 
-669.999999859953732 
-669.999999858927026 
-669.999999863410153 
-669.999999864984602 
-669.999999864397751 
-669.999999868543682 
-669.999999869721591 
-669.999999866266990 
-669.999999864593747 
-669.999999864582378 
-669.999999865074187 
-669.999999866334406 
-669.999999862339791 
-669.999999863279299 
-669.999999858318461 
-669.999999855923988 
-669.999999858172714 
-669.999999865447080 
-669.999999860297066 
-669.999999859833679 
-669.999999853169697 
-669.999999854053954 
-669.999999858408046 
-669.999999850987138 
-669.999999847122126 
-669.999999840677447 
-669.999999839115162 
-669.999999843558498 
-669.999999847275603 
-669.999999843732780 
-669.999999839980319 
-669.999999840690180 
-669.999999843819637 
-669.999999839424618 
-669.999999842207330 
-669.999999841716544 
-669.999999838167582 
-669.999999835852577 
-669.999999836225697 
-669.999999829377884 
-669.999999835867925 
-669.999999835568815 
-669.999999837339942 
-669.999999839547627 
-669.999999841023509 
-669.999999845917159 
-669.999999847841877 
-669.999999845782213 
-669.999999843656269 
-669.999999847051072 
-669.999999854751650 
-669.999999853653208 
-669.999999856707063 
-669.999999851948814 
-669.999999852122301 
-669.999999856900672 
-669.999999855014039 
-669.999999853857162 
-669.999999854349880 
-669.999999853845452 
-669.999999855468104 
-669.999999858024239 
-669.999999855155579 
-669.999999856406703 
-669.999999856515387 
-669.999999855699798 
-669.999999852383780 
-669.999999855040414 
-669.999999860068101 
-669.999999858687943 
-669.999999857134753 
-669.999999858511615 
-669.999999853426175 
-669.999999859639388 
-669.999999855427859 
-669.999999857631906 
-669.999999860190201 
-669.999999861399147 
-669.999999863114681 
-669.999999861937795 
-669.999999859980790 
-669.999999856319505 
-669.999999858385308 
-669.999999857082344 
-669.999999858249112 
-669.999999865834752 
-669.999999868139184 
-669.999999869301973 
-669.999999865825430 
-669.999999866827920 
-669.999999868326768 
-669.999999864825213 
-669.999999868467512 
-669.999999870232159 
-669.999999872925059 
-669.999999872223952 
-669.999999870098009 
-669.999999875430717 
-669.999999873345473 
-669.999999870619604 
-669.999999868165787 
-669.999999866371240 
-669.999999865518930 
-669.999999867685119 
-669.999999863315111 
-669.999999861530796 
-669.999999859252284 
-669.999999857459670 
-669.999999861971105 
-669.999999862064556 
-669.999999861879360 
-669.999999862369918 
-669.999999861850483 
-669.999999866117605 
-669.999999868690566 
-669.999999870096076 
-669.999999871141995 
-669.999999873108663 
-669.999999877711844 
-669.999999876203674 
-669.999999877120217 
-669.999999878920789 
-669.999999879709321 
-669.999999879360871 
-669.999999880363021 
-669.999999881957706 
-669.999999878432959 
-669.999999877171035 
-669.999999879452389 
-669.999999880305836 
-669.999999884680392 
-669.999999890375761 
-669.999999886302589 
-669.999999889470473 
-669.999999891325274 
-669.999999890918389 
-669.999999889851551 
-669.999999888541311 
-669.999999888939783 
-669.999999888494813 
-669.999999891867219 
-669.999999888888169 
-669.999999887970262 
-669.999999885821580 
-669.999999884145268 
-669.999999881731469 
-669.999999882888460 
-669.999999888572916 
-669.999999899695581 
-669.999999895977112 
-669.999999896449708 
-669.999999897814973 
-669.999999898440478 
-669.999999899741852 
-669.999999903388925 
-669.999999907524966 
-669.999999902818786 
-669.999999901305273 
-669.999999904856168 
-669.999999907387632 
-669.999999914174055 
-669.999999914615159 
-669.999999918161961 
-669.999999919054176 
-669.999999918166168 
-669.999999921086101 
-669.999999925660973 
-669.999999928164243 
-669.999999926219971 
-669.999999928090347 
-669.999999927368322 
-669.999999931229354 
-669.999999933181925 
-669.999999935482492 
-669.999999932393735 
-669.999999936301833 
-669.999999931721163 
-669.999999932615992 
-669.999999937494067 
-669.999999939208692 
-669.999999941769602 
-669.999999942583599 
-669.999999948760660 
-669.999999945403033 
-669.999999948171535 
-669.999999950806114 
-669.999999954614850 
-669.999999955896328 
-669.999999958488388 
-669.999999960162768 
-669.999999962590664 
-669.999999968416660 
-669.999999970060117 
-669.999999970724957 
-669.999999971715170 
-669.999999973371359 
-669.999999972113528 
-669.999999973779495 
-669.999999971227680 
-669.999999969643341 
-669.999999970883437 
-669.999999968147677 
-669.999999970938461 
-669.999999968625161 
-669.999999964118388 
-669.999999970689942 
-669.999999968194516 
-669.999999972552132 
-669.999999973071681 
-669.999999973293370 
-669.999999975266746 
-669.999999973897502 
-669.999999976584604 
-669.999999973296781 
-669.999999976254685 
-669.999999973866807 
-669.999999976753770 
-669.999999980473831 
-669.999999977172365 
-669.999999974995944 
-669.999999978717369 
-669.999999978562300 
-669.999999976292202 
-669.999999976367690 
-669.999999975572337 
-669.999999974248567 
-669.999999972074647 
-669.999999973385457 
-669.999999973179911 
-669.999999972621026 
-669.999999971984153 
-669.999999977865173 
-669.999999977345396 
-669.999999979714630 
-669.999999978870164 
-669.999999980773282 
-669.999999990267042 
-669.999999990560582 
-669.999999989084245 
-669.999999987855062 
-669.999999991857294 
-669.999999989198841 
-669.999999989043999 
-669.999999991247250 
-669.999999986440798 
-669.999999983952875 
-669.999999986427611 
-669.999999991039203 
-669.999999987348474 
-669.999999986107923 
-669.999999989361640 
-669.999999991191771 
-669.999999991357527 
-669.999999990130618 
-669.999999993585106 
-669.999999991148343 
-669.999999993947313 
-669.999999994890004 
-669.999999997247642 
-669.999999998351541 
-669.999999999635747 
-670.000000000634600 
-669.999999996914767 
-669.999999996827228 
-669.999999994809514 
-669.999999996928409 
-669.999999998673502 
-669.999999998957264 
-669.999999998299700 
-669.999999996912038 
-669.999999999443844 
-670.000000006054734 
-670.000000003990863 
-670.000000004635922 
-670.000000004357162 
-670.000000002489287 
-670.000000002783963 
-670.000000004952199 
-670.000000000908585 
-669.999999998426119 
-669.999999997063242 
-669.999999999346755 
-669.999999999756255 
-670.000000000217369 
-669.999999995038252 
-670.000000002687102 
-670.000000002025899 
-670.000000003190053 
-669.999999999196916 
-670.000000000404270 
-670.000000001492936 
-670.000000001947683 
-669.999999998999328 
-669.999999997237865 
-669.999999997616214 
-670.000000001292392 
-670.000000001095032 
-670.000000001810349 
-670.000000002481556 
-670.000000002622528 
-670.000000001190301 
-670.000000005213678 
-670.000000003677997 
-670.000000005436959 
-670.000000007661129 
-670.000000010761369 
-670.000000015826572 
-670.000000016749709 
-670.000000013166300 
-670.000000013499175 
-670.000000017557340 
-670.000000016038484 
-670.000000020197604 
-670.000000020856987 
-670.000000019716936 
-670.000000017928869 
-670.000000017823140 
-670.000000016104423 
-670.000000012004648 
-670.000000013946192 
-670.000000020314474 
-670.000000018313131 
-670.000000024515430 
-670.000000033903689 
-670.000000032861863 
-670.000000028601335 
-670.000000025002009 
-670.000000028772774 
-670.000000029639978 
-670.000000036087613 
-670.000000036061010 
-670.000000031848231 
-670.000000032572189 
-670.000000033849119 
-670.000000041905651 
-670.000000042628471 
-670.000000047151843 
-670.000000044116405 
-670.000000043862883 
-670.000000044088665 
-670.000000043677119 
-670.000000043625278 
-670.000000044205535 
-670.000000043938599 
-670.000000043798082 
-670.000000049011987 
-670.000000051752522 
-670.000000049589744 
-670.000000055763167 
-670.000000053573558 
-670.000000050747303 
-670.000000045527941 
-670.000000046049081 
-670.000000046798050 
-670.000000046762580 
-670.000000047290087 
-670.000000048996299 
-670.000000046750756 
-670.000000043707814 
-670.000000043108685 
-670.000000039639417 
-670.000000037998461 
-670.000000033996230 
-670.000000031826630 
-670.000000031209765 
-670.000000033346623 
-670.000000032798653 
-670.000000028726618 
-670.000000029715011 
-670.000000030711817 
-670.000000029182047 
-670.000000029780040 
-670.000000025599093 
-670.000000028683644 
-670.000000022753284 
-670.000000028220711 
-670.000000031042418 
-670.000000033332299 
-670.000000032638127 
-670.000000037923201 
-670.000000037828613 
-670.000000036926849 
-670.000000035063522 
-670.000000036319761 
-670.000000036292704 
-670.000000039126462 
-670.000000040513896 
-670.000000041827207 
-670.000000046759396 
-670.000000051975348 
-670.000000058527803 
-670.000000056430508 
-670.000000058269734 
-670.000000056043746 
-670.000000049715254 
-670.000000050371455 
-670.000000044976787 
-670.000000049116579 
-670.000000055896862 
-670.000000059925242 
-670.000000058574869 
-670.000000050968083 
-670.000000047713002 
-670.000000047845788 
-670.000000040136001 
-670.000000036905021 
-670.000000034075811 
-670.000000030131559 
-670.000000033513970 
-670.000000031446461 
-670.000000038461167 
-670.000000041219209 
-670.000000047641606 
-670.000000047811000 
-670.000000048496531 
-670.000000044124590 
-670.000000050476046 
-670.000000048633410 
-670.000000051775942 
-670.000000054754764 
-670.000000056824092 
-670.000000058735168 
-670.000000059889999 
-670.000000059218110 
-670.000000060365664 
-670.000000066269422 
-670.000000067719839 
-670.000000070317583 
-670.000000075026492 
-670.000000071590648 
-670.000000064900178 
-670.000000074374157 
-670.000000068664121 
-670.000000066161647 
-670.000000069666385 
-670.000000071456270 
-670.000000068084773 
-670.000000067863766 
-670.000000066093662 
-670.000000069228918 
-670.000000074510581 
-670.000000078690391 
-670.000000080488689 
-670.000000080441623 
-670.000000082483893 
-670.000000082760153 
-670.000000082283805 
-670.000000086173486 
-670.000000089065907 
-670.000000086555701 
-670.000000084959993 
-670.000000083914983 
-670.000000083900431 
-670.000000080267455 
-670.000000079048277 
-670.000000081900453 
-670.000000075365506 
-670.000000073668161 
-670.000000072353942 
-670.000000078030553 
-670.000000078606945 
-670.000000075124035 
-670.000000078249286 
-670.000000078000539 
-670.000000083326313 
-670.000000081011876 
-670.000000081849976 
-670.000000084989779 
-670.000000084706244 
-670.000000085690772 
-670.000000083904069 
-670.000000084362000 
-670.000000088224397 
-670.000000087336957 
-670.000000084306294 
-670.000000079375695 
-670.000000082101451 
-670.000000081785402 
-670.000000081438884 
-670.000000079354095 
-670.000000078170615 
-670.000000076751576 
-670.000000078828862 
-670.000000079905931 
-670.000000081775852 
-670.000000075762273 
-670.000000076192237 
-670.000000079558049 
-670.000000082384304 
-670.000000089696869 
-670.000000091309857 
-670.000000091998345 
-670.000000099461431 
-670.000000100988473 
-670.000000099441877 
-670.000000097676320 
-670.000000094943744 
-670.000000094025381 
-670.000000092208893 
-670.000000086186446 
-670.000000086089130 
-670.000000084378598 
-670.000000085955207 
-670.000000090174126 
-670.000000097282737 
-670.000000097440079 
-670.000000099871613 
-670.000000096189069 
-670.000000097103566 
-670.000000094501047 
-670.000000101159458 
-670.000000098868213 
-670.000000106537527 
-670.000000112881253 
-670.000000118192929 
-670.000000123707878 
-670.000000125706492 
-670.000000128217152 
-670.000000137134521 
-670.000000138162477 
-670.000000135504479 
-670.000000140693828 
-670.000000145531430 
-670.000000142811814 
-670.000000141073087 
-670.000000141470537 
-670.000000137943516 
-670.000000141861619 
-670.000000142441422 
-670.000000145193326 
-670.000000145377271 
-670.000000149424523 
-670.000000145088961 
-670.000000138770247 
-670.000000141506916 
-670.000000141064902 
-670.000000146806087 
-670.000000139359599 
-670.000000142852059 
-670.000000141331157 
-670.000000141563760 
-670.000000140740894 
-670.000000138975111 
-670.000000140876182 
-670.000000137439201 
-670.000000136863491 
-670.000000136320068 
-670.000000136400786 
-670.000000139117901 
-670.000000138496944 
-670.000000142612862 
-670.000000143827947 
-670.000000144943442 
-670.000000145135800 
-670.000000148128947 
-670.000000153902647 
-670.000000153035671 
-670.000000158034709 
-670.000000151857648 
-670.000000151238964 
-670.000000152160737 
-670.000000150076630 
-670.000000151246923 
-670.000000145986633 
-670.000000151329914 
-670.000000149989091 
-670.000000152490202 
-670.000000149675543 
-670.000000150332880 
-670.000000151304903 
-670.000000154813279 
-670.000000154595455 
-670.000000159233423 
-670.000000154263489 
-670.000000156392389 
-670.000000159635420 
-670.000000161640401 
-670.000000157591785 
-670.000000154590452 
-670.000000154754389 
-670.000000158378043 
-670.000000161817297 
-670.000000168239239 
-670.000000173864464 
-670.000000175312834 
-670.000000176190497 
-670.000000178447635 
-670.000000180440111 
-670.000000182617896 
-670.000000184974851 
-670.000000186841817 
-670.000000192250354 
-670.000000196280780 
-670.000000200983550 
-670.000000200120439 
-670.000000207012818 
-670.000000207742687 
-670.000000207998710 
-670.000000209553718 
-670.000000203249556 
-670.000000205595370 
-670.000000211288807 
-670.000000211405677 
-670.000000214144848 
-670.000000216793069 
-670.000000219435151 
-670.000000217735760 
-670.000000218286004 
-670.000000224077667 
-670.000000225339591 
-670.000000228937324 
-670.000000229935267 
-670.000000230293608 
-670.000000228670615 
-670.000000229362740 
-670.000000231590775 
-670.000000237363793 
-670.000000239488600 
-670.000000241439693 
-670.000000244313242 
-670.000000241122734 
-670.000000239302153 
-670.000000240136387 
-670.000000240439931 
-670.000000241005864 
-670.000000245410547 
-670.000000245316187 
-670.000000240628651 
-670.000000243721388 
-670.000000242730493 
-670.000000248349352 
-670.000000255638042 
-670.000000256937255 
-670.000000257525699 
-670.000000255954546 
-670.000000255587111 
-670.000000256768544 
-670.000000260297384 
-670.000000263075435 
-670.000000265532890 
-670.000000270050577 
-670.000000276060746 
-670.000000276231958 
-670.000000280561380 
-670.000000277453637 
-670.000000277850631 
-670.000000275441153 
-670.000000280678705 
-670.000000284379439 
-670.000000288668161 
-670.000000293057383 
-670.000000296624421 
-670.000000296590088 
-670.000000296389317 
-670.000000297863608 
-670.000000296267217 
-670.000000300972033 
-670.000000303303295 
-670.000000307096798 
-670.000000307456503 
-670.000000307986966 
-670.000000311979875 
-670.000000312222255 
-670.000000309628831 
-670.000000312867996 
-670.000000318176944 
-670.000000317150352 
-670.000000321146672 
-670.000000317303375 
-670.000000317430704 
-670.000000323698714 
-670.000000323713493 
-670.000000328120223 
-670.000000328524266 
-670.000000329306431 
-670.000000332282070 
-670.000000327877387 
-670.000000328649548 
-670.000000325798283 
-670.000000328704118 
-670.000000331490355 
-670.000000333426669 
-670.000000337475285 
-670.000000336880248 
-670.000000336776338 
-670.000000337832262 
-670.000000340598490 
-670.000000338642622 
-670.000000337375695 
-670.000000337654456 
-670.000000342182602 
-670.000000346133220 
-670.000000346652541 
-670.000000350468781 
-670.000000352634288 
-670.000000351873723 
-670.000000349964012 
-670.000000352102916 
-670.000000353364840 
-670.000000356187002 
-670.000000359396154 
-670.000000360235845 
-670.000000362249693 
-670.000000358724265 
-670.000000362235824 
-670.000000360339527 
-670.000000360011654 
-670.000000364423386 
-670.000000363548224 
-670.000000358699708 
-670.000000366998847 
-670.000000370386942 
-670.000000368318069 
-670.000000367744860 
-670.000000370803491 
-670.000000375261607 
-670.000000379164476 
-670.000000382003918 
-670.000000382900907 
-670.000000385851990 
-670.000000386466581 
-670.000000389674824 
-670.000000388715080 
-670.000000390363994 
-670.000000394023573 
-670.000000395265488 
-670.000000395902362 
-670.000000402054866 
-670.000000401127636 
-670.000000398653583 
-670.000000401213583 
-670.000000398998736 
-670.000000395937832 
-670.000000396030373 
-670.000000399046257 
-670.000000400312274 
-670.000000407624611 
-670.000000408590495 
-670.000000409885388 
-670.000000406258550 
-670.000000411222572 
-670.000000403065314 
-670.000000404710590 
-670.000000403518015 
-670.000000408739425 
-670.000000412227109 
-670.000000415961267 
-670.000000416749572 
-670.000000415847580 
-670.000000416355761 
-670.000000421142659 
-670.000000423663323 
-670.000000430512728 
-670.000000433767582 
-670.000000440734311 
-670.000000444844090 
-670.000000442539658 
-670.000000442390728 
-670.000000443650606 
-670.000000447222646 
-670.000000450364041 
-670.000000451669621 
-670.000000446694912 
-670.000000440345048 
-670.000000445950491 
-670.000000443723366 
-670.000000445512342 
-670.000000443695171 
-670.000000446551212 
-670.000000442042619 
-670.000000447705588 
-670.000000446337253 
-670.000000445154683 
-670.000000446675358 
-670.000000453079338 
-670.000000454045221 
-670.000000455995632 
-670.000000456136604 
-670.000000460412139 
-670.000000457571105 
-670.000000455228474 
-670.000000456602265 
-670.000000453337179 
-670.000000452540689 
-670.000000453675966 
-670.000000454260999 
-670.000000456525413 
-670.000000458996510 
-670.000000463580136 
-670.000000470462965 
-670.000000475909019 
-670.000000476783498 
-670.000000469973202 
-670.000000471377462 
-670.000000472949523 
-670.000000480121344 
-670.000000475620709 
-670.000000473746695 
-670.000000473093678 
-670.000000471039129 
-670.000000472156444 
-670.000000476327841 
-670.000000483993972 
-670.000000477193225 
-670.000000481691131 
-670.000000481697498 
-670.000000482054929 
-670.000000479116352 
-670.000000479170922 
-670.000000479741175 
-670.000000479048140 
-670.000000481216375 
-670.000000490562797 
-670.000000495568202 
-670.000000497845576 
-670.000000494363576 
-670.000000497238034 
-670.000000500747774 
-670.000000499636826 
-670.000000498191639 
-670.000000494592314 
-670.000000496618213 
-670.000000496229859 
-670.000000495556378 
-670.000000496937446 
-670.000000500241185 
-670.000000499454018 
-670.000000499599992 
-670.000000496509529 
-670.000000499304861 
-670.000000498759618 
-670.000000504062427 
-670.000000503765932 
-670.000000502481726 
-670.000000504120180 
-670.000000507680852 
-670.000000500928763 
-670.000000496126177 
-670.000000494854703 
-670.000000496682787 
-670.000000497401288 
-670.000000498358986 
-670.000000495411314 
-670.000000496871053 
-670.000000501555860 
-670.000000504863692 
-670.000000506167908 
-670.000000508432095 
-670.000000507368441 
-670.000000504048330 
-670.000000510396148 
-670.000000509507117 
-670.000000511070084 
-670.000000509949587 
-670.000000507975528 
-670.000000513141003 
-670.000000508804078 
-670.000000510891368 
-670.000000510096925 
-670.000000508183348 
-670.000000513577561 
-670.000000516707132 
-670.000000514855856 
-670.000000513232862 
-670.000000514718522 
-670.000000516302862 
-670.000000511241069 
-670.000000507709956 
-670.000000514227395 
-670.000000515423380 
-670.000000517643457 
-670.000000511574854 
-670.000000510255632 
-670.000000510759946 
-670.000000510937753 
-670.000000504520358 
-670.000000504625405 
-670.000000509604433 
-670.000000511985036 
-670.000000514280146 
-670.000000516031378 
-670.000000519550213 
-670.000000519793957 
-670.000000519288278 
-670.000000522238679 
-670.000000519246896 
-670.000000521244601 
-670.000000522451046 
-670.000000525604719 
-670.000000524341885 
-670.000000523962171 
-670.000000528118107 
-670.000000526213171 
-670.000000533310867 
-670.000000529377303 
-670.000000525861651 
-670.000000537084816 
-670.000000533755156 
-670.000000528412329 
-670.000000528956662 
-670.000000529770659 
-670.000000531342266 
-670.000000527699285 
-670.000000527419616 
-670.000000526356871 
-670.000000521835773 
-670.000000523220478 
-670.000000524153620 
-670.000000522591108 
-670.000000523131803 
-670.000000524391453 
-670.000000521145012 
-670.000000520850790 
-670.000000518348315 
-670.000000515360171 
-670.000000512893621 
-670.000000513808573 
-670.000000515583451 
-670.000000515577995 
-670.000000514236035 
-670.000000511213784 
-670.000000509767688 
-670.000000512657607 
-670.000000513397936 
-670.000000508787252 
-670.000000508131507 
-670.000000508185622 
-670.000000516414730 
-670.000000513124178 
-670.000000511714916 
-670.000000511575308 
-670.000000510451628 
-670.000000509104666 
-670.000000512920906 
-670.000000512291535 
-670.000000510615337 
-670.000000505917342 
-670.000000499949692 
-670.000000498055670 
-670.000000496375833 
-670.000000495988843 
-670.000000493965672 
-670.000000492311756 
-670.000000489555532 
-670.000000485525561 
-670.000000480632480 
-670.000000471578005 
-670.000000474912667 
-670.000000475834895 
-670.000000472992269 
-670.000000471024123 
-670.000000468851795 
-670.000000471780368 
-670.000000470904979 
-670.000000464748155 
-670.000000465505764 
-670.000000464656296 
-670.000000468876806 
-670.000000471323801 
-670.000000467025529 
-670.000000465134690 
-670.000000465552603 
-670.000000462509888 
-670.000000464652658 
-670.000000463668130 
-670.000000459556759 
-670.000000458422164 
-670.000000462525804 
-670.000000462776825 
-670.000000462102889 
-670.000000459574949 
-670.000000461882337 
-670.000000459537659 
-670.000000456155703 
-670.000000455742338 
-670.000000451731466 
-670.000000450756033 
-670.000000454185738 
-670.000000452028416 
-670.000000455547251 
-670.000000450915195 
-670.000000449681465 
-670.000000448483661 
-670.000000453784651 
-670.000000451964752 
-670.000000456288944 
-670.000000453752818 
-670.000000456408543 
-670.000000457540864 
-670.000000458092018 
-670.000000460719093 
-670.000000456255748 
-670.000000459603598 
-670.000000459232979 
-670.000000454465408 
-670.000000453977918 
-670.000000449641902 
-670.000000445994374 
-670.000000445892510 
-670.000000438006282 
-670.000000437773451 
-670.000000432105480 
-670.000000433502009 
-670.000000435926268 
-670.000000431618446 
-670.000000428992735 
-670.000000422349331 
-670.000000430072760 
-670.000000430637101 
-670.000000433965397 
-670.000000432736215 
-670.000000430339242 
-670.000000432592969 
-670.000000433094101 
-670.000000431077751 
-670.000000431401531 
-670.000000429429747 
-670.000000425865437 
-670.000000429513420 
-670.000000424333393 
-670.000000417848241 
-670.000000413830548 
-670.000000410399480 
-670.000000410388566 
-670.000000410675511 
-670.000000411269411 
-670.000000405686478 
-670.000000408377218 
-670.000000401174020 
-670.000000408374490 
-670.000000407359494 
-670.000000404428647 
-670.000000409799668 
-670.000000414509941 
-670.000000415845534 
-670.000000415383965 
-670.000000412689587 
-670.000000413915586 
-670.000000410657321 
-670.000000408536835 
-670.000000406821073 
-670.000000400410499 
-670.000000398853899 
-670.000000391574304 
-670.000000393164555 
-670.000000387635282 
-670.000000383982751 
-670.000000373852345 
-670.000000373584953 
-670.000000373664079 
-670.000000369072950 
-670.000000361764251 
-670.000000360677859 
-670.000000359881142 
-670.000000363283561 
-670.000000368003384 
-670.000000367158009 
-670.000000369450845 
-670.000000373755029 
-670.000000372047452 
-670.000000368640485 
-670.000000368831934 
-670.000000360565537 
-670.000000357833414 
-670.000000356116288 
-670.000000353276846 
-670.000000359218120 
-670.000000353955784 
-670.000000352245024 
-670.000000345691660 
-670.000000341380201 
-670.000000336253379 
-670.000000334363904 
-670.000000330905550 
-670.000000335606273 
-670.000000334444394 
-670.000000331241154 
-670.000000327748239 
-670.000000327441285 
-670.000000321930656 
-670.000000316496880 
-670.000000313205419 
-670.000000309599272 
-670.000000308112249 
-670.000000299615294 
-670.000000296877261 
-670.000000289604031 
-670.000000288888259 
-670.000000287725925 
-670.000000288999672 
-670.000000292951881 
-670.000000289934178 
-670.000000289413038 
-670.000000290825483 
-670.000000286532213 
-670.000000283813279 
-670.000000280723270 
-670.000000278003427 
-670.000000274972535 
-670.000000276298579 
-670.000000275781531 
-670.000000271372755 
-670.000000268569238 
-670.000000263895345 
-670.000000266317329 
-670.000000263788024 
-670.000000266501047 
-670.000000267831638 
-670.000000259903118 
-670.000000257685770 
-670.000000256099611 
-670.000000252044174 
-670.000000254212864 
-670.000000257648026 
-670.000000255153282 
-670.000000256562089 
-670.000000253798589 
-670.000000251332040 
-670.000000247143817 
-670.000000240258942 
-670.000000238950179 
-670.000000235478637 
-670.000000230368641 
-670.000000226525117 
-670.000000220841684 
-670.000000214429747 
-670.000000208156962 
-670.000000202780939 
-670.000000201452167 
-670.000000197389454 
-670.000000192261268 
-670.000000189798811 
-670.000000187827027 
-670.000000184611963 
-670.000000184549663 
-670.000000184914370 
-670.000000178407390 
-670.000000172284672 
-670.000000170261956 
-670.000000172448381 
-670.000000171537977 
-670.000000173454282 
-670.000000178914433 
-670.000000180747520 
-670.000000178943083 
-670.000000173664375 
-670.000000167744020 
-670.000000169051873 
-670.000000168665792 
-670.000000168760835 
-670.000000166338396 
-670.000000162199285 
-670.000000158714101 
-670.000000156132046 
-670.000000150353571 
-670.000000148704203 
