1.000000000000000 
0.010053515533817 
0.008737405048261 
0.008601711576672 
0.008551515849209 
0.008525629898817 
0.008509877044138 
0.008499247042784 
0.008491536543949 
0.008485633234053 
0.008480918407678 
0.008477021958987 
0.008473709520364 
0.008470825703350 
0.008468263508509 
0.008465946883006 
0.008463820295622 
0.008461842251400 
0.008459981115512 
0.008458212342151 
0.008456516586713 
0.008454878389509 
0.008453285238844 
0.008451726891735 
0.008450194873195 
0.008448682101607 
0.008447182604609 
0.008445691300966 
0.008444203831213 
0.008442716424828 
0.008441225795064 
0.008439729054975 
0.008438223649834 
0.008436707302355 
0.008435177967999 
0.008433633798281 
0.008432073110484 
0.008430494362530 
0.008428896132032 
0.008427277098750 
0.008425636029848 
0.008423971767450 
0.008422283218110 
0.008420569343858 
0.008418829154589 
0.008417061701551 
0.008415266071776 
0.008413441383308 
0.008411586781098 
0.008409701433475 
0.008407784529108 
0.008405835274382 
0.008403852891148 
0.008401836614771 
0.008399785692454 
0.008397699381804 
0.008395576949588 
0.008393417670683 
0.008391220827174 
0.008388985707592 
0.008386711606283 
0.008384397822872 
0.008382043661837 
0.008379648432161 
0.008377211447069 
0.008374732023830 
0.008372209483627 
0.008369643151482 
0.008367032356232 
0.008364376430564 
0.008361674711080 
0.008358926538415 
0.008356131257385 
0.008353288217179 
0.008350396771576 
0.008347456279198 
0.008344466103789 
0.008341425614526 
0.008338334186349 
0.008335191200322 
0.008331996044012 
0.008328748111893 
0.008325446805768 
0.008322091535214 
0.008318681718039 
0.008315216780762 
0.008311696159108 
0.008308119298515 
0.008304485654662 
0.008300794694000 
0.008297045894306 
0.008293238745242 
0.008289372748925 
0.008285447420508 
0.008281462288770 
0.008277416896706 
0.008273310802136 
0.008269143578306 
0.008264914814502 
0.008260624116662 
0.008256271107992 
0.008251855429581 
0.008247376741016 
0.008242834720996 
0.008238229067941 
0.008233559500594 
0.008228825758625 
0.008224027603221 
0.008219164817666 
0.008214237207919 
0.008209244603174 
0.008204186856408 
0.008199063844918 
0.008193875470838 
0.008188621661645 
0.008183302370637 
0.008177917577404 
0.008172467288264 
0.008166951536689 
0.008161370383697 
0.008155723918226 
0.008150012257473 
0.008144235547218 
0.008138393962102 
0.008132487705891 
0.008126517011698 
0.008120482142173 
0.008114383389669 
0.008108221076355 
0.008101995554317 
0.008095707205601 
0.008089356442230 
0.008082943706185 
0.008076469469340 
0.008069934233363 
0.008063338529578 
0.008056682918784 
0.008049967991040 
0.008043194365403 
0.008036362689632 
0.008029473639850 
0.008022527920167 
0.008015526262262 
0.008008469424932 
0.008001358193597 
0.007994193379770 
0.007986975820489 
0.007979706377719 
0.007972385937714 
0.007965015410345 
0.007957595728399 
0.007950127846849 
0.007942612742088 
0.007935051411144 
0.007927444870859 
0.007919794157052 
0.007912100323656 
0.007904364441834 
0.007896587599076 
0.007888770898282 
0.007880915456828 
0.007873022405617 
0.007865092888128 
0.007857128059445 
0.007849129085292 
0.007841097141055 
0.007833033410809 
0.007824939086338 
0.007816815366170 
0.007808663454605 
0.007800484560757 
0.007792279897605 
0.007784050681056 
0.007775798129017 
0.007767523460493 
0.007759227894693 
0.007750912650158 
0.007742578943917 
0.007734227990660 
0.007725861001934 
0.007717479185373 
0.007709083743952 
0.007700675875268 
0.007692256770854 
0.007683827615525 
0.007675389586756 
0.007666943854089 
0.007658491578580 
0.007650033912278 
0.007641571997733 
0.007633106967547 
0.007624639943956 
0.007616172038442 
0.007607704351386 
0.007599237971751 
0.007590773976796 
0.007582313431824 
0.007573857389962 
0.007565406891969 
0.007556962966070 
0.007548526627819 
0.007540098879991 
0.007531680712488 
0.007523273102276 
0.007514877013337 
0.007506493396635 
0.007498123190107 
0.007489767318656 
0.007481426694163 
0.007473102215506 
0.007464794768577 
0.007456505226316 
0.007448234448739 
0.007439983282961 
0.007431752563228 
0.007423543110934 
0.007415355734634 
0.007407191230046 
0.007399050380050 
0.007390933954662 
0.007382842711007 
0.007374777393266 
0.007366738732614 
0.007358727447136 
0.007350744241730 
0.007342789807986 
0.007334864824052 
0.007326969954477 
0.007319105850037 
0.007311273147545 
0.007303472469644 
0.007295704424575 
0.007287969605945 
0.007280268592468 
0.007272601947698 
0.007264970219754 
0.007257373941032 
0.007249813627909 
0.007242289780450 
0.007234802882099 
0.007227353399382 
0.007219941781599 
0.007212568460536 
0.007205233850162 
0.007197938346354 
0.007190682326617 
0.007183466149825 
0.007176290155972 
0.007169154665944 
0.007162059981299 
0.007155006384081 
0.007147994136639 
0.007141023481479 
0.007134094641138 
0.007127207818078 
0.007120363194608 
0.007113560932834 
0.007106801174631 
0.007100084041647 
0.007093409635326 
0.007086778036969 
0.007080189307812 
0.007073643489136 
0.007067140602405 
0.007060680649425 
0.007054263612532 
0.007047889454808 
0.007041558120312 
0.007035269534347 
0.007029023603740 
0.007022820217153 
0.007016659245404 
0.007010540541821 
0.007004463942611 
0.006998429267241 
0.006992436318848 
0.006986484884660 
0.006980574736434 
0.006974705630905 
0.006968877310262 
0.006963089502616 
0.006957341922504 
0.006951634271385 
0.006945966238155 
0.006940337499669 
0.006934747721274 
0.006929196557340 
0.006923683651812 
0.006918208638747 
0.006912771142873 
0.006907370780141 
0.006902007158276 
0.006896679877339 
0.006891388530276 
0.006886132703474 
0.006880911977308 
0.006875725926691 
0.006870574121611 
0.006865456127667 
0.006860371506597 
0.006855319816797 
0.006850300613833 
0.006845313450942 
0.006840357879520 
0.006835433449606 
0.006830539710347 
0.006825676210451 
0.006820842498633 
0.006816038124039 
0.006811262636662 
0.006806515587739 
0.006801796530136 
0.006797105018720 
0.006792440610708 
0.006787802866007 
0.006783191347535 
0.006778605621532 
0.006774045257843 
0.006769509830200 
0.006764998916478 
0.006760512098943 
0.006756048964474 
0.006751609104784 
0.006747192116616 
0.006742797601929 
0.006738425168068 
0.006734074427922 
0.006729745000068 
0.006725436508901 
0.006721148584754 
0.006716880864003 
0.006712632989164 
0.006708404608973 
0.006704195378463 
0.006700004959023 
0.006695833018453 
0.006691679231008 
0.006687543277430 
0.006683424844973 
0.006679323627426 
0.006675239325117 
0.006671171644919 
0.006667120300246 
0.006663085011040 
0.006659065503755 
0.006655061511335 
0.006651072773186 
0.006647099035139 
0.006643140049417 
0.006639195574588 
0.006635265375517 
0.006631349223320 
0.006627446895302 
0.006623558174901 
0.006619682851629 
0.006615820720998 
0.006611971584463 
0.006608135249338 
0.006604311528733 
0.006600500241469 
0.006596701212005 
0.006592914270353 
0.006589139251996 
0.006585375997802 
0.006581624353938 
0.006577884171780 
0.006574155307821 
0.006570437623581 
0.006566730985513 
0.006563035264905 
0.006559350337787 
0.006555676084831 
0.006552012391254 
0.006548359146717 
0.006544716245225 
0.006541083585024 
0.006537461068502 
0.006533848602083 
0.006530246096124 
0.006526653464814 
0.006523070626067 
0.006519497501417 
0.006515934015917 
0.006512380098033 
0.006508835679537 
0.006505300695406 
0.006501775083716 
0.006498258785542 
0.006494751744848 
0.006491253908391 
0.006487765225619 
0.006484285648565 
0.006480815131751 
0.006477353632088 
0.006473901108781 
0.006470457523224 
0.006467022838917 
0.006463597021359 
0.006460180037966 
0.006456771857976 
0.006453372452355 
0.006449981793720 
0.006446599856244 
0.006443226615573 
0.006439862048752 
0.006436506134132 
0.006433158851304 
0.006429820181015 
0.006426490105095 
0.006423168606390 
0.006419855668685 
0.006416551276640 
0.006413255415725 
0.006409968072154 
0.006406689232825 
0.006403418885263 
0.006400157017556 
0.006396903618309 
0.006393658676584 
0.006390422181852 
0.006387194123945 
0.006383974493010 
0.006380763279462 
0.006377560473940 
0.006374366067274 
0.006371180050437 
0.006368002414515 
0.006364833150668 
0.006361672250098 
0.006358519704020 
0.006355375503628 
0.006352239640071 
0.006349112104425 
0.006345992887667 
0.006342881980654 
0.006339779374100 
0.006336685058556 
0.006333599024391 
0.006330521261774 
0.006327451760661 
0.006324390510775 
0.006321337501595 
0.006318292722343 
0.006315256161974 
0.006312227809163 
0.006309207652296 
0.006306195679466 
0.006303191878458 
0.006300196236749 
0.006297208741499 
0.006294229379547 
0.006291258137409 
0.006288295001269 
0.006285339956983 
0.006282392990074 
0.006279454085730 
0.006276523228804 
0.006273600403816 
0.006270685594950 
0.006267778786056 
0.006264879960652 
0.006261989101928 
0.006259106192742 
0.006256231215629 
0.006253364152801 
0.006250504986149 
0.006247653697250 
0.006244810267369 
0.006241974677461 
0.006239146908178 
0.006236326939875 
0.006233514752609 
0.006230710326148 
0.006227913639977 
0.006225124673297 
0.006222343405038 
0.006219569813859 
0.006216803878151 
0.006214045576051 
0.006211294885437 
0.006208551783940 
0.006205816248948 
0.006203088257608 
0.006200367786834 
0.006197654813313 
0.006194949313507 
0.006192251263659 
0.006189560639798 
0.006186877417746 
0.006184201573117 
0.006181533081327 
0.006178871917596 
0.006176218056952 
0.006173571474236 
0.006170932144106 
0.006168300041040 
0.006165675139339 
0.006163057413135 
0.006160446836389 
0.006157843382897 
0.006155247026294 
0.006152657740056 
0.006150075497502 
0.006147500271800 
0.006144932035968 
0.006142370762875 
0.006139816425247 
0.006137268995668 
0.006134728446583 
0.006132194750299 
0.006129667878989 
0.006127147804695 
0.006124634499330 
0.006122127934678 
0.006119628082400 
0.006117134914035 
0.006114648401000 
0.006112168514598 
0.006109695226016 
0.006107228506329 
0.006104768326503 
0.006102314657397 
0.006099867469769 
0.006097426734274 
0.006094992421472 
0.006092564501826 
0.006090142945711 
0.006087727723416 
0.006085318805144 
0.006082916161020 
0.006080519761094 
0.006078129575346 
0.006075745573686 
0.006073367725966 
0.006070996001978 
0.006068630371463 
0.006066270804115 
0.006063917269583 
0.006061569737484 
0.006059228177401 
0.006056892558892 
0.006054562851496 
0.006052239024741 
0.006049921048144 
0.006047608891225 
0.006045302523506 
0.006043001914524 
0.006040707033835 
0.006038417851018 
0.006036134335686 
0.006033856457490 
0.006031584186129 
0.006029317491351 
0.006027056342966 
0.006024800710849 
0.006022550564948 
0.006020305875290 
0.006018066611989 
0.006015832745251 
0.006013604245379 
0.006011381082784 
0.006009163227985 
0.006006950651619 
0.006004743324445 
0.006002541217349 
0.006000344301353 
0.005998152547612 
0.005995965927426 
0.005993784412243 
0.005991607973660 
0.005989436583429 
0.005987270213461 
0.005985108835826 
0.005982952422762 
0.005980800946669 
0.005978654380120 
0.005976512695856 
0.005974375866791 
0.005972243866010 
0.005970116666775 
0.005967994242520 
0.005965876566854 
0.005963763613559 
0.005961655356592 
0.005959551770081 
0.005957452828325 
0.005955358505794 
0.005953268777125 
0.005951183617121 
0.005949103000747 
0.005947026903131 
0.005944955299556 
0.005942888165462 
0.005940825476439 
0.005938767208226 
0.005936713336707 
0.005934663837904 
0.005932618687979 
0.005930577863226 
0.005928541340065 
0.005926509095045 
0.005924481104834 
0.005922457346213 
0.005920437796081 
0.005918422431441 
0.005916411229400 
0.005914404167168 
0.005912401222046 
0.005910402371430 
0.005908407592804 
0.005906416863734 
0.005904430161869 
0.005902447464932 
0.005900468750723 
0.005898493997109 
0.005896523182027 
0.005894556283478 
0.005892593279524 
0.005890634148287 
0.005888678867944 
0.005886727416729 
0.005884779772928 
0.005882835914879 
0.005880895820967 
0.005878959469627 
0.005877026839341 
0.005875097908635 
0.005873172656084 
0.005871251060303 
0.005869333099955 
0.005867418753744 
0.005865508000420 
0.005863600818776 
0.005861697187649 
0.005859797085922 
0.005857900492521 
0.005856007386421 
0.005854117746641 
0.005852231552252 
0.005850348782369 
0.005848469416161 
0.005846593432848 
0.005844720811703 
0.005842851532054 
0.005840985573285 
0.005839122914839 
0.005837263536218 
0.005835407416988 
0.005833554536776 
0.005831704875278 
0.005829858412256 
0.005828015127543 
0.005826175001044 
0.005824338012739 
0.005822504142684 
0.005820673371014 
0.005818845677947 
0.005817021043782 
0.005815199448906 
0.005813380873792 
0.005811565299005 
0.005809752705203 
0.005807943073137 
0.005806136383659 
0.005804332617718 
0.005802531756366 
0.005800733780760 
0.005798938672162 
0.005797146411945 
0.005795356981594 
0.005793570362706 
0.005791786536995 
0.005790005486294 
0.005788227192557 
0.005786451637859 
0.005784678804403 
0.005782908674520 
0.005781141230671 
0.005779376455449 
0.005777614331583 
0.005775854841940 
0.005774097969526 
0.005772343697491 
0.005770592009130 
0.005768842887886 
0.005767096317351 
0.005765352281272 
0.005763610763551 
0.005761871748250 
0.005760135219589 
0.005758401161957 
0.005756669559906 
0.005754940398160 
0.005753213661619 
0.005751489335354 
0.005749767404620 
0.005748047854854 
0.005746330671678 
0.005744615840905 
0.005742903348540 
0.005741193180787 
0.005739485324049 
0.005737779764932 
0.005736076490253 
0.005734375487037 
0.005732676742529 
0.005730980244192 
0.005729285979711 
0.005727593937002 
0.005725904104213 
0.005724216469726 
0.005722531022166 
0.005720847750404 
0.005719166643557 
0.005717487691000 
0.005715810882363 
0.005714136207539 
0.005712463656691 
0.005710793220249 
0.005709124888922 
0.005707458653697 
0.005705794505846 
0.005704132436927 
0.005702472438794 
0.005700814503592 
0.005699158623771 
0.005697504792080 
0.005695853001576 
0.005694203245627 
0.005692555517913 
0.005690909812430 
0.005689266123491 
0.005687624445732 
0.005685984774108 
0.005684347103901 
0.005682711430717 
0.005681077750488 
0.005679446059475 
0.005677816354263 
0.005676188631767 
0.005674562889226 
0.005672939124205 
0.005671317334594 
0.005669697518601 
0.005668079674758 
0.005666463801909 
0.005664849899212 
0.005663237966135 
0.005661628002449 
0.005660020008224 
0.005658413983823 
0.005656809929896 
0.005655207847377 
0.005653607737468 
0.005652009601641 
0.005650413441625 
0.005648819259395 
0.005647227057170 
0.005645636837395 
0.005644048602736 
0.005642462356070 
0.005640878100470 
0.005639295839197 
0.005637715575686 
0.005636137313536 
0.005634561056496 
0.005632986808452 
0.005631414573415 
0.005629844355509 
0.005628276158953 
0.005626709988053 
0.005625145847184 
0.005623583740779 
0.005622023673312 
0.005620465649288 
0.005618909673226 
0.005617355749646 
0.005615803883057 
0.005614254077937 
0.005612706338730 
0.005611160669822 
0.005609617075535 
0.005608075560110 
0.005606536127696 
0.005604998782338 
0.005603463527963 
0.005601930368371 
0.005600399307220 
0.005598870348019 
0.005597343494113 
0.005595818748678 
0.005594296114706 
0.005592775594997 
0.005591257192155 
0.005589740908571 
0.005588226746422 
0.005586714707662 
0.005585204794011 
0.005583697006954 
0.005582191347732 
0.005580687817335 
0.005579186416502 
0.005577687145710 
0.005576190005175 
0.005574694994844 
0.005573202114397 
0.005571711363239 
0.005570222740500 
0.005568736245033 
0.005567251875413 
0.005565769629936 
0.005564289506614 
0.005562811503181 
0.005561335617090 
0.005559861845513 
0.005558390185341 
0.005556920633187 
0.005555453185386 
0.005553987837998 
0.005552524586807 
0.005551063427326 
0.005549604354799 
0.005548147364200 
0.005546692450241 
0.005545239607372 
0.005543788829785 
0.005542340111415 
0.005540893445947 
0.005539448826820 
0.005538006247225 
0.005536565700117 
0.005535127178210 
0.005533690673990 
0.005532256179714 
0.005530823687415 
0.005529393188906 
0.005527964675785 
0.005526538139443 
0.005525113571060 
0.005523690961619 
0.005522270301903 
0.005520851582504 
0.005519434793827 
0.005518019926094 
0.005516606969346 
0.005515195913454 
0.005513786748118 
0.005512379462873 
0.005510974047097 
0.005509570490010 
0.005508168780682 
0.005506768908039 
0.005505370860865 
0.005503974627806 
0.005502580197378 
0.005501187557969 
0.005499796697845 
0.005498407605151 
0.005497020267923 
0.005495634674086 
0.005494250811459 
0.005492868667764 
0.005491488230628 
0.005490109487586 
0.005488732426088 
0.005487357033503 
0.005485983297125 
0.005484611204175 
0.005483240741808 
0.005481871897116 
0.005480504657135 
0.005479139008849 
0.005477774939195 
0.005476412435068 
0.005475051483324 
0.005473692070789 
0.005472334184263 
0.005470977810523 
0.005469622936333 
0.005468269548444 
0.005466917633604 
0.005465567178563 
0.005464218170076 
0.005462870594912 
0.005461524439861 
0.005460179691738 
0.005458836337387 
0.005457494363695 
0.005456153757592 
0.005454814506059 
0.005453476596140 
0.005452140014942 
0.005450804749647 
0.005449470787518 
0.005448138115907 
0.005446806722263 
0.005445476594141 
0.005444147719207 
0.005442820085248 
0.005441493680184 
0.005440168492071 
0.005438844509113 
0.005437521719670 
0.005436200112269 
0.005434879675610 
0.005433560398578 
0.005432242270251 
0.005430925279910 
0.005429609417050 
0.005428294671388 
0.005426981032871 
0.005425668491692 
0.005424357038294 
0.005423046663380 
0.005421737357928 
0.005420429113194 
0.005419121920726 
0.005417815772372 
0.005416510660292 
0.005415206576961 
0.005413903515185 
0.005412601468105 
0.005411300429208 
0.005410000392334 
0.005408701351685 
0.005407403301830 
0.005406106237716 
0.005404810154671 
0.005403515048413 
0.005402220915052 
0.005400927751100 
0.005399635553472 
0.005398344319489 
0.005397054046886 
0.005395764733810 
0.005394476378822 
0.005393188980903 
0.005391902539448 
0.005390617054269 
0.005389332525593 
0.005388048954061 
0.005386766340721 
0.005385484687031 
0.005384203994848 
0.005382924266426 
0.005381645504405 
0.005380367711812 
0.005379090892045 
0.005377815048866 
0.005376540186393 
0.005375266309088 
0.005373993421745 
0.005372721529478 
0.005371450637708 
0.005370180752150 
0.005368911878795 
0.005367644023901 
0.005366377193970 
0.005365111395736 
0.005363846636150 
0.005362582922357 
0.005361320261682 
0.005360058661611 
0.005358798129772 
0.005357538673918 
0.005356280301906 
0.005355023021680 
0.005353766841250 
0.005352511768673 
0.005351257812036 
0.005350004979434 
0.005348753278954 
0.005347502718655 
0.005346253306548 
0.005345005050580 
0.005343757958616 
0.005342512038420 
0.005341267297641 
0.005340023743793 
0.005338781384240 
0.005337540226182 
0.005336300276640 
0.005335061542438 
0.005333824030195 
0.005332587746307 
0.005331352696938 
0.005330118888005 
0.005328886325170 
0.005327655013829 
0.005326424959101 
0.005325196165821 
0.005323968638528 
0.005322742381463 
0.005321517398558 
0.005320293693432 
0.005319071269384 
0.005317850129390 
0.005316630276098 
0.005315411711823 
0.005314194438548 
0.005312978457918 
0.005311763771243 
0.005310550379492 
0.005309338283295 
0.005308127482943 
0.005306917978392 
0.005305709769257 
0.005304502854821 
0.005303297234033 
0.005302092905513 
0.005300889867552 
0.005299688118121 
0.005298487654869 
0.005297288475130 
0.005296090575931 
0.005294893953989 
0.005293698605726 
0.005292504527268 
0.005291311714450 
0.005290120162831 
0.005288929867691 
0.005287740824042 
0.005286553026636 
0.005285366469969 
0.005284181148292 
0.005282997055616 
0.005281814185721 
0.005280632532164 
0.005279452088288 
0.005278272847228 
0.005277094801921 
0.005275917945116 
0.005274742269379 
0.005273567767107 
0.005272394430531 
0.005271222251732 
0.005270051222644 
0.005268881335066 
0.005267712580672 
0.005266544951022 
0.005265378437565 
0.005264213031656 
0.005263048724565 
0.005261885507480 
0.005260723371526 
0.005259562307769 
0.005258402307228 
0.005257243360886 
0.005256085459696 
0.005254928594600 
0.005253772756528 
0.005252617936418 
0.005251464125220 
0.005250311313910 
0.005249159493498 
0.005248008655041 
0.005246858789652 
0.005245709888509 
0.005244561942867 
0.005243414944069 
0.005242268883557 
0.005241123752879 
0.005239979543701 
0.005238836247819 
0.005237693857169 
0.005236552363832 
0.005235411760051 
0.005234272038237 
0.005233133190981 
0.005231995211059 
0.005230858091449 
0.005229721825332 
0.005228586406108 
0.005227451827401 
0.005226318083071 
0.005225185167217 
0.005224053074192 
0.005222921798606 
0.005221791335334 
0.005220661679528 
0.005219532826617 
0.005218404772321 
0.005217277512650 
0.005216151043915 
0.005215025362732 
0.005213900466026 
0.005212776351038 
0.005211653015327 
0.005210530456772 
0.005209408673582 
0.005208287664289 
0.005207167427759 
0.005206047963187 
0.005204929270102 
0.005203811348365 
0.005202694198172 
0.005201577820048 
0.005200462214853 
0.005199347383773 
0.005198233328322 
0.005197120050338 
0.005196007551978 
0.005194895835715 
0.005193784904335 
0.005192674760928 
0.005191565408886 
0.005190456851893 
0.005189349093919 
0.005188242139217 
0.005187135992309 
0.005186030657980 
0.005184926141271 
0.005183822447467 
0.005182719582089 
0.005181617550885 
0.005180516359816 
0.005179416015050 
0.005178316522948 
0.005177217890052 
0.005176120123080 
0.005175023228904 
0.005173927214548 
0.005172832087171 
0.005171737854057 
0.005170644522600 
0.005169552100297 
0.005168460594731 
0.005167370013561 
0.005166280364512 
0.005165191655360 
0.005164103893921 
0.005163017088040 
0.005161931245580 
0.005160846374408 
0.005159762482389 
0.005158679577370 
0.005157597667171 
0.005156516759577 
0.005155436862325 
0.005154357983095 
0.005153280129503 
0.005152203309088 
0.005151127529305 
0.005150052797520 
0.005148979120994 
0.005147906506884 
0.005146834962231 
0.005145764493952 
0.005144695108840 
0.005143626813547 
0.005142559614590 
0.005141493518338 
0.005140428531008 
0.005139364658664 
0.005138301907207 
0.005137240282376 
0.005136179789742 
0.005135120434706 
0.005134062222495 
0.005133005158159 
0.005131949246569 
0.005130894492417 
0.005129840900213 
0.005128788474281 
0.005127737218762 
0.005126687137612 
0.005125638234598 
0.005124590513304 
0.005123543977125 
0.005122498629269 
0.005121454472760 
0.005120411510434 
0.005119369744943 
0.005118329178754 
0.005117289814152 
0.005116251653239 
0.005115214697936 
0.005114178949987 
0.005113144410956 
0.005112111082232 
0.005111078965031 
0.005110048060396 
0.005109018369199 
0.005107989892148 
0.005106962629782 
0.005105936582476 
0.005104911750448 
0.005103888133754 
0.005102865732295 
0.005101844545819 
0.005100824573922 
0.005099805816052 
0.005098788271512 
0.005097771939460 
0.005096756818916 
0.005095742908760 
0.005094730207737 
0.005093718714462 
0.005092708427418 
0.005091699344962 
0.005090691465326 
0.005089684786621 
0.005088679306839 
0.005087675023858 
0.005086671935439 
0.005085670039234 
0.005084669332789 
0.005083669813540 
0.005082671478826 
0.005081674325881 
0.005080678351844 
0.005079683553759 
0.005078689928577 
0.005077697473159 
0.005076706184281 
0.005075716058631 
0.005074727092816 
0.005073739283364 
0.005072752626725 
0.005071767119275 
0.005070782757314 
0.005069799537075 
0.005068817454722 
0.005067836506353 
0.005066856688002 
0.005065877995643 
0.005064900425191 
0.005063923972501 
0.005062948633378 
0.005061974403570 
0.005061001278777 
0.005060029254650 
0.005059058326793 
0.005058088490764 
0.005057119742082 
0.005056152076221 
0.005055185488620 
0.005054219974679 
0.005053255529763 
0.005052292149203 
0.005051329828301 
0.005050368562327 
0.005049408346523 
0.005048449176106 
0.005047491046267 
0.005046533952173 
0.005045577888972 
0.005044622851790 
0.005043668835736 
0.005042715835900 
0.005041763847358 
0.005040812865172 
0.005039862884391 
0.005038913900053 
0.005037965907186 
0.005037018900809 
0.005036072875935 
0.005035127827569 
0.005034183750712 
0.005033240640364 
0.005032298491519 
0.005031357299172 
0.005030417058317 
0.005029477763949 
0.005028539411066 
0.005027601994669 
0.005026665509762 
0.005025729951355 
0.005024795314465 
0.005023861594115 
0.005022928785336 
0.005021996883168 
0.005021065882661 
0.005020135778875 
0.005019206566883 
0.005018278241768 
0.005017350798628 
0.005016424232573 
0.005015498538728 
0.005014573712233 
0.005013649748244 
0.005012726641933 
0.005011804388489 
0.005010882983120 
0.005009962421049 
0.005009042697520 
0.005008123807797 
0.005007205747161 
0.005006288510915 
0.005005372094382 
0.005004456492907 
0.005003541701856 
0.005002627716615 
0.005001714532595 
0.005000802145228 
0.004999890549970 
0.004998979742299 
0.004998069717717 
0.004997160471750 
0.004996251999948 
0.004995344297886 
0.004994437361161 
0.004993531185398 
0.004992625766244 
0.004991721099372 
0.004990817180482 
0.004989914005297 
0.004989011569565 
0.004988109869063 
0.004987208899589 
0.004986308656970 
0.004985409137057 
0.004984510335728 
0.004983612248886 
0.004982714872459 
0.004981818202403 
0.004980922234697 
0.004980026965347 
0.004979132390386 
0.004978238505870 
0.004977345307882 
0.004976452792530 
0.004975560955948 
0.004974669794294 
0.004973779303752 
0.004972889480531 
0.004972000320864 
0.004971111821010 
0.004970223977250 
0.004969336785893 
0.004968450243268 
0.004967564345731 
0.004966679089660 
0.004965794471458 
0.004964910487550 
0.004964027134385 
0.004963144408434 
0.004962262306191 
0.004961380824172 
0.004960499958915 
0.004959619706981 
0.004958740064951 
0.004957861029427 
0.004956982597035 
0.004956104764417 
0.004955227528239 
0.004954350885185 
0.004953474831960 
0.004952599365288 
0.004951724481912 
0.004950850178593 
0.004949976452112 
0.004949103299267 
0.004948230716873 
0.004947358701765 
0.004946487250792 
0.004945616360821 
0.004944746028737 
0.004943876251438 
0.004943007025839 
0.004942138348871 
0.004941270217479 
0.004940402628621 
0.004939535579273 
0.004938669066421 
0.004937803087066 
0.004936937638223 
0.004936072716916 
0.004935208320185 
0.004934344445080 
0.004933481088663 
0.004932618248007 
0.004931755920195 
0.004930894102321 
0.004930032791488 
0.004929171984809 
0.004928311679407 
0.004927451872411 
0.004926592560961 
0.004925733742204 
0.004924875413292 
0.004924017571389 
0.004923160213660 
0.004922303337281 
0.004921446939431 
0.004920591017296 
0.004919735568065 
0.004918880588933 
0.004918026077099 
0.004917172029767 
0.004916318444141 
0.004915465317432 
0.004914612646850 
0.004913760429610 
0.004912908662927 
0.004912057344017 
0.004911206470100 
0.004910356038392 
0.004909506046112 
0.004908656490478 
0.004907807368708 
0.004906958678017 
0.004906110415621 
0.004905262578731 
0.004904415164559 
0.004903568170312 
0.004902721593193 
0.004901875430405 
0.004901029679143 
0.004900184336600 
0.004899339399964 
0.004898494866416 
0.004897650733134 
0.004896806997288 
0.004895963656042 
0.004895120706553 
0.004894278145970 
0.004893435971437 
0.004892594180087 
0.004891752769045 
0.004890911735427 
0.004890071076341 
0.004889230788884 
0.004888390870143 
0.004887551317193 
0.004886712127100 
0.004885873296916 
0.004885034823685 
0.004884196704434 
0.004883358936180 
0.004882521515926 
0.004881684440660 
0.004880847707358 
0.004880011312981 
0.004879175254473 
0.004878339528763 
0.004877504132767 
0.004876669063381 
0.004875834317485 
0.004874999891942 
0.004874165783598 
0.004873331989278 
0.004872498505792 
0.004871665329927 
0.004870832458453 
0.004869999888117 
0.004869167615648 
0.004868335637752 
0.004867503951114 
0.004866672552395 
0.004865841438236 
0.004865010605251 
0.004864180050034 
0.004863349769151 
0.004862519759146 
0.004861690016535 
0.004860860537809 
0.004860031319432 
0.004859202357840 
0.004858373649443 
0.004857545190621 
0.004856716977724 
0.004855889007075 
0.004855061274963 
0.004854233777650 
0.004853406511364 
0.004852579472299 
0.004851752656620 
0.004850926060455 
0.004850099679898 
0.004849273511011 
0.004848447549816 
0.004847621792300 
0.004846796234414 
0.004845970872069 
0.004845145701138 
0.004844320717454 
0.004843495916810 
0.004842671294956 
0.004841846847604 
0.004841022570417 
0.004840198459020 
0.004839374508988 
0.004838550715855 
0.004837727075105 
0.004836903582176 
0.004836080232456 
0.004835257021286 
0.004834433943954 
0.004833610995699 
0.004832788171703 
0.004831965467100 
0.004831142876964 
0.004830320396317 
0.004829498020121 
0.004828675743283 
0.004827853560648 
0.004827031467001 
0.004826209457066 
0.004825387525502 
0.004824565666907 
0.004823743875809 
0.004822922146672 
0.004822100473891 
0.004821278851791 
0.004820457274625 
0.004819635736574 
0.004818814231746 
0.004817992754170 
0.004817171297800 
0.004816349856512 
0.004815528424099 
0.004814706994273 
0.004813885560664 
0.004813064116813 
0.004812242656177 
0.004811421172121 
0.004810599657922 
0.004809778106762 
0.004808956511729 
0.004808134865814 
0.004807313161913 
0.004806491392815 
0.004805669551213 
0.004804847629692 
0.004804025620730 
0.004803203516697 
0.004802381309854 
0.004801558992345 
0.004800736556202 
0.004799913993337 
0.004799091295545 
0.004798268454494 
0.004797445461732 
0.004796622308678 
0.004795798986621 
0.004794975486720 
0.004794151799998 
0.004793327917341 
0.004792503829497 
0.004791679527072 
0.004790855000527 
0.004790030240177 
0.004789205236186 
0.004788379978567 
0.004787554457179 
0.004786728661723 
0.004785902581741 
0.004785076206613 
0.004784249525553 
0.004783422527609 
0.004782595201659 
0.004781767536410 
0.004780939520394 
0.004780111141965 
0.004779282389302 
0.004778453250399 
0.004777623713069 
0.004776793764941 
0.004775963393456 
0.004775132585868 
0.004774301329238 
0.004773469610440 
0.004772637416154 
0.004771804732866 
0.004770971546868 
0.004770137844259 
0.004769303610941 
0.004768468832624 
0.004767633494822 
0.004766797582856 
0.004765961081856 
0.004765123976758 
0.004764286252313 
0.004763447893085 
0.004762608883453 
0.004761769207619 
0.004760928849608 
0.004760087793277 
0.004759246022316 
0.004758403520259 
0.004757560270487 
0.004756716256241 
0.004755871460625 
0.004755025866623 
0.004754179457105 
0.004753332214839 
0.004752484122510 
0.004751635162728 
0.004750785318051 
0.004749934570996 
0.004749082904063 
0.004748230299754 
0.004747376740594 
0.004746522209158 
0.004745666688098 
0.004744810160166 
0.004743952608247 
0.004743094015396 
0.004742234364863 
0.004741373640136 
0.004740511824982 
0.004739648903481 
0.004738784860079 
0.004737919679626 
0.004737053347434 
0.004736185849320 
0.004735317171668 
0.004734447301484 
0.004733576226453 
0.004732703935006 
0.004731830416383 
0.004730955660701 
0.004730079659025 
0.004729202403441 
0.004728323887131 
0.004727444104448 
0.004726563051000 
0.004725680723724 
0.004724797120975 
0.004723912242605 
0.004723026090046 
0.004722138666399 
0.004721249976514 
0.004720360027077 
0.004719468826690 
0.004718576385954 
0.004717682717548 
0.004716787836308 
0.004715891759294 
0.004714994505867 
0.004714096097748 
0.004713196559082 
0.004712295916487 
0.004711394199106 
0.004710491438643 
0.004709587669395 
0.004708682928275 
0.004707777254828 
0.004706870691233 
0.004705963282294 
0.004705055075428 
0.004704146120633 
0.004703236470450 
0.004702326179910 
0.004701415306470 
0.004700503909943 
0.004699592052405 
0.004698679798101 
0.004697767213334 
0.004696854366346 
0.004695941327186 
0.004695028167573 
0.004694114960746 
0.004693201781309 
0.004692288705063 
0.004691375808842 
0.004690463170336 
0.004689550867914 
0.004688638980438 
0.004687727587087 
0.004686816767169 
0.004685906599940 
0.004684997164423 
0.004684088539231 
0.004683180802390 
0.004682274031174 
0.004681368301941 
0.004680463689972 
0.004679560269331 
0.004678658112715 
0.004677757291329 
0.004676857874757 
0.004675959930853 
0.004675063525639 
0.004674168723204 
0.004673275585628 
0.004672384172906 
0.004671494542883 
0.004670606751202 
0.004669720851262 
0.004668836894181 
0.004667954928770 
0.004667075001518 
0.004666197156584 
0.004665321435793 
0.004664447878644 
0.004663576522326 
0.004662707401731 
0.004661840549485 
0.004660975995977 
0.004660113769389 
0.004659253895745 
0.004658396398944 
0.004657541300814 
0.004656688621156 
0.004655838377801 
0.004654990586656 
0.004654145261768 
0.004653302415373 
0.004652462057959 
0.004651624198321 
0.004650788843621 
0.004649955999444 
0.004649125669863 
0.004648297857489 
0.004647472563535 
0.004646649787870 
0.004645829529078 
0.004645011784510 
0.004644196550340 
0.004643383821619 
0.004642573592328 
0.004641765855426 
0.004640960602900 
0.004640157825816 
0.004639357514364 
0.004638559657903 
0.004637764245006 
0.004636971263503 
0.004636180700521 
0.004635392542525 
0.004634606775358 
0.004633823384274 
0.004633042353978 
0.004632263668659 
0.004631487312025 
0.004630713267331 
0.004629941517414 
0.004629172044722 
0.004628404831340 
0.004627639859021 
0.004626877109210 
0.004626116563069 
0.004625358201504 
0.004624602005184 
0.004623847954567 
0.004623096029921 
0.004622346211344 
0.004621598478780 
0.004620852812045 
0.004620109190839 
0.004619367594767 
0.004618628003352 
0.004617890396054 
0.004617154752283 
0.004616421051415 
0.004615689272805 
0.004614959395799 
0.004614231399749 
0.004613505264023 
0.004612780968016 
0.004612058491165 
0.004611337812952 
0.004610618912922 
0.004609901770686 
0.004609186365933 
0.004608472678439 
0.004607760688073 
0.004607050374806 
0.004606341718716 
0.004605634700000 
0.004604929298974 
0.004604225496083 
0.004603523271907 
0.004602822607164 
0.004602123482718 
0.004601425879579 
0.004600729778915 
0.004600035162048 
0.004599342010465 
0.004598650305816 
0.004597960029921 
0.004597271164772 
0.004596583692535 
0.004595897595555 
0.004595212856356 
0.004594529457643 
0.004593847382307 
0.004593166613426 
0.004592487134262 
0.004591808928269 
0.004591131979090 
0.004590456270561 
0.004589781786708 
0.004589108511752 
0.004588436430107 
0.004587765526381 
0.004587095785377 
0.004586427192092 
0.004585759731719 
0.004585093389644 
0.004584428151449 
0.004583764002910 
0.004583100929996 
0.004582438918871 
0.004581777955890 
0.004581118027601 
0.004580459120744 
0.004579801222249 
0.004579144319233 
0.004578488399007 
0.004577833449063 
0.004577179457086 
0.004576526410939 
0.004575874298675 
0.004575223108526 
0.004574572828905 
0.004573923448406 
0.004573274955802 
0.004572627340039 
0.004571980590241 
0.004571334695705 
0.004570689645898 
0.004570045430459 
0.004569402039196 
0.004568759462080 
0.004568117689250 
0.004567476711007 
0.004566836517814 
0.004566197100291 
0.004565558449218 
0.004564920555531 
0.004564283410316 
0.004563647004815 
0.004563011330419 
0.004562376378665 
0.004561742141239 
0.004561108609969 
0.004560475776826 
0.004559843633923 
0.004559212173508 
0.004558581387969 
0.004557951269827 
0.004557321811735 
0.004556693006478 
0.004556064846971 
0.004555437326253 
0.004554810437489 
0.004554184173970 
0.004553558529104 
0.004552933496421 
0.004552309069570 
0.004551685242311 
0.004551062008524 
0.004550439362195 
0.004549817297425 
0.004549195808421 
0.004548574889498 
0.004547954535076 
0.004547334739676 
0.004546715497925 
0.004546096804545 
0.004545478654359 
0.004544861042285 
0.004544243963338 
0.004543627412623 
0.004543011385339 
0.004542395876774 
0.004541780882305 
0.004541166397394 
0.004540552417591 
0.004539938938526 
0.004539325955916 
0.004538713465555 
0.004538101463317 
0.004537489945155 
0.004536878907097 
0.004536268345247 
0.004535658255782 
0.004535048634951 
0.004534439479076 
0.004533830784544 
0.004533222547816 
0.004532614765416 
0.004532007433934 
0.004531400550025 
0.004530794110409 
0.004530188111865 
0.004529582551235 
0.004528977425420 
0.004528372731378 
0.004527768466126 
0.004527164626738 
0.004526561210340 
0.004525958214116 
0.004525355635300 
0.004524753471179 
0.004524151719090 
0.004523550376422 
0.004522949440612 
0.004522348909143 
0.004521748779548 
0.004521149049404 
0.004520549716334 
0.004519950778004 
0.004519352232126 
0.004518754076452 
0.004518156308775 
0.004517558926932 
0.004516961928798 
0.004516365312286 
0.004515769075349 
0.004515173215977 
0.004514577732196 
0.004513982622071 
0.004513387883698 
0.004512793515211 
0.004512199514775 
0.004511605880591 
0.004511012610892 
0.004510419703940 
0.004509827158030 
0.004509234971490 
0.004508643142673 
0.004508051669966 
0.004507460551781 
0.004506869786559 
0.004506279372771 
0.004505689308911 
0.004505099593501 
0.004504510225091 
0.004503921202253 
0.004503332523586 
0.004502744187711 
0.004502156193274 
0.004501568538945 
0.004500981223416 
0.004500394245401 
0.004499807603636 
0.004499221296879 
0.004498635323907 
0.004498049683519 
0.004497464374535 
0.004496879395793 
0.004496294746150 
0.004495710424483 
0.004495126429687 
0.004494542760674 
0.004493959416376 
0.004493376395740 
0.004492793697730 
0.004492211321330 
0.004491629265535 
0.004491047529360 
0.004490466111834 
0.004489885012000 
0.004489304228919 
0.004488723761665 
0.004488143609325 
0.004487563771002 
0.004486984245811 
0.004486405032883 
0.004485826131359 
0.004485247540396 
0.004484669259161 
0.004484091286836 
0.004483513622611 
0.004482936265693 
0.004482359215297 
0.004481782470651 
0.004481206030993 
0.004480629895573 
0.004480054063651 
0.004479478534498 
0.004478903307395 
0.004478328381634 
0.004477753756515 
0.004477179431348 
0.004476605405454 
0.004476031678163 
0.004475458248813 
0.004474885116750 
0.004474312281332 
0.004473739741924 
0.004473167497897 
0.004472595548633 
0.004472023893522 
0.004471452531962 
0.004470881463356 
0.004470310687117 
0.004469740202666 
0.004469170009430 
0.004468600106843 
0.004468030494347 
0.004467461171390 
0.004466892137427 
0.004466323391920 
0.004465754934338 
0.004465186764154 
0.004464618880849 
0.004464051283911 
0.004463483972831 
0.004462916947111 
0.004462350206253 
0.004461783749768 
0.004461217577171 
0.004460651687986 
0.004460086081737 
0.004459520757956 
0.004458955716182 
0.004458390955956 
0.004457826476826 
0.004457262278342 
0.004456698360064 
0.004456134721550 
0.004455571362369 
0.004455008282091 
0.004454445480291 
0.004453882956549 
0.004453320710448 
0.004452758741577 
0.004452197049527 
0.004451635633897 
0.004451074494285 
0.004450513630297 
0.004449953041541 
0.004449392727628 
0.004448832688175 
0.004448272922800 
0.004447713431129 
0.004447154212786 
0.004446595267402 
0.004446036594612 
0.004445478194052 
0.004444920065362 
0.004444362208187 
0.004443804622173 
0.004443247306970 
0.004442690262232 
0.004442133487615 
0.004441576982779 
0.004441020747386 
0.004440464781101 
0.004439909083593 
0.004439353654533 
0.004438798493594 
0.004438243600453 
0.004437688974791 
0.004437134616288 
0.004436580524630 
0.004436026699504 
0.004435473140600 
0.004434919847611 
0.004434366820232 
0.004433814058159 
0.004433261561094 
0.004432709328737 
0.004432157360795 
0.004431605656974 
0.004431054216983 
0.004430503040534 
0.004429952127341 
0.004429401477120 
0.004428851089589 
0.004428300964468 
0.004427751101480 
0.004427201500350 
0.004426652160804 
0.004426103082571 
0.004425554265382 
0.004425005708969 
0.004424457413068 
0.004423909377415 
0.004423361601748 
0.004422814085809 
0.004422266829339 
0.004421719832083 
0.004421173093787 
0.004420626614199 
0.004420080393068 
0.004419534430147 
0.004418988725188 
0.004418443277946 
0.004417898088178 
0.004417353155643 
0.004416808480100 
0.004416264061311 
0.004415719899040 
0.004415175993052 
0.004414632343113 
0.004414088948992 
0.004413545810458 
0.004413002927283 
0.004412460299240 
0.004411917926103 
0.004411375807648 
0.004410833943653 
0.004410292333896 
0.004409750978158 
0.004409209876222 
0.004408669027869 
0.004408128432886 
0.004407588091058 
0.004407048002173 
0.004406508166019 
0.004405968582388 
0.004405429251071 
0.004404890171861 
0.004404351344552 
0.004403812768941 
0.004403274444824 
0.004402736372000 
0.004402198550269 
0.004401660979431 
0.004401123659289 
0.004400586589646 
0.004400049770307 
0.004399513201078 
0.004398976881767 
0.004398440812182 
0.004397904992132 
0.004397369421429 
0.004396834099884 
0.004396299027312 
0.004395764203526 
0.004395229628342 
0.004394695301577 
0.004394161223048 
0.004393627392576 
0.004393093809980 
0.004392560475081 
0.004392027387703 
0.004391494547667 
0.004390961954800 
0.004390429608928 
0.004389897509875 
0.004389365657472 
0.004388834051547 
0.004388302691929 
0.004387771578450 
0.004387240710942 
0.004386710089239 
0.004386179713174 
0.004385649582582 
0.004385119697301 
0.004384590057167 
0.004384060662018 
0.004383531511694 
0.004383002606035 
0.004382473944882 
0.004381945528077 
0.004381417355464 
0.004380889426886 
0.004380361742189 
0.004379834301219 
0.004379307103822 
0.004378780149847 
0.004378253439142 
0.004377726971557 
0.004377200746943 
0.004376674765151 
0.004376149026034 
0.004375623529445 
0.004375098275239 
0.004374573263269 
0.004374048493393 
0.004373523965468 
0.004372999679350 
0.004372475634900 
0.004371951831975 
0.004371428270437 
0.004370904950146 
0.004370381870965 
0.004369859032756 
0.004369336435383 
0.004368814078711 
0.004368291962604 
0.004367770086929 
0.004367248451553 
0.004366727056343 
0.004366205901168 
0.004365684985897 
0.004365164310399 
0.004364643874547 
0.004364123678212 
0.004363603721265 
0.004363084003580 
0.004362564525031 
0.004362045285492 
0.004361526284839 
0.004361007522947 
0.004360488999695 
0.004359970714958 
0.004359452668616 
0.004358934860547 
0.004358417290632 
0.004357899958750 
0.004357382864782 
0.004356866008611 
0.004356349390119 
0.004355833009189 
0.004355316865704 
0.004354800959551 
0.004354285290613 
0.004353769858776 
0.004353254663928 
0.004352739705954 
0.004352224984744 
0.004351710500185 
0.004351196252167 
0.004350682240580 
0.004350168465313 
0.004349654926258 
0.004349141623306 
0.004348628556350 
0.004348115725283 
0.004347603129998 
0.004347090770389 
0.004346578646350 
0.004346066757778 
0.004345555104568 
0.004345043686615 
0.004344532503818 
0.004344021556074 
0.004343510843281 
0.004343000365338 
0.004342490122144 
0.004341980113598 
0.004341470339601 
0.004340960800055 
0.004340451494860 
0.004339942423919 
0.004339433587133 
0.004338924984406 
0.004338416615642 
0.004337908480745 
0.004337400579619 
0.004336892912168 
0.004336385478300 
0.004335878277920 
0.004335371310934 
0.004334864577249 
0.004334358076774 
0.004333851809416 
0.004333345775083 
0.004332839973685 
0.004332334405130 
0.004331829069330 
0.004331323966193 
0.004330819095631 
0.004330314457555 
0.004329810051877 
0.004329305878509 
0.004328801937363 
0.004328298228352 
0.004327794751390 
0.004327291506391 
0.004326788493267 
0.004326285711936 
0.004325783162310 
0.004325280844306 
0.004324778757839 
0.004324276902826 
0.004323775279183 
0.004323273886827 
0.004322772725676 
0.004322271795646 
0.004321771096657 
0.004321270628626 
0.004320770391473 
0.004320270385116 
0.004319770609475 
0.004319271064471 
0.004318771750021 
0.004318272666049 
0.004317773812474 
0.004317275189217 
0.004316776796200 
0.004316278633345 
0.004315780700573 
0.004315282997808 
0.004314785524972 
0.004314288281987 
0.004313791268778 
0.004313294485268 
0.004312797931381 
0.004312301607040 
0.004311805512171 
0.004311309646698 
0.004310814010546 
0.004310318603640 
0.004309823425906 
0.004309328477270 
0.004308833757657 
0.004308339266994 
0.004307845005207 
0.004307350972224 
0.004306857167971 
0.004306363592375 
0.004305870245364 
0.004305377126865 
0.004304884236807 
0.004304391575117 
0.004303899141723 
0.004303406936555 
0.004302914959541 
0.004302423210609 
0.004301931689690 
0.004301440396711 
0.004300949331603 
0.004300458494296 
0.004299967884718 
0.004299477502801 
0.004298987348474 
0.004298497421667 
0.004298007722312 
0.004297518250338 
0.004297029005676 
0.004296539988258 
0.004296051198015 
0.004295562634877 
0.004295074298777 
0.004294586189645 
0.004294098307413 
0.004293610652013 
0.004293123223376 
0.004292636021436 
0.004292149046123 
0.004291662297371 
0.004291175775110 
0.004290689479275 
0.004290203409797 
0.004289717566608 
0.004289231949642 
0.004288746558831 
0.004288261394109 
0.004287776455407 
0.004287291742659 
0.004286807255799 
0.004286322994759 
0.004285838959472 
0.004285355149872 
0.004284871565891 
0.004284388207464 
0.004283905074524 
0.004283422167004 
0.004282939484838 
0.004282457027959 
0.004281974796301 
0.004281492789797 
0.004281011008381 
0.004280529451987 
0.004280048120548 
0.004279567013999 
0.004279086132271 
0.004278605475301 
0.004278125043020 
0.004277644835364 
0.004277164852265 
0.004276685093657 
0.004276205559474 
0.004275726249650 
0.004275247164118 
0.004274768302813 
0.004274289665666 
0.004273811252614 
0.004273333063588 
0.004272855098522 
0.004272377357350 
0.004271899840006 
0.004271422546423 
0.004270945476534 
0.004270468630272 
0.004269992007572 
0.004269515608365 
0.004269039432587 
0.004268563480168 
0.004268087751044 
0.004267612245145 
0.004267136962407 
0.004266661902761 
0.004266187066140 
0.004265712452478 
0.004265238061706 
0.004264763893757 
0.004264289948564 
0.004263816226059 
0.004263342726175 
0.004262869448843 
0.004262396393996 
0.004261923561566 
0.004261450951484 
0.004260978563683 
0.004260506398094 
0.004260034454649 
0.004259562733280 
0.004259091233917 
0.004258619956492 
0.004258148900936 
0.004257678067180 
0.004257207455155 
0.004256737064792 
0.004256266896021 
0.004255796948773 
0.004255327222978 
0.004254857718566 
0.004254388435469 
0.004253919373614 
0.004253450532933 
0.004252981913355 
0.004252513514809 
0.004252045337225 
0.004251577380532 
0.004251109644659 
0.004250642129534 
0.004250174835088 
0.004249707761247 
0.004249240907942 
0.004248774275099 
0.004248307862646 
0.004247841670513 
0.004247375698626 
0.004246909946913 
0.004246444415302 
0.004245979103719 
0.004245514012092 
0.004245049140347 
0.004244584488411 
0.004244120056211 
0.004243655843673 
0.004243191850722 
0.004242728077285 
0.004242264523288 
0.004241801188655 
0.004241338073313 
0.004240875177186 
0.004240412500200 
0.004239950042278 
0.004239487803346 
0.004239025783328 
0.004238563982147 
0.004238102399728 
0.004237641035994 
0.004237179890870 
0.004236718964277 
0.004236258256139 
0.004235797766379 
0.004235337494920 
0.004234877441683 
0.004234417606592 
0.004233957989567 
0.004233498590531 
0.004233039409405 
0.004232580446111 
0.004232121700569 
0.004231663172700 
0.004231204862424 
0.004230746769663 
0.004230288894337 
0.004229831236364 
0.004229373795665 
0.004228916572159 
0.004228459565766 
0.004228002776403 
0.004227546203991 
0.004227089848448 
0.004226633709691 
0.004226177787638 
0.004225722082208 
0.004225266593318 
0.004224811320885 
0.004224356264826 
0.004223901425058 
0.004223446801498 
0.004222992394061 
0.004222538202664 
0.004222084227222 
0.004221630467652 
0.004221176923867 
0.004220723595785 
0.004220270483318 
0.004219817586382 
0.004219364904890 
0.004218912438758 
0.004218460187898 
0.004218008152225 
0.004217556331651 
0.004217104726090 
0.004216653335453 
0.004216202159655 
0.004215751198606 
0.004215300452220 
0.004214849920407 
0.004214399603079 
0.004213949500148 
0.004213499611524 
0.004213049937118 
0.004212600476840 
0.004212151230601 
0.004211702198310 
0.004211253379878 
0.004210804775214 
0.004210356384226 
0.004209908206824 
0.004209460242916 
0.004209012492411 
0.004208564955216 
0.004208117631241 
0.004207670520391 
0.004207223622575 
0.004206776937700 
0.004206330465672 
0.004205884206398 
0.004205438159784 
0.004204992325737 
0.004204546704162 
0.004204101294964 
0.004203656098050 
0.004203211113323 
0.004202766340689 
0.004202321780053 
0.004201877431318 
0.004201433294388 
0.004200989369167 
0.004200545655559 
0.004200102153466 
0.004199658862793 
0.004199215783441 
0.004198772915313 
0.004198330258311 
0.004197887812337 
0.004197445577292 
0.004197003553079 
0.004196561739599 
0.004196120136751 
0.004195678744438 
0.004195237562559 
0.004194796591015 
0.004194355829705 
0.004193915278529 
0.004193474937387 
0.004193034806178 
0.004192594884801 
0.004192155173154 
0.004191715671137 
0.004191276378646 
0.004190837295580 
0.004190398421838 
0.004189959757316 
0.004189521301911 
0.004189083055521 
0.004188645018042 
0.004188207189372 
0.004187769569405 
0.004187332158039 
0.004186894955168 
0.004186457960690 
0.004186021174498 
0.004185584596488 
0.004185148226556 
0.004184712064595 
0.004184276110500 
0.004183840364165 
0.004183404825485 
0.004182969494353 
0.004182534370662 
0.004182099454306 
0.004181664745178 
0.004181230243170 
0.004180795948176 
0.004180361860088 
0.004179927978797 
0.004179494304197 
0.004179060836178 
0.004178627574632 
0.004178194519451 
0.004177761670526 
0.004177329027747 
0.004176896591006 
0.004176464360193 
0.004176032335197 
0.004175600515910 
0.004175168902220 
0.004174737494019 
0.004174306291194 
0.004173875293637 
0.004173444501234 
0.004173013913876 
0.004172583531451 
0.004172153353848 
0.004171723380954 
0.004171293612658 
0.004170864048849 
0.004170434689412 
0.004170005534237 
0.004169576583211 
0.004169147836220 
0.004168719293152 
0.004168290953893 
0.004167862818330 
0.004167434886349 
0.004167007157838 
0.004166579632681 
0.004166152310765 
0.004165725191976 
0.004165298276199 
0.004164871563319 
0.004164445053222 
0.004164018745793 
0.004163592640916 
0.004163166738477 
0.004162741038361 
0.004162315540451 
0.004161890244631 
0.004161465150787 
0.004161040258802 
0.004160615568559 
0.004160191079943 
0.004159766792837 
0.004159342707124 
0.004158918822687 
0.004158495139411 
0.004158071657177 
0.004157648375868 
0.004157225295368 
0.004156802415558 
0.004156379736322 
0.004155957257540 
0.004155534979096 
0.004155112900872 
0.004154691022749 
0.004154269344609 
0.004153847866334 
0.004153426587805 
0.004153005508904 
0.004152584629512 
0.004152163949510 
0.004151743468779 
0.004151323187201 
0.004150903104655 
0.004150483221023 
0.004150063536186 
0.004149644050023 
0.004149224762416 
0.004148805673244 
0.004148386782388 
0.004147968089727 
0.004147549595143 
0.004147131298514 
0.004146713199721 
0.004146295298644 
0.004145877595161 
0.004145460089154 
0.004145042780500 
0.004144625669080 
0.004144208754773 
0.004143792037458 
0.004143375517014 
0.004142959193320 
0.004142543066256 
0.004142127135701 
0.004141711401532 
0.004141295863630 
0.004140880521873 
0.004140465376139 
0.004140050426308 
0.004139635672257 
0.004139221113866 
0.004138806751012 
0.004138392583575 
0.004137978611432 
0.004137564834462 
0.004137151252543 
0.004136737865554 
0.004136324673372 
0.004135911675876 
0.004135498872944 
0.004135086264453 
0.004134673850283 
0.004134261630310 
0.004133849604414 
0.004133437772471 
0.004133026134360 
0.004132614689958 
0.004132203439144 
0.004131792381796 
0.004131381517790 
0.004130970847006 
0.004130560369320 
0.004130150084610 
0.004129739992755 
0.004129330093632 
0.004128920387119 
0.004128510873093 
0.004128101551433 
0.004127692422015 
0.004127283484718 
0.004126874739420 
0.004126466185997 
0.004126057824329 
0.004125649654292 
0.004125241675764 
0.004124833888624 
0.004124426292748 
0.004124018888015 
0.004123611674303 
0.004123204651489 
0.004122797819451 
0.004122391178067 
0.004121984727215 
0.004121578466773 
0.004121172396619 
0.004120766516631 
0.004120360826686 
0.004119955326663 
0.004119550016440 
0.004119144895894 
0.004118739964905 
0.004118335223350 
0.004117930671108 
0.004117526308056 
0.004117122134073 
0.004116718149038 
0.004116314352829 
0.004115910745324 
0.004115507326401 
0.004115104095940 
0.004114701053819 
0.004114298199916 
0.004113895534111 
0.004113493056282 
0.004113090766308 
0.004112688664068 
0.004112286749441 
0.004111885022306 
0.004111483482541 
0.004111082130028 
0.004110680964643 
0.004110279986268 
0.004109879194780 
0.004109478590060 
0.004109078171988 
0.004108677940443 
0.004108277895304 
0.004107878036452 
0.004107478363766 
0.004107078877126 
0.004106679576413 
0.004106280461506 
0.004105881532287 
0.004105482788634 
0.004105084230429 
0.004104685857552 
0.004104287669883 
0.004103889667305 
0.004103491849696 
0.004103094216939 
0.004102696768914 
0.004102299505502 
0.004101902426585 
0.004101505532044 
0.004101108821760 
0.004100712295615 
0.004100315953491 
0.004099919795269 
0.004099523820831 
0.004099128030060 
0.004098732422837 
0.004098336999045 
0.004097941758566 
0.004097546701283 
0.004097151827077 
0.004096757135832 
0.004096362627432 
0.004095968301757 
0.004095574158693 
0.004095180198122 
0.004094786419927 
0.004094392823991 
0.004093999410200 
0.004093606178435 
0.004093213128582 
0.004092820260524 
0.004092427574145 
0.004092035069330 
0.004091642745963 
0.004091250603929 
0.004090858643112 
0.004090466863397 
0.004090075264669 
0.004089683846813 
0.004089292609716 
0.004088901553261 
0.004088510677335 
0.004088119981823 
0.004087729466611 
0.004087339131586 
0.004086948976633 
0.004086559001639 
0.004086169206490 
0.004085779591072 
0.004085390155274 
0.004085000898981 
0.004084611822081 
0.004084222924460 
0.004083834206007 
0.004083445666608 
0.004083057306153 
0.004082669124527 
0.004082281121621 
0.004081893297321 
0.004081505651516 
0.004081118184094 
0.004080730894945 
0.004080343783958 
0.004079956851020 
0.004079570096022 
0.004079183518853 
0.004078797119401 
0.004078410897558 
0.004078024853213 
0.004077638986255 
0.004077253296576 
0.004076867784065 
0.004076482448613 
0.004076097290111 
0.004075712308449 
0.004075327503519 
0.004074942875211 
0.004074558423418 
0.004074174148031 
0.004073790048941 
0.004073406126041 
0.004073022379222 
0.004072638808377 
0.004072255413399 
0.004071872194180 
0.004071489150612 
0.004071106282589 
0.004070723590004 
0.004070341072750 
0.004069958730721 
0.004069576563810 
0.004069194571912 
0.004068812754920 
0.004068431112728 
0.004068049645232 
0.004067668352325 
0.004067287233903 
0.004066906289860 
0.004066525520091 
0.004066144924492 
0.004065764502959 
0.004065384255386 
0.004065004181670 
0.004064624281707 
0.004064244555393 
0.004063865002625 
0.004063485623298 
0.004063106417310 
0.004062727384558 
0.004062348524939 
0.004061969838350 
0.004061591324689 
0.004061212983853 
0.004060834815741 
0.004060456820249 
0.004060078997277 
0.004059701346723 
0.004059323868485 
0.004058946562462 
0.004058569428554 
0.004058192466659 
0.004057815676676 
0.004057439058505 
0.004057062612047 
0.004056686337199 
0.004056310233863 
0.004055934301939 
0.004055558541328 
0.004055182951928 
0.004054807533643 
0.004054432286372 
0.004054057210016 
0.004053682304477 
0.004053307569656 
0.004052933005456 
0.004052558611777 
0.004052184388521 
0.004051810335592 
0.004051436452891 
0.004051062740320 
0.004050689197783 
0.004050315825182 
0.004049942622421 
0.004049569589402 
0.004049196726029 
0.004048824032206 
0.004048451507836 
0.004048079152823 
0.004047706967072 
0.004047334950486 
0.004046963102970 
0.004046591424429 
0.004046219914767 
0.004045848573889 
0.004045477401700 
0.004045106398107 
0.004044735563013 
0.004044364896325 
0.004043994397949 
0.004043624067790 
0.004043253905755 
0.004042883911750 
0.004042514085680 
0.004042144427454 
0.004041774936977 
0.004041405614157 
0.004041036458901 
0.004040667471115 
0.004040298650708 
0.004039929997586 
0.004039561511658 
0.004039193192831 
0.004038825041014 
0.004038457056115 
0.004038089238041 
0.004037721586702 
0.004037354102006 
0.004036986783862 
0.004036619632179 
0.004036252646866 
0.004035885827831 
0.004035519174986 
0.004035152688239 
0.004034786367499 
0.004034420212677 
0.004034054223683 
0.004033688400426 
0.004033322742818 
0.004032957250768 
0.004032591924186 
0.004032226762985 
0.004031861767074 
0.004031496936364 
0.004031132270767 
0.004030767770194 
0.004030403434556 
0.004030039263764 
0.004029675257731 
0.004029311416368 
0.004028947739587 
0.004028584227299 
0.004028220879418 
0.004027857695856 
0.004027494676524 
0.004027131821335 
0.004026769130202 
0.004026406603038 
0.004026044239756 
0.004025682040268 
0.004025320004489 
0.004024958132330 
0.004024596423705 
0.004024234878529 
0.004023873496714 
0.004023512278174 
0.004023151222823 
0.004022790330576 
0.004022429601345 
0.004022069035045 
0.004021708631591 
0.004021348390896 
0.004020988312876 
0.004020628397444 
0.004020268644516 
0.004019909054006 
0.004019549625829 
0.004019190359900 
0.004018831256134 
0.004018472314447 
0.004018113534753 
0.004017754916967 
0.004017396461006 
0.004017038166785 
0.004016680034219 
0.004016322063224 
0.004015964253716 
0.004015606605611 
0.004015249118824 
0.004014891793272 
0.004014534628871 
0.004014177625537 
0.004013820783186 
0.004013464101734 
0.004013107581098 
0.004012751221195 
0.004012395021941 
0.004012038983253 
0.004011683105047 
0.004011327387239 
0.004010971829748 
0.004010616432490 
0.004010261195381 
0.004009906118339 
0.004009551201281 
0.004009196444123 
0.004008841846784 
0.004008487409180 
0.004008133131229 
0.004007779012848 
0.004007425053954 
0.004007071254465 
0.004006717614299 
0.004006364133372 
0.004006010811603 
0.004005657648909 
0.004005304645207 
0.004004951800416 
0.004004599114454 
0.004004246587237 
0.004003894218684 
0.004003542008713 
0.004003189957241 
0.004002838064187 
0.004002486329469 
0.004002134753004 
0.004001783334710 
0.004001432074506 
0.004001080972309 
0.004000730028038 
0.004000379241611 
0.004000028612945 
0.003999678141959 
0.003999327828572 
0.003998977672701 
0.003998627674264 
0.003998277833180 
0.003997928149367 
0.003997578622743 
0.003997229253226 
0.003996880040734 
0.003996530985187 
0.003996182086501 
0.003995833344595 
0.003995484759388 
0.003995136330798 
0.003994788058742 
0.003994439943139 
0.003994091983908 
0.003993744180966 
0.003993396534231 
0.003993049043623 
0.003992701709058 
0.003992354530456 
0.003992007507734 
0.003991660640810 
0.003991313929603 
0.003990967374030 
0.003990620974010 
0.003990274729460 
0.003989928640299 
0.003989582706445 
0.003989236927816 
0.003988891304328 
0.003988545835902 
0.003988200522453 
0.003987855363900 
0.003987510360162 
0.003987165511155 
0.003986820816797 
0.003986476277006 
0.003986131891699 
0.003985787660795 
0.003985443584211 
0.003985099661863 
0.003984755893671 
0.003984412279550 
0.003984068819419 
0.003983725513194 
0.003983382360794 
0.003983039362134 
0.003982696517132 
0.003982353825706 
0.003982011287772 
0.003981668903248 
0.003981326672049 
0.003980984594094 
0.003980642669298 
0.003980300897578 
0.003979959278852 
0.003979617813035 
0.003979276500044 
0.003978935339795 
0.003978594332205 
0.003978253477191 
0.003977912774667 
0.003977572224551 
0.003977231826758 
0.003976891581204 
0.003976551487806 
0.003976211546478 
0.003975871757137 
0.003975532119698 
0.003975192634077 
0.003974853300189 
0.003974514117950 
0.003974175087274 
0.003973836208078 
0.003973497480275 
0.003973158903781 
0.003972820478511 
0.003972482204380 
0.003972144081302 
0.003971806109191 
0.003971468287963 
0.003971130617532 
0.003970793097811 
0.003970455728715 
0.003970118510159 
0.003969781442056 
0.003969444524319 
0.003969107756863 
0.003968771139601 
0.003968434672447 
0.003968098355314 
0.003967762188115 
0.003967426170764 
0.003967090303173 
0.003966754585256 
0.003966419016925 
0.003966083598092 
0.003965748328671 
0.003965413208574 
0.003965078237713 
0.003964743416000 
0.003964408743347 
0.003964074219666 
0.003963739844870 
0.003963405618869 
0.003963071541575 
0.003962737612900 
0.003962403832754 
0.003962070201049 
0.003961736717696 
0.003961403382606 
0.003961070195689 
0.003960737156856 
0.003960404266017 
0.003960071523083 
0.003959738927964 
0.003959406480569 
0.003959074180810 
0.003958742028594 
0.003958410023832 
0.003958078166433 
0.003957746456307 
0.003957414893363 
0.003957083477509 
0.003956752208654 
0.003956421086708 
0.003956090111578 
0.003955759283173 
0.003955428601400 
0.003955098066169 
0.003954767677387 
0.003954437434962 
0.003954107338800 
0.003953777388810 
0.003953447584900 
0.003953117926975 
0.003952788414942 
0.003952459048710 
0.003952129828184 
0.003951800753270 
0.003951471823875 
0.003951143039905 
0.003950814401265 
0.003950485907863 
0.003950157559602 
0.003949829356389 
0.003949501298129 
0.003949173384727 
0.003948845616088 
0.003948517992116 
0.003948190512716 
0.003947863177793 
0.003947535987250 
0.003947208940992 
0.003946882038923 
0.003946555280946 
0.003946228666964 
0.003945902196882 
0.003945575870602 
0.003945249688027 
0.003944923649060 
0.003944597753603 
0.003944272001559 
0.003943946392831 
0.003943620927320 
0.003943295604928 
0.003942970425557 
0.003942645389108 
0.003942320495483 
0.003941995744582 
0.003941671136308 
0.003941346670559 
0.003941022347238 
0.003940698166245 
0.003940374127479 
0.003940050230840 
0.003939726476230 
0.003939402863546 
0.003939079392689 
0.003938756063558 
0.003938432876052 
0.003938109830070 
0.003937786925510 
0.003937464162271 
0.003937141540252 
0.003936819059350 
0.003936496719463 
0.003936174520489 
0.003935852462326 
0.003935530544871 
0.003935208768021 
0.003934887131673 
0.003934565635724 
0.003934244280070 
0.003933923064607 
0.003933601989233 
0.003933281053842 
0.003932960258331 
0.003932639602596 
0.003932319086531 
0.003931998710031 
0.003931678472992 
0.003931358375309 
0.003931038416876 
0.003930718597588 
0.003930398917338 
0.003930079376021 
0.003929759973530 
0.003929440709760 
0.003929121584603 
0.003928802597953 
0.003928483749702 
0.003928165039745 
0.003927846467972 
0.003927528034277 
0.003927209738551 
0.003926891580688 
0.003926573560578 
0.003926255678113 
0.003925937933185 
0.003925620325684 
0.003925302855503 
0.003924985522531 
0.003924668326660 
0.003924351267778 
0.003924034345778 
0.003923717560549 
0.003923400911981 
0.003923084399963 
0.003922768024384 
0.003922451785135 
0.003922135682103 
0.003921819715178 
0.003921503884249 
0.003921188189203 
0.003920872629929 
0.003920557206316 
0.003920241918250 
0.003919926765619 
0.003919611748312 
0.003919296866214 
0.003918982119214 
0.003918667507197 
0.003918353030051 
0.003918038687662 
0.003917724479916 
0.003917410406699 
0.003917096467897 
0.003916782663396 
0.003916468993081 
0.003916155456838 
0.003915842054550 
0.003915528786104 
0.003915215651384 
0.003914902650274 
0.003914589782658 
0.003914277048421 
0.003913964447447 
0.003913651979618 
0.003913339644819 
0.003913027442933 
0.003912715373843 
0.003912403437432 
0.003912091633582 
0.003911779962176 
0.003911468423097 
0.003911157016225 
0.003910845741444 
0.003910534598636 
0.003910223587680 
0.003909912708460 
0.003909601960856 
0.003909291344748 
0.003908980860019 
0.003908670506548 
0.003908360284215 
0.003908050192902 
0.003907740232487 
0.003907430402851 
0.003907120703874 
0.003906811135434 
0.003906501697412 
0.003906192389685 
0.003905883212134 
0.003905574164636 
0.003905265247071 
0.003904956459316 
0.003904647801250 
0.003904339272751 
0.003904030873696 
0.003903722603963 
0.003903414463429 
0.003903106451972 
0.003902798569469 
0.003902490815796 
0.003902183190830 
0.003901875694448 
0.003901568326527 
0.003901261086941 
0.003900953975568 
0.003900646992282 
0.003900340136960 
0.003900033409477 
0.003899726809708 
0.003899420337528 
0.003899113992813 
0.003898807775436 
0.003898501685273 
0.003898195722198 
0.003897889886085 
0.003897584176807 
0.003897278594240 
0.003896973138257 
0.003896667808730 
0.003896362605534 
0.003896057528542 
0.003895752577626 
0.003895447752660 
0.003895143053516 
0.003894838480067 
0.003894534032185 
0.003894229709742 
0.003893925512611 
0.003893621440662 
0.003893317493768 
0.003893013671801 
0.003892709974631 
0.003892406402130 
0.003892102954169 
0.003891799630619 
0.003891496431350 
0.003891193356234 
0.003890890405140 
0.003890587577938 
0.003890284874500 
0.003889982294694 
0.003889679838391 
0.003889377505460 
0.003889075295770 
0.003888773209192 
0.003888471245593 
0.003888169404844 
0.003887867686813 
0.003887566091368 
0.003887264618379 
0.003886963267713 
0.003886662039239 
0.003886360932826 
0.003886059948340 
0.003885759085651 
0.003885458344624 
0.003885157725130 
0.003884857227033 
0.003884556850203 
0.003884256594505 
0.003883956459807 
0.003883656445976 
0.003883356552879 
0.003883056780381 
0.003882757128350 
0.003882457596651 
0.003882158185152 
0.003881858893717 
0.003881559722213 
0.003881260670506 
0.003880961738460 
0.003880662925943 
0.003880364232818 
0.003880065658951 
0.003879767204208 
0.003879468868453 
0.003879170651551 
0.003878872553366 
0.003878574573765 
0.003878276712610 
0.003877978969766 
0.003877681345097 
0.003877383838468 
0.003877086449743 
0.003876789178785 
0.003876492025458 
0.003876194989625 
0.003875898071151 
0.003875601269898 
0.003875304585730 
0.003875008018510 
0.003874711568101 
0.003874415234366 
0.003874119017167 
0.003873822916368 
0.003873526931830 
0.003873231063417 
0.003872935310991 
0.003872639674414 
0.003872344153548 
0.003872048748255 
0.003871753458397 
0.003871458283836 
0.003871163224434 
0.003870868280052 
0.003870573450552 
0.003870278735795 
0.003869984135643 
0.003869689649956 
0.003869395278596 
0.003869101021424 
0.003868806878301 
0.003868512849088 
0.003868218933644 
0.003867925131832 
0.003867631443511 
0.003867337868542 
0.003867044406785 
0.003866751058101 
0.003866457822349 
0.003866164699390 
0.003865871689084 
0.003865578791291 
0.003865286005870 
0.003864993332682 
0.003864700771585 
0.003864408322439 
0.003864115985105 
0.003863823759441 
0.003863531645307 
0.003863239642561 
0.003862947751064 
0.003862655970673 
0.003862364301249 
0.003862072742650 
0.003861781294735 
0.003861489957362 
0.003861198730391 
0.003860907613680 
0.003860616607088 
0.003860325710472 
0.003860034923692 
0.003859744246606 
0.003859453679071 
0.003859163220948 
0.003858872872092 
0.003858582632363 
0.003858292501619 
0.003858002479717 
0.003857712566515 
0.003857422761872 
0.003857133065645 
0.003856843477691 
0.003856553997868 
0.003856264626035 
0.003855975362047 
0.003855686205764 
0.003855397157041 
0.003855108215738 
0.003854819381710 
0.003854530654815 
0.003854242034911 
0.003853953521854 
0.003853665115502 
0.003853376815711 
0.003853088622339 
0.003852800535243 
0.003852512554279 
0.003852224679304 
0.003851936910175 
0.003851649246749 
0.003851361688883 
0.003851074236432 
0.003850786889255 
0.003850499647207 
0.003850212510145 
0.003849925477926 
0.003849638550405 
0.003849351727440 
0.003849065008886 
0.003848778394601 
0.003848491884440 
0.003848205478259 
0.003847919175916 
0.003847632977266 
0.003847346882165 
0.003847060890470 
0.003846775002036 
0.003846489216720 
0.003846203534378 
0.003845917954866 
0.003845632478040 
0.003845347103755 
0.003845061831868 
0.003844776662235 
0.003844491594712 
0.003844206629154 
0.003843921765417 
0.003843637003358 
0.003843352342832 
0.003843067783694 
0.003842783325802 
0.003842498969009 
0.003842214713173 
0.003841930558149 
0.003841646503792 
0.003841362549959 
0.003841078696505 
0.003840794943285 
0.003840511290156 
0.003840227736973 
0.003839944283591 
0.003839660929867 
0.003839377675655 
0.003839094520812 
0.003838811465194 
0.003838528508655 
0.003838245651051 
0.003837962892238 
0.003837680232072 
0.003837397670407 
0.003837115207101 
0.003836832842007 
0.003836550574982 
0.003836268405882 
0.003835986334562 
0.003835704360877 
0.003835422484683 
0.003835140705836 
0.003834859024191 
0.003834577439604 
0.003834295951930 
0.003834014561025 
0.003833733266745 
0.003833452068945 
0.003833170967481 
0.003832889962209 
0.003832609052983 
0.003832328239660 
0.003832047522096 
0.003831766900146 
0.003831486373665 
0.003831205942509 
0.003830925606535 
0.003830645365598 
0.003830365219553 
0.003830085168256 
0.003829805211564 
0.003829525349331 
0.003829245581414 
0.003828965907668 
0.003828686327949 
0.003828406842114 
0.003828127450018 
0.003827848151516 
0.003827568946465 
0.003827289834721 
0.003827010816140 
0.003826731890577 
0.003826453057889 
0.003826174317932 
0.003825895670561 
0.003825617115633 
0.003825338653004 
0.003825060282530 
0.003824782004068 
0.003824503817473 
0.003824225722601 
0.003823947719310 
0.003823669807454 
0.003823391986891 
0.003823114257478 
0.003822836619069 
0.003822559071522 
0.003822281614693 
0.003822004248438 
0.003821726972615 
0.003821449787079 
0.003821172691688 
0.003820895686297 
0.003820618770764 
0.003820341944946 
0.003820065208698 
0.003819788561878 
0.003819512004342 
0.003819235535948 
0.003818959156552 
0.003818682866012 
0.003818406664184 
0.003818130550925 
0.003817854526092 
0.003817578589543 
0.003817302741135 
0.003817026980724 
0.003816751308168 
0.003816475723325 
0.003816200226052 
0.003815924816205 
0.003815649493643 
0.003815374258224 
0.003815099109803 
0.003814824048240 
0.003814549073392 
0.003814274185116 
0.003813999383270 
0.003813724667712 
0.003813450038301 
0.003813175494892 
0.003812901037346 
0.003812626665519 
0.003812352379270 
0.003812078178456 
0.003811804062937 
0.003811530032570 
0.003811256087213 
0.003810982226725 
0.003810708450964 
0.003810434759789 
0.003810161153057 
0.003809887630629 
0.003809614192362 
0.003809340838114 
0.003809067567746 
0.003808794381115 
0.003808521278080 
0.003808248258500 
0.003807975322235 
0.003807702469143 
0.003807429699083 
0.003807157011915 
0.003806884407498 
0.003806611885691 
0.003806339446353 
0.003806067089344 
0.003805794814524 
0.003805522621751 
0.003805250510886 
0.003804978481788 
0.003804706534317 
0.003804434668333 
0.003804162883696 
0.003803891180265 
0.003803619557900 
0.003803348016463 
0.003803076555812 
0.003802805175809 
0.003802533876313 
0.003802262657185 
0.003801991518285 
0.003801720459474 
0.003801449480612 
0.003801178581560 
0.003800907762179 
0.003800637022329 
0.003800366361872 
0.003800095780668 
0.003799825278578 
0.003799554855464 
0.003799284511187 
0.003799014245607 
0.003798744058587 
0.003798473949987 
0.003798203919669 
0.003797933967495 
0.003797664093326 
0.003797394297024 
0.003797124578450 
0.003796854937467 
0.003796585373937 
0.003796315887721 
0.003796046478681 
0.003795777146680 
0.003795507891581 
0.003795238713244 
0.003794969611533 
0.003794700586310 
0.003794431637438 
0.003794162764780 
0.003793893968197 
0.003793625247553 
0.003793356602711 
0.003793088033534 
0.003792819539884 
0.003792551121625 
0.003792282778620 
0.003792014510733 
0.003791746317826 
0.003791478199764 
0.003791210156409 
0.003790942187626 
0.003790674293278 
0.003790406473228 
0.003790138727342 
0.003789871055482 
0.003789603457512 
0.003789335933298 
0.003789068482702 
0.003788801105590 
0.003788533801826 
0.003788266571274 
0.003787999413798 
0.003787732329264 
0.003787465317536 
0.003787198378479 
0.003786931511958 
0.003786664717837 
0.003786397995982 
0.003786131346259 
0.003785864768531 
0.003785598262666 
0.003785331828527 
0.003785065465981 
0.003784799174892 
0.003784532955128 
0.003784266806553 
0.003784000729034 
0.003783734722436 
0.003783468786626 
0.003783202921469 
0.003782937126831 
0.003782671402580 
0.003782405748582 
0.003782140164702 
0.003781874650808 
0.003781609206765 
0.003781343832442 
0.003781078527705 
0.003780813292420 
0.003780548126455 
0.003780283029677 
0.003780018001953 
0.003779753043151 
0.003779488153137 
0.003779223331779 
0.003778958578945 
0.003778693894503 
0.003778429278319 
0.003778164730263 
0.003777900250202 
0.003777635838003 
0.003777371493536 
0.003777107216668 
0.003776843007268 
0.003776578865203 
0.003776314790343 
0.003776050782557 
0.003775786841712 
0.003775522967677 
0.003775259160322 
0.003774995419515 
0.003774731745125 
0.003774468137022 
0.003774204595074 
0.003773941119152 
0.003773677709124 
0.003773414364859 
0.003773151086228 
0.003772887873101 
0.003772624725346 
0.003772361642834 
0.003772098625435 
0.003771835673018 
0.003771572785455 
0.003771309962614 
0.003771047204368 
0.003770784510585 
0.003770521881136 
0.003770259315893 
0.003769996814726 
0.003769734377505 
0.003769472004101 
0.003769209694386 
0.003768947448230 
0.003768685265506 
0.003768423146083 
0.003768161089833 
0.003767899096628 
0.003767637166339 
0.003767375298839 
0.003767113493998 
0.003766851751688 
0.003766590071782 
0.003766328454151 
0.003766066898667 
0.003765805405204 
0.003765543973632 
0.003765282603824 
0.003765021295653 
0.003764760048991 
0.003764498863712 
0.003764237739687 
0.003763976676790 
0.003763715674893 
0.003763454733869 
0.003763193853592 
0.003762933033935 
0.003762672274771 
0.003762411575974 
0.003762150937416 
0.003761890358972 
0.003761629840515 
0.003761369381920 
0.003761108983058 
0.003760848643806 
0.003760588364036 
0.003760328143623 
0.003760067982442 
0.003759807880365 
0.003759547837269 
0.003759287853026 
0.003759027927513 
0.003758768060603 
0.003758508252171 
0.003758248502092 
0.003757988810241 
0.003757729176493 
0.003757469600724 
0.003757210082807 
0.003756950622620 
0.003756691220036 
0.003756431874932 
0.003756172587183 
0.003755913356665 
0.003755654183253 
0.003755395066824 
0.003755136007252 
0.003754877004415 
0.003754618058189 
0.003754359168449 
0.003754100335071 
0.003753841557933 
0.003753582836910 
0.003753324171880 
0.003753065562718 
0.003752807009302 
0.003752548511508 
0.003752290069213 
0.003752031682294 
0.003751773350629 
0.003751515074094 
0.003751256852566 
0.003750998685923 
0.003750740574043 
0.003750482516803 
0.003750224514079 
0.003749966565751 
0.003749708671696 
0.003749450831792 
0.003749193045916 
0.003748935313946 
0.003748677635761 
0.003748420011240 
0.003748162440259 
0.003747904922697 
0.003747647458434 
0.003747390047347 
0.003747132689315 
0.003746875384216 
0.003746618131930 
0.003746360932335 
0.003746103785310 
0.003745846690735 
0.003745589648488 
0.003745332658448 
0.003745075720495 
0.003744818834508 
0.003744562000366 
0.003744305217950 
0.003744048487138 
0.003743791807810 
0.003743535179846 
0.003743278603126 
0.003743022077529 
0.003742765602936 
0.003742509179227 
0.003742252806281 
0.003741996483980 
0.003741740212203 
0.003741483990830 
0.003741227819743 
0.003740971698821 
0.003740715627946 
0.003740459606997 
0.003740203635857 
0.003739947714404 
0.003739691842522 
0.003739436020089 
0.003739180246988 
0.003738924523100 
0.003738668848306 
0.003738413222486 
0.003738157645524 
0.003737902117299 
0.003737646637693 
0.003737391206589 
0.003737135823867 
0.003736880489410 
0.003736625203098 
0.003736369964815 
0.003736114774442 
0.003735859631861 
0.003735604536954 
0.003735349489604 
0.003735094489692 
0.003734839537100 
0.003734584631712 
0.003734329773410 
0.003734074962075 
0.003733820197592 
0.003733565479842 
0.003733310808708 
0.003733056184072 
0.003732801605819 
0.003732547073830 
0.003732292587989 
0.003732038148178 
0.003731783754282 
0.003731529406182 
0.003731275103763 
0.003731020846907 
0.003730766635498 
0.003730512469419 
0.003730258348555 
0.003730004272788 
0.003729750242002 
0.003729496256081 
0.003729242314909 
0.003728988418369 
0.003728734566346 
0.003728480758722 
0.003728226995383 
0.003727973276213 
0.003727719601095 
0.003727465969914 
0.003727212382553 
0.003726958838898 
0.003726705338833 
0.003726451882242 
0.003726198469009 
0.003725945099020 
0.003725691772158 
0.003725438488309 
0.003725185247357 
0.003724932049187 
0.003724678893683 
0.003724425780731 
0.003724172710216 
0.003723919682022 
0.003723666696035 
0.003723413752140 
0.003723160850222 
0.003722907990166 
0.003722655171857 
0.003722402395181 
0.003722149660023 
0.003721896966268 
0.003721644313802 
0.003721391702511 
0.003721139132280 
0.003720886602995 
0.003720634114541 
0.003720381666803 
0.003720129259669 
0.003719876893024 
0.003719624566753 
0.003719372280742 
0.003719120034877 
0.003718867829045 
0.003718615663132 
0.003718363537023 
0.003718111450604 
0.003717859403762 
0.003717607396384 
0.003717355428354 
0.003717103499561 
0.003716851609889 
0.003716599759225 
0.003716347947457 
0.003716096174469 
0.003715844440149 
0.003715592744384 
0.003715341087059 
0.003715089468062 
0.003714837887279 
0.003714586344597 
0.003714334839903 
0.003714083373083 
0.003713831944024 
0.003713580552613 
0.003713329198738 
0.003713077882284 
0.003712826603139 
0.003712575361189 
0.003712324156323 
0.003712072988427 
0.003711821857387 
0.003711570763092 
0.003711319705427 
0.003711068684282 
0.003710817699541 
0.003710566751094 
0.003710315838827 
0.003710064962627 
0.003709814122382 
0.003709563317979 
0.003709312549305 
0.003709061816249 
0.003708811118696 
0.003708560456535 
0.003708309829654 
0.003708059237939 
0.003707808681278 
0.003707558159559 
0.003707307672669 
0.003707057220497 
0.003706806802928 
0.003706556419852 
0.003706306071156 
0.003706055756727 
0.003705805476453 
0.003705555230222 
0.003705305017922 
0.003705054839440 
0.003704804694664 
0.003704554583481 
0.003704304505780 
0.003704054461449 
0.003703804450375 
0.003703554472445 
0.003703304527549 
0.003703054615573 
0.003702804736406 
0.003702554889935 
0.003702305076048 
0.003702055294634 
0.003701805545579 
0.003701555828773 
0.003701306144102 
0.003701056491455 
0.003700806870720 
0.003700557281785 
0.003700307724537 
0.003700058198864 
0.003699808704655 
0.003699559241797 
0.003699309810179 
0.003699060409688 
0.003698811040212 
0.003698561701639 
0.003698312393857 
0.003698063116754 
0.003697813870219 
0.003697564654138 
0.003697315468400 
0.003697066312893 
0.003696817187504 
0.003696568092122 
0.003696319026635 
0.003696069990930 
0.003695820984896 
0.003695572008419 
0.003695323061389 
0.003695074143693 
0.003694825255218 
0.003694576395854 
0.003694327565487 
0.003694078764005 
0.003693829991296 
0.003693581247248 
0.003693332531749 
0.003693083844687 
0.003692835185949 
0.003692586555422 
0.003692337952996 
0.003692089378557 
0.003691840831993 
0.003691592313192 
0.003691343822041 
0.003691095358428 
0.003690846922240 
0.003690598513366 
0.003690350131692 
0.003690101777107 
0.003689853449497 
0.003689605148751 
0.003689356874755 
0.003689108627397 
0.003688860406564 
0.003688612212144 
0.003688364044024 
0.003688115902092 
0.003687867786234 
0.003687619696337 
0.003687371632290 
0.003687123593979 
0.003686875581291 
0.003686627594114 
0.003686379632334 
0.003686131695838 
0.003685883784514 
0.003685635898248 
0.003685388036927 
0.003685140200438 
0.003684892388668 
0.003684644601504 
0.003684396838832 
0.003684149100539 
0.003683901386511 
0.003683653696636 
0.003683406030799 
0.003683158388887 
0.003682910770787 
0.003682663176385 
0.003682415605567 
0.003682168058220 
0.003681920534229 
0.003681673033482 
0.003681425555863 
0.003681178101260 
0.003680930669557 
0.003680683260642 
0.003680435874400 
0.003680188510716 
0.003679941169477 
0.003679693850568 
0.003679446553875 
0.003679199279283 
0.003678952026679 
0.003678704795946 
0.003678457586971 
0.003678210399639 
0.003677963233836 
0.003677716089446 
0.003677468966354 
0.003677221864446 
0.003676974783606 
0.003676727723720 
0.003676480684672 
0.003676233666346 
0.003675986668629 
0.003675739691403 
0.003675492734554 
0.003675245797965 
0.003674998881522 
0.003674751985109 
0.003674505108609 
0.003674258251907 
0.003674011414887 
0.003673764597432 
0.003673517799427 
0.003673271020756 
0.003673024261300 
0.003672777520946 
0.003672530799575 
0.003672284097071 
0.003672037413318 
0.003671790748198 
0.003671544101595 
0.003671297473392 
0.003671050863471 
0.003670804271716 
0.003670557698008 
0.003670311142231 
0.003670064604267 
0.003669818083998 
0.003669571581307 
0.003669325096076 
0.003669078628186 
0.003668832177520 
0.003668585743959 
0.003668339327386 
0.003668092927681 
0.003667846544727 
0.003667600178404 
0.003667353828595 
0.003667107495179 
0.003666861178038 
0.003666614877052 
0.003666368592104 
0.003666122323072 
0.003665876069838 
0.003665629832283 
0.003665383610285 
0.003665137403726 
0.003664891212486 
0.003664645036443 
0.003664398875479 
0.003664152729472 
0.003663906598302 
0.003663660481849 
0.003663414379991 
0.003663168292608 
0.003662922219578 
0.003662676160780 
0.003662430116093 
0.003662184085395 
0.003661938068565 
0.003661692065480 
0.003661446076019 
0.003661200100060 
0.003660954137480 
0.003660708188157 
0.003660462251968 
0.003660216328790 
0.003659970418501 
0.003659724520977 
0.003659478636096 
0.003659232763733 
0.003658986903765 
0.003658741056069 
0.003658495220521 
0.003658249396996 
0.003658003585370 
0.003657757785518 
0.003657511997318 
0.003657266220642 
0.003657020455367 
0.003656774701367 
0.003656528958517 
0.003656283226691 
0.003656037505765 
0.003655791795611 
0.003655546096104 
0.003655300407118 
0.003655054728525 
0.003654809060201 
0.003654563402017 
0.003654317753846 
0.003654072115563 
0.003653826487038 
0.003653580868144 
0.003653335258754 
0.003653089658740 
0.003652844067973 
0.003652598486324 
0.003652352913666 
0.003652107349869 
0.003651861794805 
0.003651616248343 
0.003651370710354 
0.003651125180710 
0.003650879659278 
0.003650634145931 
0.003650388640536 
0.003650143142964 
0.003649897653083 
0.003649652170762 
0.003649406695871 
0.003649161228277 
0.003648915767849 
0.003648670314454 
0.003648424867961 
0.003648179428236 
0.003647933995148 
0.003647688568562 
0.003647443148346 
0.003647197734366 
0.003646952326489 
0.003646706924580 
0.003646461528505 
0.003646216138129 
0.003645970753318 
0.003645725373936 
0.003645479999849 
0.003645234630920 
0.003644989267014 
0.003644743907994 
0.003644498553724 
0.003644253204068 
0.003644007858888 
0.003643762518047 
0.003643517181407 
0.003643271848830 
0.003643026520179 
0.003642781195315 
0.003642535874099 
0.003642290556393 
0.003642045242056 
0.003641799930949 
0.003641554622933 
0.003641309317866 
0.003641064015609 
0.003640818716020 
0.003640573418959 
0.003640328124284 
0.003640082831853 
0.003639837541523 
0.003639592253153 
0.003639346966600 
0.003639101681720 
0.003638856398370 
0.003638611116406 
0.003638365835685 
0.003638120556061 
0.003637875277390 
0.003637629999527 
0.003637384722326 
0.003637139445641 
0.003636894169326 
0.003636648893235 
0.003636403617220 
0.003636158341135 
0.003635913064831 
0.003635667788161 
0.003635422510976 
0.003635177233127 
0.003634931954466 
0.003634686674842 
0.003634441394107 
0.003634196112108 
0.003633950828697 
0.003633705543721 
0.003633460257030 
0.003633214968471 
0.003632969677892 
0.003632724385140 
0.003632479090063 
0.003632233792506 
0.003631988492316 
0.003631743189339 
0.003631497883420 
0.003631252574403 
0.003631007262133 
0.003630761946454 
0.003630516627210 
0.003630271304243 
0.003630025977396 
0.003629780646511 
0.003629535311430 
0.003629289971995 
0.003629044628046 
0.003628799279423 
0.003628553925967 
0.003628308567517 
0.003628063203912 
0.003627817834990 
0.003627572460589 
0.003627327080547 
0.003627081694702 
0.003626836302888 
0.003626590904944 
0.003626345500703 
0.003626100090002 
0.003625854672674 
0.003625609248554 
0.003625363817476 
0.003625118379272 
0.003624872933774 
0.003624627480816 
0.003624382020228 
0.003624136551841 
0.003623891075486 
0.003623645590992 
0.003623400098189 
0.003623154596905 
0.003622909086969 
0.003622663568208 
0.003622418040449 
0.003622172503519 
0.003621926957243 
0.003621681401448 
0.003621435835957 
0.003621190260595 
0.003620944675185 
0.003620699079551 
0.003620453473514 
0.003620207856897 
0.003619962229520 
0.003619716591205 
0.003619470941771 
0.003619225281037 
0.003618979608822 
0.003618733924945 
0.003618488229221 
0.003618242521469 
0.003617996801504 
0.003617751069142 
0.003617505324197 
0.003617259566484 
0.003617013795815 
0.003616768012004 
0.003616522214863 
0.003616276404203 
0.003616030579834 
0.003615784741568 
0.003615538889212 
0.003615293022576 
0.003615047141467 
0.003614801245693 
0.003614555335059 
0.003614309409372 
0.003614063468437 
0.003613817512057 
0.003613571540036 
0.003613325552176 
0.003613079548281 
0.003612833528149 
0.003612587491583 
0.003612341438381 
0.003612095368343 
0.003611849281265 
0.003611603176946 
0.003611357055182 
0.003611110915768 
0.003610864758499 
0.003610618583168 
0.003610372389570 
0.003610126177495 
0.003609879946736 
0.003609633697082 
0.003609387428324 
0.003609141140250 
0.003608894832648 
0.003608648505305 
0.003608402158007 
0.003608155790540 
0.003607909402687 
0.003607662994231 
0.003607416564956 
0.003607170114643 
0.003606923643071 
0.003606677150022 
0.003606430635273 
0.003606184098603 
0.003605937539787 
0.003605690958602 
0.003605444354822 
0.003605197728221 
0.003604951078572 
0.003604704405646 
0.003604457709215 
0.003604210989047 
0.003603964244912 
0.003603717476577 
0.003603470683808 
0.003603223866372 
0.003602977024031 
0.003602730156550 
0.003602483263691 
0.003602236345214 
0.003601989400881 
0.003601742430448 
0.003601495433676 
0.003601248410319 
0.003601001360133 
0.003600754282872 
0.003600507178290 
0.003600260046139 
0.003600012886169 
0.003599765698129 
0.003599518481768 
0.003599271236833 
0.003599023963069 
0.003598776660222 
0.003598529328034 
0.003598281966248 
0.003598034574604 
0.003597787152842 
0.003597539700699 
0.003597292217914 
0.003597044704220 
0.003596797159353 
0.003596549583045 
0.003596301975027 
0.003596054335030 
0.003595806662783 
0.003595558958012 
0.003595311220444 
0.003595063449803 
0.003594815645811 
0.003594567808192 
0.003594319936664 
0.003594072030946 
0.003593824090755 
0.003593576115808 
0.003593328105817 
0.003593080060497 
0.003592831979557 
0.003592583862707 
0.003592335709655 
0.003592087520108 
0.003591839293770 
0.003591591030344 
0.003591342729531 
0.003591094391032 
0.003590846014544 
0.003590597599765 
0.003590349146388 
0.003590100654107 
0.003589852122613 
0.003589603551595 
0.003589354940742 
0.003589106289740 
0.003588857598272 
0.003588608866022 
0.003588360092669 
0.003588111277893 
0.003587862421370 
0.003587613522776 
0.003587364581784 
0.003587115598064 
0.003586866571287 
0.003586617501119 
0.003586368387225 
0.003586119229270 
0.003585870026915 
0.003585620779818 
0.003585371487637 
0.003585122150028 
0.003584872766643 
0.003584623337133 
0.003584373861148 
0.003584124338333 
0.003583874768335 
0.003583625150794 
0.003583375485351 
0.003583125771645 
0.003582876009310 
0.003582626197979 
0.003582376337285 
0.003582126426856 
0.003581876466318 
0.003581626455295 
0.003581376393409 
0.003581126280279 
0.003580876115522 
0.003580625898752 
0.003580375629581 
0.003580125307617 
0.003579874932469 
0.003579624503739 
0.003579374021030 
0.003579123483940 
0.003578872892066 
0.003578622245000 
0.003578371542335 
0.003578120783659 
0.003577869968555 
0.003577619096608 
0.003577368167397 
0.003577117180499 
0.003576866135487 
0.003576615031934 
0.003576363869406 
0.003576112647470 
0.003575861365687 
0.003575610023617 
0.003575358620816 
0.003575107156837 
0.003574855631229 
0.003574604043539 
0.003574352393312 
0.003574100680086 
0.003573848903399 
0.003573597062785 
0.003573345157774 
0.003573093187893 
0.003572841152666 
0.003572589051612 
0.003572336884249 
0.003572084650088 
0.003571832348641 
0.003571579979412 
0.003571327541904 
0.003571075035616 
0.003570822460042 
0.003570569814674 
0.003570317098999 
0.003570064312499 
0.003569811454656 
0.003569558524943 
0.003569305522834 
0.003569052447795 
0.003568799299290 
0.003568546076778 
0.003568292779715 
0.003568039407552 
0.003567785959734 
0.003567532435706 
0.003567278834904 
0.003567025156763 
0.003566771400712 
0.003566517566175 
0.003566263652572 
0.003566009659320 
0.003565755585828 
0.003565501431503 
0.003565247195746 
0.003564992877954 
0.003564738477519 
0.003564483993826 
0.003564229426258 
0.003563974774191 
0.003563720036996 
0.003563465214040 
0.003563210304684 
0.003562955308283 
0.003562700224188 
0.003562445051743 
0.003562189790288 
0.003561934439156 
0.003561678997676 
0.003561423465170 
0.003561167840954 
0.003560912124339 
0.003560656314630 
0.003560400411125 
0.003560144413118 
0.003559888319895 
0.003559632130735 
0.003559375844914 
0.003559119461699 
0.003558862980350 
0.003558606400123 
0.003558349720265 
0.003558092940018 
0.003557836058615 
0.003557579075286 
0.003557321989249 
0.003557064799719 
0.003556807505902 
0.003556550106997 
0.003556292602195 
0.003556034990682 
0.003555777271633 
0.003555519444219 
0.003555261507600 
0.003555003460929 
0.003554745303354 
0.003554487034010 
0.003554228652028 
0.003553970156529 
0.003553711546625 
0.003553452821421 
0.003553193980013 
0.003552935021488 
0.003552675944923 
0.003552416749388 
0.003552157433944 
0.003551897997641 
0.003551638439521 
0.003551378758617 
0.003551118953950 
0.003550859024535 
0.003550598969374 
0.003550338787459 
0.003550078477776 
0.003549818039295 
0.003549557470981 
0.003549296771783 
0.003549035940645 
0.003548774976495 
0.003548513878254 
0.003548252644830 
0.003547991275119 
0.003547729768008 
0.003547468122369 
0.003547206337065 
0.003546944410947 
0.003546682342851 
0.003546420131604 
0.003546157776019 
0.003545895274896 
0.003545632627023 
0.003545369831174 
0.003545106886111 
0.003544843790582 
0.003544580543320 
0.003544317143047 
0.003544053588468 
0.003543789878277 
0.003543526011149 
0.003543261985750 
0.003542997800726 
0.003542733454711 
0.003542468946322 
0.003542204274161 
0.003541939436815 
0.003541674432854 
0.003541409260831 
0.003541143919284 
0.003540878406734 
0.003540612721684 
0.003540346862620 
0.003540080828010 
0.003539814616305 
0.003539548225938 
0.003539281655323 
0.003539014902855 
0.003538747966909 
0.003538480845844 
0.003538213537996 
0.003537946041682 
0.003537678355201 
0.003537410476828 
0.003537142404818 
0.003536874137407 
0.003536605672807 
0.003536337009208 
0.003536068144780 
0.003535799077668 
0.003535529805994 
0.003535260327858 
0.003534990641337 
0.003534720744480 
0.003534450635315 
0.003534180311845 
0.003533909772044 
0.003533639013864 
0.003533368035230 
0.003533096834038 
0.003532825408159 
0.003532553755437 
0.003532281873687 
0.003532009760693 
0.003531737414215 
0.003531464831979 
0.003531192011684 
0.003530918950997 
0.003530645647554 
0.003530372098960 
0.003530098302788 
0.003529824256577 
0.003529549957835 
0.003529275404033 
0.003529000592612 
0.003528725520973 
0.003528450186487 
0.003528174586483 
0.003527898718259 
0.003527622579070 
0.003527346166136 
0.003527069476639 
0.003526792507718 
0.003526515256477 
0.003526237719973 
0.003525959895227 
0.003525681779214 
0.003525403368868 
0.003525124661077 
0.003524845652688 
0.003524566340499 
0.003524286721263 
0.003524006791687 
0.003523726548429 
0.003523445988099 
0.003523165107256 
0.003522883902411 
0.003522602370022 
0.003522320506495 
0.003522038308183 
0.003521755771385 
0.003521472892344 
0.003521189667249 
0.003520906092229 
0.003520622163357 
0.003520337876648 
0.003520053228053 
0.003519768213466 
0.003519482828715 
0.003519197069568 
0.003518910931727 
0.003518624410827 
0.003518337502439 
0.003518050202063 
0.003517762505133 
0.003517474407011 
0.003517185902987 
0.003516896988279 
0.003516607658030 
0.003516317907311 
0.003516027731112 
0.003515737124348 
0.003515446081854 
0.003515154598385 
0.003514862668613 
0.003514570287129 
0.003514277448436 
0.003513984146956 
