1.000000000000000 
0.041135195413215 
0.033980246880850 
0.033435927515835 
0.033217017858905 
0.033062134744622 
0.032923977949559 
0.032787552319212 
0.032646615298970 
0.032498082980490 
0.032340263455686 
0.032172195125046 
0.031993368914130 
0.031803601855413 
0.031602975227188 
0.031391800501410 
0.031170595699108 
0.030940063364594 
0.030701066120680 
0.030454599040395 
0.030201760432236 
0.029943723902511 
0.029681714443136 
0.029416989862765 
0.029150826753360 
0.028884508376114 
0.028619311270793 
0.028356488295045 
0.028097247602888 
0.027842728773698 
0.027593978183124 
0.027351925710369 
0.027117364449678 
0.026890934750457 
0.026673113888599 
0.026464212821802 
0.026264381370242 
0.026073622365748 
0.025891813766015 
0.025718735903876 
0.025554099739832 
0.025397571887272 
0.025248793413147 
0.025107391473326 
0.024972984877815 
0.024845185974753 
0.024723601489739 
0.024607834293801 
0.024497486924671 
0.024392166567910 
0.024291490523022 
0.024195091084331 
0.024102619130029 
0.024013746249296 
0.023928165675190 
0.023845592492440 
0.023765763567065 
0.023688437496045 
0.023613394698293 
0.023540437612127 
0.023469390831908 
0.023400100905228 
0.023332435457830 
0.023266281389207 
0.023201542131218 
0.023138134317518 
0.023075984493162 
0.023015026525925 
0.022955200129029 
0.022896450498312 
0.022838728697533 
0.022781992231699 
0.022726205267865 
0.022671338152224 
0.022617366144303 
0.022564267546910 
0.022512021576141 
0.022460606353925 
0.022409997330831 
0.022360166309406 
0.022311081096180 
0.022262705705036 
0.022215000981072 
0.022167925505918 
0.022121436665447 
0.022075491790989 
0.022030049312365 
0.021985069878195 
0.021940517404533 
0.021896360009263 
0.021852570782157 
0.021809128335315 
0.021766017082175 
0.021723227209147 
0.021680754332326 
0.021638598867867 
0.021596765180473 
0.021555260601090 
0.021514094415823 
0.021473276921400 
0.021432818621159 
0.021392729605701 
0.021353019130936 
0.021313695379089 
0.021274765368716 
0.021236234969300 
0.021198108974129 
0.021160391190303 
0.021123084514885 
0.021086190978829 
0.021049711753034 
0.021013647121477 
0.020977996433566 
0.020942758050852 
0.020907929302639 
0.020873506461584 
0.020839484745692 
0.020805858348175 
0.020772620492685 
0.020739763508719 
0.020707278920742 
0.020675157544529 
0.020643389585054 
0.020611964731566 
0.020580872247003 
0.020550101050337 
0.020519639791806 
0.020489476922022 
0.020459600756880 
0.020429999540827 
0.020400661511516 
0.020371574969098 
0.020342728353300 
0.020314110331009 
0.020285709896046 
0.020257516481290 
0.020229520081038 
0.020201711378810 
0.020174081872912 
0.020146623989573 
0.020119331172141 
0.020092197935314 
0.020065219876064 
0.020038393637701 
0.020011716829478 
0.019985187912234 
0.019958806051819 
0.019932570976852 
0.019906482832322 
0.019880542050701 
0.019854749244503 
0.019829105122133 
0.019803610425357 
0.019778265884570 
0.019753072187198 
0.019728029954813 
0.019703139725403 
0.019678401938375 
0.019653816920955 
0.019629384875488 
0.019605105867744 
0.019580979816595 
0.019557006485537 
0.019533185476420 
0.019509516225623 
0.019485998002720 
0.019462629911514 
0.019439410893190 
0.019416339731242 
0.019393415057812 
0.019370635361023 
0.019347998992951 
0.019325504177910 
0.019303149020745 
0.019280931514911 
0.019258849550158 
0.019236900919668 
0.019215083326553 
0.019193394389637 
0.019171831648484 
0.019150392567631 
0.019129074540016 
0.019107874889591 
0.019086790873101 
0.019065819681038 
0.019044958437738 
0.019024204200614 
0.019003553958492 
0.018983004629026 
0.018962553055130 
0.018942196000385 
0.018921930143358 
0.018901752070745 
0.018881658269262 
0.018861645116193 
0.018841708868488 
0.018821845650329 
0.018802051439042 
0.018782322049305 
0.018762653115573 
0.018743040072705 
0.018723478134856 
0.018703962272764 
0.018684487189713 
0.018665047296637 
0.018645636687096 
0.018626249113164 
0.018606877963727 
0.018587516247223 
0.018568156581483 
0.018548791194109 
0.018529411937582 
0.018510010324088 
0.018490577585600 
0.018471104765022 
0.018451582843713 
0.018432002909343 
0.018412356365375 
0.018392635179371 
0.018372832161858 
0.018352941261142 
0.018332957853216 
0.018312879001073 
0.018292703655949 
0.018272432775509 
0.018252069341107 
0.018231618267306 
0.018211086209765 
0.018190481289785 
0.018169812762665 
0.018149090660944 
0.018128325442338 
0.018107527666755 
0.018086707718955 
0.018065875585223 
0.018045040685215 
0.018024211754891 
0.018003396773325 
0.017982602924837 
0.017961836587969 
0.017941103343703 
0.017920407996585 
0.017899754603765 
0.017879146508179 
0.017858586373159 
0.017838076216523 
0.017817617442851 
0.017797210873042 
0.017776856770586 
0.017756554864179 
0.017736304366435 
0.017716103988566 
0.017695951950910 
0.017675845989276 
0.017655783357042 
0.017635760822970 
0.017615774664713 
0.017595820657955 
0.017575894061129 
0.017555989595645 
0.017536101421529 
0.017516223108355 
0.017496347601342 
0.017476467182457 
0.017456573426390 
0.017436657151339 
0.017416708364706 
0.017396716204259 
0.017376668876100 
0.017356553592358 
0.017336356514270 
0.017316062710963 
0.017295656151851 
0.017275119762369 
0.017254435590092 
0.017233585152034 
0.017212550062870 
0.017191313072115 
0.017169859651231 
0.017148180241129 
0.017126273156062 
0.017104147903670 
0.017081828329829 
0.017059354640755 
0.017036783227162 
0.017014183569940 
0.016991632381399 
0.016969206177191 
0.016946974092767 
0.016924992580217 
0.016903302797876 
0.016881930554601 
0.016860888050898 
0.016840176503946 
0.016819788916887 
0.016799712543338 
0.016779930857401 
0.016760425010520 
0.016741174842921 
0.016722159545636 
0.016703358065735 
0.016684749330955 
0.016666312350738 
0.016648026233654 
0.016629870147752 
0.016611823240791 
0.016593864531195 
0.016575972777950 
0.016558126338900 
0.016540303033423 
0.016522480039630 
0.016504633882158 
0.016486740609103 
0.016468776319927 
0.016450718286904 
0.016432546985651 
0.016414249344384 
0.016395823300627 
0.016377283157574 
0.016358664259803 
0.016340024621662 
0.016321441299993 
0.016303001180348 
0.016284788657156 
0.016266874356834 
0.016249308245606 
0.016232118025716 
0.016215311577762 
0.016198881422434 
0.016182809514141 
0.016167071410199 
0.016151639476634 
0.016136485149067 
0.016121580414246 
0.016106898706102 
0.016092415387494 
0.016078107952037 
0.016063956045081 
0.016049941374114 
0.016036047557061 
0.016022259941086 
0.016008565413278 
0.015994952216775 
0.015981409780647 
0.015967928568278 
0.015954499946721 
0.015941116077972 
0.015927769832150 
0.015914454721878 
0.015901164856579 
0.015887894914891 
0.015874640132795 
0.015861396304445 
0.015848159791959 
0.015834927539850 
0.015821697089262 
0.015808466586998 
0.015795234784561 
0.015782001023157 
0.015768765201867 
0.015755527727837 
0.015742289449223 
0.015729051573494 
0.015715815575188 
0.015702583098235 
0.015689355858266 
0.015676135549993 
0.015662923763833 
0.015649721914725 
0.015636531184686 
0.015623352479340 
0.015610186397599 
0.015597033212845 
0.015583892863504 
0.015570764950717 
0.015557648740823 
0.015544543170550 
0.015531446853062 
0.015518358083297 
0.015505274841314 
0.015492194792559 
0.015479115284201 
0.015466033336764 
0.015452945630364 
0.015439848484896 
0.015426737833453 
0.015413609188226 
0.015400457598016 
0.015387277596406 
0.015374063139530 
0.015360807532328 
0.015347503342235 
0.015334142299458 
0.015320715183602 
0.015307211697542 
0.015293620331558 
0.015279928224462 
0.015266121034565 
0.015252182843331 
0.015238096130000 
0.015223841878520 
0.015209399910262 
0.015194749576514 
0.015179870986640 
0.015164746971483 
0.015149365947019 
0.015133725689587 
0.015117837701333 
0.015101731340228 
0.015085456382221 
0.015069082535981 
0.015052695015562 
0.015036386588767 
0.015020247945910 
0.015004358898889 
0.014988782417022 
0.014973562239630 
0.014958723579050 
0.014944275784840 
0.014930215815186 
0.014916531683880 
0.014903205437436 
0.014890215512576 
0.014877538495753 
0.014865150380128 
0.014853027431164 
0.014841146760696 
0.014829486689478 
0.014818026958574 
0.014806748833857 
0.014795635135652 
0.014784670216693 
0.014773839905256 
0.014763131425742 
0.014752533305745 
0.014742035276178 
0.014731628169245 
0.014721303817655 
0.014711054957443 
0.014700875135948 
0.014690758625901 
0.014680700346129 
0.014670695789023 
0.014660740954700 
0.014650832291617 
0.014640966643276 
0.014631141200600 
0.014621353459535 
0.014611601183393 
0.014601882369500 
0.014592195219689 
0.014582538114237 
0.014572909588847 
0.014563308314330 
0.014553733078657 
0.014544182771096 
0.014534656368159 
0.014525152921144 
0.014515671545044 
0.014506211408649 
0.014496771725672 
0.014487351746761 
0.014477950752262 
0.014468568045628 
0.014459202947379 
0.014449854789528 
0.014440522910409 
0.014431206649846 
0.014421905344631 
0.014412618324272 
0.014403344907009 
0.014394084396100 
0.014384836076390 
0.014375599211223 
0.014366373039762 
0.014357156774804 
0.014347949601231 
0.014338750675252 
0.014329559124635 
0.014320374050162 
0.014311194528563 
0.014302019617234 
0.014292848361010 
0.014283679801304 
0.014274512987828 
0.014265346993069 
0.014256180929532 
0.014247013969597 
0.014237845367579 
0.014228674483323 
0.014219500806327 
0.014210323979154 
0.014201143818613 
0.014191960333103 
0.014182773734540 
0.014173584443523 
0.014164393086774 
0.014155200486506 
0.014146007641977 
0.014136815704206 
0.014127625945371 
0.014118439724811 
0.014109258453766 
0.014100083560882 
0.014090916460292 
0.014081758523639 
0.014072611056940 
0.014063475282718 
0.014054352327350 
0.014045243213306 
0.014036148855668 
0.014027070062217 
0.014018007536339 
0.014008961882012 
0.013999933610222 
0.013990923146256 
0.013981930837411 
0.013972956960774 
0.013964001730811 
0.013955065306596 
0.013946147798552 
0.013937249274658 
0.013928369766084 
0.013919509272250 
0.013910667765357 
0.013901845194386 
0.013893041488629 
0.013884256560789 
0.013875490309679 
0.013866742622585 
0.013858013377311 
0.013849302443945 
0.013840609686399 
0.013831934963724 
0.013823278131244 
0.013814639041536 
0.013806017545263 
0.013797413491882 
0.013788826730257 
0.013780257109172 
0.013771704477764 
0.013763168685894 
0.013754649584447 
0.013746147025593 
0.013737660862997 
0.013729190951984 
0.013720737149687 
0.013712299315152 
0.013703877309424 
0.013695470995616 
0.013687080238953 
0.013678704906808 
0.013670344868722 
0.013661999996412 
0.013653670163775 
0.013645355246883 
0.013637055123968 
0.013628769675413 
0.013620498783727 
0.013612242333523 
0.013604000211501 
0.013595772306415 
0.013587558509055 
0.013579358712212 
0.013571172810662 
0.013563000701134 
0.013554842282286 
0.013546697454684 
0.013538566120775 
0.013530448184868 
0.013522343553114 
0.013514252133483 
0.013506173835749 
0.013498108571473 
0.013490056253987 
0.013482016798381 
0.013473990121487 
0.013465976141873 
0.013457974779828 
0.013449985957353 
0.013442009598157 
0.013434045627644 
0.013426093972909 
0.013418154562734 
0.013410227327578 
0.013402312199578 
0.013394409112540 
0.013386518001935 
0.013378638804898 
0.013370771460225 
0.013362915908363 
0.013355072091412 
0.013347239953120 
0.013339419438878 
0.013331610495715 
0.013323813072294 
0.013316027118908 
0.013308252587474 
0.013300489431528 
0.013292737606217 
