4456.983159 
3782.255009 
3367.071857 
3067.249438 
2833.409569 
2642.371318 
2481.381045 
2342.692956 
2221.273347 
2113.686564 
2017.498674 
1930.933025 
1852.658581 
1781.652993 
1717.110324 
1658.377101 
1604.907412 
1556.231564 
1511.934681 
1471.642684 
1435.013585 
1401.732430 
1371.508525 
1344.073931 
1319.182499 
1296.609011 
1276.148201 
1257.613564 
1240.835989 
1225.662266 
1211.953561 
1199.583914 
1188.438832 
1178.414013 
1169.414213 
1161.352266 
1154.148251 
1147.728781 
1142.026414 
1136.979146 
1132.529980 
1128.626554 
1125.220803 
1122.268660 
1119.729767 
1117.567220 
1115.747305 
1114.239263 
1113.015056 
1112.049141 
1111.318263 
1110.801251 
1110.478832 
1110.333455 
1110.349132 
1110.511290 
1110.806636 
1111.223041 
1111.749432 
1112.375693 
1113.092581 
1113.891651 
1114.765180 
1115.706108 
1116.707973 
1117.764863 
1118.871357 
1120.022479 
1121.213651 
1122.440650 
1123.699566 
1124.986765 
1126.298848 
1127.632626 
1128.985080 
1130.353343 
1131.734670 
1133.126421 
1134.526042 
1135.931057 
1137.339050 
1138.747668 
1140.154614 
1141.557646 
1142.954585 
1144.343313 
1145.721784 
1147.088029 
1148.440163 
1149.776397 
1151.095041 
1152.394515 
1153.673357 
1154.930230 
1156.163927 
1157.373384 
1158.557678 
1159.716038 
1160.847848 
1161.952647 
1163.030136 
1164.080175 
1165.102781 
1166.098124 
1167.066523 
1168.008437 
1168.924455 
1169.815281 
1170.681728 
1171.524693 
1172.345144 
1173.144107 
1173.922637 
1174.681809 
1175.422691 
1176.146330 
1176.853732 
1177.545845 
1178.223543 
1178.887613 
1179.538739 
1180.177499 
1180.804352 
1181.419634 
1182.023560 
1182.616221 
1183.197589 
1183.767523 
1184.325776 
1184.872007 
1185.405793 
1185.926640 
1186.434000 
1186.927282 
1187.405868 
1187.869129 
1188.316433 
1188.747164 
1189.160729 
1189.556567 
1189.934163 
1190.293049 
1190.632813 
1190.953103 
1191.253630 
1191.534170 
1191.794566 
1192.034729 
1192.254637 
1192.454339 
1192.633947 
1192.793645 
1192.933682 
1193.054370 
1193.156089 
1193.239278 
1193.304434 
1193.352113 
1193.382919 
1193.397505 
1193.396568 
1193.380837 
1193.351076 
1193.308070 
1193.252625 
1193.185556 
1193.107683 
1193.019823 
1192.922785 
1192.817359 
1192.704313 
1192.584382 
1192.458265 
1192.326615 
1192.190037 
1192.049082 
1191.904241 
1191.755947 
1191.604574 
1191.450438 
1191.293800 
1191.134875 
1190.973834 
1190.810814 
1190.645929 
1190.479274 
1190.310936 
1190.140997 
1189.969547 
1189.796683 
1189.622513 
1189.447157 
1189.270752 
1189.093446 
1188.915398 
1188.736777 
1188.557763 
1188.378539 
1188.199293 
1188.020215 
1187.841494 
1187.663319 
1187.485872 
1187.309328 
1187.133853 
1186.959598 
1186.786698 
1186.615269 
1186.445403 
1186.277172 
1186.110622 
1185.945773 
1185.782626 
1185.621158 
1185.461326 
1185.303075 
1185.146335 
1184.991026 
1184.837063 
1184.684359 
1184.532823 
1184.382366 
1184.232901 
1184.084343 
1183.936608 
1183.789613 
1183.643274 
1183.497507 
1183.352225 
1183.207334 
1183.062737 
1182.918329 
1182.773997 
1182.629621 
1182.485074 
1182.340221 
1182.194919 
1182.049021 
1181.902373 
1181.754817 
1181.606192 
1181.456331 
1181.305068 
1181.152234 
1180.997658 
1180.841171 
1180.682608 
1180.521802 
1180.358595 
1180.192834 
1180.024373 
1179.853075 
1179.678815 
1179.501477 
1179.320958 
1179.137166 
1178.950020 
1178.759448 
1178.565388 
1178.367783 
1178.166582 
1177.961738 
1177.753204 
1177.540931 
1177.324871 
1177.104972 
1176.881179 
1176.653435 
1176.421680 
1176.185855 
1175.945901 
1175.701763 
1175.453392 
1175.200747 
1174.943798 
1174.682529 
1174.416936 
1174.147036 
1173.872862 
1173.594464 
1173.311916 
1173.025306 
1172.734745 
1172.440362 
1172.142300 
1171.840723 
1171.535807 
1171.227742 
1170.916733 
1170.602993 
1170.286746 
1169.968222 
1169.647659 
1169.325296 
1169.001376 
1168.676141 
1168.349829 
1168.022673 
1167.694899 
1167.366720 
1167.038335 
1166.709926 
1166.381658 
1166.053672 
1165.726085 
1165.398989 
1165.072451 
1164.746510 
1164.421179 
1164.096448 
1163.772280 
1163.448620 
1163.125394 
1162.802514 
1162.479882 
1162.157392 
1161.834934 
1161.512400 
1161.189684 
1160.866686 
1160.543315 
1160.219489 
1159.895138 
1159.570202 
1159.244632 
1158.918391 
1158.591450 
1158.263792 
1157.935403 
1157.606277 
1157.276410 
1156.945799 
1156.614442 
1156.282333 
1155.949463 
1155.615815 
1155.281366 
1154.946083 
1154.609924 
1154.272838 
1153.934762 
1153.595624 
1153.255344 
1152.913833 
1152.570999 
1152.226744 
1151.880968 
1151.533575 
1151.184471 
1150.833570 
1150.480795 
1150.126083 
1149.769384 
1149.410666 
1149.049917 
1148.687145 
1148.322379 
1147.955674 
1147.587104 
1147.216770 
1146.844792 
1146.471313 
1146.096497 
1145.720524 
1145.343593 
1144.965913 
1144.587707 
1144.209205 
1143.830643 
1143.452261 
1143.074297 
1142.696989 
1142.320572 
1141.945274 
1141.571315 
1141.198909 
1140.828259 
1140.459559 
1140.092995 
1139.728738 
1139.366953 
1139.007791 
1138.651397 
1138.297899 
1137.947418 
1137.600061 
1137.255923 
1136.915085 
1136.577613 
1136.243557 
1135.912951 
1135.585812 
1135.262139 
1134.941912 
1134.625096 
1134.311637 
1134.001468 
1133.694507 
1133.390660 
1133.089826 
1132.791895 
1132.496752 
1132.204283 
1131.914371 
1131.626902 
1131.341765 
1131.058855 
1130.778072 
1130.499320 
1130.222511 
1129.947565 
1129.674405 
1129.402959 
1129.133161 
1128.864950 
1128.598266 
1128.333052 
1128.069252 
1127.806814 
1127.545684 
1127.285811 
1127.027141 
1126.769624 
1126.513210 
1126.257851 
1126.003500 
1125.750114 
1125.497651 
1125.246076 
1124.995358 
1124.745469 
1124.496391 
1124.248107 
1124.000612 
1123.753901 
1123.507980 
1123.262858 
1123.018548 
1122.775069 
1122.532443 
1122.290695 
1122.049851 
1121.809937 
1121.570981 
1121.333011 
1121.096050 
1120.860122 
1120.625247 
1120.391443 
1120.158725 
1119.927103 
1119.696586 
1119.467179 
1119.238883 
1119.011698 
1118.785623 
1118.560653 
1118.336786 
1118.114017 
1117.892343 
1117.671760 
1117.452268 
1117.233866 
1117.016557 
1116.800344 
1116.585231 
1116.371225 
1116.158334 
1115.946563 
1115.735922 
1115.526416 
1115.318052 
1115.110834 
1114.904764 
1114.699842 
1114.496063 
1114.293423 
1114.091910 
1113.891512 
1113.692213 
1113.493992 
1113.296826 
1113.100688 
1112.905551 
1112.711381 
1112.518146 
1112.325809 
1112.134333 
1111.943679 
1111.753807 
1111.564676 
1111.376246 
1111.188474 
1111.001321 
1110.814746 
1110.628711 
1110.443180 
1110.258117 
1110.073492 
1109.889276 
1109.705447 
1109.521984 
1109.338872 
1109.156102 
1108.973668 
1108.791568 
1108.609804 
1108.428382 
1108.247306 
1108.066584 
1107.886220 
1107.706217 
1107.526578 
1107.347299 
1107.168376 
1106.989802 
1106.811570 
1106.633674 
1106.456113 
1106.278891 
1106.102023 
1105.925536 
1105.749473 
1105.573894 
1105.398879 
1105.224526 
1105.050954 
1104.878300 
1104.706719 
1104.536376 
1104.367448 
1104.200112 
1104.034548 
1103.870923 
1103.709394 
1103.550096 
1103.393139 
1103.238601 
1103.086531 
1102.936939 
1102.789800 
1102.645058 
1102.502621 
1102.362371 
1102.224164 
1102.087837 
1101.953212 
1101.820097 
1101.688292 
1101.557593 
1101.427790 
1101.298673 
1101.170031 
1101.041653 
1100.913329 
1100.784853 
1100.656020 
1100.526632 
1100.396497 
1100.265428 
1100.133250 
1099.999796 
1099.864913 
1099.728461 
1099.590317 
1099.450371 
1099.308535 
1099.164739 
1099.018930 
1098.871078 
1098.721175 
1098.569231 
1098.415279 
1098.259371 
1098.101581 
1097.942001 
1097.780741 
1097.617930 
1097.453709 
1097.288237 
1097.121684 
1096.954228 
1096.786059 
1096.617372 
1096.448366 
1096.279243 
1096.110202 
1095.941442 
1095.773155 
1095.605526 
1095.438727 
1095.272921 
1095.108252 
1094.944851 
1094.782827 
1094.622273 
1094.463261 
1094.305845 
1094.150060 
1093.995928 
1093.843453 
1093.692630 
1093.543444 
1093.395874 
1093.249893 
1093.105474 
1092.962585 
1092.821196 
1092.681277 
1092.542797 
1092.405728 
1092.270036 
1092.135691 
1092.002659 
1091.870902 
1091.740381 
1091.611053 
1091.482868 
1091.355773 
1091.229713 
1091.104623 
1090.980437 
1090.857085 
1090.734491 
1090.612578 
1090.491266 
1090.370474 
1090.250119 
1090.130121 
1090.010399 
1089.890875 
1089.771476 
1089.652131 
1089.532776 
1089.413353 
1089.293809 
1089.174100 
1089.054191 
1088.934053 
1088.813666 
1088.693019 
1088.572110 
1088.450946 
1088.329541 
1088.207917 
1088.086105 
1087.964141 
1087.842068 
1087.719936 
1087.597798 
1087.475712 
1087.353741 
1087.231948 
1087.110400 
1086.989164 
1086.868309 
1086.747903 
1086.628014 
1086.508709 
1086.390052 
1086.272106 
1086.154932 
1086.038587 
1085.923127 
1085.808603 
1085.695064 
1085.582553 
1085.471114 
1085.360783 
1085.251595 
1085.143580 
1085.036765 
1084.931173 
1084.826822 
1084.723726 
1084.621896 
1084.521335 
1084.422046 
1084.324021 
1084.227251 
1084.131720 
1084.037405 
1083.944278 
1083.852304 
1083.761444 
1083.671650 
1083.582869 
1083.495044 
1083.408111 
1083.322001 
1083.236641 
1083.151954 
1083.067860 
1082.984276 
1082.901117 
1082.818296 
1082.735725 
1082.653318 
1082.570988 
1082.488647 
1082.406212 
1082.323600 
1082.240730 
1082.157523 
1082.073906 
1081.989805 
1081.905153 
1081.819884 
1081.733937 
1081.647255 
1081.559783 
1081.471473 
1081.382279 
1081.292159 
1081.201076 
1081.108997 
1081.015893 
1080.921739 
1080.826514 
1080.730200 
1080.632786 
1080.534262 
1080.434622 
1080.333865 
1080.231992 
1080.129009 
1080.024925 
1079.919751 
1079.813501 
1079.706193 
1079.597845 
1079.488482 
1079.378125 
1079.266801 
1079.154537 
1079.041362 
1078.927304 
1078.812394 
1078.696664 
1078.580142 
1078.462861 
1078.344851 
1078.226142 
1078.106764 
1077.986746 
1077.866115 
1077.744899 
1077.623124 
1077.500814 
1077.377993 
1077.254683 
1077.130905 
1077.006680 
1076.882027 
1076.756963 
1076.631506 
1076.505673 
1076.379481 
1076.252946 
1076.126086 
1075.998917 
1075.871458 
1075.743729 
1075.615749 
1075.487543 
1075.359136 
1075.230554 
1075.101827 
1074.972990 
1074.844077 
1074.715129 
1074.586188 
1074.457299 
1074.328510 
1074.199873 
1074.071441 
1073.943268 
1073.815410 
1073.687923 
1073.560864 
1073.434287 
1073.308243 
1073.182782 
1073.057948 
1072.933779 
1072.810309 
1072.687562 
1072.565554 
1072.444291 
1072.323769 
1072.203974 
1072.084877 
1071.966441 
1071.848613 
1071.731328 
1071.614512 
1071.498074 
1071.381915 
1071.265924 
1071.149981 
1071.033958 
1070.917720 
1070.801126 
1070.684035 
1070.566303 
1070.447786 
1070.328347 
1070.207853 
1070.086178 
1069.963208 
1069.838839 
1069.712980 
1069.585554 
1069.456501 
1069.325773 
1069.193338 
1069.059179 
1068.923292 
1068.785683 
1068.646371 
1068.505382 
1068.362747 
1068.218505 
1068.072695 
1067.925358 
1067.776532 
1067.626258 
1067.474570 
1067.321503 
1067.167087 
1067.011352 
1066.854328 
1066.696043 
1066.536529 
1066.375823 
1066.213966 
1066.051005 
1065.886998 
1065.722010 
1065.556116 
1065.389404 
1065.221967 
1065.053913 
1064.885355 
1064.716415 
1064.547220 
1064.377903 
1064.208599 
1064.039441 
1063.870564 
1063.702096 
1063.534162 
1063.366876 
1063.200345 
1063.034662 
1062.869908 
1062.706151 
1062.543443 
1062.381821 
1062.221307 
1062.061909 
1061.903620 
1061.746423 
1061.590289 
1061.435181 
1061.281055 
1061.127863 
1060.975557 
1060.824086 
1060.673405 
1060.523470 
1060.374244 
1060.225695 
1060.077801 
1059.930543 
1059.783915 
1059.637913 
1059.492543 
1059.347816 
1059.203751 
1059.060370 
1058.917699 
1058.775769 
1058.634614 
1058.494271 
1058.354778 
1058.216177 
1058.078511 
1057.941825 
1057.806165 
1057.671580 
1057.538121 
1057.405837 
1057.274782 
1057.145011 
1057.016578 
1056.889538 
1056.763949 
1056.639866 
1056.517344 
1056.396438 
1056.277202 
1056.159685 
1056.043937 
1055.930003 
1055.817927 
1055.707748 
1055.599502 
1055.493222 
1055.388938 
1055.286675 
1055.186456 
1055.088299 
1054.992222 
1054.898236 
1054.806349 
1054.716569 
1054.628894 
1054.543322 
1054.459845 
1054.378447 
1054.299108 
1054.221800 
1054.146487 
1054.073126 
1054.001663 
1053.932035 
1053.864171 
1053.797988 
1053.733395 
1053.670290 
1053.608563 
1053.548098 
1053.488768 
1053.430442 
1053.372987 
1053.316262 
1053.260128 
1053.204445 
1053.149075 
1053.093884 
1053.038739 
1052.983518 
1052.928103 
1052.872384 
1052.816261 
1052.759643 
1052.702447 
1052.644603 
1052.586048 
1052.526729 
1052.466602 
1052.405631 
1052.343789 
1052.281055 
1052.217416 
1052.152860 
1052.087386 
1052.020992 
1051.953680 
1051.885457 
1051.816329 
1051.746305 
1051.675393 
1051.603602 
1051.530941 
1051.457419 
1051.383043 
1051.307820 
1051.231755 
1051.154852 
1051.077116 
1050.998547 
1050.919147 
1050.838914 
1050.757849 
1050.675948 
1050.593209 
1050.509629 
1050.425202 
1050.339925 
1050.253793 
1050.166802 
1050.078945 
1049.990218 
1049.900617 
1049.810137 
1049.718772 
1049.626519 
1049.533374 
1049.439331 
1049.344388 
1049.248540 
1049.151782 
1049.054112 
1048.955524 
1048.856015 
1048.755579 
1048.654212 
1048.551909 
1048.448662 
1048.344467 
1048.239317 
1048.133204 
1048.026120 
1047.918059 
1047.809011 
1047.698968 
1047.587921 
1047.475861 
1047.362780 
1047.248669 
1047.133521 
1047.017327 
1046.900081 
1046.781778 
1046.662412 
1046.541981 
1046.420483 
1046.297917 
1046.174285 
1046.049592 
1045.923844 
1045.797048 
1045.669217 
1045.540364 
1045.410506 
1045.279661 
1045.147852 
1045.015104 
1044.881444 
1044.746905 
1044.611520 
1044.475325 
1044.338361 
1044.200669 
1044.062295 
1043.923286 
1043.783692 
1043.643564 
1043.502956 
1043.361923 
1043.220522 
1043.078808 
1042.936842 
1042.794682 
1042.652387 
1042.510016 
1042.367629 
1042.225283 
1042.083039 
1041.940954 
1041.799087 
1041.657494 
1041.516234 
1041.375363 
1041.234939 
1041.095020 
1040.955662 
1040.816923 
1040.678862 
1040.541536 
1040.405003 
1040.269322 
1040.134550 
1040.000743 
1039.867956 
1039.736243 
1039.605653 
1039.476234 
1039.348029 
1039.221076 
1039.095408 
1038.971053 
1038.848030 
1038.726351 
1038.606021 
1038.487038 
1038.369388 
1038.253051 
1038.137997 
1038.024187 
1037.911572 
1037.800096 
1037.689693 
1037.580291 
1037.471807 
1037.364153 
1037.257233 
1037.150944 
1037.045181 
1036.939829 
1036.834773 
1036.729893 
1036.625068 
1036.520176 
1036.415093 
1036.309699 
1036.203875 
1036.097509 
1035.990492 
1035.882724 
1035.774112 
1035.664576 
1035.554046 
1035.442469 
1035.329802 
1035.216022 
1035.101123 
1034.985115 
1034.868029 
1034.749914 
1034.630838 
1034.510887 
1034.390163 
1034.268787 
1034.146890 
1034.024616 
1033.902116 
1033.779546 
1033.657063 
1033.534818 
1033.412956 
1033.291609 
1033.170893 
1033.050907 
1032.931724 
1032.813398 
1032.695957 
1032.579406 
1032.463728 
1032.348885 
1032.234825 
1032.121482 
1032.008778 
1031.896631 
1031.784957 
1031.673669 
1031.562685 
1031.451925 
1031.341314 
1031.230783 
1031.120268 
1031.009711 
1030.899058 
1030.788260 
1030.677272 
1030.566053 
1030.454563 
1030.342767 
1030.230628 
1030.118116 
1030.005200 
1029.891850 
1029.778040 
1029.663745 
1029.548942 
1029.433611 
1029.317735 
1029.201299 
1029.084293 
1028.966708 
1028.848540 
1028.729791 
1028.610462 
1028.490563 
1028.370106 
1028.249106 
1028.127585 
1028.005566 
1027.883079 
1027.760154 
1027.636827 
1027.513137 
1027.389126 
1027.264837 
1027.140318 
1027.015618 
1026.890785 
1026.765874 
1026.640935 
1026.516023 
1026.391191 
1026.266493 
1026.141981 
1026.017708 
1025.893726 
1025.770085 
1025.646832 
1025.524015 
1025.401679 
1025.279866 
1025.158616 
1025.037968 
1024.917956 
1024.798615 
1024.679974 
1024.562061 
1024.444903 
1024.328523 
1024.212943 
1024.098182 
1023.984257 
1023.871185 
1023.758981 
1023.647658 
1023.537228 
1023.427702 
1023.319093 
1023.211410 
1023.104664 
1022.998864 
1022.894021 
1022.790144 
1022.687243 
1022.585329 
1022.484413 
1022.384506 
1022.285618 
1022.187761 
1022.090947 
1021.995188 
1021.900496 
1021.806885 
1021.714366 
1021.622954 
1021.532660 
1021.443500 
1021.355488 
1021.268636 
1021.182961 
1021.098477 
1021.015200 
1020.933147 
1020.852333 
1020.772776 
1020.694494 
1020.617507 
1020.541831 
1020.467489 
1020.394498 
1020.322881 
1020.252658 
1020.183850 
1020.116478 
1020.050563 
1019.986127 
1019.923189 
1019.861769 
1019.801887 
1019.743561 
1019.686809 
1019.631648 
1019.578093 
1019.526159 
1019.475859 
1019.427205 
1019.380208 
1019.334879 
1019.291226 
1019.249257 
1019.208979 
1019.170398 
1019.133518 
1019.098344 
1019.064878 
1019.033124 
1019.003082 
1018.974753 
1018.948136 
1018.923228 
1018.900027 
1018.878527 
1018.858723 
1018.840605 
1018.824162 
1018.809381 
1018.796247 
1018.784739 
1018.774836 
1018.766511 
1018.759735 
1018.754475 
1018.750692 
1018.748345 
1018.747387 
1018.747769 
1018.749435 
1018.752328 
1018.756386 
1018.761544 
1018.767732 
1018.774881 
1018.782916 
1018.791765 
1018.801350 
1018.811596 
1018.822427 
1018.833769 
1018.845547 
1018.857689 
1018.870126 
1018.882792 
1018.895623 
1018.908559 
1018.921545 
1018.934529 
1018.947465 
1018.960308 
1018.973021 
1018.985569 
1018.997923 
1019.010058 
1019.021952 
1019.033588 
1019.044950 
1019.056027 
1019.066812 
1019.077298 
1019.087481 
1019.097358 
1019.106929 
1019.116193 
1019.125149 
1019.133797 
1019.142137 
1019.150168 
1019.157886 
1019.165288 
1019.172368 
1019.179119 
1019.185529 
1019.191588 
1019.197279 
1019.202585 
1019.207486 
1019.211959 
1019.215978 
1019.219514 
1019.222538 
1019.225015 
1019.226910 
1019.228185 
1019.228801 
1019.228717 
1019.227889 
1019.226274 
1019.223827 
1019.220501 
1019.216251 
1019.211028 
1019.204786 
1019.197477 
1019.189054 
1019.179470 
1019.168678 
1019.156633 
1019.143289 
1019.128602 
1019.112531 
1019.095032 
1019.076067 
1019.055598 
1019.033587 
1019.010003 
1018.984812 
1018.957986 
1018.929499 
1018.899327 
1018.867451 
1018.833852 
1018.798516 
1018.761435 
1018.722600 
1018.682008 
1018.639659 
1018.595557 
1018.549711 
1018.502130 
1018.452830 
1018.401828 
1018.349148 
1018.294814 
1018.238854 
1018.181301 
1018.122188 
1018.061555 
1017.999441 
1017.935889 
1017.870946 
1017.804659 
1017.737079 
1017.668257 
1017.598249 
1017.527109 
1017.454896 
1017.381668 
1017.307485 
1017.232408 
1017.156500 
1017.079824 
1017.002442 
1016.924419 
1016.845820 
1016.766709 
1016.687151 
1016.607210 
1016.526951 
1016.446438 
1016.365736 
1016.284906 
1016.204011 
1016.123113 
1016.042271 
1015.961545 
1015.880991 
1015.800665 
1015.720621 
1015.640909 
1015.561579 
1015.482677 
1015.404245 
1015.326323 
1015.248947 
1015.172149 
1015.095956 
1015.020393 
1014.945478 
1014.871225 
1014.797642 
1014.724734 
1014.652498 
1014.580928 
1014.510012 
1014.439732 
1014.370067 
1014.300991 
1014.232471 
1014.164474 
1014.096962 
1014.029893 
1013.963225 
1013.896911 
1013.830907 
1013.765165 
1013.699639 
1013.634281 
1013.569047 
1013.503892 
1013.438775 
1013.373655 
1013.308495 
1013.243261 
1013.177919 
1013.112440 
1013.046799 
1012.980972 
1012.914937 
1012.848677 
1012.782176 
1012.715419 
1012.648394 
1012.581093 
1012.513506 
1012.445625 
1012.377445 
1012.308959 
1012.240164 
1012.171053 
1012.101624 
1012.031872 
1011.961793 
1011.891384 
1011.820640 
1011.749559 
1011.678136 
1011.606370 
1011.534257 
1011.461797 
1011.388987 
1011.315828 
1011.242321 
1011.168468 
1011.094274 
1011.019742 
1010.944880 
1010.869697 
1010.794203 
1010.718410 
1010.642331 
1010.565981 
1010.489376 
1010.412535 
1010.335474 
1010.258213 
1010.180770 
1010.103165 
1010.025416 
1009.947542 
1009.869557 
1009.791479 
1009.713320 
1009.635092 
1009.556804 
1009.478463 
1009.400071 
1009.321632 
1009.243141 
1009.164594 
1009.085983 
1009.007297 
1008.928522 
1008.849640 
1008.770634 
1008.691481 
1008.612159 
1008.532642 
1008.452905 
1008.372921 
1008.292663 
1008.212103 
1008.131214 
1008.049970 
1007.968346 
1007.886317 
1007.803861 
1007.720959 
1007.637590 
1007.553738 
1007.469390 
1007.384534 
1007.299159 
1007.213260 
1007.126830 
1007.039868 
1006.952371 
1006.864343 
1006.775785 
1006.686703 
1006.597102 
1006.506989 
1006.416373 
1006.325262 
1006.233668 
1006.141598 
1006.049065 
1005.956078 
1005.862649 
1005.768787 
1005.674503 
1005.579806 
1005.484706 
1005.389212 
1005.293332 
1005.197073 
1005.100443 
1005.003446 
1004.906089 
1004.808375 
1004.710310 
1004.611896 
1004.513135 
1004.414029 
1004.314580 
1004.214788 
1004.114653 
1004.014176 
1003.913355 
1003.812191 
1003.710681 
1003.608827 
1003.506625 
1003.404077 
1003.301181 
1003.197937 
1003.094346 
1002.990408 
1002.886125 
1002.781499 
1002.676533 
1002.571232 
1002.465599 
1002.359642 
1002.253368 
1002.146785 
1002.039903 
1001.932735 
1001.825293 
1001.717592 
1001.609648 
1001.501480 
1001.393107 
1001.284552 
1001.175838 
1001.066991 
1000.958039 
1000.849010 
1000.739937 
1000.630854 
1000.521795 
1000.412799 
1000.303905 
1000.195153 
1000.086588 
999.978254 
999.870197 
999.762466 
999.655110 
999.548181 
999.441729 
999.335810 
999.230477 
999.125786 
999.021792 
998.918551 
998.816121 
998.714557 
998.613917 
998.514256 
998.415630 
998.318093 
998.221698 
998.126497 
998.032540 
997.939874 
997.848543 
997.758591 
997.670055 
997.582972 
997.497373 
997.413284 
997.330729 
997.249725 
997.170285 
997.092416 
997.016121 
996.941396 
996.868231 
996.796613 
996.726520 
996.657928 
996.590804 
996.525114 
996.460816 
996.397867 
996.336219 
996.275820 
996.216617 
996.158555 
996.101576 
996.045624 
995.990640 
995.936569 
995.883353 
995.830938 
995.779272 
995.728302 
995.677981 
995.628261 
995.579097 
995.530447 
995.482268 
995.434521 
995.387167 
995.340167 
995.293481 
995.247071 
995.200895 
995.154912 
995.109079 
995.063348 
995.017672 
994.971998 
994.926274 
994.880443 
994.834444 
994.788217 
994.741697 
994.694818 
994.647513 
994.599714 
994.551352 
994.502357 
994.452662 
994.402198 
994.350899 
994.298701 
994.245541 
994.191358 
994.136097 
994.079702 
994.022123 
993.963314 
993.903230 
993.841833 
993.779087 
993.714961 
993.649428 
993.582466 
993.514056 
993.444186 
993.372847 
993.300034 
993.225748 
993.149994 
993.072782 
992.994127 
992.914048 
992.832569 
992.749717 
992.665525 
992.580029 
992.493270 
992.405291 
992.316139 
992.225864 
992.134517 
992.042154 
991.948829 
991.854600 
991.759523 
991.663656 
991.567055 
991.469774 
991.371868 
991.273389 
991.174384 
991.074899 
990.974977 
990.874657 
990.773974 
990.672960 
990.571641 
990.470043 
990.368187 
990.266091 
990.163769 
990.061236 
989.958503 
989.855580 
989.752476 
989.649201 
989.545763 
989.442172 
989.338438 
989.234571 
989.130582 
989.026484 
988.922290 
988.818013 
988.713669 
988.609271 
988.504836 
988.400379 
988.295915 
988.191460 
988.087029 
987.982636 
987.878295 
987.774020 
987.669823 
987.565716 
987.461712 
987.357820 
987.254051 
987.150416 
987.046924 
986.943583 
986.840405 
986.737398 
986.634571 
986.531936 
986.429503 
986.327282 
986.225287 
986.123529 
986.022025 
985.920788 
985.819838 
985.719192 
985.618872 
985.518900 
985.419303 
985.320107 
985.221342 
985.123043 
985.025244 
984.927983 
984.831303 
984.735247 
984.639862 
984.545199 
984.451309 
984.358249 
984.266076 
984.174848 
984.084628 
983.995478 
983.907461 
983.820643 
983.735086 
983.650857 
983.568016 
983.486627 
983.406747 
983.328435 
983.251744 
983.176724 
983.103420 
983.031874 
982.962121 
982.894193 
982.828114 
982.763903 
982.701573 
982.641131 
982.582578 
982.525907 
982.471108 
982.418162 
982.367046 
982.317732 
982.270185 
982.224368 
982.180236 
982.137741 
982.096831 
982.057450 
982.019539 
981.983033 
981.947867 
981.913970 
981.881270 
981.849691 
981.819154 
981.789578 
981.760881 
981.732976 
981.705776 
981.679192 
981.653132 
981.627505 
981.602219 
981.577180 
981.552296 
981.527475 
981.502625 
981.477658 
981.452487 
981.427026 
981.401195 
981.374917 
981.348118 
981.320729 
981.292685 
981.263929 
981.234405 
981.204066 
981.172868 
981.140774 
981.107750 
981.073769 
981.038808 
981.002848 
980.965876 
980.927880 
980.888854 
980.848792 
980.807693 
980.765556 
980.722381 
980.678171 
980.632927 
980.586650 
980.539342 
980.491003 
980.441631 
980.391222 
980.339770 
980.287266 
980.233701 
980.179059 
980.123324 
980.066476 
980.008493 
979.949348 
979.889016 
979.827466 
979.764667 
979.700588 
979.635197 
979.568461 
979.500351 
979.430840 
979.359902 
979.287517 
979.213671 
979.138354 
979.061566 
978.983314 
978.903614 
978.822493 
978.739989 
978.656151 
978.571041 
978.484732 
978.397309 
978.308873 
978.219533 
978.129411 
978.038641 
977.947364 
977.855732 
977.763904 
977.672042 
977.580314 
977.488887 
977.397930 
977.307607 
977.218077 
977.129490 
977.041988 
976.955698 
976.870734 
976.787194 
976.705157 
976.624682 
976.545811 
976.468564 
976.392941 
976.318924 
976.246477 
976.175548 
976.106071 
976.037966 
975.971144 
975.905511 
975.840963 
975.777396 
975.714703 
975.652778 
975.591516 
975.530814 
975.470574 
975.410699 
975.351101 
975.291693 
975.232395 
975.173133 
975.113837 
975.054443 
974.994892 
974.935130 
974.875108 
974.814783 
974.754115 
974.693069 
974.631615 
974.569726 
974.507380 
974.444556 
974.381239 
974.317417 
974.253078 
974.188215 
974.122823 
974.056900 
973.990444 
973.923457 
973.855940 
973.787899 
973.719339 
973.650265 
973.580686 
973.510611 
973.440047 
973.369006 
973.297497 
973.225531 
973.153120 
973.080274 
973.007006 
972.933328 
972.859252 
972.784790 
972.709956 
972.634762 
972.559224 
972.483354 
972.407167 
972.330680 
972.253907 
972.176866 
972.099575 
972.022051 
971.944314 
971.866384 
971.788283 
971.710031 
971.631652 
971.553170 
971.474608 
971.395993 
971.317349 
971.238704 
971.160082 
971.081513 
971.003021 
970.924635 
970.846382 
970.768287 
970.690378 
970.612679 
970.535216 
970.458012 
970.381092 
970.304477 
970.228187 
970.152244 
970.076665 
970.001468 
969.926668 
969.852282 
969.778321 
969.704798 
969.631725 
969.559112 
969.486967 
969.415299 
969.344116 
969.273423 
969.203228 
969.133537 
969.064356 
968.995690 
968.927545 
968.859927 
968.792843 
968.726299 
968.660303 
968.594862 
968.529986 
968.465683 
968.401965 
968.338841 
968.276324 
968.214427 
968.153163 
968.092547 
968.032594 
967.973320 
967.914742 
967.856877 
967.799744 
967.743359 
967.687742 
967.632912 
967.578887 
967.525686 
967.473327 
967.421828 
967.371206 
967.321477 
967.272657 
967.224760 
967.177798 
967.131783 
967.086724 
967.042628 
966.999500 
966.957344 
966.916160 
966.875946 
966.836699 
966.798410 
966.761072 
966.724671 
966.689193 
966.654623 
966.620940 
966.588124 
966.556153 
966.525002 
966.494645 
966.465055 
966.436206 
966.408068 
966.380614 
966.353814 
966.327641 
966.302066 
966.277062 
966.252602 
966.228659 
966.205210 
966.182230 
966.159695 
966.137584 
966.115876 
966.094551 
966.073590 
966.052975 
966.032688 
966.012713 
965.993034 
965.973636 
965.954504 
965.935622 
965.916978 
965.898556 
965.880343 
965.862326 
965.844490 
965.826822 
965.809309 
965.791936 
965.774690 
965.757558 
965.740527 
965.723582 
965.706711 
965.689900 
965.673135 
965.656405 
965.639694 
965.622992 
965.606284 
965.589558 
965.572801 
965.555999 
965.539140 
965.522211 
965.505198 
965.488087 
965.470866 
965.453518 
965.436030 
965.418387 
965.400573 
965.382572 
965.364368 
965.345944 
965.327282 
965.308364 
965.289172 
965.269687 
965.249890 
965.229763 
965.209284 
965.188436 
965.167197 
965.145549 
965.123472 
965.100947 
965.077954 
965.054475 
965.030491 
965.005986 
964.980940 
964.955339 
964.929166 
964.902406 
964.875045 
964.847069 
964.818467 
964.789227 
964.759338 
964.728792 
964.697581 
964.665698 
964.633139 
964.599900 
964.565978 
964.531375 
964.496090 
964.460129 
964.423494 
964.386195 
964.348239 
964.309639 
964.270407 
964.230560 
964.190115 
964.149093 
964.107516 
964.065410 
964.022801 
963.979719 
963.936195 
963.892264 
963.847962 
963.803325 
963.758396 
963.713213 
963.667822 
963.622266 
963.576590 
963.530842 
963.485069 
963.439317 
963.393635 
963.348071 
963.302672 
963.257484 
963.212553 
963.167923 
963.123635 
963.079730 
963.036246 
962.993218 
962.950677 
962.908652 
962.867169 
962.826247 
962.785904 
962.746153 
962.707001 
962.668451 
962.630501 
962.593146 
962.556373 
962.520165 
962.484502 
962.449355 
962.414695 
962.380486 
962.346688 
962.313256 
962.280144 
962.247301 
962.214673 
962.182207 
962.149845 
962.117528 
962.085201 
962.052804 
962.020280 
961.987575 
961.954636 
961.921411 
961.887853 
961.853919 
961.819569 
961.784767 
961.749483 
961.713689 
961.677364 
961.640492 
961.603061 
961.565063 
961.526497 
961.487362 
961.447666 
961.407418 
961.366631 
961.325322 
961.283510 
961.241216 
961.198466 
961.155286 
961.111703 
961.067747 
961.023448 
960.978836 
960.933944 
960.888802 
960.843443 
960.797897 
960.752194 
960.706366 
960.660439 
960.614443 
960.568402 
960.522342 
960.476287 
960.430256 
960.384269 
960.338345 
960.292497 
960.246738 
960.201080 
960.155531 
960.110098 
960.064785 
960.019593 
959.974524 
959.929574 
959.884742 
959.840020 
959.795404 
959.750884 
959.706451 
959.662096 
959.617807 
959.573572 
959.529380 
959.485219 
959.441075 
959.396937 
959.352791 
959.308626 
959.264429 
959.220190 
959.175895 
959.131535 
959.087098 
959.042574 
958.997952 
958.953220 
958.908370 
958.863390 
958.818270 
958.772998 
958.727563 
958.681953 
958.636155 
958.590156 
958.543943 
958.497500 
958.450812 
958.403862 
958.356633 
958.309107 
958.261264 
958.213084 
958.164547 
958.115630 
958.066312 
958.016568 
957.966375 
957.915709 
957.864546 
957.812860 
957.760627 
957.707821 
957.654418 
957.600393 
957.545722 
957.490381 
957.434348 
957.377600 
957.320115 
957.261874 
957.202858 
957.143048 
957.082429 
957.020985 
956.958703 
956.895571 
956.831580 
956.766720 
956.700986 
956.634372 
956.566876 
956.498498 
956.429237 
956.359097 
956.288083 
956.216202 
956.143461 
956.069871 
955.995445 
955.920196 
955.844141 
955.767296 
955.689680 
955.611315 
955.532222 
955.452424 
955.371948 
955.290818 
955.209063 
955.126711 
955.043792 
954.960337 
954.876376 
954.791943 
954.707070 
954.621790 
954.536138 
954.450148 
954.363854 
954.277290 
954.190491 
954.103492 
954.016326 
953.929026 
953.841626 
953.754159 
953.666656 
953.579148 
953.491665 
953.404236 
953.316890 
953.229653 
953.142551 
953.055609 
952.968850 
952.882297 
952.795970 
