31.936791337279587 
31.936791405864692 
31.936791403543328 
31.936791406311531 
31.936791448586948 
31.936791481270578 
31.936791502771158 
31.936791516092690 
31.936791523960210 
31.936791528408527 
31.936791530804250 
31.936791531967671 
31.936791532338166 
31.936791532314110 
31.936791531915606 
31.936791531383360 
31.936791491475240 
31.936791452060451 
31.936791413623450 
31.936791376482198 
31.936791340744591 
31.936791306572555 
31.936791273944451 
31.936791242886663 
31.936791213244067 
31.936791185111119 
31.936791158242208 
31.936791132667818 
31.936791108325391 
31.936791085112809 
31.936791062956878 
31.936791041808529 
31.936791021557056 
31.936791002201826 
31.936790983662220 
31.936790965877151 
31.936790948799992 
31.936790932405884 
31.936790916617404 
31.936790901430751 
31.936790886763454 
31.936790872677371 
31.936790859063354 
31.936790845937175 
31.936790833238682 
31.936790820892398 
31.936790808944764 
31.936790797370850 
31.936790786105050 
31.936790775164916 
31.936790764500781 
31.936790754126971 
31.936790743913953 
31.936790733955661 
31.936790724251715 
31.936790714776787 
31.936790705494058 
31.936790696367279 
31.936790687404866 
31.936790678582014 
31.936790669888662 
31.936790661356529 
31.936790652845893 
31.936790644444585 
31.936790636145393 
31.936790627963596 
31.936790619850196 
31.936790611807464 
31.936790603844010 
31.936790595940614 
31.936790588144202 
31.936790580363230 
31.936790572607322 
31.936790564881662 
31.936790557114531 
31.936790549401991 
31.936790541750291 
31.936790534115097 
31.936790526487421 
31.936790518887417 
31.936790511252191 
31.936790503602364 
31.936790495955350 
31.936790488276625 
31.936790480577308 
31.936790472853016 
31.936790465107368 
31.936790457362811 
31.936790449572840 
31.936790441720223 
31.936790433843367 
31.936790425922982 
31.936790418048311 
31.936790410051035 
31.936790402068286 
31.936790394021898 
31.936790385978881 
31.936790377864249 
31.936790369665914 
31.936790361418755 
31.936790353096075 
31.936790344790221 
31.936790336394417 
31.936790327953364 
31.936790319482007 
31.936790310933603 
31.936790302235984 
31.936790293421513 
31.936790284610701 
31.936790275700023 
31.936790266700232 
31.936790257664079 
31.936790248577591 
31.936790239422180 
31.936790230122842 
31.936790220744239 
31.936790211299243 
31.936790201712824 
31.936790192120782 
31.936790182394184 
31.936790172641942 
31.936790162804304 
31.936790152840956 
31.936790142806679 
31.936790132650032 
31.936790122420515 
31.936790112099342 
31.936790101664897 
31.936790091203751 
31.936790080577616 
31.936790069824085 
31.936790058845869 
31.936790047917086 
31.936790036867485 
31.936790025691657 
31.936790014347146 
31.936790002965548 
31.936789991424739 
31.936789979715527 
31.936789967984705 
31.936789956082855 
31.936789944156338 
31.936789932050257 
31.936789919869611 
31.936789907488844 
31.936789894942724 
31.936789882404213 
31.936789869504583 
31.936789856512888 
31.936789843422694 
31.936789830239107 
31.936789816726009 
31.936789803104983 
31.936789789402447 
31.936789775568403 
31.936789761614747 
31.936789747416579 
31.936789733027624 
31.936789718575650 
31.936789703918798 
31.936789689100745 
31.936789673796369 
31.936789658602805 
31.936789642954807 
31.936789627224506 
31.936789611373506 
31.936789595313662 
31.936789579065142 
31.936789562581925 
31.936789545942602 
31.936789528880773 
31.936789511617196 
31.936789494123381 
31.936789476409910 
31.936789458529333 
31.936789440416803 
31.936789421933568 
31.936789403281637 
31.936789384080363 
31.936789364576715 
31.936789344893391 
31.936789325059536 
31.936789304918264 
31.936789284237019 
31.936789263244549 
31.936789241807702 
31.936789220195571 
31.936789198208267 
31.936789175876850 
31.936789153180044 
31.936789130066636 
31.936789106312268 
31.936789082099416 
31.936789057539713 
31.936789032559378 
31.936789007258053 
31.936788981454050 
31.936788955287163 
31.936788928563068 
31.936788901319463 
31.936788873785453 
31.936788845131993 
31.936788816176978 
31.936788786467794 
31.936788756250493 
31.936788725486743 
31.936788694191090 
31.936788662430921 
31.936788629955572 
31.936788596666460 
31.936788562802413 
31.936788528327000 
31.936788493040339 
31.936788493991486 
31.936788494831163 
31.936788495492848 
31.936788496228203 
31.936788497223333 
31.936788497915927 
31.936788498642485 
31.936788499522336 
31.936788500587795 
31.936788501423450 
31.936788502319381 
31.936788503422250 
31.936788504129566 
31.936788505037129 
31.936788505538935 
31.936788506335503 
31.936788507060349 
31.936788508109828 
31.936788508707892 
31.936788509470773 
31.936788510074855 
31.936788510724568 
31.936788511215099 
31.936788511617820 
31.936788512502623 
31.936788512815809 
31.936788513088295 
31.936788513484643 
31.936788513715349 
31.936788514016030 
31.936788514459401 
31.936788514612871 
31.936788515048789 
31.936788515706965 
31.936788515887756 
31.936788516015270 
31.936788515911054 
31.936788515741895 
31.936788515595865 
31.936788515307825 
31.936788515468947 
31.936788515598408 
31.936788515222858 
31.936788514541973 
31.936788513820062 
31.936788513448761 
31.936788512697476 
31.936788511953750 
31.936788511577547 
31.936788510555346 
31.936788509576473 
31.936788508095020 
31.936788506663987 
31.936788505349199 
31.936788503973162 
31.936788502267092 
31.936788500984846 
31.936788499472527 
31.936788498433884 
31.936788496983468 
31.936788495214287 
31.936788493175740 
31.936788491384178 
31.936788488963515 
31.936788486768876 
31.936788484998686 
31.936788483136809 
31.936788480539789 
31.936788478473815 
31.936788476258499 
31.936788473432529 
31.936788470956117 
31.936788467661955 
31.936788463937575 
31.936788461128643 
31.936788458139489 
31.936788454811747 
31.936788451810543 
31.936788448493047 
31.936788445073631 
31.936788441159749 
31.936788436972648 
31.936788432985168 
31.936788428686071 
31.936788424353921 
31.936788420146996 
31.936788415923530 
31.936788412140686 
31.936788407300838 
31.936788402549183 
31.936788397913148 
31.936788393051643 
31.936788388126615 
31.936788384003734 
31.936788379004469 
31.936788374499557 
31.936788369191419 
31.936788364362997 
31.936788359412276 
31.936788353760051 
31.936788349687674 
31.936788344099767 
31.936788339335436 
31.936788333258107 
31.936788327368163 
31.936788322315948 
31.936788316682112 
31.936788311645671 
31.936788306699384 
31.936788301341522 
31.936788295796958 
31.936788290261632 
31.936788284538835 
31.936788278980657 
31.936788274265666 
31.936788268696290 
31.936788263187680 
31.936788257281762 
31.936788251972246 
31.936788246381695 
31.936788240627152 
31.936788235484585 
31.936788230685067 
31.936788225416763 
31.936788220135611 
31.936788214454907 
31.936788209716838 
31.936788203898743 
31.936788198834222 
31.936788193442851 
31.936788187144941 
31.936788180747527 
31.936788175649525 
31.936788169611816 
31.936788163957061 
31.936788159251705 
31.936788154852877 
31.936788149515024 
31.936788144202069 
31.936788138738791 
31.936788133607848 
31.936788128526047 
31.936788122676774 
31.936788118129783 
31.936788112089374 
31.936788105948381 
31.936788099467861 
31.936788093857331 
31.936788087847049 
31.936788082140595 
31.936788078141603 
31.936788073289193 
31.936788068143159 
31.936788061653715 
31.936788055263264 
31.936788049078842 
31.936788044433484 
31.936788038852995 
31.936788033281772 
31.936788027351156 
31.936788021800425 
31.936788015170691 
31.936788008412975 
31.936788001084437 
31.936787995353910 
31.936787988891609 
31.936787981521348 
31.936787975816657 
31.936787969889281 
31.936787964272611 
31.936787958203553 
31.936787952413511 
31.936787946134814 
31.936787940078403 
31.936787934061215 
31.936787930178895 
31.936787924114043 
31.936787918152390 
31.936787911673861 
31.936787905366941 
31.936787899096799 
31.936787892267347 
31.936787885764204 
31.936787878441294 
31.936787873144169 
31.936787867794237 
31.936787861583412 
31.936787855455549 
31.936787849343943 
31.936787843534006 
31.936787836168747 
31.936787830520245 
31.936787822890864 
31.936787815870247 
31.936787809832367 
31.936787802701161 
31.936787796504632 
31.936787789499249 
31.936787782687759 
31.936787776727670 
31.936787770285662 
31.936787764237636 
31.936787759261989 
31.936787753533849 
31.936787748682661 
31.936787742132310 
31.936787736425458 
31.936787730735034 
31.936787725602983 
31.936787720302220 
31.936787713223339 
31.936787706323173 
31.936787700404068 
31.936787694209926 
31.936787832970538 
31.936787972192349 
31.936788110753639 
31.936788249776100 
31.936788389423384 
31.936788529510324 
31.936788669820601 
31.936788809761424 
31.936788949903786 
31.936789090340199 
31.936789231622214 
31.936789373234944 
31.936789513261431 
31.936789654925349 
31.936789797272127 
31.936789938795243 
31.936790082999153 
31.936790225334676 
31.936790368288456 
31.936790511399181 
31.936790652651666 
31.936790795465839 
31.936790938155013 
31.936791080417237 
31.936791222506514 
31.936791364817907 
31.936791506849858 
31.936791650299881 
31.936791794683955 
31.936791937098576 
31.936792080079385 
31.936792223318264 
31.936792364912520 
31.936792506333319 
31.936792649634697 
31.936792792121025 
31.936792935144894 
31.936793075298880 
31.936793217559796 
31.936793359797889 
31.936793500240157 
31.936793640769338 
31.936793782660800 
31.936793924571731 
31.936794065453171 
31.936794206268843 
31.936794349000877 
31.936794489271136 
31.936794630360652 
31.936794771350435 
31.936794911298051 
31.936795051255729 
31.936795192698753 
31.936795332178292 
31.936795473121549 
31.936795613153151 
31.936795752829255 
31.936795891473764 
31.936796031471488 
31.936796170878040 
31.936796309715618 
31.936796448180559 
31.936796587692186 
31.936796726530815 
31.936796866629521 
31.936797005508026 
31.936797144765507 
31.936797281344269 
31.936797418658813 
31.936797556085565 
31.936797694429856 
31.936797832925379 
31.936797970369412 
31.936798107687196 
31.936798244358044 
31.936798383332189 
31.936798521779906 
31.936798660368936 
31.936798797374053 
31.936798934752574 
31.936799071352766 
31.936799207929369 
31.936799343440384 
31.936799479902106 
31.936799617125615 
31.936799754732704 
31.936799892405077 
31.936800028959340 
31.936800165178965 
31.936800301636822 
31.936800440789852 
31.936800578779213 
31.936800716473613 
31.936800852043319 
31.936800990820529 
31.936801127844973 
31.936801266985015 
31.936801403527568 
31.936801539581523 
31.936801676635270 
31.936801813474517 
31.936801952141963 
31.936802089975174 
31.936802228727458 
31.936802366458409 
31.936802504959871 
31.936802643542990 
31.936802781013682 
31.936802920218781 
31.936803057375869 
31.936803195566313 
31.936803333507896 
31.936803471573882 
31.936803611308903 
31.936803749465184 
31.936803888476589 
31.936804029119060 
31.936804168438698 
31.936804308381852 
31.936804447034206 
31.936804586712441 
31.936804727331605 
31.936804868123062 
31.936805009376513 
31.936805149348913 
31.936805291085420 
31.936805432448296 
31.936805573731590 
31.936805714038968 
31.936805855931851 
31.936805996684342 
31.936806135829727 
31.936806277530138 
31.936806420096673 
31.936806561326023 
31.936806702294177 
31.936806843231096 
31.936806984848005 
31.936807128233283 
31.936807270714269 
31.936807412672096 
31.936807555397962 
31.936807699592606 
31.936807842815341 
31.936807986031056 
31.936808129632681 
31.936808269647031 
31.936808413525625 
31.936808557673572 
31.936808701660908 
31.936808844418152 
31.936808987832137 
31.936809131720281 
31.936809275118662 
31.936809420328217 
31.936809564775103 
31.936809708295385 
31.936809851717697 
31.936809995985044 
31.936810142408518 
31.936810287954245 
31.936810433538426 
31.936810580375948 
31.936810723798970 
31.936810867939869 
31.936811013294232 
31.936811159873486 
31.936811307129176 
31.936811453841727 
31.936811600303855 
31.936811744917406 
31.936811889994374 
31.936812033978640 
31.936812179670710 
31.936812324630552 
31.936812471061302 
31.936812615206321 
31.936812761976370 
31.936812908334701 
31.936813054794413 
31.936813201902140 
31.936813349139328 
31.936813494586090 
31.936813640592618 
31.936813786149372 
31.936813931986819 
31.936814077130862 
31.936814222661297 
31.936814367512852 
31.936814513703837 
31.936814657237477 
31.936814801283447 
31.936814945098888 
31.936815088028936 
31.936815232218919 
31.936815376658132 
31.936815521314884 
31.936815664591364 
31.936815806330770 
31.936815950755431 
31.936816093188440 
31.936816234619442 
31.936816376434535 
31.936816517775412 
31.936816658016539 
31.936816798603644 
31.936816939021497 
31.936817078207241 
31.936817218463005 
31.936817358706804 
31.936817496870617 
31.936817635831915 
31.936817775219822 
31.936817912785841 
31.936818048416995 
31.936818184348169 
31.936818320520331 
31.936818454512689 
31.936818590052667 
31.936818724024477 
31.936818859213361 
31.936818991458097 
31.936819123024463 
31.936819254126817 
31.936819384590365 
31.936819514811162 
31.936819645069505 
31.936819773989043 
31.936819902856399 
31.936820031409098 
31.936820158031821 
31.936820282682845 
31.936820407830623 
31.936820532086955 
31.936820655078805 
31.936820777796385 
31.936820900343662 
31.936821022300705 
31.936821141952436 
31.936821261844187 
31.936821379520012 
31.936821497461153 
31.936821616118579 
31.936821730621432 
31.936821844906973 
31.936821959729116 
31.936822073571989 
31.936822185719507 
31.936822297484412 
31.936822406698241 
31.936822516171787 
31.936822624979385 
31.936822733361993 
31.936822839934592 
31.936822944385142 
31.936823049457246 
31.936823152357476 
31.936823254858638 
31.936823355655235 
31.936823455168167 
31.936823554714408 
31.936823653894180 
31.936823753589977 
31.936823850231747 
31.936823946872948 
31.936824041499108 
31.936824135545123 
31.936824228669082 
31.936824319391803 
31.936824409949111 
31.936824499303555 
31.936824588620993 
31.936824676208175 
31.936824761751950 
31.936824847879507 
31.936824931162334 
31.936825014368651 
31.936825096296445 
31.936825176690263 
31.936825254904136 
31.936825333005004 
31.936825409744529 
31.936825486018108 
31.936825561988258 
31.936825636261744 
31.936825709272455 
31.936825781393281 
31.936825853339144 
31.936825924408481 
31.936825992976424 
31.936826059406428 
31.936826126345011 
31.936826191815840 
31.936826255287542 
31.936826318647888 
31.936826382211393 
31.936826444234157 
31.936826504942758 
31.936826565731621 
31.936826622485455 
31.936826680943568 
31.936826737903971 
31.936826793365640 
31.936826847857276 
31.936826901871484 
31.936826954762182 
31.936827005542796 
31.936827055035678 
31.936827104801182 
31.936827153602906 
31.936827201096719 
31.936827246678433 
31.936827290475321 
31.936827334198369 
31.936827378192959 
31.936827418586574 
31.936827461684004 
31.936827502029359 
31.936827540249226 
31.936827579389217 
31.936827616503820 
31.936827654660419 
31.936827690804421 
31.936827725097203 
31.936827759085531 
31.936827789915696 
31.936827821700206 
31.936827850768509 
31.936827880491251 
31.936827909175747 
31.936827938157478 
31.936827964443523 
31.936827990777886 
31.936828014385810 
31.936828039147258 
31.936828064409440 
31.936828086349749 
31.936828108754412 
31.936828131173172 
31.936828150824851 
31.936828171032346 
31.936828189940229 
31.936828209442979 
31.936828226511011 
31.936828243995990 
31.936828260171183 
31.936828273914671 
31.936828289916264 
31.936828303274524 
31.936828317965251 
31.936828329463367 
31.936828342889157 
31.936828355236628 
31.936828366430404 
31.936828375410755 
31.936828386769776 
31.936828396875626 
31.936828405807830 
31.936828415603429 
31.936828423619772 
31.936828431819947 
31.936828440243630 
31.936828446257778 
31.936828453644694 
31.936828459895708 
31.936828466172756 
31.936828470272417 
31.936828476415712 
31.936828480982058 
31.936828486159811 
31.936828489741458 
31.936828492700499 
31.936828497847955 
31.936828501481216 
31.936828503397635 
31.936828504615619 
31.936828508498991 
31.936828511132148 
31.936828513394516 
31.936828516602134 
31.936828518079381 
31.936828519573226 
31.936828521118400 
31.936828524491830 
31.936828525996191 
31.936828528321882 
31.936828530004789 
31.936828531944400 
31.936828533048470 
31.936828534048175 
31.936828535387917 
31.936828535878533 
31.936828538135501 
31.936828539870191 
31.936828542580656 
31.936828543166939 
31.936828543852471 
31.936828545100923 
31.936828545644630 
31.936828547385062 
31.936828549070697 
31.936828549489633 
31.936828552001373 
31.936828553830139 
31.936828556832438 
31.936828556495868 
31.936828557250521 
31.936828560200013 
31.936828560637593 
31.936828562550545 
31.936828562120070 
31.936828564538359 
31.936828565372252 
31.936828567420207 
31.936828570021135 
31.936828571433523 
31.936828574022115 
31.936828577260542 
31.936828580403812 
31.936828582782312 
31.936828583661963 
31.936828587071147 
31.936828590734990 
31.936828593177552 
31.936828596007786 
31.936828598797717 
31.936828601036837 
31.936828603231220 
31.936828608087524 
31.936828611372562 
31.936828616222328 
31.936828619181426 
31.936828624360146 
31.936828628758803 
31.936828632793208 
31.936828637808389 
31.936828642161117 
31.936828645804269 
31.936828650843722 
31.936828656312798 
31.936828661516870 
31.936828666696954 
31.936828670926559 
31.936828676351467 
31.936828680051519 
31.936828682897612 
31.936828688598382 
31.936828693864697 
31.936828699062232 
31.936828704038078 
31.936828708642167 
31.936828714154217 
31.936828720100550 
31.936828725016994 
31.936828729830324 
31.936828735361644 
31.936828741645627 
31.936828748467349 
31.936828753416023 
31.936828758318143 
31.936828765060682 
31.936828771587898 
31.936828776871209 
31.936828781439999 
31.936828788217554 
31.936828794667861 
31.936828799720672 
31.936828804391894 
31.936828809724943 
31.936828815465503 
31.936828821024221 
31.936828825069995 
31.936828830323066 
31.936828834612243 
31.936828840905207 
31.936828848342316 
31.936828854688542 
31.936828860071273 
31.936828863648088 
31.936828869607041 
31.936828875816673 
31.936828880184805 
31.936828886021374 
31.936828891907908 
31.936828899127931 
31.936828906017638 
31.936828911931514 
31.936828917306798 
31.936828921706308 
31.936828926823750 
31.936828932968524 
31.936828939202485 
31.936828945252671 
31.936828950627614 
31.936828957327123 
31.936828962999925 
31.936828969841770 
31.936828974868320 
31.936828981883252 
31.936828988109482 
31.936828993920358 
31.936829000917555 
31.936829006048242 
31.936829011242139 
31.936829017013281 
31.936829022455015 
31.936829027955298 
31.936829035015819 
31.936829041356475 
31.936829046702428 
31.936829052012570 
31.936829055823296 
31.936829061461481 
31.936829064146252 
31.936829070516012 
31.936829074904097 
31.936829080332927 
31.936829085750048 
31.936829091553534 
31.936829097754583 
31.936829102817967 
31.936829107866060 
31.936829111190605 
31.936829117267109 
31.936829122656206 
31.936829126346822 
31.936829133350159 
31.936829136757524 
31.936829141527824 
31.936829146466380 
31.936829152264181 
31.936829157040108 
31.936829162122024 
31.936829166593327 
31.936829171496640 
31.936829175715673 
31.936829178080814 
31.936829182177121 
31.936829185985005 
31.936829190059655 
31.936829193392441 
31.936829197427073 
31.936829201712726 
31.936829205118045 
31.936829208111192 
31.936829211006341 
31.936829212185614 
31.936829212658154 
31.936829216603996 
31.936829219752553 
31.936829221171934 
31.936829223986933 
31.936829227047383 
31.936829227519809 
31.936829228128545 
31.936829230086971 
31.936829234061690 
31.936829235398022 
31.936829237815914 
31.936829240510860 
31.936829242217414 
31.936829243972511 
31.936829244755813 
31.936829244752687 
31.936829244133150 
31.936829243452848 
31.936829242989745 
31.936829242399028 
31.936829241444002 
31.936829242126521 
31.936829243652596 
31.936829242690351 
31.936829242660451 
31.936829242316890 
31.936829240678378 
31.936829239826466 
31.936829237291647 
31.936829235769665 
31.936829232829098 
31.936829229362274 
31.936829227409191 
31.936829226637371 
31.936829225298823 
31.936829220933475 
31.936829217808793 
31.936829214545583 
31.936829211042891 
31.936829209046607 
31.936829205579045 
31.936829201616717 
31.936829197755401 
31.936829193255392 
31.936829190470689 
31.936829186371881 
31.936829181096300 
31.936829179244114 
31.936829174554248 
31.936829169939017 
31.936829165016718 
31.936829158575677 
31.936829153345514 
31.936829147817036 
31.936829142285603 
31.936829135095252 
31.936829129001183 
31.936829123874475 
31.936829118908292 
31.936829111637508 
31.936829106743062 
31.936829099104614 
31.936829094621601 
31.936829089880575 
31.936829083358475 
31.936829077898665 
31.936829068980956 
31.936829060983030 
31.936829054966040 
31.936829048839684 
31.936829042540069 
31.936829036662914 
31.936829030873923 
31.936829023969437 
31.936829015484420 
31.936829009840437 
31.936829001734111 
31.936828993667632 
31.936828987385411 
31.936828978279379 
31.936828970534066 
31.936828963606331 
31.936828955118870 
31.936828948462846 
31.936828940938256 
31.936828934483174 
31.936828925680061 
31.936828918341973 
31.936828911489613 
31.936828903569676 
31.936828897369423 
31.936828888077798 
31.936828879196582 
31.936828871283524 
31.936828863941400 
31.936828855830868 
31.936828846234675 
31.936828836682821 
31.936828826902683 
31.936828816437412 
31.936828806001074 
31.936828798841532 
31.936828791609287 
31.936828782017415 
31.936828772501030 
31.936828765319547 
31.936828756269904 
31.936828746858907 
31.936828737557164 
31.936828728157195 
31.936828717587559 
31.936828708104031 
31.936828699515502 
31.936828690855464 
31.936828681380518 
31.936828672515617 
31.936828662631456 
31.936828654134047 
31.936828644629259 
31.936828636228313 
31.936828627443958 
31.936828618213553 
31.936828609308748 
31.936828599092223 
31.936828589923550 
31.936828581625264 
31.936828573724370 
31.936828565373446 
31.936828558808315 
31.936828549592519 
31.936828543246349 
31.936828535243365 
31.936828527599630 
31.936828520573613 
31.936828511845704 
31.936828502638775 
31.936828495597979 
31.936828488566675 
31.936828481861824 
31.936828473138576 
31.936828464491441 
31.936828456028707 
31.936828448551296 
31.936828442268961 
31.936828433639164 
31.936828427385706 
31.936828421192956 
31.936828413530236 
31.936828408011706 
31.936828401810203 
31.936828394396741 
31.936828387816945 
31.936828381158080 
31.936828374264906 
31.936828368806914 
31.936828363082384 
31.936828356741444 
31.936828349940583 
31.936828345224058 
31.936828338898863 
31.936828333852645 
31.936828327204353 
31.936828322048200 
31.936828319151573 
31.936828313748151 
31.936828307001747 
31.936828303641391 
31.936828297730699 
31.936828291804432 
31.936828287574485 
31.936828282993872 
31.936828278477833 
31.936828274453035 
31.936828271878255 
31.936828267677129 
31.936828263388463 
31.936828261149628 
31.936828257943944 
31.936828255293335 
31.936828251186284 
31.936828247555013 
31.936828244140088 
31.936828240801788 
31.936828239292367 
31.936828235911605 
31.936828232933351 
31.936828229227217 
31.936828225655290 
31.936828223728412 
31.936828220863049 
31.936828218748474 
31.936828216942388 
31.936828214647164 
31.936828212926628 
31.936828211389241 
31.936828210229464 
31.936828208483917 
31.936828208034569 
31.936828207564076 
31.936828205817847 
31.936828205264305 
31.936828204146650 
31.936828204996118 
31.936828205770382 
31.936828206155042 
31.936828207352050 
31.936828208866928 
31.936828208114207 
31.936828209521423 
31.936828208744259 
31.936828209239422 
31.936828211000091 
31.936828211465411 
31.936828212487228 
31.936828213845615 
31.936828216557160 
31.936828216315121 
31.936828218400592 
31.936828220380107 
31.936828222795612 
31.936828225732199 
31.936828226985256 
31.936828229463003 
31.936828232254811 
31.936828236109591 
31.936828238576766 
31.936828241504486 
31.936828244866717 
31.936828248636459 
31.936828251949578 
31.936828256068054 
31.936828260651168 
31.936828266360237 
31.936828271416800 
31.936828276118831 
31.936828280630380 
31.936828285218212 
31.936828292006794 
31.936828297342913 
31.936828301710875 
31.936828309188513 
31.936828313446654 
31.936828318915673 
31.936828324732915 
31.936828331200672 
31.936828338290752 
31.936828345515892 
31.936828352034638 
31.936828357503828 
31.936828363648885 
31.936828370466856 
31.936828377180518 
31.936828384632122 
31.936828392152222 
31.936828397568092 
31.936828404354060 
31.936828412042473 
31.936828419188373 
31.936828427834826 
31.936828433502342 
31.936828438514681 
31.936828444893422 
31.936828451764086 
31.936828460357788 
31.936828467575310 
31.936828475030666 
31.936828481665998 
31.936828491094275 
31.936828498783484 
31.936828507974042 
31.936828516348100 
31.936828522995143 
31.936828530987782 
31.936828536374946 
31.936828543812567 
31.936828553494138 
31.936828559601281 
31.936828560154709 
31.936828559010564 
31.936828556945215 
31.936828557556510 
31.936828557887566 
31.936828558542402 
31.936828557799458 
31.936828556871546 
31.936828556108139 
31.936828555943293 
31.936828555823240 
31.936828554574959 
31.936828553994701 
31.936828549995766 
31.936828549636516 
31.936828549677557 
31.936828552573274 
31.936828555814145 
31.936828559036712 
31.936828561457105 
31.936828562072833 
31.936828563777453 
31.936828564435814 
31.936828565763903 
31.936828566553345 
31.936828565703422 
31.936828567082330 
31.936828567867337 
31.936828565917835 
31.936828565864175 
31.936828564235270 
31.936828561475409 
31.936828559176092 
31.936828556711816 
31.936828553033934 
31.936828549111851 
31.936828545024355 
31.936828539854901 
31.936828534456026 
31.936828529285663 
31.936828524731823 
31.936828520718109 
31.936828514951344 
31.936828509545421 
31.936828503950665 
31.936828496553176 
31.936828488258811 
31.936828480602003 
31.936828473395622 
31.936828466538032 
31.936828457401930 
31.936828448781171 
31.936828442833757 
31.936828435094526 
31.936828428423382 
31.936828421650944 
31.936828416175217 
31.936828410611270 
31.936828403665800 
31.936828397538989 
31.936828390391497 
31.936828383657257 
31.936828377902771 
31.936828371189677 
31.936828364614144 
31.936828359612718 
31.936828353190776 
31.936828346296011 
31.936828341295268 
31.936828337230509 
31.936828335472228 
31.936828331703168 
31.936828328009369 
31.936828324202679 
31.936828322926317 
31.936828321608118 
31.936828319467850 
31.936828318816310 
31.936828316872720 
31.936828316576225 
31.936828315705611 
31.936828316291894 
31.936828316275410 
31.936828318223775 
31.936828321162579 
31.936828323496911 
31.936828327722651 
31.936828332148252 
31.936828333967924 
31.936828336234271 
31.936828340801867 
31.936828344393007 
31.936828346953234 
31.936828352509565 
31.936828358616935 
31.936828364234998 
31.936828369268824 
31.936828375896766 
31.936828382901808 
31.936828389658785 
31.936828397747945 
31.936828402925585 
31.936828410362978 
31.936828417501602 
31.936828425348722 
31.936828431941649 
31.936828439748979 
31.936828448827100 
31.936828455178215 
31.936828463348661 
31.936828470933619 
31.936828478856114 
31.936828483715658 
31.936828491729216 
31.936828501368154 
31.936828508710164 
31.936828517699610 
31.936828526242039 
31.936828532312575 
31.936828538452801 
31.936828547563778 
31.936828555592342 
31.936828563047015 
31.936828570192120 
31.936828575569507 
31.936828583012129 
31.936828589490119 
31.936828596663645 
31.936828604168113 
31.936828610878706 
31.936828617048604 
31.936828621507175 
31.936828627419914 
31.936828633711457 
31.936828639520513 
31.936828645670289 
31.936828649831455 
31.936828655465320 
31.936828660247556 
31.936828665134612 
31.936828670104774 
31.936828675481820 
31.936828680939357 
31.936828684577677 
31.936828686684066 
31.936828688979972 
31.936828690250991 
31.936828691362962 
31.936828694251972 
31.936828695524810 
31.936828699292164 
31.936828701158788 
31.936828700078991 
31.936828701296690 
31.936828700915044 
31.936828697915985 
31.936828696312546 
31.936828697116994 
31.936828695182157 
31.936828694042902 
31.936828691237679 
31.936828687806042 
31.936828685174191 
31.936828680987901 
31.936828675654169 
31.936828670939803 
31.936828665641428 
31.936828660747210 
31.936828655211343 
31.936828650217421 
31.936828645082528 
31.936828638339193 
31.936828631461822 
31.936828624352415 
31.936828618537675 
31.936828609806980 
31.936828601823777 
31.936828593428913 
31.936828586358160 
31.936828578137352 
31.936828567754674 
31.936828559208720 
31.936828547131768 
31.936828534209667 
31.936828523609279 
31.936828513135424 
31.936828503375864 
31.936828491309939 
31.936828478870893 
31.936828467403188 
31.936828454215402 
31.936828440416434 
31.936828427895989 
31.936828414713659 
31.936828400669015 
31.936828385686340 
31.936828371036427 
31.936828356232809 
31.936828340896454 
31.936828323562509 
31.936828305666609 
31.936828289738401 
31.936828274308596 
31.936828257505113 
31.936828242448655 
31.936828225939394 
31.936828210679892 
31.936828194221107 
31.936828175971755 
31.936828158388494 
31.936828141103661 
31.936828123597138 
31.936828104667711 
31.936828085467027 
31.936828064207020 
31.936828045458014 
31.936828024965052 
31.936828002272023 
31.936827982553041 
31.936827962760162 
31.936827940702869 
31.936827920343603 
31.936827899849845 
31.936827879167708 
31.936827857959088 
31.936827837045030 
31.936827813239347 
31.936827791397491 
31.936827769673300 
31.936827746658082 
31.936827722771909 
31.936827701973698 
31.936827679798625 
31.936827656894934 
31.936827633410076 
31.936827609468423 
31.936827586224013 
31.936827563645920 
31.936827540283844 
31.936827515897676 
31.936827493559917 
31.936827469120885 
31.936827444259393 
31.936827419773635 
31.936827396289573 
31.936827374036056 
31.936827351339844 
31.936827327049627 
31.936827303839323 
31.936827279655063 
31.936827254965806 
31.936827230379890 
31.936827206944372 
31.936827182923594 
31.936827160428265 
31.936827135110775 
31.936827110831928 
31.936827086336962 
31.936827061698182 
31.936827037432749 
31.936827013181755 
31.936826989609017 
31.936826965681462 
31.936826943040273 
31.936826918493011 
31.936826896336015 
31.936826873251221 
31.936826851000774 
31.936826827062646 
31.936826802654309 
31.936826778757450 
31.936826755406173 
31.936826731540805 
31.936826708041849 
31.936826685380765 
31.936826661455484 
31.936826639536093 
31.936826615577502 
31.936826593470187 
31.936826570326389 
31.936826546263205 
31.936826522441038 
31.936826499697304 
31.936826477357044 
31.936826453692674 
31.936826431706663 
31.936826410066260 
31.936826386756593 
31.936826364990225 
31.936826342278209 
31.936826320246837 
31.936826297424659 
31.936826277121440 
31.936826255840856 
31.936826234080513 
31.936826212272763 
31.936826190070178 
31.936826169897017 
31.936826148685782 
31.936826127997392 
31.936826106922126 
31.936826086198835 
31.936826065421656 
31.936826046772012 
31.936826026396943 
31.936826004910017 
31.936825984525740 
31.936825964204786 
31.936825945836063 
31.936825925495896 
31.936825903990098 
31.936825882672565 
31.936825862699834 
31.936825842926169 
31.936825822286778 
31.936825802790736 
31.936825783757058 
31.936825763012280 
31.936825743304894 
31.936825725912058 
31.936825707678622 
31.936825688746353 
31.936825670621715 
31.936825651698541 
31.936825632232967 
31.936825615273619 
31.936825597656252 
31.936825581203493 
31.936825562072272 
31.936825543250620 
31.936825525630411 
31.936825507832282 
31.936825491304489 
31.936825474031707 
31.936825457813711 
31.936825441805922 
31.936825425065877 
31.936825406811295 
31.936825390192098 
31.936825375446801 
31.936825358619785 
31.936825342453517 
31.936825326466419 
31.936825310755353 
31.936825293702327 
31.936825276642594 
31.936825259488387 
31.936825242635564 
31.936825224882796 
31.936825210220718 
31.936825193248865 
31.936825176928323 
31.936825160925764 
31.936825146741626 
31.936825129919612 
31.936825116527189 
31.936825100634223 
31.936825087477700 
31.936825071471162 
31.936825056349221 
31.936825040879512 
31.936825024955851 
31.936825010222947 
31.936824996586324 
31.936824979984067 
31.936824964663629 
31.936824949997572 
31.936824934855622 
31.936824919632500 
31.936824905796811 
31.936824890052549 
31.936824876704350 
31.936824861070590 
31.936824846281638 
31.936824832277466 
31.936824818697914 
31.936824807022731 
31.936824792176822 
31.936824776658000 
31.936824762755691 
31.936824746558841 
31.936824734045217 
31.936824720340837 
31.936824706220705 
31.936824692209370 
31.936824677980098 
31.936824665260019 
31.936824651014831 
31.936824635143921 
31.936824622302993 
31.936824605669358 
31.936824593209053 
31.936824577408174 
31.936824560749869 
31.936824546105186 
31.936824532789728 
31.936824519262586 
31.936824505301615 
31.936824491145444 
31.936824476424817 
31.936824464644587 
31.936824449907135 
31.936824435575659 
31.936824423137864 
31.936824409011820 
31.936824397018881 
31.936824382391933 
31.936824368593079 
31.936824354143596 
31.936824339007558 
31.936824324939721 
31.936824310595512 
31.936824297753105 
31.936824284436398 
31.936824272542594 
31.936824259977698 
31.936824245647472 
31.936824232209688 
31.936824220317362 
31.936824206004189 
31.936824192338690 
31.936824178583606 
31.936824165724715 
31.936824151893688 
31.936824136997529 
31.936824123542806 
31.936824110542489 
31.936824095754673 
31.936824081748227 
31.936824068363762 
31.936824055969964 
31.936824040161923 
31.936824027030411 
31.936824014143440 
31.936824001445416 
31.936823986970239 
31.936823973839410 
31.936823960720517 
31.936823949259860 
31.936823936702581 
31.936823925087310 
31.936823910532439 
31.936823899550063 
31.936823885957892 
31.936823874647644 
31.936823862226106 
31.936823850138012 
31.936823836445683 
31.936823824615658 
31.936823813120100 
31.936823801119658 
31.936823790211747 
31.936823778853181 
31.936823766278849 
31.936823753130398 
31.936823740494219 
31.936823729449884 
31.936823716609297 
31.936823703908772 
31.936823690637311 
31.936823678413134 
31.936823664426925 
31.936823652337694 
31.936823639908084 
31.936823628140246 
31.936823615937328 
31.936823605504742 
31.936823592446217 
31.936823579958627 
31.936823569997500 
31.936823558086871 
31.936823547114045 
31.936823536517977 
31.936823524688180 
31.936823512879982 
31.936823501376239 
31.936823489960943 
31.936823478922634 
31.936823468236184 
31.936823454561363 
31.936823443528738 
31.936823431393236 
31.936823420138921 
31.936823409095723 
31.936823396954310 
31.936823385201933 
31.936823373282209 
31.936823364977954 
31.936823354786839 
31.936823343049809 
31.936823331930100 
31.936823322962937 
31.936823312036040 
31.936823301005916 
31.936823290536950 
31.936823281153352 
31.936823269257161 
31.936823259541143 
31.936823248269889 
31.936823237167800 
31.936823228024195 
31.936823217106621 
31.936823205255564 
31.936823193815258 
31.936823185020785 
31.936823174461324 
31.936823163963254 
31.936823152602983 
31.936823143176753 
31.936823134684460 
31.936823125065189 
31.936823115452398 
31.936823106678958 
31.936823098172681 
31.936823090336020 
31.936823082173532 
31.936823072870084 
31.936823063348129 
31.936823055843433 
31.936823047677535 
31.936823039745036 
31.936823030128949 
31.936823022050021 
31.936823013647313 
31.936823005621363 
31.936822997484796 
31.936822989528423 
31.936822981599903 
31.936822973474136 
31.936822965609394 
31.936822958662560 
31.936822950170040 
31.936822943068364 
31.936822936140970 
31.936822929334994 
31.936822922292890 
31.936822916200185 
31.936822908939916 
31.936822900277207 
31.936822891869269 
31.936822886904338 
31.936822880327782 
31.936822872869243 
31.936822866483340 
31.936822860403026 
31.936822855578498 
31.936822847853705 
31.936822841205071 
31.936822837004684 
31.936822831791005 
31.936822826171465 
31.936822817664734 
31.936822812319519 
31.936822806604027 
31.936822801311337 
31.936822794766385 
31.936822789092162 
31.936822784348237 
31.936822779735962 
31.936822774038546 
31.936822767261447 
31.936822762002748 
31.936822757096365 
31.936822753237493 
31.936822749051316 
31.936822742754998 
31.936822738768910 
31.936822734287034 
31.936822727532217 
31.936822724195167 
31.936822721401541 
31.936822717143968 
31.936822712957564 
31.936822709487501 
31.936822707889064 
31.936822704932865 
31.936822699264326 
31.936822696309036 
31.936822692452097 
31.936822687894164 
31.936822684009599 
31.936822678274666 
31.936822675054145 
31.936822672279504 
31.936822668882769 
31.936822665912359 
31.936822662756867 
31.936822659832956 
31.936822655888136 
31.936822650842942 
31.936822647535337 
31.936822644866197 
31.936822644021504 
31.936822639749380 
31.936822635694512 
31.936822632642702 
31.936822630911024 
31.936822628995401 
31.936822626171420 
31.936822623874491 
31.936822620844850 
31.936822618174233 
31.936822614470429 
31.936822612332207 
31.936822608781313 
31.936822604303416 
31.936822600461596 
31.936822594769865 
31.936822591398141 
31.936822588092582 
31.936822585767118 
31.936822582747254 
31.936822580991134 
31.936822579274349 
31.936822576119084 
31.936822572763049 
31.936822569668493 
31.936822566575302 
31.936822562006341 
31.936822558908375 
31.936822554941159 
31.936822550828992 
31.936822546484564 
31.936822543744370 
31.936822540457911 
31.936822535972055 
31.936822534497537 
31.936822531751204 
31.936822527131426 
31.936822521968452 
31.936822519074099 
31.936822516061284 
31.936822512059166 
31.936822507555235 
31.936822504744782 
31.936822498503602 
31.936822493654745 
31.936822488516214 
31.936822482882008 
31.936822478029853 
31.936822474173596 
31.936822469020285 
31.936822465949376 
31.936822460246390 
31.936822455430161 
31.936822450402246 
31.936822445318853 
31.936822439349498 
31.936822434442774 
31.936822429466474 
31.936822422555224 
31.936822417043913 
31.936822409155184 
31.936822403346468 
31.936822397536503 
31.936822392101703 
31.936822385935670 
31.936822380237800 
31.936822373287782 
31.936822366926890 
31.936822359966072 
31.936822353200455 
31.936822346017152 
31.936822339128639 
31.936822332921452 
31.936822324677451 
31.936822318430814 
31.936822310334264 
31.936822302578548 
31.936822295680372 
31.936822287713767 
31.936822279008879 
31.936822270273069 
31.936822261232237 
31.936822253343053 
31.936822244722521 
31.936822237136084 
31.936822229176414 
31.936822221563034 
31.936822214370522 
31.936822208264630 
31.936822200870438 
31.936822192375644 
31.936822182824017 
31.936822174855820 
31.936822164483260 
31.936822157281313 
31.936822147505836 
31.936822138634852 
31.936822128134963 
31.936822116329154 
31.936822107250919 
31.936822098826610 
31.936822091042472 
31.936822081104197 
31.936822072802670 
31.936822061679322 
31.936822053313904 
31.936822043682582 
31.936822032046280 
31.936822020265595 
31.936822010085621 
31.936821999836866 
31.936821988696352 
31.936821978076409 
31.936821967893820 
31.936821956664971 
31.936821943646351 
31.936821933821761 
31.936821923853927 
31.936821913429526 
31.936821902504562 
31.936821890266856 
31.936821878773458 
31.936821867837239 
31.936821857711266 
31.936821845271879 
31.936821832471423 
31.936821820698583 
31.936821811289747 
31.936821798150049 
31.936821787043868 
31.936821774706004 
31.936821762249110 
31.936821751046182 
31.936821736719708 
31.936821724593074 
31.936821713702329 
31.936821700901419 
31.936821687653946 
31.936821675016063 
31.936821661881027 
31.936821647631632 
31.936821635844808 
31.936821622510251 
31.936821609694789 
31.936821596797927 
31.936821584006452 
31.936821570322081 
31.936821555552569 
31.936821542667758 
31.936821530264069 
31.936821516016380 
31.936821501218787 
31.936821488091937 
31.936821474767385 
31.936821459905900 
31.936821445668784 
31.936821432202350 
31.936821418632690 
31.936821403431168 
31.936821388133012 
31.936821372089639 
31.936821357910048 
31.936821341956829 
31.936821327537814 
31.936821314263398 
31.936821299663507 
31.936821286076110 
31.936821271127201 
31.936821256597341 
31.936821242425935 
31.936821227225664 
31.936821212549717 
31.936821199312931 
31.936821185404483 
31.936821172508417 
31.936821158178986 
31.936821142674717 
31.936821126754694 
31.936821111332506 
31.936821096277868 
31.936821081072139 
31.936821066370499 
31.936821050290177 
31.936821034829563 
31.936821021219885 
31.936821006297009 
31.936820991463605 
31.936820975699561 
31.936820961123658 
31.936820948194281 
31.936820933583249 
31.936820916154375 
31.936820899804729 
31.936820885426641 
31.936820870265365 
31.936820854094208 
31.936820838759104 
31.936820824269034 
31.936820810752010 
31.936820793173979 
31.936820777368780 
31.936820760633282 
31.936820746187550 
31.936820730721251 
31.936820714981991 
31.936820699584246 
31.936820683773590 
31.936820667711345 
31.936820653367477 
31.936820638151858 
31.936820624451798 
31.936820608877724 
31.936820595555787 
31.936820578671245 
31.936820562203138 
31.936820545775163 
31.936820530990985 
31.936820515232512 
31.936820499553619 
31.936820484269901 
31.936820468076121 
31.936820454846725 
31.936820438690916 
31.936820423590575 
31.936820409715665 
31.936820394054052 
31.936820378786933 
31.936820364140999 
31.936820348800325 
31.936820334278991 
31.936820319652952 
31.936820305529409 
31.936820290891887 
31.936820276585536 
31.936820262237575 
31.936820246792649 
31.936820231782690 
31.936820216092201 
31.936820201690011 
31.936820186906175 
31.936820172748185 
31.936820156751196 
31.936820141329804 
31.936820126514590 
31.936820112855003 
31.936820097397458 
31.936820081085784 
31.936820065586971 
31.936820051972290 
31.936820035991786 
31.936820022549341 
31.936820010156680 
31.936819995835890 
31.936819980139489 
31.936819966946246 
31.936819951724260 
31.936819936460324 
31.936819920832818 
31.936819906293863 
31.936819890129755 
31.936819874687330 
31.936819859946354 
31.936819846838262 
31.936819831464504 
31.936819817329592 
31.936819803583262 
31.936819789690617 
31.936819774748074 
31.936819759600098 
31.936819745802381 
31.936819731959986 
31.936819719324717 
31.936819703185392 
31.936819690786251 
31.936819677281733 
31.936819665121675 
31.936819651726182 
31.936819638919360 
31.936819626074225 
31.936819612083241 
31.936819598373631 
31.936819583979286 
31.936819570596185 
31.936819558438856 
31.936819542898547 
31.936819528983278 
31.936819513821433 
31.936819499366948 
31.936819486676768 
31.936819472381558 
31.936819457300544 
31.936819444448929 
31.936819431771141 
31.936819417036077 
31.936819403827712 
31.936819388978620 
31.936819374357924 
31.936819359787933 
31.936819346860261 
31.936819332856430 
31.936819320379641 
31.936819305952440 
31.936819292589576 
31.936819278868938 
31.936819266026987 
31.936819253316912 
31.936819242067259 
31.936819230023275 
31.936819217014659 
31.936819204204767 
31.936819191068139 
31.936819178233236 
31.936819167042813 
31.936819152240560 
31.936819139914064 
31.936819129290598 
31.936819118415656 
31.936819105726158 
31.936819093191616 
31.936819079993711 
31.936819066038652 
31.936819054307534 
31.936819043160767 
31.936819029411140 
31.936819015316587 
31.936819002447351 
31.936818988153618 
31.936818975539609 
31.936818962095458 
31.936818951250530 
31.936818939787599 
31.936818926272167 
31.936818913423053 
31.936818900227536 
31.936818889431834 
31.936818876467214 
31.936818865033956 
31.936818854987564 
31.936818843250876 
31.936818828846640 
31.936818815288348 
31.936818803713777 
31.936818792262443 
31.936818780085673 
31.936818771094067 
31.936818759948551 
31.936818747006555 
31.936818736099553 
31.936818724155160 
31.936818712112768 
31.936818702068535 
31.936818691153007 
31.936818681986779 
31.936818669615491 
31.936818657824915 
31.936818645331527 
31.936818635316854 
31.936818623577551 
31.936818614638014 
31.936818603037068 
31.936818590671237 
31.936818579125202 
31.936818568786634 
31.936818557985134 
31.936818548806514 
31.936818537976137 
31.936818526412253 
31.936818515139635 
31.936818505116662 
31.936818491837471 
31.936818482970580 
31.936818474083907 
31.936818465565011 
31.936818454764307 
31.936818442837875 
31.936818433821486 
31.936818425538490 
31.936818414632512 
31.936818401865253 
31.936818392257919 
31.936818381225066 
31.936818370309425 
31.936818361736869 
31.936818351928878 
31.936818341857133 
31.936818332128837 
31.936818324873343 
31.936818314895845 
31.936818305242127 
31.936818295877629 
31.936818284711535 
31.936818272621167 
31.936818262455745 
31.936818254188438 
31.936818244247434 
31.936818234369184 
31.936818224841659 
31.936818216387792 
31.936818206452472 
31.936818197579441 
31.936818187984841 
31.936818177578630 
31.936818169285289 
31.936818161341876 
31.936818153288073 
31.936818144815106 
31.936818135680937 
31.936818128586424 
31.936818122127761 
31.936818112408560 
31.936818104314739 
31.936818094953878 
31.936818085621212 
31.936818077456337 
31.936818069672540 
31.936818062573479 
31.936818053679644 
31.936818044716915 
31.936818035917781 
31.936818026374681 
31.936818017385804 
31.936818007294050 
31.936817999439654 
31.936817990716804 
31.936817980575142 
31.936817972261110 
31.936817962945611 
31.936817956197956 
31.936817947676332 
31.936817941030085 
31.936817933204566 
31.936817926943149 
31.936817920068393 
31.936817913294817 
31.936817905728390 
31.936817900366691 
31.936817892297199 
31.936817883489084 
31.936817875240422 
31.936817866553042 
31.936817858333598 
31.936817850539228 
31.936817841833431 
31.936817834358067 
31.936817825792446 
31.936817817219207 
31.936817809926424 
31.936817800592280 
31.936817792412739 
31.936817783947959 
31.936817777632541 
31.936817770388870 
31.936817760897384 
31.936817753302762 
31.936817746476436 
31.936817740560514 
31.936817734253509 
31.936817726691515 
31.936817719531518 
31.936817712002039 
31.936817704589885 
31.936817695647164 
31.936817691488272 
31.936817681353887 
31.936817673305882 
31.936817666023103 
31.936817660638894 
31.936817654918400 
31.936817647553539 
31.936817639014407 
31.936817631363624 
31.936817625360277 
31.936817619349313 
31.936817612963978 
31.936817606104114 
31.936817599256528 
31.936817594303307 
31.936817586709708 
31.936817582089020 
31.936817575960617 
31.936817571074357 
31.936817566558148 
31.936817562356282 
31.936817556826327 
31.936817550454634 
31.936817545104077 
31.936817538867672 
31.936817534573606 
31.936817528022175 
31.936817522183105 
31.936817516815267 
31.936817512254493 
31.936817506307989 
31.936817500015763 
31.936817492328146 
31.936817485256483 
31.936817479041906 
31.936817472289022 
31.936817466051252 
31.936817461701594 
31.936817457659004 
31.936817452382570 
31.936817449554383 
31.936817445023848 
31.936817439154083 
31.936817433545343 
31.936817428725703 
31.936817422295462 
31.936817416343729 
31.936817409915420 
31.936817406312457 
31.936817401486792 
31.936817395164439 
31.936817392178000 
31.936817388631994 
31.936817385067570 
31.936817380679940 
31.936817375859164 
31.936817371085340 
31.936817364686817 
31.936817361147746 
31.936817357801374 
31.936817354051186 
31.936817349448347 
31.936817345738632 
31.936817340821676 
31.936817336492027 
31.936817331614634 
31.936817328411848 
31.936817325098104 
31.936817321503781 
31.936817315578310 
31.936817311835739 
31.936817307890351 
31.936817302896998 
31.936817299166023 
31.936817297046673 
31.936817289570172 
31.936817283894584 
31.936817278604508 
31.936817274837267 
31.936817269343237 
31.936817264551337 
31.936817260929502 
31.936817256883387 
31.936817252338187 
31.936817249488399 
31.936817244810186 
31.936817242054190 
31.936817237804007 
31.936817233907050 
31.936817230740985 
31.936817227923939 
31.936817224331321 
31.936817219681188 
31.936817217044904 
31.936817212919095 
31.936817210106597 
31.936817207671652 
31.936817203171813 
31.936817200972428 
31.936817197294886 
31.936817195518415 
31.936817192306421 
31.936817188404234 
31.936817185130167 
31.936817178867727 
31.936817174143130 
31.936817171906341 
31.936817168553716 
31.936817166555556 
31.936817163453838 
31.936817159044267 
31.936817155996323 
31.936817152562753 
31.936817148609862 
31.936817146368298 
31.936817144079782 
31.936817142112659 
31.936817139906907 
31.936817137786079 
31.936817135423325 
31.936817134153898 
31.936817131664156 
31.936817127043923 
31.936817123304650 
31.936817121326612 
31.936817118988415 
31.936817116688758 
31.936817111810683 
31.936817109021263 
31.936817105063710 
31.936817103084422 
31.936817100096732 
31.936817096127243 
31.936817093585773 
31.936817090026807 
31.936817087677127 
31.936817086348469 
31.936817082761195 
31.936817078758168 
31.936817076374609 
31.936817072616805 
31.936817072209692 
31.936817067847187 
31.936817066415188 
31.936817064560501 
31.936817062085765 
31.936817059076475 
31.936817060087719 
31.936817058150837 
31.936817055997494 
31.936817055229767 
31.936817055404845 
31.936817052290280 
31.936817048799412 
31.936817046988608 
31.936817044709869 
31.936817042009125 
31.936817040072583 
31.936817037843639 
31.936817037072160 
31.936817033370517 
31.936817031371334 
31.936817029167287 
31.936817028639211 
31.936817027578172 
31.936817024404718 
31.936817023570370 
31.936817022631431 
31.936817019997989 
31.936817017916383 
31.936817015125371 
31.936817012946904 
31.936817009973652 
31.936817009458991 
31.936817007693890 
31.936817006511092 
31.936817003615715 
31.936817002092539 
31.936817000660994 
31.936816997956498 
31.936816996893299 
31.936816994523042 
31.936816992200306 
31.936816990728062 
31.936816988586997 
31.936816985778137 
31.936816983766789 
31.936816982764526 
31.936816982107985 
31.936816979724313 
31.936816979681907 
31.936816979664286 
31.936816979040941 
31.936816976869295 
31.936816974240060 
31.936816971056146 
31.936816971568533 
31.936816970957807 
31.936816970329119 
31.936816967268783 
31.936816965152730 
31.936816964234822 
31.936816962726425 
31.936816963401498 
31.936816959284670 
31.936816957513315 
31.936816954958772 
31.936816952017466 
31.936816950282378 
31.936816949650392 
31.936816950669140 
31.936816948643695 
31.936816946757176 
31.936816944444445 
31.936816943572126 
31.936816943023132 
31.936816941647862 
31.936816941773486 
31.936816940370932 
31.936816938967581 
31.936816938116408 
31.936816937682806 
31.936816935032766 
31.936816933599289 
31.936816932270744 
31.936816931518024 
31.936816928920393 
31.936816927372206 
31.936816925710787 
31.936816922423077 
31.936816922185699 
31.936816922776529 
31.936816920052593 
31.936816917408464 
31.936816913935786 
31.936816913904295 
31.936816911742540 
31.936816910056336 
31.936816907271918 
31.936816906005561 
31.936816903991939 
31.936816903238423 
31.936816900509143 
31.936816898872962 
31.936816899419796 
31.936816897970175 
31.936816896332857 
31.936816895436891 
31.936816893904393 
31.936816892607567 
31.936816891462627 
31.936816888093404 
31.936816887133887 
31.936816886389806 
31.936816886029305 
31.936816884174846 
31.936816882431344 
31.936816879340881 
31.936816876953571 
31.936816876252692 
31.936816876267017 
31.936816876024977 
31.936816873509542 
31.936816872751365 
31.936816870143730 
31.936816871249675 
31.936816869469112 
31.936816865987907 
31.936816865172773 
31.936816863079571 
31.936816861979196 
31.936816859534588 
31.936816859715577 
31.936816859891223 
31.936816858998327 
31.936816856977316 
31.936816853427672 
31.936816853612982 
31.936816853068535 
31.936816852404036 
31.936816850058108 
31.936816848434546 
31.936816846186844 
31.936816844592954 
31.936816842560347 
31.936816841557857 
31.936816840524671 
31.936816838348022 
31.936816836645789 
31.936816836016988 
31.936816834516549 
31.936816833278158 
31.936816831483043 
31.936816829659392 
31.936816828663382 
31.936816826553468 
31.936816824765629 
31.936816823750974 
31.936816823308050 
31.936816823944014 
31.936816822124911 
31.936816819302067 
31.936816818505235 
31.936816817946465 
31.936816817153385 
31.936816817250133 
31.936816816419991 
31.936816815793691 
31.936816812780762 
31.936816810338087 
31.936816809828542 
31.936816806839602 
31.936816807762057 
31.936816805681588 
31.936816805110311 
31.936816804524028 
31.936816802848398 
31.936816801432315 
31.936816799546023 
31.936816798460995 
31.936816798004202 
31.936816797477718 
31.936816797144729 
31.936816793737421 
31.936816791794058 
31.936816788728379 
31.936816789372529 
31.936816786824352 
31.936816786071176 
31.936816783725135 
31.936816780262120 
31.936816780324307 
31.936816778130947 
31.936816777230433 
31.936816775089483 
31.936816772693646 
31.936816770891141 
31.936816769545771 
31.936816766952461 
31.936816764399850 
31.936816763485012 
31.936816762180001 
31.936816759976182 
31.936816757307042 
31.936816756990879 
31.936816754339930 
31.936816752851200 
31.936816750378398 
31.936816750175353 
31.936816748677870 
31.936816744550924 
31.936816743398140 
31.936816741513212 
31.936816741097459 
31.936816738886137 
31.936816737470167 
31.936816735730645 
31.936816734100603 
31.936816731789349 
31.936816730579039 
31.936816729070870 
31.936816726947995 
31.936816724643677 
31.936816723918014 
31.936816721066748 
31.936816720938054 
31.936816719255376 
31.936816713980193 
31.936816710798098 
31.936816710557309 
31.936816707605431 
31.936816705835895 
31.936816705151159 
31.936816703199156 
31.936816701767498 
31.936816698414873 
31.936816696404435 
31.936816694477102 
31.936816693068863 
31.936816690742376 
31.936816686767656 
31.936816684700489 
31.936816683412530 
31.936816678603009 
31.936816677356205 
31.936816676153740 
31.936816673729027 
31.936816670439612 
31.936816669128802 
31.936816667802645 
31.936816664640787 
31.936816662443675 
31.936816660763043 
31.936816657741133 
31.936816654867130 
31.936816651703907 
31.936816649272942 
31.936816645765816 
31.936816644740134 
31.936816643210364 
31.936816641398082 
31.936816637714628 
31.936816634556294 
31.936816632528462 
31.936816632512659 
31.936816629458008 
31.936816625774100 
31.936816623054369 
31.936816619145247 
31.936816616171768 
31.936816612339726 
31.936816609165703 
31.936816606219509 
31.936816603736702 
31.936816601254236 
31.936816596290555 
31.936816594172910 
31.936816589564955 
31.936816587502790 
31.936816585716201 
31.936816582181223 
31.936816578544381 
31.936816577008130 
31.936816575917760 
31.936816573058877 
31.936816570462724 
31.936816567331789 
31.936816564350352 
31.936816562486683 
31.936816560406442 
31.936816557516067 
31.936816554482107 
31.936816553023050 
31.936816550037747 
31.936816546642945 
31.936816543691748 
31.936816540146538 
31.936816537377013 
31.936816534304398 
31.936816532906960 
31.936816530514761 
31.936816526320854 
31.936816522756885 
31.936816518976798 
31.936816514456609 
31.936816510848530 
31.936816507675758 
31.936816504654303 
31.936816501337944 
31.936816499196993 
31.936816499177780 
31.936816495528660 
31.936816491413083 
31.936816487318538 
31.936816483928510 
31.936816480566904 
31.936816478959145 
31.936816475489877 
31.936816473756835 
31.936816470040526 
31.936816467695735 
31.936816464714639 
31.936816462162142 
31.936816459489478 
31.936816457872737 
31.936816454272616 
31.936816452154176 
31.936816449639309 
31.936816445868999 
31.936816443369139 
31.936816440151119 
31.936816438617939 
31.936816435279070 
31.936816431744205 
31.936816428906241 
31.936816425003940 
31.936816421903700 
31.936816419204320 
31.936816414854093 
31.936816411886184 
31.936816408603136 
31.936816404413776 
31.936816403608873 
31.936816400118573 
31.936816396345421 
31.936816393705840 
31.936816390462354 
31.936816386766736 
31.936816383617042 
31.936816378851972 
31.936816375875765 
31.936816373919555 
31.936816371056125 
31.936816369987696 
31.936816367446227 
31.936816364684660 
31.936816361815886 
31.936816358285682 
31.936816355209771 
31.936816352715368 
31.936816351142738 
31.936816346624937 
31.936816342481279 
31.936816338046128 
31.936816335409958 
31.936816332269359 
31.936816326602866 
31.936816321397828 
31.936816318027923 
31.936816312395536 
31.936816308251423 
31.936816305651291 
31.936816302138482 
31.936816298674557 
31.936816295369795 
31.936816290727052 
31.936816287525289 
31.936816285844770 
31.936816281500569 
31.936816277556431 
31.936816271285124 
31.936816264535310 
31.936816261151307 
31.936816259954412 
31.936816257511282 
31.936816254823725 
31.936816252199037 
31.936816249695312 
31.936816247081538 
31.936816243209705 
31.936816241489282 
31.936816236819823 
31.936816233473792 
31.936816233594982 
31.936816229818078 
31.936816228920179 
31.936816226493193 
31.936816223031656 
31.936816220014521 
31.936816218842978 
31.936816215709655 
31.936816210529628 
31.936816208502933 
31.936816205732498 
31.936816203576086 
31.936816201521992 
31.936816197346275 
31.936816193701134 
31.936816193107120 
31.936816190206741 
31.936816187511454 
31.936816184862437 
31.936816182941243 
31.936816180703318 
31.936816179132848 
31.936816176897310 
31.936816173345733 
31.936816170945008 
31.936816169789154 
31.936816169812573 
31.936816169783469 
31.936816168062478 
31.936816165925848 
31.936816164284437 
31.936816162864375 
31.936816162297646 
31.936816160687954 
31.936816158772672 
31.936816156719829 
31.936816155861720 
31.936816155593306 
31.936816152492725 
31.936816150367349 
31.936816147964237 
31.936816144816703 
31.936816143783403 
31.936816141498525 
31.936816137363962 
31.936816135883987 
31.936816134731430 
31.936816131832984 
31.936816130110515 
31.936816128751730 
31.936816128744113 
31.936816129178396 
31.936816128647024 
31.936816127545171 
31.936816125367613 
31.936816126217764 
31.936816126215035 
31.936816126892381 
31.936816126248914 
31.936816124888992 
31.936816125757787 
31.936816125868063 
31.936816126367376 
31.936816127290058 
31.936816126415579 
31.936816124893994 
31.936816125792802 
31.936816125043947 
31.936816124324878 
31.936816124933557 
31.936816123857511 
31.936816123206199 
31.936816124771099 
31.936816125520750 
31.936816126053827 
31.936816127745942 
31.936816128624628 
31.936816130018883 
31.936816129351428 
31.936816132304898 
31.936816134012247 
31.936816136057587 
31.936816135692538 
31.936816136772904 
31.936816139348139 
31.936816142118573 
31.936816143776923 
31.936816148766184 
31.936816150603136 
31.936816152322081 
31.936816153740324 
31.936816155752808 
31.936816157723911 
31.936816159957516 
31.936816162818445 
31.936816164709967 
31.936816166965514 
31.936816168875112 
31.936816171381906 
31.936816175309673 
31.936816178713002 
31.936816181940003 
31.936816183746487 
31.936816186510214 
31.936816191762205 
31.936816194144967 
31.936816197129133 
31.936816199486998 
31.936816203912713 
31.936816208578193 
31.936816211807468 
31.936816215519798 
31.936816216586294 
31.936816220229730 
31.936816224795621 
31.936816227904615 
31.936816231488365 
31.936816234041657 
31.936816238776601 
31.936816242732561 
31.936816248351306 
31.936816254063274 
31.936816259296847 
31.936816263219043 
31.936816269462724 
31.936816274527700 
31.936816276637728 
31.936816280387006 
31.936816285200166 
31.936816289398394 
31.936816294923915 
31.936816298079293 
31.936816302113925 
31.936816305102184 
31.936816311567100 
31.936816313598229 
31.936816317282819 
31.936816320885441 
31.936816323713174 
31.936816327572615 
31.936816330746638 
31.936816334762398 
31.936816337913342 
31.936816341972758 
31.936816345051170 
31.936816346313663 
31.936816349617629 
31.936816352447295 
31.936816356014674 
31.936816359336490 
31.936816363670687 
31.936816366565836 
31.936816369820463 
31.936816371104783 
31.936816372562134 
31.936816375203080 
31.936816376436127 
31.936816380005212 
31.936816379399716 
31.936816381296012 
31.936816382690040 
31.936816386850637 
31.936816388364605 
31.936816387662134 
31.936816388313900 
31.936816389058322 
31.936816390097874 
31.936816390993272 
31.936816392503374 
31.936816393876484 
31.936816394781204 
31.936816394935136 
31.936816394331117 
31.936816393783374 
31.936816393711865 
31.936816394269613 
31.936816392110700 
31.936816394065318 
31.936816394049629 
31.936816392576930 
31.936816392143669 
31.936816391521916 
31.936816388753869 
31.936816389423711 
31.936816389438150 
31.936816390760782 
31.936816391543630 
31.936816392142191 
31.936816392822720 
31.936816393990966 
31.936816395032110 
31.936816395313144 
31.936816396636800 
31.936816396845188 
31.936816401601163 
31.936816402341265 
31.936816408464665 
31.936816411502264 
31.936816415996532 
31.936816420854143 
31.936816424216318 
31.936816426796099 
31.936816430599151 
31.936816435278388 
31.936816438159781 
31.936816445512704 
31.936816450620768 
31.936816454177574 
31.936816459726515 
31.936816468619554 
31.936816475884257 
31.936816482105655 
31.936816490951742 
31.936816498968028 
31.936816506858236 
31.936816517249554 
31.936816525956147 
31.936816537709092 
31.936816545713555 
31.936816554173674 
31.936816566597372 
31.936816577963441 
31.936816589517775 
31.936816601621217 
31.936816614463851 
31.936816627175290 
31.936816640944699 
31.936816652900461 
31.936816665740025 
31.936816677703860 
31.936816691988270 
31.936816704426974 
31.936816718132036 
31.936816731936005 
31.936816747079092 
31.936816761822456 
31.936816775822763 
31.936816791648425 
31.936816806067100 
31.936816819098112 
31.936816835032005 
31.936816848683065 
31.936816863034210 
31.936816878229820 
31.936816893736705 
31.936816906170520 
31.936816920210276 
31.936816933423529 
31.936816945328587 
31.936816959147222 
31.936816971436087 
31.936816984393090 
31.936816997329061 
31.936817009736842 
31.936817021504794 
31.936817034482942 
31.936817046232022 
31.936817058791803 
31.936817073273687 
31.936817086178280 
31.936817097070389 
31.936817109184972 
31.936817121295690 
31.936817133912882 
31.936817144155839 
31.936817154092751 
31.936817165290222 
31.936817177117064 
31.936817185670407 
31.936817196317065 
31.936817206310934 
31.936817218740657 
31.936817230173688 
31.936817239753964 
31.936817250325021 
31.936817259333566 
31.936817267826314 
31.936817277000728 
31.936817285461188 
31.936817294057619 
31.936817302256259 
31.936817310119409 
31.936817318215276 
31.936817326940513 
31.936817337666412 
31.936817345719419 
31.936817352748903 
31.936817360956525 
31.936817369831033 
31.936817376609042 
31.936817383340554 
31.936817391111390 
31.936817397228083 
31.936817404165254 
31.936817409814466 
31.936817414835446 
31.936817419664862 
31.936817427075766 
31.936817431669624 
31.936817438472985 
31.936817444047847 
31.936817450431022 
31.936817455270329 
31.936817460719226 
31.936817464895171 
31.936817471453651 
31.936817475231464 
31.936817479333627 
31.936817482637593 
31.936817485772508 
31.936817488697784 
31.936817494160550 
31.936817496895401 
31.936817502283475 
31.936817504602573 
31.936817504847454 
31.936817508639137 
31.936817512414564 
31.936817515326766 
31.936817517597660 
31.936817518216913 
31.936817518020689 
31.936817519136866 
31.936817522092042 
31.936817523810078 
31.936817525376910 
31.936817526649293 
31.936817529389373 
31.936817530381177 
31.936817533589419 
31.936817533959697 
31.936817532287932 
31.936817533056455 
31.936817534006991 
31.936817533127169 
31.936817533009844 
31.936817535014256 
31.936817535770615 
31.936817537340630 
31.936817539333788 
31.936817539631988 
31.936817539022513 
31.936817537762181 
31.936817535675118 
31.936817533876592 
31.936817532433111 
31.936817532160831 
31.936817528030247 
31.936817527436574 
31.936817526750247 
31.936817523674563 
31.936817521381954 
31.936817520469390 
31.936817520135037 
31.936817517297868 
31.936817516552651 
31.936817515932489 
31.936817513333381 
31.936817512058042 
31.936817509512366 
31.936817507951559 
31.936817504009923 
31.936817503056091 
31.936817500907068 
31.936817497673928 
31.936817494487514 
31.936817489333748 
31.936817487409144 
31.936817483564027 
31.936817478345347 
31.936817476905503 
31.936817472499342 
31.936817468208915 
31.936817463350735 
31.936817458525184 
31.936817453740559 
31.936817448681268 
31.936817444052394 
31.936817439578590 
31.936817433939041 
31.936817430599262 
31.936817424476544 
31.936817418923511 
31.936817414288726 
31.936817409075616 
31.936817403443229 
31.936817397801292 
31.936817390175179 
31.936817382667414 
31.936817378417004 
31.936817372379892 
31.936817368117318 
31.936817363814612 
31.936817358042163 
31.936817350989031 
31.936817345367672 
31.936817338067954 
31.936817332018791 
31.936817325057859 
31.936817318357953 
31.936817312785024 
31.936817307692081 
31.936817299842005 
31.936817292141654 
31.936817283708478 
31.936817276734132 
31.936817268113714 
31.936817259541158 
31.936817254600669 
31.936817247969429 
31.936817241344215 
31.936817234983209 
31.936817228935297 
31.936817221644105 
31.936817215334031 
31.936817207397098 
31.936817199033044 
31.936817193295724 
31.936817188470741 
31.936817181044262 
31.936817173852660 
31.936817165613206 
31.936817159376687 
31.936817153223274 
31.936817144171755 
31.936817136893751 
31.936817130282634 
31.936817123442665 
31.936817114604423 
31.936817107431693 
31.936817101161182 
31.936817092965043 
31.936817085329039 
31.936817080561013 
31.936817075400540 
31.936817069835797 
31.936817063794706 
31.936817057346843 
31.936817051468893 
31.936817045278417 
31.936817038771778 
31.936817033832313 
31.936817028871587 
31.936817022941113 
31.936817015891961 
31.936817011703170 
31.936817007650234 
31.936817002935186 
31.936816999739676 
31.936816996226526 
31.936816989336194 
31.936816984674806 
31.936816981520224 
31.936816976774480 
31.936816970797395 
31.936816968259791 
31.936816965827802 
31.936816963575552 
31.936816960793067 
31.936816960550573 
31.936816954823144 
31.936816950664706 
31.936816947163265 
31.936816942763926 
31.936816937781487 
31.936816937149501 
31.936816933989803 
31.936816933762657 
31.936816931981639 
31.936816926261599 
31.936816922464686 
31.936816919353532 
31.936816916972816 
31.936816913056077 
31.936816911562346 
31.936816908481887 
31.936816905989190 
31.936816904943726 
31.936816903955446 
31.936816901207749 
31.936816900121585 
31.936816899287237 
31.936816897992230 
31.936816895917218 
31.936816893213631 
31.936816891091780 
31.936816890623049 
31.936816887015425 
31.936816884878795 
31.936816886204952 
31.936816885965186 
31.936816884466907 
31.936816882711923 
31.936816883437132 
31.936816882248195 
31.936816880410788 
31.936816881232289 
31.936816879852813 
31.936816879284834 
31.936816878225159 
31.936816876779744 
31.936816875688464 
31.936816875805562 
31.936816876024750 
31.936816876562716 
31.936816877476417 
31.936816878683885 
31.936816877299634 
31.936816877408205 
31.936816876459716 
31.936816876150942 
31.936816876625926 
31.936816875748264 
31.936816876751777 
31.936816876135254 
31.936816877742672 
31.936816880243214 
31.936816880323136 
31.936816880978085 
31.936816881774348 
31.936816880742185 
31.936816883432243 
31.936816885286589 
31.936816886099678 
31.936816886744168 
31.936816885276812 
31.936816888707881 
31.936816891903277 
31.936816893507626 
31.936816894282515 
31.936816895715538 
31.936816898689813 
31.936816901964335 
31.936816902384408 
31.936816903639965 
31.936816907596722 
31.936816911658070 
31.936816912525614 
31.936816912494805 
31.936816914628253 
31.936816916389262 
31.936816918739169 
31.936816921107720 
31.936816921928539 
31.936816923928291 
31.936816926026950 
31.936816928805115 
31.936816930864779 
31.936816932495276 
31.936816933909540 
31.936816935872685 
31.936816938811603 
31.936816941867278 
31.936816944902944 
31.936816947646093 
31.936816949565127 
31.936816950992693 
31.936816950506454 
31.936816954149890 
31.936816953684684 
31.936816956455004 
31.936816958836857 
31.936816960570695 
31.936816962458693 
31.936816964193213 
31.936816967283221 
31.936816969499318 
31.936816973325904 
31.936816975655120 
31.936816980104709 
31.936816982834898 
31.936816985880796 
31.936816989191584 
31.936816991539331 
31.936816994496667 
31.936816997784717 
31.936817000195106 
31.936817002345265 
31.936817004260547 
31.936817005092962 
31.936817005427656 
31.936817007487662 
31.936817009252195 
31.936817013501241 
31.936817017396265 
31.936817021653496 
31.936817024297625 
31.936817027321467 
31.936817029563031 
31.936817034507385 
31.936817038301001 
31.936817041632366 
31.936817044113923 
31.936817048907074 
31.936817052819947 
31.936817056474297 
31.936817060136036 
31.936817066130516 
31.936817069441531 
31.936817072354870 
31.936817074987971 
31.936817078687454 
31.936817082419338 
31.936817086459541 
31.936817088886983 
31.936817091659691 
31.936817095684319 
31.936817099446557 
31.936817101723818 
31.936817103858289 
31.936817107337902 
31.936817108981813 
31.936817115008125 
31.936817116948987 
31.936817119570605 
31.936817120431670 
31.936817125396487 
31.936817127335416 
31.936817129984433 
31.936817133149361 
31.936817138164201 
31.936817139762638 
31.936817140999437 
31.936817143769190 
31.936817147959800 
31.936817150844035 
31.936817154813752 
31.936817158679105 
31.936817162188504 
31.936817165772709 
31.936817167906383 
31.936817170136123 
31.936817173113013 
31.936817175951091 
31.936817178212664 
31.936817181135098 
31.936817185574114 
31.936817188927421 
31.936817193530260 
31.936817198790322 
31.936817202128964 
31.936817203758437 
31.936817208582852 
31.936817211947869 
31.936817215842552 
31.936817219235536 
31.936817223397611 
31.936817226330390 
31.936817229798748 
31.936817234141245 
31.936817236186130 
31.936817240243954 
31.936817242549068 
31.936817244486747 
31.936817248083912 
31.936817250272725 
31.936817254113635 
31.936817257130883 
31.936817259618124 
31.936817263646276 
31.936817267300285 
31.936817270685196 
31.936817273662427 
31.936817275363637 
31.936817279849720 
31.936817283765777 
31.936817286214364 
31.936817289683177 
31.936817292973956 
31.936817295999731 
31.936817297795642 
31.936817300688404 
31.936817303403018 
31.936817306463354 
31.936817308917853 
31.936817312672133 
31.936817313122106 
31.936817317637406 
31.936817321097578 
31.936817325080028 
31.936817327680956 
31.936817330013582 
31.936817333027193 
31.936817336026479 
31.936817337119237 
31.936817339055665 
31.936817341986625 
31.936817345111876 
31.936817347962233 
31.936817351693776 
31.936817353970582 
31.936817358620942 
31.936817363257319 
31.936817367883805 
31.936817368054903 
31.936817369315577 
31.936817373450822 
31.936817378291607 
31.936817380342859 
31.936817384373967 
31.936817387528095 
31.936817392189369 
31.936817394757099 
31.936817399774895 
31.936817403246891 
31.936817407419539 
31.936817410416552 
31.936817413254516 
31.936817416338840 
31.936817417082011 
31.936817422335139 
31.936817425577146 
31.936817431000918 
31.936817435986654 
31.936817437652508 
31.936817441792982 
31.936817444162898 
31.936817447087151 
31.936817449349974 
31.936817453312756 
31.936817456190965 
31.936817461981036 
31.936817466477919 
31.936817469196853 
31.936817472113262 
31.936817475897669 
31.936817479483921 
31.936817482161587 
31.936817486039672 
31.936817489245414 
31.936817491453326 
31.936817496186904 
31.936817498621622 
31.936817502097028 
31.936817505609952 
31.936817509073535 
31.936817511029631 
31.936817514684890 
31.936817518412226 
31.936817520466093 
31.936817525007882 
31.936817528188499 
31.936817530816711 
31.936817534170473 
31.936817537432944 
31.936817541907317 
31.936817547199894 
31.936817549603120 
31.936817553014635 
31.936817556660344 
31.936817560262853 
31.936817563500540 
31.936817567854860 
31.936817570918265 
31.936817573758503 
31.936817577084639 
31.936817581531955 
31.936817586562370 
31.936817591381669 
31.936817595359344 
31.936817597260301 
31.936817600843369 
31.936817607443004 
31.936817610443654 
31.936817614345046 
31.936817618320674 
31.936817621798809 
31.936817623431580 
31.936817627539540 
31.936817631540180 
31.936817635795478 
31.936817640433446 
31.936817644661005 
31.936817649460863 
31.936817652364653 
31.936817656626431 
31.936817662079761 
31.936817665107696 
31.936817668064577 
31.936817671910148 
31.936817674913073 
31.936817680706895 
31.936817684884318 
31.936817689031159 
31.936817692100703 
31.936817696301887 
31.936817699111998 
31.936817703530323 
31.936817705998010 
31.936817709556067 
31.936817715043844 
31.936817719191367 
31.936817723116292 
31.936817729120889 
31.936817733081853 
31.936817736959256 
31.936817739621119 
31.936817741588129 
31.936817746284760 
31.936817751259696 
31.936817755059906 
31.936817758615348 
31.936817762899295 
31.936817765633805 
31.936817770765629 
31.936817774512065 
31.936817777197575 
31.936817780464480 
31.936817782505045 
31.936817787598329 
31.936817792518923 
31.936817796644846 
31.936817800261906 
31.936817801898087 
31.936817804972861 
31.936817809853665 
31.936817815341783 
31.936817820359920 
31.936817822681633 
31.936817825523576 
31.936817828830726 
31.936817834873409 
31.936817839374498 
31.936817845972087 
31.936817848375313 
31.936817849388149 
31.936817853674938 
31.936817858918403 
31.936817862191674 
31.936817866518254 
31.936817870904861 
31.936817875195175 
31.936817880040053 
31.936817884501579 
31.936817890644534 
31.936817894310479 
31.936817897789979 
31.936817902647476 
31.936817908384000 
31.936817912792094 
31.936817917683697 
31.936817921778811 
31.936817926585945 
31.936817932609301 
31.936817938474064 
31.936817942267680 
31.936817947198278 
31.936817952288379 
31.936817955889865 
31.936817959588325 
31.936817964735837 
31.936817969501021 
31.936817974233577 
31.936817978121894 
31.936817982772254 
31.936817986974347 
31.936817992849569 
31.936817999926234 
31.936818006413887 
31.936818010675438 
31.936818015329663 
31.936818022178613 
31.936818024931199 
31.936818028687640 
31.936818034188150 
31.936818038099091 
31.936818044248184 
31.936818047826819 
31.936818050981856 
31.936818056071729 
31.936818062123393 
31.936818068547836 
31.936818074517646 
31.936818080349326 
31.936818086385870 
31.936818093199804 
31.936818096104162 
31.936818104154554 
31.936818110152444 
31.936818117713528 
31.936818122422324 
31.936818128093478 
31.936818133565794 
31.936818139501156 
31.936818146747783 
31.936818152445539 
31.936818158100323 
31.936818164635952 
31.936818172498533 
31.936818176069664 
31.936818182900083 
31.936818187549079 
31.936818191749467 
31.936818197297725 
31.936818200836342 
31.936818205951568 
31.936818212548360 
31.936818219071370 
31.936818225713296 
31.936818232525638 
31.936818240853768 
31.936818245140898 
31.936818250023521 
31.936818255035178 
31.936818260941664 
31.936818266444448 
31.936818271634365 
31.936818276710937 
31.936818282157901 
31.936818287819278 
31.936818295279068 
31.936818301012863 
31.936818308967986 
31.936818313851973 
31.936818318765972 
31.936818323947136 
31.936818330201277 
31.936818335310591 
31.936818342794027 
31.936818348776001 
31.936818355429978 
31.936818361702535 
31.936818368781815 
31.936818375082112 
31.936818381862167 
31.936818389366863 
31.936818396348144 
31.936818404299629 
31.936818413679475 
31.936818421919952 
31.936818428125889 
31.936818434955399 
31.936818439383615 
31.936818445942208 
31.936818450702049 
31.936818456051697 
31.936818462120300 
31.936818470308481 
31.936818476031590 
31.936818484480682 
31.936818491521990 
31.936818498487582 
31.936818505048223 
31.936818513166827 
31.936818520119232 
31.936818527286505 
31.936818534308713 
31.936818539561727 
31.936818545266874 
31.936818550862654 
31.936818558122695 
31.936818566239936 
31.936818572738844 
31.936818580813565 
31.936818586312711 
31.936818595112641 
31.936818602819926 
31.936818608699923 
31.936818616540450 
31.936818621643852 
31.936818629608069 
31.936818635133704 
31.936818640916272 
31.936818648271924 
31.936818654574040 
31.936818661792131 
31.936818669525564 
31.936818677924066 
31.936818686106335 
31.936818693095006 
31.936818700104823 
31.936818705897849 
31.936818713723596 
31.936818720937708 
31.936818726403089 
31.936818736059649 
31.936818741686920 
31.936818746853760 
31.936818751792316 
31.936818760831102 
31.936818766896067 
31.936818772893844 
31.936818776495329 
31.936818784184879 
31.936818791412406 
31.936818798632544 
31.936818804080076 
31.936818810411637 
31.936818816592904 
31.936818824251304 
31.936818832183917 
31.936818836934435 
31.936818842868092 
31.936818851016369 
31.936818856460150 
31.936818864641964 
31.936818871430546 
31.936818878731401 
31.936818886623769 
31.936818894901990 
31.936818902269579 
31.936818910123861 
31.936818918164249 
31.936818925401212 
31.936818933306085 
31.936818940900594 
31.936818949678695 
31.936818955745935 
31.936818962136044 
31.936818969867431 
31.936818978750921 
31.936818986260278 
31.936818992060125 
31.936818998646459 
31.936819007385338 
31.936819013717809 
31.936819021479550 
31.936819029082926 
31.936819035189274 
31.936819042378374 
31.936819050185932 
31.936819059073741 
31.936819064453516 
31.936819071262562 
31.936819079639918 
31.936819086105970 
31.936819094730708 
31.936819103058951 
31.936819109295811 
31.936819115384424 
31.936819123920486 
31.936819130045251 
31.936819140053331 
31.936819148447398 
31.936819156277124 
31.936819163512382 
31.936819170783338 
31.936819177395364 
31.936819184533078 
31.936819191688983 
31.936819201056210 
31.936819205740903 
31.936819212745377 
31.936819221654105 
31.936819229091043 
31.936819238269550 
31.936819245619290 
31.936819253761541 
31.936819260865946 
31.936819269475336 
31.936819278120197 
31.936819285250635 
31.936819292028531 
31.936819298742648 
31.936819307134783 
31.936819315985417 
31.936819323515920 
31.936819332215009 
31.936819340160582 
31.936819349662073 
31.936819358081038 
31.936819367047406 
31.936819376601761 
31.936819384113733 
31.936819391220297 
31.936819400395166 
31.936819409911323 
31.936819419070616 
31.936819428426588 
31.936819436463566 
31.936819445038736 
31.936819455418004 
31.936819463411439 
31.936819471307444 
31.936819479988344 
31.936819486805121 
31.936819494770816 
31.936819502024719 
31.936819511261433 
31.936819521030884 
31.936819531279639 
31.936819536458870 
31.936819544856007 
31.936819552824545 
31.936819561050697 
31.936819568492524 
31.936819577735491 
31.936819583897432 
31.936819591510812 
31.936819598161492 
31.936819606941640 
31.936819614351180 
31.936819621633504 
31.936819630335322 
31.936819638693123 
31.936819646420872 
31.936819656499665 
31.936819662022344 
31.936819669990427 
31.936819677655421 
31.936819686779018 
31.936819695486975 
31.936819703379797 
31.936819710678265 
31.936819718012657 
31.936819726333169 
31.936819736686630 
31.936819744979857 
31.936819754142107 
31.936819763230233 
31.936819771267892 
31.936819778567042 
31.936819788121284 
31.936819795974088 
31.936819803852131 
31.936819812640579 
31.936819819264201 
31.936819828272974 
31.936819833941058 
31.936819843094099 
31.936819853816132 
31.936819859550155 
31.936819866564747 
31.936819874432558 
31.936819882519558 
31.936819892129392 
31.936819900912042 
31.936819911834618 
31.936819921086453 
31.936819928512705 
31.936819936553093 
31.936819944800732 
31.936819954248335 
31.936819964830192 
31.936819973774163 
31.936819982254178 
31.936819991400512 
31.936820002356058 
31.936820012317639 
31.936820022103120 
31.936820030490253 
31.936820036742347 
31.936820045480545 
31.936820052241501 
31.936820062244124 
31.936820070087265 
31.936820080257007 
31.936820086445323 
31.936820097329701 
31.936820106774576 
31.936820114454349 
31.936820124386486 
31.936820133731317 
31.936820140680311 
31.936820147919661 
31.936820156485737 
31.936820166728580 
31.936820175414823 
31.936820184474527 
31.936820194345842 
31.936820202741046 
31.936820210951964 
31.936820220444361 
31.936820229953582 
31.936820238188943 
31.936820246430443 
31.936820254334407 
31.936820263372965 
31.936820270605040 
31.936820278423056 
31.936820290221931 
31.936820300423278 
31.936820310491157 
31.936820320372476 
31.936820330232194 
31.936820340157055 
31.936820348877063 
31.936820358787372 
31.936820368919484 
31.936820377889035 
31.936820387434068 
31.936820397083238 
31.936820404741638 
31.936820413495070 
31.936820423660834 
31.936820431332308 
31.936820439307667 
31.936820449245261 
31.936820457294516 
31.936820466029076 
31.936820472770023 
31.936820481253221 
31.936820489103752 
31.936820498530778 
31.936820505986930 
31.936820515266959 
31.936820525920439 
31.936820534162280 
31.936820544124885 
31.936820554624660 
31.936820563239849 
31.936820570451573 
31.936820581216580 
31.936820589562558 
31.936820598992313 
31.936820606953233 
31.936820616262821 
31.936820625678251 
31.936820636806260 
31.936820644896216 
31.936820654293570 
31.936820664997185 
31.936820674334967 
31.936820682541793 
31.936820692878200 
31.936820704152296 
31.936820713461088 
31.936820722417906 
31.936820732292972 
31.936820738608276 
31.936820748220498 
31.936820758091017 
31.936820770705594 
31.936820780545531 
31.936820788651858 
31.936820801421845 
31.936820811037478 
31.936820820619687 
31.936820830264423 
31.936820837173173 
31.936820845150578 
31.936820854543157 
31.936820864519859 
31.936820871719874 
31.936820882882557 
31.936820892914056 
31.936820901566307 
31.936820911375776 
31.936820919901152 
31.936820928760199 
31.936820939358768 
31.936820948671766 
31.936820957774898 
31.936820966921800 
31.936820974844636 
31.936820983710390 
31.936820993110473 
31.936821003838645 
31.936821013008966 
31.936821021180094 
31.936821028440136 
31.936821037920936 
31.936821047762010 
31.936821055266819 
31.936821063393154 
31.936821076034676 
31.936821086383247 
31.936821095361211 
31.936821106184652 
31.936821117259115 
31.936821126036534 
31.936821137335755 
31.936821146793818 
31.936821155806001 
31.936821167377275 
31.936821176459262 
31.936821186769976 
31.936821196370033 
31.936821206942454 
31.936821218933801 
31.936821229567272 
31.936821239983601 
31.936821250567391 
31.936821261933460 
31.936821274143085 
31.936821284283610 
31.936821294362289 
31.936821302421777 
31.936821313692008 
31.936821323958725 
31.936821335111176 
31.936821343141219 
31.936821352538573 
31.936821362995033 
31.936821372505278 
31.936821382681160 
31.936821390485647 
31.936821399942573 
31.936821410690641 
31.936821418426234 
31.936821429080169 
31.936821438083598 
31.936821449783565 
31.936821460294141 
31.936821471552548 
31.936821481080869 
31.936821492223658 
31.936821501309623 
31.936821511861353 
31.936821520689591 
31.936821529880717 
31.936821540744859 
31.936821548759099 
31.936821559650753 
31.936821569532640 
31.936821579987509 
31.936821592029446 
31.936821603184626 
31.936821613402799 
31.936821624117101 
31.936821635393471 
31.936821645720329 
31.936821656724078 
31.936821666208289 
31.936821678109254 
31.936821689136650 
31.936821701742815 
31.936821710682352 
31.936821722738614 
31.936821734163004 
31.936821745259522 
31.936821759183431 
31.936821766998150 
31.936821776699389 
31.936821785988514 
31.936821796540471 
31.936821809497587 
31.936821820105024 
31.936821828550364 
31.936821838263995 
31.936821848440559 
31.936821859100178 
31.936821870622452 
31.936821881005471 
31.936821890473993 
31.936821900911013 
31.936821911454899 
31.936821921029491 
31.936821931907048 
31.936821943576319 
31.936821955567439 
31.936821964409205 
31.936821976725469 
31.936821987386793 
31.936821998860069 
31.936822010090737 
31.936822020737395 
31.936822032368354 
31.936822043560369 
31.936822055093899 
31.936822065789556 
31.936822078881733 
31.936822090833630 
31.936822099783058 
31.936822110626963 
31.936822121026580 
31.936822132690622 
31.936822145894325 
31.936822156849985 
31.936822169189782 
31.936822180587910 
31.936822190157045 
31.936822202379972 
31.936822211741173 
31.936822223327454 
31.936822234528563 
31.936822247124155 
31.936822256619735 
31.936822265837918 
31.936822276751968 
31.936822286550182 
31.936822299044252 
31.936822310834032 
31.936822320942611 
31.936822331648273 
31.936822343246831 
31.936822356722814 
31.936822371069638 
31.936822384347124 
31.936822395451372 
31.936822406364854 
31.936822416175005 
31.936822426542562 
31.936822439206708 
31.936822453032050 
31.936822464467696 
31.936822476313182 
31.936822484969980 
31.936822498380934 
31.936822508736668 
31.936822522024158 
31.936822533762324 
31.936822546488202 
31.936822557251162 
31.936822569022411 
31.936822579253203 
31.936822592236240 
31.936822603958149 
31.936822615690517 
31.936822626598087 
31.936822639787579 
31.936822649514625 
31.936822660678217 
31.936822671355912 
31.936822682565662 
31.936822693505746 
31.936822703910138 
31.936822716921938 
31.936822727093613 
31.936822738743672 
31.936822751248656 
31.936822764327417 
31.936822775921428 
31.936822786368793 
31.936822796237948 
31.936822808034549 
31.936822821032024 
31.936822832286452 
31.936822843254959 
31.936822855719356 
31.936822866445937 
31.936822877058148 
31.936822888594747 
31.936822898858964 
31.936822910273236 
31.936822920732766 
31.936822933023791 
31.936822943413745 
31.936822956583001 
31.936822968085380 
31.936822979969747 
31.936822992048064 
31.936823003708469 
31.936823013316598 
31.936823024585124 
31.936823035876046 
31.936823049715031 
31.936823060273127 
31.936823069757111 
31.936823083131003 
31.936823095692034 
31.936823108154840 
31.936823120790677 
31.936823130244875 
31.936823140360502 
31.936823154533613 
31.936823165807482 
31.936823174933693 
31.936823187069194 
31.936823198473121 
31.936823209684917 
31.936823220952874 
31.936823232512097 
31.936823243382719 
31.936823255000490 
31.936823264246868 
31.936823275659435 
31.936823286285517 
31.936823297754586 
31.936823309002762 
31.936823318351344 
31.936823328992091 
31.936823341193190 
31.936823351721614 
31.936823366803310 
31.936823379064549 
31.936823392419001 
31.936823402954133 
31.936823412695503 
31.936823424814293 
31.936823436335317 
31.936823446979815 
31.936823458929780 
31.936823468907505 
31.936823480780049 
31.936823492898043 
31.936823505453958 
31.936823515693050 
31.936823527615729 
31.936823538480326 
31.936823550097870 
31.936823562250083 
31.936823572732692 
31.936823583102750 
31.936823594493035 
31.936823605542145 
31.936823615924709 
31.936823630099752 
31.936823642309037 
31.936823653464558 
31.936823664584608 
31.936823674749917 
31.936823684938872 
31.936823694044051 
31.936823706222413 
31.936823715969467 
31.936823726941157 
31.936823738790963 
31.936823749351106 
31.936823762922586 
31.936823773191463 
31.936823783335967 
31.936823793461599 
31.936823803541643 
31.936823815694765 
31.936823827556736 
31.936823840303077 
31.936823853713349 
31.936823867565863 
31.936823878657378 
31.936823889617131 
31.936823901726598 
31.936823912764794 
31.936823924625060 
31.936823934813901 
31.936823943890658 
31.936823956447142 
31.936823968827184 
31.936823980858208 
31.936823992122072 
31.936824005163317 
31.936824016705600 
31.936824028252545 
31.936824038390796 
31.936824049872484 
31.936824061932612 
31.936824073343018 
31.936824084848467 
31.936824094583244 
31.936824103510617 
31.936824114341789 
31.936824127831983 
31.936824138880183 
31.936824149478525 
31.936824159655544 
31.936824170711020 
31.936824182864143 
31.936824194046721 
31.936824205346966 
31.936824216004425 
31.936824228124351 
31.936824241026443 
31.936824251866938 
31.936824263759945 
31.936824274662740 
31.936824286041656 
31.936824298854162 
31.936824309842905 
31.936824321958511 
31.936824334563426 
31.936824347144920 
31.936824356847183 
31.936824367061604 
31.936824379617974 
31.936824391668324 
31.936824400082401 
31.936824410587860 
31.936824421062511 
31.936824432748722 
31.936824443398336 
31.936824454484281 
31.936824463299899 
31.936824473754768 
31.936824485226452 
31.936824497304542 
31.936824507023857 
31.936824519076708 
31.936824528342299 
31.936824540175849 
31.936824551527479 
31.936824562141737 
31.936824574290767 
31.936824585386830 
31.936824596905922 
31.936824607866583 
31.936824616969943 
31.936824628442082 
31.936824638773601 
31.936824648921174 
31.936824659639115 
31.936824668474628 
31.936824680037944 
31.936824691395941 
31.936824703384787 
31.936824715620560 
31.936824726542454 
31.936824735213122 
31.936824743150510 
31.936824753792052 
31.936824764185417 
31.936824775490550 
31.936824788295780 
31.936824800387171 
31.936824810682765 
31.936824822084645 
31.936824831329091 
31.936824839653809 
31.936824851523056 
31.936824862286358 
31.936824872868442 
31.936824883838426 
31.936824893643234 
31.936824904702576 
31.936824915418811 
31.936824924453504 
31.936824937684833 
31.936824946332081 
31.936824958445072 
31.936824969893451 
31.936824980527490 
31.936824991418234 
31.936825002801697 
31.936825011368455 
31.936825022293078 
31.936825031227727 
31.936825043015233 
31.936825053961684 
31.936825064541495 
31.936825073984664 
31.936825085763985 
31.936825095674749 
31.936825103529713 
31.936825113948998 
31.936825124518009 
31.936825136548350 
31.936825147305967 
31.936825156993791 
31.936825166215499 
31.936825175539980 
31.936825185315911 
31.936825197450162 
31.936825208465621 
31.936825217432670 
31.936825226415976 
31.936825235719652 
31.936825245132923 
31.936825255976146 
31.936825267957033 
31.936825279984987 
31.936825290342313 
31.936825301020690 
31.936825311133816 
31.936825318895899 
31.936825329490830 
31.936825341443409 
31.936825350700587 
31.936825359994032 
31.936825368910263 
31.936825378382764 
31.936825388196098 
31.936825397154280 
31.936825407086417 
31.936825414680470 
31.936825423330674 
31.936825434176058 
31.936825444236774 
31.936825452696780 
31.936825462951219 
31.936825471214320 
31.936825478574178 
31.936825487274518 
31.936825495544895 
31.936825504346984 
31.936825516395857 
31.936825524855749 
31.936825534576542 
31.936825542878296 
31.936825553091239 
31.936825563789853 
31.936825574068962 
31.936825582051142 
31.936825592084574 
31.936825601526607 
31.936825608497429 
31.936825617126942 
31.936825627621033 
31.936825638407754 
31.936825647773276 
31.936825656735209 
31.936825665945207 
31.936825676074591 
31.936825685441136 
31.936825692945376 
31.936825701415728 
31.936825710353219 
31.936825720330035 
31.936825729093243 
31.936825739188407 
31.936825748710362 
31.936825756544067 
31.936825764778291 
31.936825773731016 
31.936825782611891 
31.936825790357830 
31.936825797928805 
31.936825806305023 
31.936825813105429 
31.936825821168213 
31.936825829877080 
31.936825839613562 
31.936825847677255 
31.936825858042994 
31.936825865818719 
31.936825875017348 
31.936825882896073 
31.936825891164062 
31.936825899276755 
31.936825905291244 
31.936825912276845 
31.936825921567106 
31.936825930318946 
31.936825939235973 
31.936825946246131 
31.936825951293031 
31.936825959390831 
31.936825966351194 
31.936825973434452 
31.936825981326592 
31.936825990082525 
31.936826000840028 
31.936826007812101 
31.936826014916960 
31.936826024206539 
31.936826032161207 
31.936826038686604 
31.936826047328623 
31.936826054939047 
31.936826060866338 
31.936826069265749 
31.936826078951981 
31.936826087390386 
31.936826094816524 
31.936826100414464 
31.936826107314573 
31.936826116509792 
31.936826125910784 
31.936826134258808 
31.936826140781136 
31.936826149476815 
31.936826157581891 
31.936826164173681 
31.936826169549136 
31.936826176539626 
31.936826183513631 
31.936826191106093 
31.936826197964137 
31.936826205226112 
31.936826212104052 
31.936826217807493 
31.936826223728076 
31.936826231074861 
31.936826238578533 
31.936826243643281 
31.936826250871263 
31.936826255690448 
31.936826262475051 
31.936826268888353 
31.936826276546981 
31.936826281664253 
31.936826289012629 
31.936826296849631 
31.936826304021679 
31.936826309366779 
31.936826315359895 
31.936826321244439 
31.936826326075106 
31.936826332482610 
31.936826339981280 
31.936826343137000 
31.936826350028468 
31.936826356620827 
31.936826364741137 
31.936826370144672 
31.936826376973613 
31.936826382783920 
31.936826390093529 
31.936826395118260 
31.936826400829887 
31.936826406256387 
31.936826411305219 
31.936826416578697 
31.936826422259060 
31.936826428484324 
31.936826433906731 
31.936826438392018 
31.936826445496081 
31.936826450658828 
31.936826456752897 
31.936826463194734 
31.936826468511526 
31.936826475225871 
31.936826480697619 
31.936826485088545 
31.936826489280065 
31.936826492972386 
31.936826497279299 
31.936826499671383 
31.936826503587554 
31.936826507662317 
31.936826513814822 
31.936826517968257 
31.936826522470938 
31.936826526445657 
31.936826530643430 
31.936826534958072 
31.936826539813410 
31.936826542631479 
31.936826546713860 
31.936826549738498 
31.936826554857134 
31.936826557282075 
31.936826560228951 
31.936826564409785 
31.936826567198750 
31.936826570352878 
31.936826573851818 
31.936826575464465 
31.936826580816387 
31.936826585087829 
31.936826588590520 
31.936826593365709 
31.936826597113622 
31.936826600254790 
31.936826603672444 
31.936826608075535 
31.936826611371089 
31.936826615871610 
31.936826617386487 
31.936826621033788 
31.936826623261595 
31.936826625357071 
31.936826627647179 
31.936826630596443 
31.936826632917928 
31.936826635169723 
31.936826637895138 
31.936826639022456 
31.936826642036294 
31.936826644914845 
31.936826647735870 
31.936826650253579 
31.936826652278341 
31.936826652900436 
31.936826650560079 
31.936826652876107 
31.936826655296272 
31.936826655920868 
31.936826658858763 
31.936826659445842 
31.936826662679550 
31.936826663055058 
31.936826664443743 
31.936826665152921 
31.936826666738170 
31.936826667614469 
31.936826670030541 
31.936826673890664 
31.936826676826968 
31.936826677143472 
31.936826677459294 
31.936826678888110 
31.936826678680177 
31.936826682236642 
31.936826683564732 
31.936826683580193 
31.936826685414985 
31.936826687110852 
31.936826687277062 
31.936826686423274 
31.936826685651795 
31.936826685634969 
31.936826685513097 
31.936826686678387 
31.936826687376879 
31.936826688156771 
31.936826689314785 
31.936826688900737 
31.936826689911754 
31.936826689615827 
31.936826689398572 
31.936826689385725 
31.936826689680174 
31.936826691245528 
31.936826691439592 
31.936826689582631 
31.936826689385725 
31.936826691408669 
31.936826690585121 
31.936826691811348 
31.936826690420276 
31.936826689222357 
31.936826687991470 
31.936826685612800 
31.936826684816424 
31.936826683915569 
31.936826683979234 
31.936826682396713 
31.936826682856690 
31.936826682821902 
31.936826680660715 
31.936826680958916 
31.936826680422428 
31.936826676556848 
31.936826675714428 
31.936826675771954 
31.936826673087580 
31.936826670201299 
31.936826669002244 
31.936826668294657 
31.936826663853935 
31.936826662889871 
31.936826662374870 
31.936826660572478 
31.936826659357280 
31.936826656355947 
31.936826651606907 
31.936826649981867 
31.936826646395616 
31.936826643577206 
31.936826640852814 
31.936826638375578 
31.936826635088210 
31.936826632702150 
31.936826631451595 
31.936826629945472 
31.936826625146068 
31.936826623114712 
31.936826618542568 
31.936826613748508 
31.936826611857668 
31.936826608037563 
31.936826606062596 
31.936826599775372 
31.936826596871242 
31.936826593437331 
31.936826590970213 
31.936826586947518 
31.936826582783056 
31.936826578258660 
31.936826575152054 
31.936826572791460 
31.936826568820379 
31.936826563493355 
31.936826560582972 
31.936826556472170 
31.936826551031118 
31.936826547806504 
31.936826542455833 
31.936826538428477 
31.936826533490716 
31.936826529468590 
31.936826524858589 
31.936826520414343 
31.936826516601627 
31.936826512070411 
31.936826509768935 
31.936826506039893 
31.936826502126451 
31.936826495876744 
31.936826492034129 
31.936826486816926 
