31.936791337279587 
31.936791337959491 
31.936791337594457 
31.936791333006877 
31.936791332032719 
31.936791332270484 
31.936791332579929 
31.936791332887175 
31.936791333292287 
31.936791333781287 
31.936791352506749 
31.936791373004240 
31.936791395142691 
31.936791418926855 
31.936791444417423 
31.936791471682888 
31.936791500912769 
31.936791532253746 
31.936791565963397 
31.936791602129944 
31.936791641149846 
31.936791683225589 
31.936791728647378 
31.936791777654573 
31.936791830530204 
31.936791887322439 
31.936791948289866 
31.936792013363181 
31.936792015372717 
31.936792017383013 
31.936792019505390 
31.936792021691915 
31.936792024005996 
31.936792026351078 
31.936792028342495 
31.936792030326146 
31.936792031769464 
31.936792032583838 
31.936792032658005 
31.936792031195495 
31.936792027996205 
31.936792022342772 
31.936792013927516 
31.936792002658592 
31.936791987259781 
31.936791967946760 
31.936791944869213 
31.936791916513300 
31.936791883714534 
31.936791845864150 
31.936791803143564 
31.936791755678371 
31.936791703889526 
31.936791646840192 
31.936791584991767 
31.936791517381664 
31.936791444557798 
31.936791366304192 
31.936791282556158 
31.936791192708938 
31.936791098324960 
31.936790999442621 
31.936790897002794 
31.936790792098236 
31.936790685348058 
31.936790578732172 
31.936790473638496 
31.936790371176443 
31.936790272793758 
31.936790178887634 
31.936790091964866 
31.936790012544691 
31.936789941068838 
31.936789878189416 
31.936789824898256 
31.936789779532177 
31.936789742588132 
31.936789714226393 
31.936789692810606 
31.936789678350124 
31.936789670538019 
31.936789668705899 
31.936789672054886 
31.936789679325216 
31.936789690199248 
31.936789703447801 
31.936789720430909 
31.936789738359550 
31.936789758218822 
31.936789780368088 
31.936789803889042 
31.936789828281178 
31.936789853745722 
31.936789879286096 
31.936789905961973 
31.936789933593502 
31.936789961161764 
31.936789989272881 
31.936790017811518 
31.936790048329328 
31.936790080857577 
31.936790113826362 
31.936790148603336 
31.936790185422240 
31.936790224508286 
31.936790265482330 
31.936790308345621 
31.936790353133745 
31.936790400663142 
31.936790449339526 
31.936790500964662 
31.936790553716662 
31.936790608021113 
31.936790664261594 
31.936790722284115 
31.936790781846014 
31.936790843134872 
31.936790905593170 
31.936790969893877 
31.936791034310374 
31.936791100075538 
31.936791165846330 
31.936791231273219 
31.936791295900321 
31.936791359326946 
31.936791421153316 
31.936791480651380 
31.936791537928116 
31.936791592243708 
31.936791643715992 
31.936791691822123 
31.936791736590294 
31.936791777554390 
31.936791814941216 
31.936791849231554 
31.936791878999657 
31.936791905082487 
31.936791928006869 
31.936791946350013 
31.936791961358153 
31.936791972293918 
31.936791981042234 
31.936791985297191 
31.936791987011361 
31.936791985746027 
31.936791982467980 
31.936791976496465 
31.936791969066235 
31.936791960104415 
31.936791949627946 
31.936791938477995 
31.936791926938554 
31.936791914917080 
31.936791904049642 
31.936791893557825 
31.936791883074079 
31.936791873919560 
31.936791865978307 
31.936791858856509 
31.936791853105206 
31.936791849211090 
31.936791846193501 
31.936791844749450 
31.936791844766503 
31.936791845780704 
31.936791848317966 
31.936791851148996 
31.936791854976150 
31.936791859063078 
31.936791862116593 
31.936791865538794 
31.936791868310820 
31.936791870910497 
31.936791872466642 
31.936791873869311 
31.936791874762548 
31.936791874006644 
31.936791874060759 
31.936791872485287 
31.936791871354330 
31.936791868942578 
31.936791866461476 
31.936791864541874 
31.936791859993605 
31.936791856415425 
31.936791851857492 
31.936791846838673 
31.936791841309287 
31.936791835527970 
31.936791828572723 
31.936791821102588 
31.936791813630407 
31.936791806399469 
31.936791796752004 
31.936791787163202 
31.936791777209919 
31.936791766776651 
31.936791755166041 
31.936791742925720 
31.936791730178470 
31.936791716595849 
31.936791703585982 
31.936791690239488 
31.936791677074325 
31.936791664275688 
31.936791651213412 
31.936791638413069 
31.936791626694799 
31.936791615191396 
31.936791604390464 
31.936791594058491 
31.936791584545745 
31.936791576352903 
31.936791569577963 
31.936791563138627 
31.936791558005211 
31.936791554423053 
31.936791551643410 
31.936791550254725 
31.936791550520411 
31.936791552182399 
31.936791554561751 
31.936791557861511 
31.936791562351118 
31.936791567351747 
31.936791573639312 
31.936791579611508 
31.936791586058348 
31.936791593804401 
31.936791601136292 
31.936791609988632 
31.936791618007874 
31.936791626879995 
31.936791635224154 
31.936791643870720 
31.936791652157922 
31.936791660969789 
31.936791669819627 
31.936791678389000 
31.936791685140861 
31.936791693402938 
31.936791701778930 
31.936791709169256 
31.936791716234211 
31.936791723957413 
31.936791730362984 
31.936791736940449 
31.936791742771220 
31.936791748364385 
31.936791753999387 
31.936791758566415 
31.936791761592303 
31.936791764055442 
31.936791766088163 
31.936791767036993 
31.936791766903525 
31.936791766199576 
31.936791764242798 
31.936791760473625 
31.936791755689910 
31.936791749780923 
31.936791741887873 
31.936791733200607 
31.936791723793931 
31.936791712512331 
31.936791700266895 
31.936791686825700 
31.936791671312221 
31.936791654713033 
31.936791636285761 
31.936791616623850 
31.936791596122248 
31.936791573254368 
31.936791550081352 
31.936791525229410 
31.936791499752417 
31.936791472037612 
31.936791443772563 
31.936791414246727 
31.936791383922582 
31.936791352747377 
31.936791320728616 
31.936791287625738 
31.936791253816864 
31.936791219894076 
31.936791185712764 
31.936791151008947 
31.936791115455890 
31.936791079561317 
31.936791044365691 
31.936791008784894 
31.936790973014013 
31.936790937962087 
31.936790902926305 
31.936790869054903 
31.936790834932481 
31.936790801169536 
31.936790768235369 
31.936790736126568 
31.936790704022087 
31.936790672809138 
31.936790642350388 
31.936790612396635 
31.936790583091351 
31.936790553842229 
31.936790527076255 
31.936790499964673 
31.936790474356712 
31.936790449497494 
31.936790426320385 
31.936790403980012 
31.936790382114395 
31.936790361484555 
31.936790340912466 
31.936790320744421 
31.936790302147529 
31.936790283261871 
31.936790265774789 
31.936790249278147 
31.936790233829470 
31.936790218406486 
31.936790203465534 
31.936790189869043 
31.936790176151135 
31.936790162968919 
31.936790149794433 
31.936790136709078 
31.936790125054358 
31.936790112552671 
31.936790101674887 
31.936790091553121 
31.936790082355856 
31.936790074144483 
31.936790066491767 
31.936790059270152 
31.936790051940079 
31.936790045912858 
31.936790041190761 
31.936790036109642 
31.936790032052841 
31.936790028955784 
31.936790026865310 
31.936790025308255 
31.936790024280526 
31.936790023944695 
31.936790023941739 
31.936790024541096 
31.936790024833272 
31.936790026470362 
31.936790028682253 
31.936790032234740 
31.936790035398644 
31.936790039060043 
31.936790043311476 
31.936790047117711 
31.936790051374601 
31.936790055509164 
31.936790059316536 
31.936790063112994 
31.936790067859874 
31.936790072206350 
31.936790077293836 
31.936790082697371 
31.936790087717441 
31.936790093005811 
31.936790099375230 
31.936790104506031 
31.936790110597258 
31.936790117485430 
31.936790123934543 
31.936790131043267 
31.936790139701543 
31.936790148921091 
31.936790158798885 
31.936790169385290 
31.936790179293439 
31.936790189683279 
31.936790200267069 
31.936790211531843 
31.936790222309241 
31.936790233719876 
31.936790244747954 
31.936790256251243 
31.936790265921445 
31.936790275131557 
31.936790284488552 
31.936790292660248 
31.936790300169946 
31.936790305872478 
31.936790309714183 
31.936790312817834 
31.936790315373742 
31.936790316860879 
31.936790317931354 
31.936790319486363 
31.936790319813326 
31.936790320952809 
31.936790320791374 
31.936790319638817 
31.936790317103487 
31.936790314278824 
31.936790310797278 
31.936790305227532 
31.936790299077984 
31.936790292108981 
31.936790283654091 
31.936790274235250 
31.936790264807541 
31.936790253405434 
31.936790241168637 
31.936790228548716 
31.936790215006226 
31.936790202194288 
31.936790187760721 
31.936790173466989 
31.936790158756139 
31.936790143266535 
31.936790127854806 
31.936790112824951 
31.936790097450626 
31.936790080831315 
31.936790064539082 
31.936790048409648 
31.936790032735303 
31.936790016213422 
31.936789999638791 
31.936789982937512 
31.936789966733613 
31.936789950732077 
31.936789934942226 
31.936789918472186 
31.936789903294084 
31.936789887939995 
31.936789872983809 
31.936789857738859 
31.936789843594624 
31.936789829157192 
31.936789815377551 
31.936789802982503 
31.936789790871558 
31.936789779082233 
31.936789769080406 
31.936789758990471 
31.936789749539798 
31.936789741484517 
31.936789734432978 
31.936789727819928 
31.936789721985406 
31.936789717503643 
31.936789713122380 
31.936789710363428 
31.936789709140498 
31.936789708791139 
31.936789708448941 
31.936789710612175 
31.936789712171958 
31.936789714956717 
31.936789719417220 
31.936789723780976 
31.936789729066049 
31.936789735772322 
31.936789743455392 
31.936789751628567 
31.936789760971806 
31.936789770717041 
31.936789782145979 
31.936789794135734 
31.936789805998387 
31.936789819780870 
31.936789834743877 
31.936789850121727 
31.936789866039135 
31.936789882777134 
31.936789900163603 
31.936789918172394 
31.936789937601134 
31.936789957082965 
31.936789976627210 
31.936789996740799 
31.936790018248757 
31.936790039641210 
31.936790061417582 
31.936790084589347 
31.936790108210403 
31.936790131305088 
31.936790154771643 
31.936790179146101 
31.936790202719862 
31.936790227659685 
31.936790251690127 
31.936790276422812 
31.936790301235533 
31.936790326027676 
31.936790350608817 
31.936790375521923 
31.936790400015980 
31.936790423632829 
31.936790447931571 
31.936790471149948 
31.936790494758498 
31.936790518333510 
31.936790541031996 
31.936790563215254 
31.936790585441713 
31.936790607012540 
31.936790628628955 
31.936790649556542 
31.936790669694801 
31.936790688738029 
31.936790707865157 
31.936790726430445 
31.936790744357722 
31.936790761251132 
31.936790777270630 
31.936790793776481 
31.936790808986075 
31.936790824249101 
31.936790837896069 
31.936790851089995 
31.936790865168746 
31.936790878234206 
31.936790889780696 
31.936790901003747 
31.936790911569005 
31.936790921572538 
31.936790930668053 
31.936790939046659 
31.936790947357849 
31.936790955424385 
31.936790964204079 
31.936790970837706 
31.936790977959163 
31.936790983331321 
31.936790989789529 
31.936790994937610 
31.936790999809318 
31.936791003685812 
31.936791007643706 
31.936791011107744 
31.936791013509833 
31.936791015317226 
31.936791017682481 
31.936791019188149 
31.936791020523060 
31.936791022478815 
31.936791023457545 
31.936791024296895 
31.936791024195713 
31.936791023730848 
31.936791022876378 
31.936791021365707 
31.936791020267719 
31.936791018544454 
31.936791016755024 
31.936791014430810 
31.936791011677087 
31.936791009022272 
31.936791005474674 
31.936791002612949 
31.936790998765446 
31.936790995080855 
31.936790991011094 
31.936790986006713 
31.936790980555998 
31.936790976108114 
31.936790970859875 
31.936790965326281 
31.936790959557129 
31.936790953511036 
31.936790947181976 
31.936790941177264 
31.936790934540340 
31.936790928069968 
31.936790920755698 
31.936790912308197 
31.936790904537474 
31.936790895469130 
31.936790886206609 
31.936790876796522 
31.936790866551632 
31.936790857065262 
31.936790847401539 
31.936790835363922 
31.936790823571073 
31.936790810656476 
31.936790797035655 
31.936790783442120 
31.936790769623030 
31.936790754464141 
31.936790738044010 
31.936790720888894 
31.936790703636916 
31.936790685237611 
31.936790664750674 
31.936790644153689 
31.936790623048637 
31.936790600647555 
31.936790576257408 
31.936790552110324 
31.936790525633114 
31.936790498529149 
31.936790470671667 
31.936790441024073 
31.936790410489493 
31.936790379100671 
31.936790345763256 
31.936790311536129 
31.936790278009767 
31.936790242675215 
31.936790206295768 
31.936790168459197 
31.936790130856025 
31.936790092296064 
31.936790052593096 
31.936790013183327 
31.936789973335635 
31.936789932395186 
31.936789891378339 
31.936789849651518 
31.936789807519290 
31.936789764987566 
31.936789722927415 
31.936789681081450 
31.936789637747097 
31.936789595169330 
31.936789552232085 
31.936789509352025 
31.936789466185019 
31.936789424070639 
31.936789382600750 
31.936789341306508 
31.936789300505779 
31.936789260575893 
31.936789220680566 
31.936789181657446 
31.936789143169904 
31.936789106024435 
31.936789067899099 
31.936789030072873 
31.936788992996640 
31.936788956050918 
31.936788920205572 
31.936788884520411 
31.936788849006234 
31.936788813818907 
31.936788779974336 
31.936788746950697 
31.936788714817339 
31.936788682788347 
31.936788651248889 
31.936788620826178 
31.936788590221568 
31.936788561657295 
31.936788533186700 
31.936788505063987 
31.936788477941832 
31.936788452020210 
31.936788427763986 
31.936788402924549 
31.936788379506083 
31.936788356190277 
31.936788334614562 
31.936788312741328 
31.936788292178107 
31.936788271589762 
31.936788251357825 
31.936788232463073 
31.936788214833655 
31.936788197202077 
31.936788181043084 
31.936788165524945 
31.936788150962798 
31.936788136803898 
31.936788123171141 
31.936788112049726 
31.936788100844865 
31.936788089452875 
31.936788078828386 
31.936788069252771 
31.936788061241828 
31.936788054101044 
31.936788047470827 
31.936788041033424 
31.936788035729023 
31.936788031489755 
31.936788028686919 
31.936788026488102 
31.936788024892280 
31.936788024805765 
31.936788024932184 
31.936788026291879 
31.936788029050604 
31.936788033844209 
31.936788038716827 
31.936788043989395 
31.936788051132226 
31.936788058809498 
31.936788067352268 
31.936788076973471 
31.936788087922650 
31.936788099591013 
31.936788112499244 
31.936788125825160 
31.936788140177214 
31.936788154826559 
31.936788170815817 
31.936788186504373 
31.936788202912567 
31.936788217442313 
31.936788233100970 
31.936788248656285 
31.936788263169660 
31.936788277178607 
31.936788290788172 
31.936788303949925 
31.936788316857360 
31.936788330107333 
31.936788343160629 
31.936788355505200 
31.936788367121721 
31.936788379120799 
31.936788391975483 
31.936788403695346 
31.936788416058675 
31.936788428198156 
31.936788439469296 
31.936788450516474 
31.936788461463379 
31.936788470888587 
31.936788479777078 
31.936788488621914 
31.936788497643306 
31.936788505752816 
31.936788513773081 
31.936788520584741 
31.936788526888449 
31.936788533165100 
31.936788537518169 
31.936788541268697 
31.936788545570153 
31.936788548678919 
31.936788552257099 
31.936788555005251 
31.936788557967475 
31.936788558718263 
31.936788559237243 
31.936788559129241 
31.936788559209731 
31.936788557887553 
31.936788555755925 
31.936788552853159 
31.936788549440053 
31.936788545321178 
31.936788539976533 
31.936788533858817 
31.936788526015334 
31.936788516818069 
31.936788506155608 
31.936788495329893 
31.936788483179157 
31.936788470540478 
31.936788456216732 
31.936788441093768 
31.936788425686359 
31.936788409219048 
31.936788391589857 
31.936788373016498 
31.936788354277724 
31.936788335140818 
31.936788314453224 
31.936788293022687 
31.936788272007107 
31.936788250327936 
31.936788227930492 
31.936788204822392 
31.936788181260454 
31.936788157968294 
31.936788133538357 
31.936788109309532 
31.936788083801844 
31.936788058532102 
31.936788032894697 
31.936788006874735 
31.936787980913778 
31.936787955816271 
31.936787928702984 
31.936787902900960 
31.936787876055064 
31.936787848963263 
31.936787821621692 
31.936787794139491 
31.936787766827024 
31.936787739174633 
31.936787711912530 
31.936787683690000 
31.936787655916419 
31.936787628595539 
31.936787600176103 
31.936787572202093 
31.936787542894535 
31.936787514008529 
31.936787485274863 
31.936787455480271 
31.936787426021283 
31.936787396129148 
31.936787366328076 
31.936787336312705 
31.936787306689894 
31.936787276680093 
31.936787246891299 
31.936787215501340 
31.936787185527010 
31.936787155122602 
31.936787124221155 
31.936787093710791 
31.936787063073780 
31.936787032717120 
31.936787002207211 
31.936786971202537 
31.936786940577235 
31.936786909898615 
31.936786879379952 
31.936786850178009 
31.936786820420025 
31.936786791427039 
31.936786761260919 
31.936786730813992 
31.936786702105906 
31.936786673480128 
31.936786645302732 
31.936786616335894 
31.936786588323912 
31.936786560960400 
31.936786533209329 
31.936786506173121 
31.936786479307557 
31.936786453046807 
31.936786426457502 
31.936786399585458 
31.936786374199073 
31.936786348849409 
31.936786321813429 
31.936786295470029 
31.936786269482582 
31.936786243459323 
31.936786218645807 
31.936786193652324 
31.936786166787329 
31.936786140266804 
31.936786113678863 
31.936786088062149 
31.936786061534463 
31.936786034528950 
31.936786006411921 
31.936785978285570 
31.936785950271428 
31.936785921718865 
31.936785893006004 
31.936785862432544 
31.936785833132831 
31.936785802561076 
31.936785769529934 
31.936785737079049 
31.936785703752776 
31.936785670494714 
31.936785636635477 
31.936785601223278 
31.936785566314484 
31.936785530214138 
31.936785492546505 
31.936785456003349 
31.936785417720557 
31.936785379371486 
31.936785339499465 
31.936785299096300 
31.936785258062173 
31.936785216817498 
31.936785174975284 
31.936785133489479 
31.936785091872821 
31.936785049459331 
31.936785007647586 
31.936784963613491 
31.936784921638719 
31.936784878663275 
31.936784835528556 
31.936784792470917 
31.936784748354853 
31.936784705651917 
31.936784662783680 
31.936784620334265 
31.936784577938170 
31.936784535641891 
31.936784494108451 
31.936784453002133 
31.936784412355109 
31.936784371608383 
31.936784332548427 
31.936784293540541 
31.936784255539578 
31.936784217267473 
31.936784179567780 
31.936784143148202 
31.936784106815026 
31.936784071702050 
31.936784036924337 
31.936784002825220 
31.936783970595116 
31.936783939595784 
31.936783908950019 
31.936783878769347 
31.936783850864003 
31.936783823029145 
31.936783796885948 
31.936783771364958 
31.936783746529613 
31.936783723834083 
31.936783701858076 
31.936783680379676 
31.936783659882849 
31.936783640830072 
31.936783623499650 
31.936783607119651 
31.936783591597305 
31.936783577069946 
31.936783563876133 
31.936783550499172 
31.936783539630142 
31.936783529369336 
31.936783521211623 
31.936783513072442 
31.936783506242364 
31.936783500244815 
31.936783496205749 
31.936783492913492 
31.936783490971493 
31.936783490248786 
31.936783489915456 
31.936783490712742 
31.936783493191683 
31.936783496545559 
31.936783500292904 
31.936783505729181 
31.936783511097133 
31.936783517617528 
31.936783525335500 
31.936783533211155 
31.936783541814862 
31.936783551752910 
31.936783561899347 
31.936783572606373 
31.936783584980162 
31.936783597432168 
31.936783610834027 
31.936783623789779 
31.936783637427880 
31.936783652745703 
31.936783667938016 
31.936783682602254 
31.936783697526153 
31.936783711488715 
31.936783726647604 
31.936783741233057 
31.936783756103750 
31.936783771067780 
31.936783785278635 
31.936783798851593 
31.936783813661123 
31.936783826673377 
31.936783840249859 
31.936783853238353 
31.936783864908193 
31.936783877454559 
31.936783891154278 
31.936783902662796 
31.936783914277498 
31.936783925953932 
31.936783937473706 
31.936783948798734 
31.936783959857394 
31.936783970896386 
31.936783982073393 
31.936783992476080 
31.936784002526338 
31.936784012445969 
31.936784022175402 
31.936784032005221 
31.936784041668830 
31.936784050950564 
31.936784059699448 
31.936784067864892 
31.936784075157220 
31.936784082868144 
31.936784090196397 
31.936784097110490 
31.936784104052322 
31.936784109915266 
31.936784114125430 
31.936784118310811 
31.936784122360223 
31.936784126756834 
31.936784129638113 
31.936784132742787 
31.936784134740606 
31.936784137134396 
31.936784139408701 
31.936784140621285 
31.936784142690385 
31.936784143840669 
31.936784144622493 
31.936784146007085 
31.936784146840409 
31.936784148787751 
31.936784149985442 
31.936784152194264 
31.936784153759390 
31.936784155731857 
31.936784158804699 
31.936784162300683 
31.936784165430936 
31.936784169288899 
31.936784174311924 
31.936784179652136 
31.936784184817043 
31.936784189911577 
31.936784196206418 
31.936784203734078 
31.936784210524138 
31.936784219633864 
31.936784228245642 
31.936784236474523 
31.936784245540139 
31.936784255506609 
31.936784266620407 
31.936784278714867 
31.936784291557842 
31.936784303629338 
31.936784316090325 
31.936784329568354 
31.936784343428826 
31.936784359136254 
31.936784374267290 
31.936784390058165 
31.936784407465893 
31.936784424964799 
31.936784442690850 
31.936784461210209 
31.936784479775724 
31.936784498420138 
31.936784517716433 
31.936784536417690 
31.936784556225120 
31.936784575521642 
31.936784594837945 
31.936784614163798 
31.936784632740455 
31.936784653004452 
31.936784671534269 
31.936784690747800 
31.936784709677568 
31.936784728768316 
31.936784747796310 
31.936784766586470 
31.936784784541260 
31.936784803059254 
31.936784820102503 
31.936784837432015 
31.936784854133066 
31.936784871175860 
31.936784886642954 
31.936784902188037 
31.936784916490979 
31.936784930382146 
31.936784943585735 
31.936784956774318 
31.936784969753717 
31.936784981679011 
31.936784993388301 
31.936785003712430 
31.936785014667521 
31.936785022972117 
31.936785032778516 
31.936785042287511 
31.936785050887693 
31.936785058471742 
31.936785065907543 
31.936785072399061 
31.936785079332367 
31.936785085571728 
31.936785090495960 
31.936785095247842 
31.936785100303496 
31.936785103748662 
31.936785107036030 
31.936785109816583 
31.936785113122369 
31.936785116077999 
31.936785118997022 
31.936785121211642 
31.936785122709580 
31.936785124163180 
31.936785125503320 
31.936785126635868 
31.936785128266365 
31.936785128890278 
31.936785129889358 
31.936785130129010 
31.936785130759517 
31.936785131435272 
31.936785131910938 
31.936785132146269 
31.936785132352497 
31.936785132261775 
31.936785132169462 
31.936785131689476 
31.936785131257011 
31.936785130634235 
31.936785131193346 
31.936785131333863 
31.936785131349325 
31.936785130392764 
31.936785129280679 
31.936785129891859 
31.936785128921883 
31.936785128955762 
31.936785129102873 
31.936785129498958 
31.936785129309555 
31.936785129090367 
31.936785128477140 
31.936785127955773 
31.936785126672476 
31.936785126161794 
31.936785125692950 
31.936785126059021 
31.936785126359837 
31.936785126001951 
31.936785125817096 
31.936785124860990 
31.936785124160906 
31.936785124531752 
31.936785125763208 
31.936785126078803 
31.936785126831637 
31.936785125848928 
31.936785125857114 
31.936785125376446 
31.936785125617689 
31.936785126164068 
31.936785126166114 
31.936785125753204 
31.936785125752522 
31.936785125623373 
31.936785125123151 
31.936785124756852 
31.936785124147264 
31.936785123754362 
31.936785122765968 
31.936785122313040 
31.936785122132733 
31.936785120718014 
31.936785119861042 
31.936785117780573 
31.936785115294015 
31.936785113086898 
31.936785110407300 
31.936785108191998 
31.936785106410980 
31.936785103998545 
31.936785101198438 
31.936785097439270 
31.936785093400886 
31.936785090020294 
31.936785085720203 
31.936785081202288 
31.936785078249386 
31.936785073803094 
31.936785070265159 
31.936785065459844 
31.936785060198645 
31.936785054424263 
31.936785047881131 
31.936785041963049 
31.936785036143874 
31.936785031064801 
31.936785025973677 
31.936785020618572 
31.936785014294856 
31.936785007199433 
31.936785000267719 
31.936784994040181 
31.936784987632564 
31.936784980315679 
31.936784972885107 
31.936784965864490 
31.936784959060105 
31.936784951501295 
31.936784944423607 
31.936784937437551 
31.936784930444219 
31.936784923315827 
31.936784915770659 
31.936784909190919 
31.936784902318777 
31.936784895187884 
31.936784888954662 
31.936784881391986 
31.936784874043951 
31.936784866845755 
31.936784859816271 
31.936784853361132 
31.936784847139961 
31.936784840442442 
31.936784834323817 
31.936784827751580 
31.936784821453330 
31.936784816251475 
31.936784810027802 
31.936784805335037 
31.936784801027898 
31.936784796388565 
31.936784791434548 
31.936784786509406 
31.936784782609266 
31.936784779018353 
31.936784774963598 
31.936784770344957 
31.936784766548953 
31.936784763238165 
31.936784759411921 
31.936784756176621 
31.936784753064785 
31.936784749987055 
31.936784747912952 
31.936784744869101 
31.936784742670852 
31.936784741228394 
31.936784739725226 
31.936784738442839 
31.936784737599737 
31.936784736749360 
31.936784735644551 
31.936784735818947 
31.936784736187064 
31.936784736144091 
31.936784737056087 
31.936784737536755 
31.936784738563574 
31.936784739379164 
31.936784740590156 
31.936784742089458 
31.936784743503267 
31.936784745577597 
31.936784747598040 
31.936784751052983 
31.936784752905396 
31.936784756267116 
31.936784759558805 
31.936784762941670 
31.936784767210838 
31.936784770652821 
31.936784773895170 
31.936784777165030 
31.936784781850520 
31.936784785988493 
31.936784790802449 
31.936784795753738 
31.936784800364876 
31.936784805561729 
31.936784810470044 
31.936784815905867 
31.936784821385800 
31.936784827684050 
31.936784833702632 
31.936784840373548 
31.936784847118133 
31.936784854175585 
31.936784861064325 
31.936784867840061 
31.936784874646264 
31.936784882274651 
31.936784889889168 
31.936784897574626 
31.936784906206640 
31.936784914189275 
31.936784921950448 
31.936784930834165 
31.936784939226300 
31.936784948170043 
31.936784958288172 
31.936784966812866 
31.936784977518982 
31.936784987751935 
31.936784998472149 
31.936785008987272 
31.936785019573335 
31.936785030385636 
31.936785041367330 
31.936785052081177 
31.936785063912339 
31.936785075927673 
31.936785087172666 
31.936785098846940 
31.936785111221070 
31.936785123259369 
31.936785135246282 
31.936785148262061 
31.936785161141415 
31.936785174098986 
31.936785187439455 
31.936785201265366 
31.936785215243390 
31.936785229949692 
31.936785244123939 
31.936785259606495 
31.936785273889654 
31.936785289831505 
31.936785305072590 
31.936785319802539 
31.936785335980403 
31.936785350754462 
31.936785366439835 
31.936785382799144 
31.936785397291260 
31.936785412445488 
31.936785428208850 
31.936785444432644 
31.936785460446799 
31.936785476728119 
31.936785493166326 
31.936785509652282 
31.936785525455434 
31.936785541443214 
31.936785558127667 
31.936785574932856 
31.936785591650960 
31.936785608306764 
31.936785624665390 
31.936785640971948 
31.936785656144139 
31.936785671761754 
31.936785687649035 
31.936785703332816 
31.936785720017497 
31.936785735908643 
31.936785752245441 
31.936785768261871 
31.936785783894038 
31.936785799103518 
31.936785814127006 
31.936785830526333 
31.936785846703742 
31.936785862581246 
31.936785877202965 
31.936785892552507 
31.936785907074636 
31.936785921380533 
31.936785935887428 
31.936785949708565 
31.936785963777766 
31.936785977930413 
31.936785990945054 
31.936786004934220 
31.936786017761278 
31.936786031115162 
31.936786043824213 
31.936786056859546 
31.936786068857145 
31.936786080324964 
31.936786092447619 
31.936786103919758 
31.936786115971017 
31.936786127588675 
31.936786138324123 
31.936786149484305 
31.936786161630380 
31.936786172120037 
31.936786182325250 
31.936786193505441 
31.936786203159954 
31.936786212738070 
31.936786222032424 
31.936786230385451 
31.936786239900357 
31.936786249434590 
31.936786258206894 
31.936786267178832 
31.936786275916347 
31.936786285733888 
31.936786293240402 
31.936786301874236 
31.936786310341176 
31.936786317340648 
31.936786324206878 
31.936786332326392 
31.936786338674210 
31.936786346300778 
31.936786352486706 
31.936786359224698 
31.936786365239641 
31.936786370576556 
31.936786376581040 
31.936786382402715 
31.936786388317614 
31.936786393308921 
31.936786399282937 
31.936786404816303 
31.936786409421529 
31.936786413933078 
31.936786417135863 
31.936786421359557 
31.936786426390881 
31.936786429388121 
31.936786433942871 
31.936786438033323 
31.936786441982804 
31.936786445047346 
31.936786448107796 
31.936786450843101 
31.936786453820787 
31.936786456340997 
31.936786458468760 
31.936786460621988 
31.936786462368218 
31.936786464349098 
31.936786465820205 
31.936786466834747 
31.936786468261289 
31.936786469646904 
31.936786470403604 
31.936786471548658 
31.936786472656422 
31.936786439212483 
31.936786402865891 
31.936786362020939 
31.936786316854977 
31.936786267041953 
31.936786213529558 
31.936786157055849 
31.936786096745436 
31.936786032314558 
31.936785965145646 
31.936785894608875 
31.936785821196281 
31.936785744044300 
31.936785662874627 
31.936785579180651 
31.936785491114279 
31.936785400232111 
31.936785305993908 
31.936785208841684 
31.936785108982804 
31.936785007578692 
31.936784901793544 
31.936784793882907 
31.936784682866801 
31.936784569555584 
31.936784453092514 
31.936784334835011 
31.936784213274677 
31.936784089457888 
31.936783963472863 
31.936783835718416 
31.936783705084963 
31.936783571582509 
31.936783437029590 
31.936783299413491 
31.936783159930656 
31.936783019697032 
31.936782875841345 
31.936782730586856 
31.936782582732576 
31.936782433649114 
31.936782283128196 
31.936782130341271 
31.936781975821305 
31.936781818842064 
31.936781660213910 
31.936781500000052 
31.936781339273239 
31.936781176411841 
31.936781010281265 
31.936780843753240 
31.936780674856436 
31.936780504422131 
31.936780332416220 
31.936780158518104 
31.936779983161159 
31.936779807110725 
31.936779629291323 
31.936779450203176 
31.936779267932252 
31.936779084899172 
31.936779077798292 
31.936779070650118 
31.936779063853464 
31.936779057401509 
31.936779050534369 
31.936779043463957 
31.936779036409007 
31.936779029812442 
31.936779022899373 
31.936779014582953 
31.936779007879522 
31.936779000543993 
31.936778993247117 
31.936778984784269 
31.936778976272308 
31.936778968702583 
31.936778961151958 
31.936778953209796 
31.936778944667367 
31.936778936004885 
31.936778928161402 
31.936778919314747 
31.936778910344401 
31.936778900519130 
31.936778891700669 
31.936778882312865 
31.936778874328411 
31.936778864921962 
31.936778856003912 
31.936778845796198 
31.936778836269241 
31.936778826968748 
31.936778816990227 
31.936778808490089 
31.936778798504292 
31.936778787852290 
31.936778777275777 
31.936778767009855 
31.936778756831700 
31.936778746621258 
31.936778735477219 
31.936778724904798 
31.936778713042713 
31.936778701970070 
31.936778691512245 
31.936778680808857 
31.936778668486568 
31.936778656131992 
31.936778644098467 
31.936778631239576 
31.936778619460256 
31.936778607329416 
31.936778593365489 
31.936778581406543 
31.936778569179751 
31.936778556570971 
31.936778543917626 
31.936778529763160 
31.936778516586855 
31.936778504008998 
31.936778489779499 
31.936778476761901 
31.936778463723385 
31.936778449473422 
31.936778436759141 
31.936778422637872 
31.936778409217368 
31.936778394677276 
31.936778380524174 
31.936778367036368 
31.936778352437159 
31.936778337874330 
31.936778323093222 
31.936778307934219 
31.936778292378676 
31.936778277097346 
31.936778262037024 
31.936778246222275 
31.936778231135577 
31.936778215452250 
31.936778199900800 
31.936778185192907 
31.936778169226727 
31.936777763846749 
31.936777354886090 
31.936776945402471 
31.936776533454577 
31.936776120142440 
31.936775705797572 
31.936775289746947 
31.936774872662227 
31.936774455275554 
31.936774036429597 
31.936773617813742 
31.936773197729053 
31.936772776849921 
31.936772356634265 
31.936771935976140 
31.936771516189310 
31.936771096116900 
31.936770676164542 
31.936770257196258 
31.936769839140652 
31.936769421694407 
31.936769004190865 
31.936768587971528 
31.936768173509336 
31.936767760629664 
31.936767349513048 
31.936766940285452 
31.936766532640377 
31.936766127533247 
31.936765725046826 
31.936765323267537 
31.936764925669195 
31.936764530772962 
31.936764139144088 
31.936763749977217 
31.936763364300532 
31.936762981326410 
31.936762602151248 
31.936762225992879 
31.936761854607539 
31.936761486715568 
31.936761122621192 
31.936760763675920 
31.936760407695147 
31.936760056722051 
31.936759710783008 
31.936759369077663 
31.936759032262671 
31.936758700052451 
31.936758373433349 
31.936758052384448 
31.936757735537867 
31.936757425060478 
31.936757120532093 
31.936756820112350 
31.936756526098634 
31.936756237048030 
31.936755953492138 
31.936755675648783 
31.936755405342865 
31.936755140149671 
31.936754881241995 
31.936754628121889 
31.936754381047194 
31.936754140879657 
31.936753906639751 
31.936753679396134 
31.936753458278417 
31.936753243685871 
31.936753034124649 
31.936752832895309 
31.936752636919209 
31.936752447741128 
31.936752264652114 
31.936752088122375 
31.936751918631217 
31.936751755918522 
31.936751598570481 
31.936751447298320 
31.936751302850553 
31.936751164288125 
31.936751032394113 
31.936750906113957 
31.936750785784625 
31.936750671718983 
31.936750564566864 
31.936750463576118 
31.936750367935019 
31.936750278676755 
31.936750195502100 
31.936750118397867 
31.936750046700126 
31.936749980249260 
31.936749920055263 
31.936749864696594 
31.936749816238262 
31.936749773144129 
31.936749734408750 
31.936749700843393 
31.936749672408496 
31.936749650414640 
31.936749632370720 
31.936749619558213 
31.936749611070354 
31.936749606766625 
31.936749607078582 
31.936749611325013 
31.936749620944738 
31.936749635181968 
31.936749653478273 
31.936749676339787 
31.936749702502311 
31.936749732801218 
31.936749766659432 
31.936749803614020 
31.936749844737733 
31.936749889390285 
31.936749937021887 
31.936749988657084 
31.936750042008498 
31.936750097941058 
31.936750157035021 
31.936750219436362 
31.936750284559366 
31.936750352433592 
31.936750422842124 
31.936750494483022 
31.936750569087053 
31.936750645280426 
31.936750724055855 
31.936750804451094 
31.936750888167808 
31.936750973035942 
31.936751058841764 
31.936751145633934 
31.936751234330131 
31.936751324728448 
31.936751416978041 
31.936751509116220 
31.936751602795539 
31.936751697010095 
31.936751791723054 
31.936751887898481 
31.936751985484079 
31.936752082446219 
31.936752180878557 
31.936752279854318 
31.936752379025620 
31.936752478452490 
31.936752577168136 
31.936752677060213 
31.936752775968671 
31.936752874901231 
31.936752974389037 
31.936753073355703 
31.936753171538385 
31.936753269182191 
31.936753367638630 
31.936753465759921 
31.936753563535149 
31.936753660205795 
31.936753756876442 
31.936753852252878 
31.936753946761655 
31.936754040762935 
31.936754134282637 
31.936754227028359 
31.936754318801832 
31.936754408657180 
31.936754497955008 
31.936754585727158 
31.936754672733969 
31.936754759327414 
31.936754844520237 
31.936754928010487 
31.936755009660374 
31.936755089876897 
31.936755169484513 
31.936755247727433 
31.936755324885326 
31.936755400463881 
31.936755473665926 
31.936755544220432 
31.936755614516642 
31.936755683551837 
31.936755750518842 
31.936755815311244 
31.936755879172324 
31.936755941260799 
31.936756000519381 
31.936756058740229 
31.936756113980209 
31.936756168036482 
31.936756220816733 
31.936756270996284 
31.936756319506003 
31.936756364904795 
31.936756408287692 
31.936756448792039 
31.936756487712046 
31.936756524538396 
31.936756558446632 
31.936756590274399 
31.936756620611504 
31.936756649054587 
31.936756673119362 
31.936756695012264 
31.936756714595958 
31.936756731864989 
31.936756747131767 
31.936756758149386 
31.936756767963288 
31.936756774756759 
31.936756779104599 
31.936756780820360 
31.936756779351981 
31.936756776007769 
31.936756770441662 
31.936756762057485 
31.936756749929827 
31.936756735874042 
31.936756717449498 
31.936756696869452 
31.936756673892887 
31.936756647462971 
31.936756617481478 
31.936756584571867 
31.936756549168422 
31.936756510889609 
31.936756469395277 
31.936756425611748 
31.936756377522215 
31.936756327099829 
31.936756273861647 
31.936756216406138 
31.936756156515912 
31.936756094158682 
31.936756027118918 
31.936755957172863 
31.936755885178172 
31.936755809224451 
31.936755729399465 
31.936755647016525 
31.936755561126574 
31.936755472132518 
31.936755378819726 
31.936755283327329 
31.936755185101447 
31.936755083977005 
31.936754978186400 
31.936754869241668 
31.936754757033668 
31.936754641345487 
31.936754522106185 
31.936754399492656 
31.936754273214774 
31.936754143355301 
31.936754012141137 
31.936753876250350 
31.936753736960327 
31.936753592800414 
31.936753446413604 
31.936753296794905 
31.936753143295391 
31.936752987861382 
31.936752828841236 
31.936752665716085 
31.936752497731959 
31.936752328208968 
31.936752154020269 
31.936751976959386 
31.936751796506996 
31.936751610978718 
31.936751423421811 
31.936751232330607 
31.936751037853355 
31.936750838929584 
31.936750636717079 
31.936750430228130 
31.936750220465456 
31.936750007982937 
31.936749790306294 
31.936749570357733 
31.936749347063596 
31.936749120385684 
31.936748889397222 
31.936748653956329 
31.936748415917464 
31.936748174319291 
31.936747930469210 
31.936747681647830 
31.936747428681429 
31.936747172602736 
31.936746913002025 
31.936746648818826 
31.936746382450110 
31.936746111270168 
31.936745836601403 
31.936745559247811 
31.936745277677801 
31.936744992098738 
31.936744703284603 
31.936744410761094 
31.936744114513658 
31.936743814603687 
31.936743511902023 
31.936743204966206 
31.936742894973577 
31.936742581394356 
31.936742265048451 
31.936741944432470 
31.936741619949771 
31.936741292328861 
31.936740960932184 
31.936740625542825 
31.936740287042994 
31.936739944464989 
31.936739599819248 
31.936739250136270 
31.936738897329178 
31.936738542402054 
31.936738183163925 
31.936737821202769 
31.936737455328966 
31.936737085923596 
31.936736713347273 
31.936736338228002 
31.936735959070575 
31.936735576082810 
31.936735190500713 
31.936734802558476 
31.936734411809084 
31.936734016208902 
31.936733618435483 
31.936733217041819 
31.936732813285744 
31.936732406468309 
31.936731996180697 
31.936731583949040 
31.936731169525046 
31.936730751824598 
31.936730331582567 
31.936729907834888 
31.936729481848943 
31.936729054079478 
31.936728623536510 
31.936728190595659 
31.936727754195545 
31.936727316201086 
31.936726874549095 
31.936726432170872 
31.936725987615318 
31.936725540763291 
31.936725091627522 
31.936724641885121 
31.936724189356937 
31.936723735321721 
31.936723280230581 
31.936722823205855 
31.936722364568595 
31.936721904407932 
31.936721443027636 
31.936720980216705 
31.936720516550849 
31.936720051209250 
31.936719584704406 
31.936719117193661 
31.936718649675640 
31.936718180200387 
31.936717711144411 
31.936717240361759 
31.936716769581381 
31.936716299100226 
31.936715827710486 
31.936715354956050 
31.936714883006971 
31.936714411103367 
31.936713939599031 
31.936713467424852 
31.936712996565348 
31.936712525969142 
31.936712055450243 
31.936711585336070 
31.936711116121387 
31.936710647011751 
31.936710178452813 
31.936709710773357 
31.936709243909718 
31.936708778132470 
31.936708313702184 
31.936707850738458 
31.936707388794275 
31.936706927692740 
31.936706467570730 
31.936706009942100 
31.936705555161097 
31.936705100952622 
31.936704649134299 
31.936704199460564 
31.936703750637662 
31.936703304406365 
31.936702860036348 
31.936702417391189 
31.936701977459052 
31.936701539621936 
31.936701103823907 
31.936700671106792 
31.936700241058588 
31.936699813769792 
31.936699389048499 
31.936698966856966 
31.936698547424385 
31.936698131227331 
31.936697717026163 
31.936697306712631 
31.936696899630988 
31.936696495247816 
31.936696093842784 
31.936695696074821 
31.936695300443716 
31.936694909179096 
31.936694520393758 
31.936694135640664 
31.936693753883446 
31.936693375879258 
31.936693001737694 
31.936692630655671 
31.936692263612258 
31.936691900591995 
31.936691540412539 
31.936691183926541 
31.936690830859334 
31.936690482306858 
31.936690137845744 
31.936689796172686 
31.936689458585988 
31.936689124433542 
31.936688794346992 
31.936688467870226 
31.936688145150129 
31.936687825682839 
31.936687511122273 
31.936687200643064 
31.936686894106060 
31.936686591147009 
31.936686292821378 
31.936685998087341 
31.936685706144544 
31.936685417772424 
31.936685133550327 
31.936684853549650 
31.936684577282904 
31.936684306072493 
31.936684038546446 
31.936683774631547 
31.936683514272772 
31.936683257325967 
31.936683004480074 
31.936682755802849 
31.936682509633556 
31.936682267992182 
31.936682030191150 
31.936681796118592 
31.936681564852734 
31.936681338891958 
31.936681116386808 
31.936680898269969 
31.936680684386374 
31.936680472937951 
31.936680265314862 
31.936680061337029 
31.936679860902132 
31.936679663851919 
31.936679469710270 
31.936679280088811 
31.936679093913426 
31.936678911427407 
31.936678732337896 
31.936678556800871 
31.936678384213792 
31.936678215326992 
31.936678050648425 
31.936677888475515 
31.936677729781422 
31.936677575050453 
31.936677423094352 
31.936677274853537 
31.936677129581767 
31.936676987801548 
31.936676849201831 
31.936676713681209 
31.936676581918618 
31.936676453049586 
31.936676327086843 
31.936676203762545 
31.936676084586452 
31.936675967900555 
31.936675855159592 
31.936675745585489 
31.936675638637098 
31.936675535055656 
31.936675433664277 
31.936675335912696 
31.936675240893237 
31.936675149389885 
31.936675060459038 
31.936674974163907 
31.936674891269377 
31.936674810076511 
31.936674732487518 
31.936674657700223 
31.936674586249865 
31.936674515734467 
31.936674448697886 
31.936674383737227 
31.936674322716954 
31.936674263779423 
31.936674206943735 
31.936674153334479 
31.936674101945755 
31.936674054420109 
31.936674008319642 
31.936673964270085 
31.936673923090439 
31.936673883296862 
31.936673846180383 
31.936673811907895 
31.936673780331603 
31.936673751588387 
31.936673724008415 
31.936673698891354 
31.936673676557348 
31.936673656010498 
31.936673637888816 
31.936673622229137 
31.936673608062392 
31.936673596952460 
31.936673587601945 
31.936673580148636 
31.936673575892655 
31.936673573899043 
31.936673572389736 
31.936673573121425 
31.936673574887664 
31.936673578608406 
31.936673584646087 
31.936673592944317 
31.936673602953306 
31.936673614552092 
31.936673628105837 
31.936673644031544 
31.936673659994085 
31.936673678750140 
31.936673698630329 
31.936673720716954 
31.936673743341544 
31.936673768003402 
31.936673794354647 
31.936673821687236 
31.936673850488205 
31.936673881108618 
31.936673913338382 
31.936673945598159 
31.936673978862473 
31.936674013207721 
31.936674049279645 
31.936674086273342 
31.936674124956426 
31.936674163776388 
31.936674202525865 
31.936674243760990 
31.936674285256231 
31.936674327863329 
31.936674371414483 
31.936674416706865 
31.936674461719576 
31.936674506257987 
31.936674552418935 
31.936674598776335 
31.936674646086885 
31.936674692793531 
31.936674740225499 
31.936674788276378 
31.936674835756094 
31.936674883097112 
31.936674931205744 
31.936674978437622 
31.936675026538069 
31.936675073842252 
31.936675122835823 
31.936675171365096 
31.936675218631080 
31.936675266751990 
31.936675312701936 
31.936675358429966 
31.936675404102061 
31.936675449362610 
31.936675494676820 
31.936675539438056 
31.936675582889620 
31.936675625410771 
31.936675668434418 
31.936675709873271 
31.936675749732331 
31.936675788833782 
31.936675827881118 
31.936675865979396 
31.936675902041316 
31.936675937950440 
31.936675972559442 
31.936676006010657 
31.936676037314101 
31.936676068250563 
31.936676095806888 
31.936676122747031 
31.936676148645347 
31.936676173389060 
31.936676195321070 
31.936676216204432 
31.936676236698531 
31.936676254313625 
31.936676270355292 
31.936676284520217 
31.936676298065777 
31.936676308534061 
31.936676317899583 
31.936676323925440 
31.936676328820795 
31.936676331669332 
31.936676333069954 
31.936676331025410 
31.936676327230089 
31.936676322668518 
31.936676314721808 
31.936676305230321 
31.936676292107677 
31.936676278019604 
31.936676261324010 
31.936676241440182 
31.936676219406763 
31.936676196046847 
31.936676169941620 
31.936676142343458 
31.936676111190536 
31.936676078651544 
31.936676043475472 
31.936676006016114 
31.936675965582708 
31.936675923509029 
31.936675878713231 
31.936675831939738 
31.936675782914335 
31.936675730502429 
31.936675677324274 
31.936675620966071 
31.936675562587425 
31.936675501686295 
31.936675438829752 
31.936675373177422 
31.936675304928031 
31.936675234249833 
31.936675162045958 
31.936675086203650 
31.936675008848397 
31.936674929539549 
31.936674847946961 
31.936674764821873 
31.936674678527652 
31.936674590713665 
31.936674501110247 
31.936674409546413 
31.936674315523305 
31.936674219578435 
31.936674121892793 
31.936674022494572 
31.936673921173224 
31.936673818555391 
31.936673713476011 
31.936673606452132 
31.936673497513766 
31.936673387449446 
31.936673275161411 
31.936673161161252 
31.936673046922351 
31.936672930657551 
31.936672813605128 
31.936672693979290 
31.936672574576733 
31.936672453201481 
31.936672330671172 
31.936672207207266 
31.936672081373672 
31.936671955671045 
31.936671828779708 
31.936671700767874 
31.936671571374518 
31.936671441788349 
31.936671310555539 
31.936671178676988 
31.936671046785705 
31.936670913913986 
31.936670780411077 
31.936670646840867 
31.936670512094679 
31.936670377441260 
31.936670241084357 
31.936670104711993 
31.936669968424212 
31.936669831933614 
31.936669694648117 
31.936669557173445 
31.936669420630096 
31.936669283713854 
31.936669146083659 
31.936669008178797 
31.936668871500842 
31.936668734861087 
31.936668596791606 
31.936668459560678 
31.936668322802689 
31.936668186353018 
31.936668050915614 
31.936667915294493 
31.936667779795243 
31.936667645411944 
31.936667511537962 
31.936667377953199 
31.936667243800002 
31.936667110225244 
31.936666977999266 
31.936666846713706 
31.936666715942920 
31.936666585031162 
31.936666456011153 
31.936666327386774 
31.936666199443607 
31.936666071511354 
31.936665945359891 
31.936665819501286 
31.936665695247939 
31.936665572450693 
31.936665450374676 
31.936665329152675 
31.936665207810620 
31.936665088031987 
31.936664968517107 
31.936664849617046 
31.936664732144891 
31.936664616109738 
31.936664499862673 
31.936664386176744 
31.936664271896007 
31.936664159187785 
31.936664047372687 
31.936663936956393 
31.936663828041674 
31.936663720063734 
31.936663612175835 
31.936663505171055 
31.936663397908887 
31.936663292866797 
31.936663188228522 
31.936663085174587 
31.936662982681810 
31.936662880109907 
31.936662778974096 
31.936662678805078 
31.936662579490985 
31.936662480135965 
31.936662382538998 
31.936662285345847 
31.936662189133131 
31.936662092899496 
31.936661997498959 
31.936661902485866 
31.936661808103054 
31.936661713971262 
31.936661620919949 
31.936661528373406 
31.936661435393944 
31.936661341925173 
31.936661249585086 
31.936661157299568 
31.936661066500164 
31.936660976695748 
31.936660886084610 
31.936660795913667 
31.936660704416681 
31.936660614462198 
31.936660524259423 
31.936660435128942 
31.936660346274039 
31.936660256940741 
31.936660167023547 
31.936660077062697 
31.936659986888117 
31.936659897354730 
31.936659807324759 
31.936659717895964 
31.936659628045163 
31.936659537733249 
31.936659447839702 
31.936659356441851 
31.936659264139053 
31.936659172590225 
31.936659080086429 
31.936658988238378 
31.936658895107030 
31.936658801626436 
31.936658707797505 
31.936658612907195 
31.936658517483011 
31.936658421498578 
31.936658324537348 
31.936658226484724 
31.936658127659939 
31.936658027142585 
31.936657926920816 
31.936657826257942 
31.936657724455472 
31.936657621514314 
31.936657518082939 
31.936657413637477 
31.936657308235226 
31.936657201495109 
31.936657094224756 
31.936656985624722 
31.936656875137487 
31.936656765331463 
31.936656653354476 
31.936656540218792 
31.936656424592911 
31.936656309179853 
31.936656191197471 
31.936656072723054 
31.936655953901209 
31.936655834069825 
31.936655711921048 
31.936655588583562 
31.936655463693569 
31.936655337792217 
31.936655209678975 
31.936655081015488 
31.936654951608944 
31.936654819581236 
31.936654686971451 
31.936654554151573 
31.936654418557737 
31.936654281657866 
31.936654143652959 
31.936654003330659 
31.936653861607738 
31.936653719068090 
31.936653574783122 
31.936653429170292 
31.936653282200496 
31.936653133624532 
31.936652983346903 
31.936652832341679 
31.936652678315113 
31.936652523572775 
31.936652368432988 
31.936652211764340 
31.936652053544094 
31.936651893159251 
31.936651732048631 
31.936651570989852 
31.936651407769205 
31.936651242660446 
31.936651076509406 
31.936650909558011 
31.936650740545701 
31.936650571165956 
31.936650399778955 
31.936650227142309 
31.936650053022277 
31.936649878278331 
31.936649701928218 
31.936649524573113 
31.936649345839214 
31.936649165054405 
31.936648984648855 
31.936648803573917 
31.936648620900996 
31.936648437682379 
31.936648252290070 
31.936648066281123 
31.936647878635995 
31.936647691075450 
31.936647502944652 
31.936647313238609 
31.936647123648072 
31.936646932691474 
31.936646741228287 
31.936646548803765 
31.936646355607081 
31.936646161752833 
31.936645967914956 
31.936645772933844 
31.936645576784031 
31.936645382033021 
31.936645185583984 
31.936644989077649 
31.936644791690924 
31.936644593517485 
31.936644396592783 
31.936644197969144 
31.936643998318686 
31.936643799834201 
31.936643601003198 
31.936643401375477 
31.936643201291190 
31.936643001036828 
31.936642801360904 
31.936642600682717 
31.936642400326491 
31.936642200565075 
31.936641999490348 
31.936641798181881 
31.936641598101232 
31.936641397522180 
31.936641196524761 
31.936640995882954 
31.936640795028325 
31.936640594369237 
31.936640393536436 
31.936640192784580 
31.936639992031814 
31.936639790997106 
31.936639589954211 
31.936639390880373 
31.936639192112125 
31.936638993535780 
31.936638795237741 
31.936638596504963 
31.936638397088245 
31.936638198097171 
31.936638000438506 
31.936637804194106 
31.936637606841032 
31.936637409688956 
31.936637214062102 
31.936637018519832 
31.936636823551453 
31.936636628755878 
31.936636434959837 
31.936636243186513 
31.936636050837478 
31.936635859003218 
31.936635668026611 
31.936635478499738 
31.936635289132937 
31.936635100450985 
31.936634912194677 
31.936634725066142 
31.936634538340513 
31.936634354254238 
31.936634170241632 
31.936633986821107 
31.936633804489247 
31.936633624239221 
31.936633445136977 
31.936633266849640 
31.936633090078431 
31.936632914449547 
31.936632740593268 
31.936632567350898 
31.936632397198991 
31.936632227228984 
31.936632059503609 
31.936631892954210 
31.936631728020075 
31.936631565381504 
31.936631404275431 
31.936631245679564 
31.936631088123249 
31.936630932939806 
31.936630780310225 
31.936630629001229 
31.936630480321583 
31.936630333433641 
31.936630190079086 
31.936630046804567 
31.936629907581846 
31.936629771100343 
31.936629636936232 
31.936629504716620 
31.936629375094526 
31.936629248971258 
31.936629125294530 
31.936629004579117 
31.936628886362996 
31.936628770615243 
31.936628657618712 
31.936628547009605 
31.936628440938875 
31.936628337856746 
31.936628236820070 
31.936628139337699 
31.936628044201825 
31.936627952391973 
31.936627864119146 
31.936627779071387 
31.936627696760297 
31.936627618232706 
31.936627542261704 
31.936627469960513 
31.936627399765712 
31.936627332545868 
31.936627268873053 
31.936627208022401 
31.936627150441382 
31.936627095457879 
31.936627044923625 
31.936626996294763 
31.936626951202925 
31.936626909399820 
31.936626869711290 
31.936626833463379 
31.936626799918486 
31.936626768626411 
31.936626740573047 
31.936626714671547 
31.936626691705897 
31.936626671622435 
31.936626652050109 
31.936626636836081 
31.936626622607037 
31.936626612478904 
31.936626603297555 
31.936626595625057 
31.936626589996195 
31.936626585461454 
31.936626584298210 
31.936626584437363 
31.936626586395505 
31.936626589105799 
31.936626593466826 
31.936626598627299 
31.936626604776393 
31.936626611285647 
31.936626618725313 
31.936626627199985 
31.936626636526853 
31.936626646249351 
31.936626657240595 
31.936626667659766 
31.936626678959328 
31.936626690320736 
31.936626701648493 
31.936626713310034 
31.936626723883819 
31.936626734515812 
31.936626745393369 
31.936626756275473 
31.936626765792425 
31.936626775477635 
31.936626784127839 
31.936626793025425 
31.936626801504644 
31.936626809462723 
31.936626816477656 
31.936626822764993 
31.936626828085537 
31.936626831909962 
31.936626836625692 
31.936626839797100 
31.936626842218175 
31.936626844332750 
31.936626845746105 
31.936626846478248 
31.936626847485059 
31.936626846772015 
31.936626845583305 
31.936626844290913 
31.936626842188161 
31.936626840395547 
31.936626838942175 
31.936626836085452 
31.936626832414731 
31.936626829339730 
31.936626826579413 
31.936626824423911 
31.936626821399841 
31.936626818974219 
31.936626816474018 
31.936626814655938 
31.936626813396288 
31.936626813620023 
31.936626813335351 
31.936626813997464 
31.936626815138879 
31.936626818572222 
31.936626822867765 
31.936626828080080 
31.936626834998606 
31.936626843083104 
31.936626852527297 
31.936626862348930 
31.936626873835849 
31.936626886615159 
31.936626900910596 
31.936626917612557 
31.936626935085769 
31.936626954070562 
31.936626976069419 
31.936626998930478 
31.936627023795154 
31.936627049018171 
31.936627076996956 
31.936627105980733 
31.936627135613890 
31.936627167100596 
31.936627200694602 
31.936627236901586 
31.936627274037164 
31.936627311142729 
31.936627350295566 
31.936627390875401 
31.936627432277419 
31.936627475111891 
31.936627518902242 
31.936627563462025 
31.936627609346942 
31.936627656121345 
31.936627701934412 
31.936627749096260 
31.936627796479115 
31.936627843157112 
31.936627890185264 
31.936627935740944 
31.936627980319827 
31.936628023426238 
31.936628065866898 
31.936628105522686 
31.936628143930648 
31.936628179355466 
31.936628212444703 
31.936628242087863 
31.936628268797904 
31.936628292962268 
31.936628313509573 
31.936628329977793 
31.936628344032215 
31.936628354715140 
31.936628362825104 
31.936628367649064 
31.936628371248844 
31.936628372756786 
31.936628372873201 
31.936628373260646 
31.936628373865460 
31.936628375628061 
31.936628378379282 
31.936628382133676 
31.936628388268218 
31.936628396564629 
31.936628406697309 
31.936628418205146 
31.936628431508325 
31.936628444760572 
31.936628459983694 
31.936628475948964 
31.936628491802367 
31.936628508705326 
31.936628526209461 
31.936628543562620 
31.936628561261386 
31.936628579419448 
31.936628596935407 
31.936628615031623 
31.936628631517124 
31.936628648417354 
31.936628665276658 
31.936628681589355 
31.936628698254935 
31.936628713568098 
31.936628729226868 
31.936628745221242 
31.936628761237444 
31.936628777344595 
31.936628792101146 
31.936628807115085 
31.936628822894818 
31.936628837929675 
31.936628854000446 
31.936628869322703 
31.936628886905055 
31.936628903522433 
31.936628920286239 
31.936628938114154 
31.936628955653759 
31.936628975045096 
31.936628993142222 
31.936629012621779 
31.936629030663426 
31.936629050140255 
31.936629070689378 
31.936629090673705 
31.936629110941794 
31.936629131623704 
31.936629152047317 
31.936629172852918 
31.936629194098714 
31.936629215226276 
31.936629237507987 
31.936629259283109 
31.936629281981368 
31.936629305448150 
31.936629328699382 
31.936629351769625 
31.936629375513803 
31.936629398260266 
31.936629422176338 
31.936629446173356 
31.936629469812942 
31.936629493254259 
31.936629516794710 
31.936629540241483 
31.936629562414055 
31.936629583475224 
31.936629605479538 
31.936629626847207 
31.936629647490008 
31.936629668879505 
31.936629689417714 
31.936629709539375 
31.936629729116248 
31.936629749443455 
31.936629770150830 
31.936629789318431 
31.936629807684767 
31.936629825810996 
31.936629842832190 
31.936629860373614 
31.936629876849111 
31.936629892605197 
31.936629907906536 
31.936629923626242 
31.936629938933038 
31.936629953592274 
31.936629968188754 
31.936629981057195 
31.936629995168005 
31.936630008204702 
31.936630020179109 
31.936630033031179 
31.936630044531739 
31.936630055669411 
31.936630065848476 
31.936630076684196 
31.936630087126105 
31.936630097357920 
31.936630107127712 
31.936630116466404 
31.936630124308977 
31.936630134085135 
31.936630142437934 
31.936630149737539 
31.936630158455955 
31.936630165713723 
31.936630173592675 
31.936630181208784 
31.936630189708012 
31.936630198054445 
31.936630205289475 
31.936630212791897 
31.936630220263396 
31.936630227666683 
31.936630235519260 
31.936630244052139 
31.936630253130716 
31.936630260841412 
31.936630268695808 
31.936630278008124 
31.936630286571926 
31.936630296035219 
31.936630304190658 
31.936630313412934 
31.936630322292331 
31.936630331751985 
31.936630342447643 
31.936630353424334 
31.936630364579287 
31.936630375026652 
31.936630386127945 
31.936630397979570 
31.936630409847567 
31.936630423182578 
31.936630436659470 
31.936630451308702 
31.936630466252609 
31.936630481118300 
31.936630496625185 
31.936630512668671 
31.936630529445210 
31.936630546881133 
31.936630565933228 
31.936630583841179 
31.936630602653167 
31.936630622791199 
31.936630643344870 
31.936630665465600 
31.936630688085643 
31.936630710240934 
31.936630733742277 
31.936630759233594 
31.936630783908186 
31.936630810272618 
31.936630836997210 
31.936630864004655 
31.936630893793335 
31.936630923464691 
31.936630954114662 
31.936630984869225 
31.936631016548745 
31.936631048549316 
31.936631082230633 
31.936631116869648 
31.936631151305846 
31.936631187530111 
31.936631224029043 
31.936631261149159 
31.936631299111468 
31.936631338034204 
31.936631378170205 
31.936631419577679 
31.936631460997887 
31.936631503606804 
31.936631546214812 
31.936631590323486 
31.936631634962396 
31.936631679714083 
31.936631725325242 
31.936631771678549 
31.936631819020477 
31.936631867479264 
31.936631916159058 
31.936631965770175 
31.936632016486328 
31.936632066961465 
31.936632117802219 
31.936632169810764 
31.936632222319531 
31.936632275474949 
31.936632329704480 
31.936632383120013 
31.936632437722437 
31.936632493248908 
31.936632549681235 
31.936632605468731 
31.936632662318516 
31.936632720191483 
31.936632778074454 
31.936632835995624 
31.936632893965907 
31.936632952013497 
31.936633010954210 
31.936633069947675 
31.936633129117581 
31.936633188206542 
31.936633248542421 
31.936633309049284 
31.936633369226911 
31.936633430279471 
31.936633491240173 
31.936633552141757 
31.936633612565856 
31.936633672883545 
31.936633733814233 
31.936633794501176 
31.936633854929823 
31.936633916195206 
31.936633976061785 
31.936634036068426 
31.936634096924536 
31.936634157566914 
31.936634217625397 
31.936634277244593 
31.936634337635041 
31.936634397044145 
31.936634455561943 
31.936634514419893 
31.936634571497052 
31.936634629678338 
31.936634687952392 
31.936634746181880 
31.936634802507797 
31.936634858921025 
31.936634914708520 
31.936634969601073 
31.936635023941562 
31.936635077657229 
31.936635129791284 
31.936635181657948 
31.936635233038032 
31.936635283787837 
31.936635334136554 
31.936635383841349 
31.936635432768526 
31.936635481109988 
31.936635527827093 
31.936635573219974 
31.936635618216314 
31.936635663282686 
31.936635707004825 
31.936635749692869 
31.936635791126719 
31.936635831327294 
31.936635870530154 
31.936635908982680 
31.936635946834031 
31.936635983097403 
31.936636017127967 
31.936636051098503 
31.936636083059966 
31.936636114059183 
31.936636143879696 
31.936636172587896 
31.936636200757675 
31.936636226547307 
31.936636249973162 
31.936636274277589 
31.936636296276447 
31.936636316316253 
31.936636334834475 
31.936636352284950 
31.936636368764084 
31.936636384172743 
31.936636396937502 
31.936636408637241 
31.936636419068236 
31.936636427672966 
31.936636434465981 
31.936636440590519 
31.936636444758733 
31.936636447307137 
31.936636448032004 
31.936636446963348 
31.936636444768737 
31.936636441579140 
31.936636436160370 
31.936636429189093 
31.936636420838113 
31.936636410204301 
31.936636398365408 
31.936636385251404 
31.936636369754524 
31.936636352472306 
31.936636332471608 
31.936636311541406 
31.936636288626687 
31.936636264925255 
31.936636239510335 
31.936636212180019 
31.936636183563678 
31.936636152875508 
31.936636120567528 
31.936636086661565 
31.936636051434107 
31.936636015296244 
31.936635976093385 
31.936635935878257 
31.936635893655875 
31.936635850423045 
31.936635805437618 
31.936635758624107 
31.936635710242626 
31.936635660423235 
31.936635608467441 
31.936635555906832 
31.936635501669116 
31.936635446025321 
31.936635387585738 
31.936635328513148 
31.936635267605197 
31.936635205044695 
31.936635141959414 
31.936635076833227 
31.936635011185899 
31.936634944345315 
31.936634876036806 
31.936634806693291 
31.936634735789994 
31.936634662782126 
31.936634588919333 
31.936634514991965 
31.936634439506633 
31.936634362440600 
31.936634283764761 
31.936634205108930 
31.936634124802367 
31.936634043422600 
31.936633961470761 
31.936633877844542 
31.936633793030524 
31.936633707638066 
31.936633621376131 
31.936633533588065 
31.936633445518055 
31.936633355812774 
31.936633264831471 
31.936633172888833 
31.936633080612410 
31.936632988717065 
31.936632895049115 
31.936632801272935 
31.936632705676857 
31.936632610591005 
31.936632513409677 
31.936632415244276 
31.936632316087525 
31.936632216770704 
31.936632116679903 
31.936632016197109 
31.936631915063117 
31.936631813024178 
31.936631710503207 
31.936631606425181 
31.936631500633666 
31.936631394670258 
31.936631287694581 
31.936631180667064 
31.936631072491764 
31.936630964392862 
31.936630855984731 
31.936630745869479 
31.936630636252630 
31.936630525073269 
31.936630413269995 
31.936630300282559 
31.936630187099581 
31.936630074031200 
31.936629959567654 
31.936629844271920 
31.936629728612388 
31.936629612117940 
31.936629495926354 
31.936629377439203 
31.936629259254914 
31.936629139534489 
31.936629019307475 
31.936628898941308 
31.936628777622900 
31.936628656055291 
31.936628532938812 
31.936628410158846 
31.936628286490304 
31.936628161844055 
31.936628036109141 
31.936627910030438 
31.936627783331460 
31.936627654648873 
31.936627525787117 
31.936627396719814 
31.936627267394215 
31.936627136034986 
31.936627005365153 
31.936626875071852 
31.936626744089153 
31.936626611872271 
31.936626478518519 
31.936626345375771 
31.936626212172996 
31.936626078910194 
31.936625944676962 
31.936625810746591 
31.936625675895812 
31.936625540291971 
31.936625405566701 
31.936625269541764 
31.936625133877897 
31.936624998302250 
31.936624861908967 
31.936624726125046 
31.936624589952771 
31.936624453074728 
31.936624316518646 
31.936624180129002 
31.936624044232303 
31.936623907649846 
31.936623772956409 
31.936623637427147 
31.936623502832845 
31.936623367731954 
31.936623233266801 
31.936623099341887 
31.936622965721654 
31.936622832237845 
31.936622698091014 
31.936622565354810 
31.936622432930562 
31.936622301126590 
31.936622170139344 
31.936622038668247 
31.936621908967027 
31.936621779216694 
31.936621650462257 
31.936621522201676 
31.936621395208931 
31.936621268438103 
31.936621141444448 
31.936621015658602 
31.936620889548067 
31.936620764785403 
31.936620641152331 
31.936620516789844 
31.936620392998520 
31.936620269754712 
31.936620147048416 
31.936620024997865 
31.936619902967323 
31.936619780220099 
31.936619659236385 
31.936619537379556 
31.936619414953384 
31.936619292839168 
31.936619170067388 
31.936619046181477 
31.936618922094567 
31.936618797115443 
31.936618671960787 
31.936618544847079 
31.936618415692465 
31.936618285075383 
31.936618153028576 
31.936618019261914 
31.936617882065548 
31.936617742739145 
31.936617600732461 
31.936617455875421 
31.936617306255357 
31.936617154256965 
31.936616997812052 
31.936616836767826 
31.936616672482160 
31.936616502348443 
31.936616326625881 
31.936616145854714 
31.936615959989467 
31.936615767252079 
31.936615569129572 
31.936615364979843 
31.936615154935680 
31.936614939091669 
31.936614717606062 
31.936614490133252 
31.936614256648681 
31.936614018482942 
31.936613775957994 
31.936613528883754 
31.936613278578989 
31.936613026374289 
31.936612772416083 
31.936612519364644 
31.936612266643351 
31.936612016771505 
31.936611771162461 
31.936611530303708 
31.936611296630872 
31.936611069931132 
31.936610851297701 
31.936610643060703 
31.936610444477992 
31.936610257112989 
31.936610078616468 
31.936609910129846 
31.936609750452590 
31.936609596667040 
31.936609447809133 
31.936609300577402 
31.936609154772668 
31.936609006261278 
31.936608855337909 
31.936608698902091 
31.936608538737346 
31.936608374715433 
31.936608205952325 
31.936608033761331 
31.936607859248397 
31.936607682369868 
31.936607502544575 
31.936607321604242 
31.936607139859007 
31.936606956806827 
31.936606772005689 
31.936606587310962 
31.936606401933204 
31.936606217988810 
31.936606032203599 
31.936605845921804 
31.936605659728230 
31.936605474509633 
31.936605289574800 
31.936605104237060 
31.936604919803358 
31.936604734303728 
31.936604550005541 
31.936604365188032 
31.936604182115843 
31.936603998445207 
31.936603815535818 
31.936603632846527 
31.936603450279108 
31.936603268273757 
31.936603086795003 
31.936602905590007 
31.936602725470948 
31.936602546406903 
31.936602367500200 
31.936602187841345 
31.936602009413036 
31.936601831913322 
31.936601655360391 
31.936601478864759 
31.936601303398675 
31.936601129173141 
31.936600953986272 
31.936600779757100 
31.936600606280081 
31.936600433194144 
31.936600259975421 
31.936600087101397 
31.936599914918588 
31.936599743329680 
31.936599571734405 
31.936599399944498 
31.936599229966305 
31.936599059232321 
31.936598889757079 
31.936598719988069 
31.936598551856150 
31.936598382744705 
31.936598214536389 
31.936598045534083 
31.936597876997439 
31.936597708572663 
31.936597540243383 
31.936597373400218 
31.936597205860380 
31.936597038581567 
31.936596871317306 
31.936596704981639 
31.936596538351296 
31.936596372087479 
31.936596205680871 
31.936596039190590 
31.936595872803991 
31.936595707070410 
31.936595541234055 
31.936595375922479 
31.936595209975167 
31.936595043451234 
31.936594877395692 
31.936594711917678 
31.936594546763445 
31.936594381028044 
31.936594216736012 
31.936594051079737 
31.936593886813171 
31.936593720412020 
31.936593555568834 
31.936593390205417 
31.936593225635988 
31.936593060839186 
31.936592896279762 
31.936592731070959 
31.936592566298714 
31.936592400949849 
31.936592235111675 
31.936592069963808 
31.936591905331625 
31.936591740368385 
31.936591575009516 
31.936591409938046 
31.936591245531417 
31.936591080396283 
31.936590915861416 
31.936590750159667 
31.936590585195518 
31.936590420924404 
31.936590255315423 
31.936590089778292 
31.936589924399414 
31.936589758704031 
31.936589593360623 
31.936589427827130 
31.936589261998051 
31.936589096468197 
31.936588930459948 
31.936588764661792 
31.936588597841364 
31.936588432052304 
31.936588266552462 
31.936588101250891 
31.936587935946591 
31.936587770017468 
31.936587604510351 
31.936587438156494 
31.936587271738972 
31.936587105896251 
31.936586940769303 
31.936586774696480 
31.936586608392645 
31.936586442124280 
31.936586275664013 
31.936586109570271 
31.936585943631144 
31.936585777528308 
31.936585611281771 
31.936585443744661 
31.936585277543600 
31.936585111120621 
31.936584944302922 
31.936584777415192 
31.936584610059981 
31.936584443541506 
31.936584276686517 
31.936584108957504 
31.936583940970195 
31.936583773344864 
31.936583605209307 
31.936583437540321 
31.936583268449795 
31.936583099486597 
31.936582930446093 
31.936582761275531 
31.936582591514707 
31.936582421100866 
31.936582251089021 
31.936582079772961 
31.936581908415064 
31.936581736318658 
31.936581563616528 
31.936581390909851 
31.936581217674757 
31.936581042795297 
31.936580866799886 
31.936580690279698 
31.936580513975059 
31.936580337945998 
31.936580160202539 
31.936579981897921 
31.936579802672895 
31.936579622622958 
31.936579441806316 
31.936579260624057 
31.936579078809700 
31.936578895440107 
31.936578711865877 
31.936578527959682 
31.936578341876157 
31.936578155322422 
31.936577968096572 
31.936577779726576 
31.936577589978697 
31.936577401526847 
31.936577212424709 
31.936577021830090 
31.936576831024468 
31.936576639337545 
31.936576447448715 
31.936576255769069 
31.936576063916618 
31.936575871938658 
31.936575679575071 
31.936575486746733 
31.936575294907016 
31.936575102848110 
31.936574909705087 
31.936574716917676 
31.936574523235322 
31.936574327773087 
31.936574132386340 
31.936573935655360 
31.936573737142680 
31.936573538682751 
31.936573337743539 
31.936573136513289 
31.936572933781463 
31.936572729712680 
31.936572523055474 
31.936572314590194 
31.936572104887091 
31.936571893110340 
31.936571679120789 
31.936571464575536 
31.936571248951623 
31.936571031083986 
31.936570812176797 
31.936570591940836 
31.936570369799483 
31.936570145579935 
31.936569919587782 
31.936569692518788 
31.936569464147397 
31.936569234429953 
31.936569002459692 
31.936568769959194 
31.936568536458253 
31.936568301029183 
31.936568065580104 
31.936567829642627 
31.936567593576001 
31.936567356228807 
31.936567120174004 
31.936566885828142 
31.936566651320391 
31.936566417986796 
31.936566185191623 
31.936565953097670 
31.936565722209707 
31.936565493553644 
31.936565267151309 
31.936565040237838 
31.936564815475322 
31.936564590792841 
31.936564368998916 
31.936564146477394 
31.936563925230985 
31.936563706573907 
31.936563486696286 
31.936563268112877 
31.936563050250697 
31.936562833141579 
31.936562616720039 
31.936562400840558 
31.936562185960611 
31.936561971590891 
31.936561757942400 
31.936561544862343 
31.936561333178361 
31.936561121890009 
31.936560911056404 
31.936560702391034 
31.936560496374113 
31.936560290485431 
31.936560087183352 
31.936559885390125 
31.936559684901113 
31.936559486493024 
31.936559290341393 
31.936559097418467 
31.936558906127175 
31.936558717999105 
31.936558532995150 
31.936558351107124 
31.936558172065816 
31.936557996517877 
31.936557824310512 
31.936557654628814 
31.936557487799291 
31.936557324193927 
31.936557162704048 
31.936557005164104 
31.936556850926536 
31.936556699907669 
31.936556552240290 
31.936556406835734 
31.936556263695820 
31.936556123949231 
31.936555986539133 
31.936555852324091 
31.936555719235002 
31.936555588005831 
31.936555459494230 
31.936555332273201 
31.936555205342302 
31.936555081308143 
31.936554957294902 
31.936554834269373 
31.936554712244288 
31.936554591206914 
31.936554469380098 
31.936554348174468 
31.936554227135275 
31.936554104809147 
31.936553981449833 
31.936553857808576 
31.936553734581139 
31.936553610605188 
31.936553486490993 
31.936553360549624 
31.936553233732411 
31.936553106136671 
31.936552977977954 
31.936552849682812 
31.936552721226690 
31.936552592216685 
31.936552462299005 
31.936552331580970 
31.936552200791084 
31.936552068187666 
31.936551937005788 
31.936551806003990 
31.936551674609291 
31.936551544047688 
31.936551413427878 
31.936551282796245 
31.936551152905849 
31.936551023060019 
31.936550894563879 
31.936550766465189 
31.936550638589324 
31.936550511810310 
31.936550385708870 
31.936550260000331 
31.936550135363177 
31.936550010732390 
31.936549887276669 
31.936549763832772 
31.936549640828162 
31.936549518873107 
31.936549397418275 
31.936549276790174 
31.936549156311230 
31.936549036676297 
31.936548916869469 
31.936548796738862 
31.936548677253995 
31.936548557337119 
31.936548436758130 
31.936548317312372 
31.936548196289550 
31.936548074982966 
31.936547952594083 
31.936547830321615 
31.936547708662147 
31.936547585441986 
31.936547462194540 
31.936547338217679 
31.936547212240839 
31.936547085255370 
31.936546957269456 
31.936546828783321 
31.936546698307211 
31.936546568913400 
31.936546437191282 
31.936546304152216 
31.936546170554720 
31.936546036142317 
31.936545900050987 
31.936545763569484 
31.936545626816041 
31.936545488455522 
31.936545348759864 
31.936545209392534 
31.936545069511340 
31.936544929977572 
31.936544789361506 
31.936544647092887 
31.936544504511403 
31.936544362505629 
31.936544219676762 
31.936544078011138 
31.936543935926238 
31.936543794151476 
31.936543652077489 
31.936543509498733 
31.936543368351522 
31.936543227617221 
31.936543086228994 
31.936542946568807 
31.936542805832687 
31.936542667050162 
31.936542528572318 
31.936542391657895 
31.936542255439235 
31.936542118918624 
31.936541983660391 
31.936541849770038 
31.936541716371721 
31.936541585067062 
31.936541453475002 
31.936541323174424 
31.936541194969323 
31.936541067967482 
31.936540941287603 
31.936540816705929 
31.936540693868665 
31.936540571592559 
31.936540450539724 
31.936540330461867 
31.936540211934698 
31.936540095463897 
31.936539981198621 
31.936539867076135 
31.936539754644400 
31.936539643025753 
31.936539532951429 
31.936539424827060 
31.936539316393464 
31.936539210156297 
31.936539105005068 
31.936539001349956 
31.936538897974060 
31.936538795770502 
31.936538694730189 
31.936538596010905 
31.936538496923276 
31.936538398877019 
31.936538301938526 
31.936538205353827 
31.936538110450783 
31.936538016569102 
31.936537921716081 
31.936537827661596 
31.936537733572550 
31.936537641093310 
31.936537548016531 
31.936537455379948 
31.936537363610114 
31.936537271388261 
31.936537179407424 
31.936537087559373 
31.936536994885500 
31.936536902206171 
31.936536809390418 
31.936536716862975 
31.936536623498796 
31.936536529067780 
31.936536434885056 
31.936536340343082 
31.936536244370473 
31.936536146785329 
31.936536049216556 
31.936535950887446 
31.936535851961708 
31.936535752271084 
31.936535651960185 
31.936535549764812 
31.936535446610833 
31.936535342440948 
31.936535236935015 
31.936535130416814 
31.936535023347460 
31.936534915319498 
31.936534806272903 
31.936534695498267 
31.936534584392575 
31.936534471224149 
31.936534356597804 
31.936534241682239 
31.936534125910839 
31.936534009418210 
31.936533891266663 
31.936533773545307 
31.936533653902188 
31.936533533969850 
31.936533413523648 
31.936533292359854 
31.936533170865005 
31.936533048307865 
31.936532924792118 
31.936532801521025 
31.936532677944342 
31.936532553716461 
31.936532428814644 
31.936532303445347 
31.936532177528534 
31.936532051170616 
31.936531925452073 
31.936531799165095 
31.936531672399724 
31.936531546858532 
31.936531421026302 
31.936531295226814 
31.936531169136288 
31.936531043616014 
31.936530918464996 
31.936530792961094 
31.936530666502222 
31.936530540767308 
31.936530416614005 
31.936530292889074 
31.936530168865829 
31.936530046406915 
31.936529922846603 
31.936529799873824 
31.936529677688668 
31.936529554959634 
31.936529433957730 
31.936529313201390 
31.936529192792477 
31.936529073144811 
31.936528953320703 
31.936528834799901 
31.936528716957582 
31.936528599094345 
31.936528481418463 
31.936528364716651 
31.936528248035756 
31.936528132859166 
31.936528017184173 
31.936527902582384 
31.936527788559943 
31.936527674353783 
31.936527560950708 
31.936527447935077 
31.936527334217317 
31.936527221025244 
31.936527108497103 
31.936526996511020 
31.936526884454906 
31.936526773439255 
31.936526662251708 
31.936526550587587 
31.936526439218142 
31.936526327590400 
31.936526216349193 
31.936526105341727 
31.936525994440672 
31.936525883447757 
31.936525772744062 
31.936525660094048 
31.936525548415375 
31.936525436709417 
31.936525324563263 
31.936525211978733 
31.936525099627033 
31.936524987078883 
31.936524875522991 
31.936524762052613 
31.936524648616796 
31.936524535308308 
31.936524422267212 
31.936524308085609 
31.936524193299192 
31.936524078531875 
31.936523963936452 
31.936523848228717 
31.936523733914328 
31.936523617197963 
31.936523501123702 
31.936523384461907 
31.936523267196208 
31.936523149557615 
31.936523032135483 
31.936522913213594 
31.936522796009740 
31.936522677078756 
31.936522559328296 
31.936522440370936 
31.936522321504526 
31.936522202103333 
31.936522083147793 
31.936521962927145 
31.936521842875663 
31.936521723250735 
31.936521603443907 
31.936521482561147 
31.936521361149971 
31.936521240407274 
31.936521118780547 
31.936520997968728 
31.936520876579380 
31.936520754542471 
31.936520633773398 
31.936520511715571 
31.936520390819169 
31.936520269470748 
31.936520147842202 
31.936520027369625 
31.936519905693785 
31.936519784108896 
31.936519662686806 
31.936519542218775 
31.936519420965851 
31.936519300286818 
31.936519179006609 
31.936519058383965 
31.936518937793153 
31.936518817898104 
31.936518698142208 
31.936518578439063 
31.936518458638602 
31.936518340338807 
31.936518221293227 
31.936518102687842 
31.936517984795501 
31.936517866743088 
31.936517748364167 
31.936517631449533 
31.936517514831394 
31.936517399074546 
31.936517283967987 
31.936517168182036 
31.936517054534306 
31.936516940486399 
31.936516826294792 
31.936516712828961 
31.936516600560935 
31.936516487777226 
31.936516376235886 
31.936516265613136 
31.936516154742094 
31.936516045151620 
31.936515935562056 
31.936515826325376 
31.936515718287410 
31.936515610990682 
31.936515503631199 
31.936515396361756 
31.936515290062744 
31.936515185308963 
31.936515080379650 
31.936514976376202 
31.936514873190390 
31.936514769617133 
31.936514667709162 
31.936514565099969 
31.936514463386629 
31.936514362607340 
31.936514263483332 
31.936514164241089 
31.936514064451330 
31.936513966262282 
31.936513868583461 
31.936513773639490 
31.936513677696894 
31.936513582404586 
31.936513487795310 
31.936513393507084 
31.936513299725448 
31.936513206695963 
31.936513114502304 
31.936513022425061 
31.936512930564277 
31.936512839936768 
31.936512748450696 
31.936512659006439 
31.936512569074694 
31.936512480422607 
31.936512390982898 
31.936512303806012 
31.936512216693700 
31.936512129597759 
31.936512043145740 
31.936511957342191 
31.936511871869698 
31.936511786847404 
31.936511702034295 
31.936511618007899 
31.936511534422607 
31.936511451152001 
31.936511368638094 
31.936511285265624 
31.936511201884059 
31.936511119720308 
31.936511037020864 
31.936510954457844 
31.936510874058513 
31.936510792332228 
31.936510711597293 
31.936510631298006 
31.936510551150604 
31.936510470757639 
31.936510390787589 
31.936510310158155 
31.936510230103522 
31.936510149748756 
31.936510069079304 
31.936509988237049 
31.936509908482549 
31.936509828647104 
31.936509748130447 
31.936509666402344 
31.936509585237218 
31.936509503802881 
31.936509421751907 
31.936509340519478 
31.936509259458944 
31.936509178101915 
31.936509095939982 
31.936509012630268 
31.936508928901276 
31.936508845737990 
31.936508762643825 
31.936508678835708 
31.936508593954386 
31.936508509621490 
31.936508424009844 
31.936508338746535 
31.936508252625572 
31.936508165556916 
31.936508077699727 
31.936507988850281 
31.936507899104981 
31.936507810094554 
31.936507719648034 
31.936507627910032 
31.936507535194323 
31.936507442944276 
31.936507349708336 
31.936507255231845 
31.936507160102337 
31.936507064460784 
31.936506968094363 
31.936506869984441 
31.936506770395681 
31.936506671565439 
31.936506571154496 
31.936506469214692 
31.936506366268077 
31.936506263841693 
31.936506159905548 
31.936506056146754 
31.936505951076470 
31.936505844133535 
31.936505737242442 
31.936505628834311 
31.936505519664934 
31.936505408957601 
31.936505298029260 
31.936505185407441 
31.936505072091677 
31.936504957463512 
31.936504842547038 
31.936504725659688 
31.936504608562245 
31.936504489272011 
31.936504370549301 
31.936504251097176 
31.936504129534114 
31.936504007179792 
31.936503884513513 
31.936503759940024 
31.936503635349254 
31.936503509530667 
31.936503383389208 
31.936503256995820 
31.936503129195444 
31.936503000470111 
31.936502870265940 
31.936502740682045 
31.936502609434683 
31.936502477600698 
31.936502345793087 
31.936502212902269 
31.936502080234277 
31.936501946843237 
31.936501812766437 
31.936501677120759 
31.936501541686994 
31.936501405186391 
31.936501268021857 
31.936501130810029 
31.936500993981099 
31.936500856872044 
31.936500718151365 
31.936500579962740 
31.936500440456257 
31.936500300876105 
31.936500161481490 
31.936500020982749 
31.936499881841883 
31.936499740826548 
31.936499600675234 
31.936499460544837 
31.936499319789618 
31.936499178655140 
31.936499037313297 
31.936498896759986 
31.936498756316723 
31.936498616440986 
31.936498476696215 
31.936498337259764 
31.936498196385401 
31.936498055441007 
31.936497915517975 
31.936497775301177 
31.936497636766035 
31.936497498274548 
31.936497359609348 
31.936497222300204 
31.936497083803260 
31.936496946003899 
31.936496808983065 
31.936496673112742 
31.936496537327002 
31.936496401602199 
31.936496265986534 
31.936496132255343 
31.936495998549617 
31.936495866485529 
31.936495734014898 
31.936495602418290 
31.936495472052229 
31.936495342361013 
31.936495212705267 
31.936495083738919 
31.936494956231400 
31.936494828631112 
31.936494702565142 
31.936494577975282 
31.936494453833802 
31.936494330984715 
31.936494208502154 
31.936494086578023 
31.936493965677073 
31.936493846410485 
31.936493728137066 
31.936493610385696 
31.936493493886701 
31.936493379542298 
31.936493266198340 
31.936493153682932 
31.936493042297116 
31.936492931433349 
31.936492821719185 
31.936492712559811 
31.936492605248532 
31.936492498264670 
31.936492392216678 
31.936492288079535 
31.936492183720475 
31.936492082836594 
31.936491982573898 
31.936491883002418 
31.936491784654208 
31.936491688198657 
31.936491593252867 
31.936491498236137 
31.936491404751905 
31.936491313283113 
31.936491221810684 
31.936491132217270 
31.936491043901697 
31.936490956050875 
31.936490870164562 
31.936490784865782 
31.936490701845287 
31.936490619442338 
31.936490537954342 
31.936490457705077 
31.936490378477174 
31.936490301044614 
31.936490224692534 
31.936490148755183 
31.936490075574511 
31.936490003397012 
31.936489932603763 
31.936489862593589 
31.936489793789406 
31.936489726635045 
31.936489659240578 
31.936489594147133 
31.936489529851315 
31.936489466076637 
31.936489404493841 
31.936489344317124 
31.936489284818890 
31.936489226785852 
31.936489170651839 
31.936489113953030 
31.936489059564337 
31.936489006249758 
31.936488953765547 
31.936488901519624 
31.936488851055401 
31.936488801075029 
31.936488752439800 
31.936488705030570 
31.936488659537645 
31.936488614648624 
31.936488570661822 
31.936488527428992 
31.936488485745031 
31.936488445115174 
31.936488404527154 
31.936488365325204 
31.936488327294683 
31.936488289018598 
31.936488252417803 
31.936488217443184 
31.936488183405345 
31.936488150494370 
31.936488117308727 
31.936488085297242 
31.936488054730034 
31.936488025342442 
31.936487996237702 
31.936487968304391 
31.936487940765801 
31.936487914364079 
31.936487887941439 
31.936487862774811 
31.936487838090216 
31.936487814931752 
31.936487791940635 
31.936487770067288 
31.936487750333072 
31.936487730115914 
31.936487710820074 
31.936487691912589 
31.936487673093325 
31.936487655711971 
31.936487639039115 
31.936487622382629 
31.936487606350966 
31.936487591880905 
31.936487578414926 
31.936487564620620 
31.936487551792197 
31.936487539666814 
31.936487528139878 
31.936487517052228 
31.936487506627600 
31.936487496166592 
31.936487486928854 
31.936487478134040 
31.936487469653002 
31.936487461431170 
31.936487455020142 
31.936487448428124 
31.936487442550060 
31.936487437447795 
31.936487432626564 
31.936487428147302 
31.936487424388361 
31.936487421035963 
31.936487417755416 
31.936487415922784 
31.936487414483054 
31.936487413741816 
31.936487413250688 
31.936487413733630 
31.936487414067415 
31.936487413998293 
31.936487415822739 
31.936487417223361 
31.936487419832702 
31.936487423045037 
31.936487426908570 
31.936487431063142 
31.936487436203606 
31.936487441112149 
31.936487446469073 
31.936487451000175 
31.936487457040130 
31.936487463742196 
31.936487471571127 
31.936487478442359 
31.936487486334954 
31.936487495498113 
31.936487504959587 
31.936487515340559 
31.936487525763368 
31.936487536575441 
31.936487547744946 
31.936487560111345 
31.936487572646001 
31.936487585796385 
31.936487599777138 
31.936487613185818 
31.936487627660426 
31.936487642645261 
31.936487657299040 
31.936487672744988 
31.936487688684792 
31.936487706112530 
31.936487724260587 
31.936487741982091 
31.936487761324315 
31.936487781278629 
31.936487801499425 
31.936487822257732 
31.936487842382121 
31.936487863653383 
31.936487885408496 
31.936487907888477 
31.936487930712246 
31.936487953634241 
31.936487978489822 
31.936488002907936 
31.936488028692111 
31.936488054707297 
31.936488081083553 
31.936488108598496 
31.936488135720538 
31.936488164888942 
31.936488194446611 
31.936488223615925 
31.936488254983487 
31.936488285647101 
31.936488317498515 
31.936488349398132 
31.936488382419157 
31.936488416205975 
31.936488450309298 
31.936488484349866 
31.936488519912018 
31.936488554440984 
31.936488592066780 
31.936488629290579 
31.936488666992773 
31.936488704875956 
31.936488744208873 
31.936488784424910 
31.936488824339904 
31.936488864977036 
31.936488906742852 
31.936488948863371 
31.936488991284932 
31.936489034248552 
31.936489079004787 
31.936489124469517 
31.936489170788263 
31.936489217788221 
31.936489264920965 
31.936489312855883 
31.936489361544773 
31.936489411028560 
31.936489461257224 
31.936489511648688 
31.936489563837313 
31.936489616846302 
31.936489670506489 
31.936489724052080 
31.936489779071053 
31.936489834737586 
31.936489890204939 
31.936489945916037 
31.936490002975006 
31.936490060632423 
31.936490120855524 
31.936490181323279 
31.936490243086155 
31.936490304241488 
31.936490366635553 
31.936490429181504 
31.936490492712437 
31.936490557443904 
31.936490622911151 
31.936490689028687 
31.936490756083913 
31.936490822809901 
31.936490891391259 
31.936490959910770 
31.936491029407989 
31.936491099506384 
31.936491170575209 
31.936491241249314 
31.936491313123042 
31.936491385566114 
31.936491458709497 
31.936491533253502 
31.936491608794313 
31.936491684650719 
31.936491762166042 
31.936491839468545 
31.936491917589592 
31.936491996881159 
31.936492077092225 
31.936492157027715 
31.936492237789025 
31.936492319080571 
31.936492401824580 
31.936492484848714 
31.936492568438553 
31.936492653234382 
31.936492738352172 
31.936492825228925 
31.936492911728237 
31.936492998605900 
31.936493086697737 
31.936493176193835 
31.936493265809077 
31.936493355306993 
31.936493446323766 
31.936493538541072 
31.936493631227677 
31.936493724585489 
31.936493817769588 
31.936493911034631 
31.936494005898567 
31.936494102842516 
31.936494199076151 
31.936494295147895 
31.936494391764427 
31.936494490457335 
31.936494588157984 
31.936494687550294 
31.936494787450101 
31.936494888443121 
31.936494989251514 
31.936495091284996 
31.936495193182964 
31.936495296081375 
31.936495400487729 
31.936495504629420 
31.936495608297264 
31.936495713711338 
31.936495820204982 
31.936495926152929 
31.936496033655203 
31.936496140637246 
31.936496247913965 
31.936496355301642 
31.936496464116317 
31.936496573414843 
31.936496682851612 
31.936496792557591 
31.936496903821535 
31.936497014432462 
31.936497126216636 
31.936497239757045 
31.936497351862272 
31.936497464704189 
31.936497577216869 
31.936497691031036 
31.936497805333602 
31.936497919675276 
31.936498034850047 
31.936498149288127 
31.936498264643888 
31.936498380168814 
31.936498496709646 
31.936498613480580 
31.936498730971834 
31.936498848506744 
31.936498966461841 
31.936499085013565 
31.936499203414314 
31.936499321623160 
31.936499439833824 
31.936499559199547 
31.936499678261498 
31.936499798374825 
31.936499918852860 
31.936500040020292 
31.936500161418735 
31.936500282382440 
31.936500403366153 
31.936500524964686 
31.936500646938839 
31.936500768648330 
31.936500890449679 
31.936501012452027 
31.936501133308411 
31.936501255555413 
31.936501378546382 
31.936501500998020 
31.936501623349614 
31.936501746381509 
31.936501869608946 
31.936501992520789 
31.936502115408075 
31.936502238514549 
31.936502361960265 
31.936502484870289 
31.936502607614784 
31.936502731093242 
31.936502854637183 
31.936502978817771 
31.936503102131610 
31.936503225968409 
31.936503349799750 
31.936503474049459 
31.936503597738920 
31.936503721488407 
31.936503844592153 
31.936503967667704 
31.936504089492701 
31.936504212561886 
31.936504335031714 
31.936504457636147 
31.936504580694418 
31.936504702949605 
31.936504825454904 
31.936504947650974 
31.936505069295890 
31.936505191898505 
31.936505314059104 
31.936505435653999 
31.936505557286182 
31.936505678053436 
31.936505799980296 
31.936505922862125 
31.936506044076850 
31.936506164839557 
31.936506286004260 
31.936506406073931 
31.936506526500125 
31.936506646874477 
31.936506765444392 
31.936506885415838 
31.936507004315899 
31.936507124095442 
31.936507242626249 
31.936507360527685 
31.936507478049862 
31.936507595766670 
31.936507712852290 
31.936507829635048 
31.936507945725680 
31.936508061223321 
31.936508176939242 
31.936508292904364 
31.936508408542977 
31.936508523581324 
31.936508637470070 
31.936508751940892 
31.936508865917858 
31.936508978468737 
31.936509091368862 
31.936509203139394 
31.936509315220974 
31.936509426572229 
31.936509537433267 
31.936509648046922 
31.936509756937994 
31.936509866121014 
31.936509975335866 
31.936510083486610 
31.936510191753769 
31.936510299986367 
31.936510407401329 
31.936510513632129 
31.936510619761975 
31.936510723894571 
31.936510828393693 
31.936510933112004 
31.936511036920820 
31.936511140281254 
31.936511243107816 
31.936511344699284 
31.936511446337136 
31.936511547593909 
31.936511648226769 
31.936511748069279 
31.936511846959547 
31.936511945579696 
31.936512042603681 
31.936512140609921 
31.936512236448834 
31.936512332228631 
31.936512427431808 
31.936512521686382 
31.936512615345237 
31.936512707780821 
31.936512799797129 
31.936512890940321 
31.936512981788837 
31.936513072051639 
31.936513160716459 
31.936513248887422 
31.936513337570432 
31.936513424735494 
31.936513511133853 
31.936513597423982 
31.936513682774603 
31.936513766658209 
31.936513849673247 
31.936513932409071 
31.936514013829765 
31.936514094291852 
31.936514174789409 
31.936514254431131 
31.936514332523984 
31.936514410371274 
31.936514487029854 
31.936514563730270 
31.936514639469351 
31.936514713581346 
31.936514786983935 
31.936514859904491 
31.936514931448073 
31.936515001930275 
31.936515071948634 
31.936515140072515 
31.936515208284618 
31.936515276143837 
31.936515342587882 
31.936515409261119 
31.936515474224507 
31.936515537634477 
31.936515600586972 
31.936515663674072 
31.936515724816672 
31.936515785248048 
31.936515845402937 
31.936515903636064 
31.936515961499026 
31.936516018054135 
31.936516073412349 
31.936516127956565 
31.936516180137914 
31.936516231928181 
31.936516283516539 
31.936516334572843 
31.936516384896095 
31.936516433861470 
31.936516481465333 
31.936516528723587 
31.936516574897723 
31.936516620321527 
31.936516664058217 
31.936516707131887 
31.936516749924522 
31.936516791392933 
31.936516831937297 
31.936516871092863 
31.936516909742750 
31.936516946878328 
31.936516982580542 
31.936517017633378 
31.936517051041847 
31.936517084292973 
31.936517116626419 
31.936517147200902 
31.936517178041868 
31.936517206469944 
31.936517234135863 
31.936517261598965 
31.936517287589595 
31.936517313483819 
31.936517337516307 
31.936517359569734 
31.936517381013800 
31.936517401398305 
31.936517420768723 
31.936517439192357 
31.936517456740148 
31.936517474005996 
31.936517489813014 
31.936517504977928 
31.936517517648099 
31.936517530184574 
31.936517541862486 
31.936517552428086 
31.936517562980953 
31.936517572465164 
31.936517580023065 
31.936517586979789 
31.936517591811935 
31.936517595657278 
31.936517599746367 
31.936517602424829 
31.936517603774519 
31.936517604208348 
31.936517604292021 
31.936517602744971 
31.936517599211584 
31.936517595056102 
31.936517589098912 
31.936517582959823 
31.936517576669758 
31.936517567873125 
31.936517559877757 
31.936517550903773 
31.936517539867054 
31.936517528103650 
31.936517515165178 
31.936517501417256 
31.936517486591583 
31.936517470769104 
31.936517454487330 
31.936517436706708 
31.936517416927927 
31.936517396946329 
31.936517377303062 
31.936517355822616 
31.936517332695985 
31.936517309542978 
31.936517284524598 
31.936517259532593 
31.936517233140876 
31.936517206323515 
31.936517177614405 
31.936517148177700 
31.936517118551819 
31.936517087229731 
31.936517055857621 
31.936517022731095 
31.936516990005657 
31.936516955322986 
31.936516918791312 
31.936516883559307 
31.936516847202256 
31.936516808072156 
31.936516769068476 
31.936516728469542 
31.936516686957475 
31.936516645589109 
31.936516603155724 
31.936516559653683 
31.936516514749201 
31.936516469785602 
31.936516423143075 
31.936516375649262 
31.936516327358731 
31.936516278494310 
31.936516229369772 
31.936516179843238 
31.936516129104348 
31.936516078412751 
31.936516026085883 
31.936515971819063 
31.936515917534052 
31.936515862259512 
31.936515806059106 
31.936515749818682 
31.936515691862041 
31.936515633416093 
31.936515574276200 
31.936515515522842 
31.936515456309280 
31.936515395595961 
31.936515332811723 
31.936515271311691 
31.936515208763012 
31.936515145715020 
31.936515080612480 
31.936515015355326 
31.936514950022683 
31.936514884146163 
31.936514817397438 
31.936514749461821 
31.936514681258814 
31.936514612066276 
31.936514543288467 
31.936514473657553 
31.936514403221736 
31.936514331650869 
31.936514259925389 
31.936514187610555 
31.936514113912381 
31.936514040527982 
31.936513966385064 
31.936513892461335 
31.936513817137893 
31.936513741461567 
31.936513665141320 
31.936513589957030 
31.936513512333477 
31.936513434329754 
31.936513355818533 
31.936513276559708 
31.936513197014392 
31.936513116728747 
31.936513037292571 
31.936512955779108 
31.936512875088738 
31.936512793505244 
31.936512710050010 
31.936512627898992 
31.936512543834397 
31.936512460732047 
31.936512376921200 
31.936512292129919 
31.936512207701526 
31.936512123560533 
31.936512038286310 
31.936511952357250 
31.936511866941146 
31.936511780321780 
31.936511693453213 
31.936511607329521 
31.936511519813394 
31.936511432454608 
31.936511344548308 
31.936511257305028 
31.936511169533333 
31.936511080519267 
31.936510991831710 
31.936510902801274 
31.936510813742643 
31.936510724149230 
31.936510634418482 
31.936510544448538 
31.936510454355812 
31.936510363981142 
31.936510273287240 
31.936510182475104 
31.936510092203207 
31.936510000657108 
31.936509908701737 
31.936509816394391 
31.936509725148426 
31.936509633513197 
31.936509541286796 
31.936509448900324 
31.936509357030445 
31.936509265681707 
31.936509173637205 
31.936509081328040 
31.936508989192589 
31.936508897128078 
31.936508805138146 
31.936508713126386 
31.936508620744462 
31.936508528739068 
31.936508435533142 
31.936508342135312 
31.936508249512372 
31.936508155636147 
31.936508062817666 
31.936507969207014 
31.936507876913311 
31.936507783492743 
31.936507691093539 
31.936507598280514 
31.936507505826739 
31.936507413502113 
31.936507320534474 
31.936507228943810 
31.936507136124419 
31.936507044336395 
31.936506952301897 
31.936506859904512 
31.936506767050560 
31.936506674629527 
31.936506582595030 
31.936506492216722 
31.936506400760663 
31.936506309963988 
31.936506218314207 
31.936506127022767 
31.936506037006438 
31.936505945698627 
31.936505854252573 
31.936505762123488 
31.936505671656960 
