20.174305744289285 
20.174305744432566 
20.174305745043931 
20.174305744930891 
20.174305744493772 
20.174305744520396 
20.174305744526876 
20.174305744311233 
20.174305744141989 
20.174305743892113 
20.174305743657285 
20.174305743549326 
20.174305743514452 
20.174305743342558 
20.174305743318037 
20.174305743353614 
20.174305743482648 
20.174305742011434 
20.174305740914640 
20.174305739982017 
20.174305739348121 
20.174305738953436 
20.174305738795105 
20.174305738883639 
20.174305739202524 
20.174305739432867 
20.174305739756889 
20.174305740249622 
20.174305740823364 
20.174305741489022 
20.174305742051850 
20.174305742737459 
20.174305743418465 
20.174305744115415 
20.174305744885693 
20.174305745629241 
20.174305746363800 
20.174305747105947 
20.174305747842631 
20.174305748592445 
20.174305749361572 
20.174305750225059 
20.174305751019915 
20.174305751810010 
20.174305752464839 
20.174305753132892 
20.174305753818103 
20.174305754340303 
20.174305755009797 
20.174305755623784 
20.174305756149877 
20.174305756758670 
20.174305757402102 
20.174305757970487 
20.174305758420928 
20.174305758992062 
20.174305759508727 
20.174305759953157 
20.174305760471910 
20.174305761030816 
20.174305761490118 
20.174305761928686 
20.174305762266137 
20.174305762690061 
20.174305763003098 
20.174305763400355 
20.174305763716575 
20.174305764050558 
20.174305764358877 
20.174305764658136 
20.174305764899074 
20.174305765182005 
20.174305765507171 
20.174305765685560 
20.174305765993672 
20.174305766321034 
20.174305766629821 
20.174305766869246 
20.174305767074813 
20.174305767311729 
20.174305767546265 
20.174305767758050 
20.174305767957861 
20.174305768168317 
20.174305768240437 
20.174305768534481 
20.174305768699980 
20.174305768833619 
20.174305768983494 
20.174305769060510 
20.174305769192298 
20.174305769373479 
20.174305769473147 
20.174305769500187 
20.174305769613653 
20.174305769641226 
20.174305769638746 
20.174305769814509 
20.174305769870976 
20.174305769971802 
20.174305770194678 
20.174305770256318 
20.174305770333909 
20.174305770486640 
20.174305770543256 
20.174305770473453 
20.174305770506734 
20.174305770565198 
20.174305770608562 
20.174305770786120 
20.174305770895955 
20.174305770986138 
20.174305771017579 
20.174305771028152 
20.174305771173387 
20.174305771118163 
20.174305771166630 
20.174305771256996 
20.174305771192465 
20.174305771270575 
20.174305771353247 
20.174305771499071 
20.174305771585132 
20.174305771520565 
20.174305771644441 
20.174305771739078 
20.174305771825253 
20.174305771841183 
20.174305771964221 
20.174305771992138 
20.174305772039638 
20.174305772083869 
20.174305772205052 
20.174305772213316 
20.174305772214929 
20.174305772174634 
20.174305772103956 
20.174305772027374 
20.174305771994021 
20.174305771993581 
20.174305772168374 
20.174305772058695 
20.174305771993915 
20.174305772071257 
20.174305771966687 
20.174305771863395 
20.174305771797492 
20.174305771616218 
20.174305771598043 
20.174305771545889 
20.174305771598569 
20.174305771565919 
20.174305771426653 
20.174305771432515 
20.174305771451500 
20.174305771342908 
20.174305771293881 
20.174305771427960 
20.174305771544816 
20.174305771468269 
20.174305771414836 
20.174305771330495 
20.174305771200245 
20.174305771236760 
20.174305771247944 
20.174305771162480 
20.174305771116380 
20.174305771312781 
20.174305771256648 
20.174305771147196 
20.174305771140524 
20.174305771201027 
20.174305771204594 
20.174305771173479 
20.174305771243290 
20.174305771299103 
20.174305771336414 
20.174305771358874 
20.174305771520309 
20.174305771475503 
20.174305771480228 
20.174305771516963 
20.174305771534620 
20.174305771536922 
20.174305771436643 
20.174305771434959 
20.174305771434263 
20.174305771462102 
20.174305771407226 
20.174305771421722 
20.174305771354227 
20.174305771268465 
20.174305771284217 
20.174305771117893 
20.174305771165500 
20.174305771230358 
20.174305771180059 
20.174305771206349 
20.174305771291088 
20.174305771303985 
20.174305771106170 
20.174305771054705 
20.174305771038341 
20.174305770982230 
20.174305771202881 
20.174305771329550 
20.174305771382862 
20.174305771360189 
20.174305771344216 
20.174305771534954 
20.174305771438206 
20.174305771322452 
20.174305771342254 
20.174305771359514 
20.174305771191676 
20.174305770915822 
20.174305771203770 
20.174305771231168 
20.174305771143089 
20.174305771167049 
20.174305771146940 
20.174305771098723 
20.174305771149029 
20.174305771228489 
20.174305771226457 
20.174305771228404 
20.174305771184891 
20.174305771124409 
20.174305771208374 
20.174305771336037 
20.174305771269267 
20.174305771230976 
20.174305771121560 
20.174305771061327 
20.174305770951570 
20.174305770963841 
20.174305771019903 
20.174305771048758 
20.174305771093316 
20.174305770900993 
20.174305770951541 
20.174305770839766 
20.174305770728289 
20.174305770733810 
20.174305770597044 
20.174305770364995 
20.174305770578997 
20.174305770550731 
20.174305770405553 
20.174305770434252 
20.174305770780840 
20.174305770834579 
20.174305770884274 
20.174305770499949 
20.174305770538446 
20.174305770545693 
20.174305770490903 
20.174305770754856 
20.174305770585747 
20.174305770639407 
20.174305770755964 
20.174305770909029 
20.174305770855753 
20.174305770675225 
20.174305770810349 
20.174305770758650 
20.174305770904802 
20.174305770748681 
20.174305770864116 
20.174305770912099 
20.174305770884118 
20.174305770975351 
20.174305771275542 
20.174305771081471 
20.174305771050129 
20.174305771251746 
20.174305771277410 
20.174305771315062 
20.174305771548276 
20.174305771530769 
20.174305771630230 
20.174305771726296 
20.174305771722786 
20.174305771715893 
20.174305771649642 
20.174305771602576 
20.174305771921581 
20.174305771814787 
20.174305771636313 
20.174305771395652 
20.174305771216552 
20.174305771217149 
20.174305771300496 
20.174305771221754 
20.174305771363365 
20.174305771128047 
20.174305771270909 
20.174305771191655 
20.174305771586006 
20.174305771653081 
20.174305771908081 
20.174305772258720 
20.174305772027708 
20.174305772199943 
20.174305772240459 
20.174305772430785 
20.174305772178855 
20.174305771875126 
20.174305772151996 
20.174305771951452 
20.174305772056144 
20.174305772137885 
20.174305771852417 
20.174305771906319 
20.174305771844544 
20.174305771588621 
20.174305771675137 
20.174305771691365 
20.174305771767621 
20.174305771522157 
20.174305771533781 
20.174305771566480 
20.174305771482750 
20.174305771568953 
20.174305771528338 
20.174305771642224 
20.174305771588124 
20.174305771642466 
20.174305771647241 
20.174305771615408 
20.174305771490864 
20.174305771442420 
20.174305771510035 
20.174305771165933 
20.174305770954319 
20.174305770552039 
20.174305770511296 
20.174305770737135 
20.174305770508525 
20.174305770954817 
20.174305771144134 
20.174305771023981 
20.174305770928200 
20.174305771105224 
20.174305770990870 
20.174305771089379 
20.174305771510163 
20.174305771381967 
20.174305771316227 
20.174305770926196 
20.174305770981022 
20.174305770916604 
20.174305770675218 
20.174305770181974 
20.174305770173788 
20.174305770274927 
20.174305770579636 
20.174305770419380 
20.174305770182727 
20.174305770217131 
20.174305769737643 
20.174305769725152 
20.174305769790934 
20.174305769835925 
20.174305769613909 
20.174305769241215 
20.174305768903679 
20.174305768505448 
20.174305768127169 
20.174305768042146 
20.174305767983483 
20.174305768368328 
20.174305768057025 
20.174305767807155 
20.174305767905807 
20.174305768183274 
20.174305768235016 
20.174305767892818 
20.174305768306283 
20.174305768099671 
20.174305768214126 
20.174305768054424 
20.174305767886466 
20.174305768062837 
20.174305767951651 
20.174305768471442 
20.174305768422187 
20.174305768245446 
20.174305767851024 
20.174305767493024 
20.174305767606086 
20.174305767787615 
20.174305767414651 
20.174305767133731 
20.174305766983124 
20.174305767029011 
20.174305767588592 
20.174305767763400 
20.174305768068891 
20.174305767809855 
20.174305767910724 
20.174305767632632 
20.174305767465583 
20.174305767390337 
20.174305767257607 
20.174305767496364 
20.174305767712312 
20.174305767546571 
20.174305768015685 
20.174305768247947 
20.174305767892747 
20.174305768457259 
20.174305768281386 
20.174305767774513 
20.174305767673133 
20.174305767839201 
20.174305768394703 
20.174305768895280 
20.174305768506812 
20.174305768594721 
20.174305768641460 
20.174305768750827 
20.174305768586095 
20.174305768899217 
20.174305768974108 
20.174305768597762 
20.174305767790202 
20.174305767695699 
20.174305767813664 
20.174305767565400 
20.174305767829011 
20.174305767239474 
20.174305766989463 
20.174305767173038 
20.174305766958284 
20.174305766204668 
20.174305766531305 
20.174305766613344 
20.174305766430649 
20.174305766652509 
20.174305766165958 
20.174305765972775 
20.174305765272976 
20.174305764626723 
20.174305764755246 
20.174305764080600 
20.174305763880653 
20.174305764414896 
20.174305764354159 
20.174305764613933 
20.174305765165172 
20.174305765098410 
20.174305764334576 
20.174305763594049 
20.174305763145412 
20.174305762947540 
20.174305762922216 
20.174305763240625 
20.174305763549313 
20.174305763605787 
20.174305763154848 
20.174305763169713 
20.174305763698584 
20.174305763720099 
20.174305764702382 
20.174305764408359 
20.174305763823327 
20.174305764665377 
20.174305764484814 
20.174305764392301 
20.174305765073854 
20.174305765167901 
20.174305764546602 
20.174305765554550 
20.174305766010860 
20.174305765967006 
20.174305766235051 
20.174305765712120 
20.174305765468375 
20.174305765107249 
20.174305765182567 
20.174305765651411 
20.174305764706958 
20.174305765178843 
20.174305764620385 
20.174305765238188 
20.174305765348038 
20.174305764767183 
20.174305764951271 
20.174305765090310 
20.174305765039492 
20.174305765146215 
20.174305764043794 
20.174305765080845 
20.174305765081471 
20.174305765798294 
20.174305765505011 
20.174305764303853 
20.174305763641428 
20.174305763938548 
20.174305764191303 
20.174305764081879 
20.174305763695372 
20.174305763648732 
20.174305763602916 
20.174305764393381 
20.174305764234418 
20.174305764746777 
20.174305764720174 
20.174305764346570 
20.174305764626723 
20.174305763892988 
20.174305763932750 
20.174305762798127 
20.174305762012096 
20.174305762676170 
20.174305762604206 
20.174305762541252 
20.174305763388531 
20.174305764134914 
20.174305764701131 
20.174305763795672 
20.174305763201488 
20.174305763949548 
20.174305764515964 
20.174305764731741 
20.174305765387146 
20.174305765925453 
20.174305765698648 
20.174305766541011 
20.174305766841371 
20.174305766534076 
20.174305766535042 
20.174305766070972 
20.174305765885208 
20.174305766075918 
20.174305767043563 
20.174305766421355 
20.174305766239399 
20.174305766744737 
20.174305766179998 
20.174305766138957 
20.174305766369628 
20.174305766169311 
20.174305765299778 
20.174305766188070 
20.174305766189036 
20.174305765549150 
20.174305765716042 
20.174305766637417 
20.174305766016005 
20.174305765965812 
20.174305767204885 
20.174305767726707 
20.174305766711029 
20.174305767149349 
20.174305766736325 
20.174305765583483 
20.174305764858502 
20.174305764543249 
20.174305765547047 
20.174305767372459 
20.174305765925510 
20.174305768003649 
20.174305769018076 
20.174305769536716 
20.174305771056481 
20.174305770344006 
20.174305769522562 
20.174305769432294 
20.174305770085653 
20.174305770190813 
20.174305770504020 
20.174305770420631 
20.174305770881915 
20.174305769914952 
20.174305769031434 
20.174305770112653 
20.174305769105786 
20.174305769017451 
20.174305770906130 
20.174305771350191 
20.174305772966363 
20.174305772903892 
20.174305773805713 
20.174305773408150 
20.174305772548223 
20.174305772183629 
20.174305773036735 
20.174305773776609 
20.174305775153471 
20.174305774827360 
20.174305775304958 
20.174305777574091 
20.174305777348707 
20.174305778531618 
20.174305776928293 
20.174305776020617 
20.174305775786820 
20.174305774912284 
20.174305773807589 
20.174305773916331 
20.174305775372602 
20.174305775136474 
20.174305776586039 
20.174305776980589 
20.174305778481028 
20.174305777905886 
20.174305777747122 
20.174305777471886 
20.174305779989709 
20.174305781844737 
20.174305785057072 
20.174305786651075 
20.174305787820742 
20.174305789411335 
20.174305788871322 
20.174305788980973 
20.174305789540938 
20.174305791024267 
20.174305788566357 
20.174305788681750 
20.174305789108644 
20.174305788610013 
20.174305788279128 
20.174305787012997 
20.174305786341165 
20.174305786741229 
20.174305786048478 
20.174305785931779 
20.174305787310686 
20.174305786687455 
20.174305788796403 
20.174305786443256 
20.174305790184178 
20.174305791732536 
20.174305791954509 
20.174305792051314 
20.174305790436165 
20.174305789037987 
20.174305788418621 
20.174305788191077 
20.174305788175275 
20.174305788708466 
20.174305787790331 
20.174305788711422 
20.174305789151845 
20.174305790352264 
20.174305788704487 
20.174305788811978 
20.174305788701759 
20.174305785834008 
20.174305786454681 
20.174305787134244 
20.174305787128503 
20.174305788189997 
20.174305790501876 
20.174305792054156 
20.174305792165001 
20.174305790777453 
20.174305792368330 
20.174305788876268 
20.174305791049505 
20.174305790642961 
20.174305788726940 
20.174305788509002 
20.174305785578099 
20.174305786106515 
20.174305780893519 
20.174305779257281 
20.174305777446136 
20.174305779372162 
20.174305781463204 
20.174305780385680 
20.174305777191535 
20.174305777933569 
20.174305776759979 
20.174305778337384 
20.174305781890098 
20.174305779840438 
20.174305778935832 
20.174305779174802 
20.174305780326335 
20.174305780498003 
20.174305781258568 
20.174305783261957 
20.174305780208670 
20.174305780644659 
20.174305782575175 
20.174305781256180 
20.174305786309901 
20.174305788954143 
20.174305790339531 
20.174305791302572 
20.174305792652717 
20.174305796511703 
20.174305797560692 
20.174305797963711 
20.174305796720546 
20.174305795534337 
20.174305793357576 
20.174305792833024 
20.174305793752637 
20.174305792235373 
20.174305790492895 
20.174305788211541 
20.174305791182178 
20.174305794938391 
20.174305793947497 
20.174305793433973 
20.174305790153085 
20.174305793144072 
20.174305792298583 
20.174305793411463 
20.174305794309021 
20.174305793602684 
20.174305796645626 
20.174305793227177 
20.174305792649761 
20.174305790830203 
20.174305793483541 
20.174305791410461 
20.174305790839639 
20.174305790805761 
20.174305790825429 
20.174305791279835 
20.174305793950225 
20.174305789366144 
20.174305783404520 
20.174305780318491 
20.174305781947169 
20.174305779210727 
20.174305776112419 
20.174305778851931 
20.174305776391293 
20.174305778449366 
20.174305779306906 
20.174305779326232 
20.174305780024042 
20.174305781660792 
20.174305785320144 
20.174305782617466 
20.174305777482573 
20.174305776529081 
20.174305775521589 
20.174305771915328 
20.174305771596892 
20.174305774176901 
20.174305773290712 
20.174305776374922 
20.174305778726989 
20.174305778302369 
20.174305771776858 
20.174305773851188 
20.174305775236689 
20.174305777879340 
20.174305777360360 
20.174305771351328 
20.174305771249237 
20.174305770449223 
20.174305769634202 
20.174305772541288 
20.174305770103842 
20.174305769507669 
20.174305769816101 
20.174305768399677 
20.174305766075236 
20.174305762483755 
20.174305757899901 
20.174305760139418 
20.174305762381664 
20.174305763690541 
20.174305763891653 
20.174305765989857 
20.174305766845123 
20.174305769349530 
20.174305771455806 
20.174305774529103 
20.174305770333376 
20.174305765712006 
20.174305762564472 
20.174305762122003 
20.174305759060644 
20.174305756789863 
20.174305756469721 
20.174305758132277 
20.174305761907249 
20.174305761415326 
20.174305757607613 
20.174305753884482 
20.174305752458167 
20.174305752444866 
20.174305747852941 
20.174305744338881 
20.174305744668573 
20.174305745733022 
20.174305741093576 
20.174305741928151 
20.174305744295907 
20.174305747303151 
20.174305750330973 
20.174305751551742 
20.174305752814234 
20.174305758904097 
20.174305762284121 
20.174305760905781 
20.174305764871860 
20.174305762193512 
20.174305765134932 
20.174305760028915 
20.174305759937624 
20.174305760578136 
20.174305762566973 
20.174305760131006 
20.174305755839896 
20.174305754312513 
20.174305757240859 
20.174305761839264 
20.174305762010249 
20.174305767974033 
20.174305766960401 
20.174305758820765 
20.174305761762866 
20.174305759297681 
20.174305754479519 
20.174305754098555 
20.174305752224768 
20.174305754772149 
20.174305760336324 
20.174305758361811 
20.174305756444937 
20.174305756484500 
20.174305753607655 
20.174305758175933 
20.174305756860917 
20.174305759212757 
20.174305754681768 
20.174305751040606 
20.174305755438013 
20.174305755447904 
20.174305757795196 
20.174305757006096 
20.174305750610415 
20.174305745300217 
20.174305747410813 
20.174305748957408 
20.174305751270140 
20.174305753606518 
20.174305753844578 
20.174305750405438 
20.174305751863926 
20.174305753642784 
20.174305748412166 
20.174305749167956 
20.174305748199913 
20.174305746789400 
20.174305747402400 
20.174305747331232 
20.174305749526980 
20.174305749843597 
20.174305748748452 
20.174305749177279 
20.174305747300878 
20.174305749054156 
20.174305750057442 
20.174305754140278 
20.174305758158425 
20.174305757536899 
20.174305754519082 
20.174305752814575 
20.174305754937336 
20.174305757223010 
20.174305758378750 
20.174305754749184 
20.174305751975453 
20.174305753959402 
20.174305755098658 
20.174305760359061 
20.174305762446352 
20.174305759132153 
20.174305752862779 
20.174305750800158 
20.174305748906249 
20.174305753542740 
20.174305747288372 
20.174305746184928 
20.174305749475252 
20.174305747045310 
20.174305745551237 
20.174305742219531 
20.174305738179442 
20.174305740601767 
20.174305733538063 
20.174305735144912 
20.174305739201600 
20.174305738870885 
20.174305735977441 
20.174305737562918 
20.174305734400718 
20.174305728974673 
20.174305733199049 
20.174305731143704 
20.174305733175970 
20.174305736418091 
20.174305740704881 
20.174305736947417 
20.174305747909784 
20.174305744808521 
20.174305743416767 
20.174305744524190 
20.174305735937651 
20.174305739191823 
20.174305735933444 
20.174305740569025 
20.174305737587360 
20.174305735859548 
20.174305742208617 
20.174305742469301 
20.174305743030573 
20.174305748412280 
20.174305751995689 
20.174305751368820 
20.174305753984754 
20.174305757484149 
20.174305758293258 
20.174305760005268 
20.174305761042547 
20.174305763438042 
20.174305760018910 
20.174305759929325 
20.174305754418015 
20.174305753892668 
20.174305758047922 
20.174305760176139 
20.174305760819834 
20.174305764105611 
20.174305761348251 
20.174305764408018 
20.174305763213169 
20.174305764002156 
20.174305764088331 
20.174305765612644 
20.174305764689393 
20.174305767332157 
20.174305768571003 
20.174305767279407 
20.174305759300637 
20.174305758522564 
20.174305761225583 
20.174305759278695 
20.174305757834986 
20.174305762300264 
20.174305761585288 
20.174305763075040 
20.174305763551843 
20.174305753405861 
20.174305757328284 
20.174305759574281 
20.174305759955701 
20.174305760577909 
20.174305762044469 
20.174305767371038 
20.174305766645489 
20.174305764180303 
20.174305764785458 
20.174305764476344 
20.174305766784641 
20.174305772845287 
20.174305776381516 
20.174305782868032 
20.174305786001696 
20.174305790208564 
20.174305785388697 
20.174305784188391 
20.174305786312061 
20.174305779729139 
20.174305785197248 
20.174305780751070 
20.174305781358498 
20.174305777908216 
20.174305778975167 
20.174305782523334 
20.174305780346231 
20.174305781695921 
20.174305780925692 
20.174305781263683 
20.174305779081692 
20.174305782252304 
20.174305783053569 
20.174305782897704 
20.174305780179452 
20.174305777361042 
20.174305782200918 
20.174305776612073 
20.174305775342873 
20.174305778045209 
20.174305771818013 
20.174305772100752 
20.174305775340599 
20.174305776586607 
20.174305782841884 
20.174305783403270 
20.174305782835518 
20.174305781236399 
20.174305777609561 
20.174305780534837 
20.174305782610645 
20.174305783203636 
20.174305782941246 
20.174305785355727 
20.174305786135392 
20.174305790366816 
20.174305792261976 
20.174305790136259 
20.174305788100128 
20.174305790889321 
20.174305793524582 
20.174305793404301 
20.174305790608287 
20.174305788434140 
20.174305786620380 
20.174305789576692 
20.174305795262626 
20.174305803413063 
20.174305805695894 
20.174305810726310 
20.174305812793591 
20.174305814531863 
20.174305820064092 
20.174305814891795 
20.174305815535718 
20.174305818254652 
20.174305824916019 
20.174305822615224 
20.174305817326740 
20.174305815855405 
20.174305811665135 
20.174305816412698 
20.174305812042803 
20.174305813921364 
20.174305808865256 
20.174305811822478 
20.174305809675616 
20.174305810361830 
20.174305805481026 
20.174305808123336 
20.174305809417092 
20.174305811927525 
20.174305817649383 
20.174305814502077 
20.174305813139426 
20.174305814413628 
20.174305815907701 
20.174305808735198 
20.174305812614875 
20.174305812286775 
20.174305810856822 
20.174305815015032 
20.174305817334016 
20.174305812942066 
20.174305811359091 
20.174305818071616 
20.174305817953382 
20.174305824615885 
20.174305820193467 
20.174305817301047 
20.174305817972254 
20.174305820613881 
20.174305820682775 
20.174305818335370 
20.174305819688016 
20.174305817195773 
20.174305816042306 
20.174305816906099 
20.174305822436054 
20.174305827237959 
20.174305818910625 
20.174305814446370 
20.174305815419984 
20.174305810110127 
20.174305806699749 
20.174305805807762 
20.174305803408288 
20.174305804374171 
20.174305796288763 
20.174305790652852 
20.174305790432754 
20.174305795965893 
20.174305794549355 
20.174305789902746 
20.174305789619893 
20.174305787181311 
20.174305785784554 
20.174305783795262 
20.174305785212255 
20.174305780823033 
20.174305784254329 
20.174305789241316 
20.174305783655882 
20.174305785439174 
20.174305785508977 
20.174305789774280 
20.174305791148299 
20.174305791898178 
20.174305792875430 
20.174305789988466 
20.174305791036886 
20.174305785577189 
20.174305781722978 
20.174305781104067 
20.174305775162793 
20.174305774486584 
20.174305778614325 
20.174305777873542 
20.174305777055906 
20.174305781441262 
20.174305780525629 
20.174305780353961 
20.174305776976780 
20.174305772187608 
20.174305768499380 
20.174305768617842 
20.174305772239450 
20.174305777754171 
20.174305780329405 
20.174305780364648 
20.174305780814620 
20.174305781296425 
20.174305776856272 
20.174305778742109 
20.174305777070913 
20.174305770499586 
20.174305768495515 
20.174305765648796 
20.174305763858001 
20.174305763650864 
20.174305759007211 
20.174305761538335 
20.174305759652270 
20.174305761300957 
20.174305763840948 
20.174305763168604 
20.174305762902350 
20.174305756529520 
20.174305753361523 
20.174305751867678 
20.174305750740587 
20.174305753302178 
20.174305757355796 
20.174305760720472 
20.174305768748354 
20.174305760054267 
20.174305760185007 
20.174305763533766 
20.174305763974189 
20.174305767534861 
20.174305766202679 
20.174305760810284 
20.174305758857372 
20.174305761840515 
20.174305757283491 
20.174305752904729 
20.174305751323118 
20.174305752222153 
20.174305755744172 
20.174305753723957 
20.174305755192108 
20.174305751463180 
20.174305755760543 
20.174305757112734 
20.174305755109799 
20.174305759250728 
20.174305764095834 
20.174305770916135 
20.174305775665971 
20.174305777528616 
20.174305780717305 
20.174305779661154 
20.174305776600249 
20.174305779612041 
20.174305785299566 
20.174305775665744 
20.174305770669207 
20.174305769948660 
20.174305769381135 
20.174305769751982 
20.174305772373600 
20.174305769432749 
20.174305766674934 
20.174305770317687 
20.174305767275200 
20.174305766622410 
20.174305759963318 
20.174305753466342 
20.174305750900203 
20.174305754583429 
20.174305752354485 
20.174305746784512 
20.174305751573229 
20.174305753362432 
20.174305754242141 
20.174305749974792 
20.174305756981767 
20.174305756057038 
20.174305747787912 
20.174305752942928 
20.174305757080901 
20.174305753408134 
20.174305756514514 
20.174305751337897 
20.174305750368148 
20.174305751360407 
20.174305758615446 
20.174305754960869 
20.174305751884731 
20.174305753244198 
20.174305754936313 
20.174305755177329 
20.174305761436699 
20.174305757703223 
20.174305753622775 
20.174305750698977 
20.174305752474766 
20.174305758391938 
20.174305753151430 
20.174305751310158 
20.174305752274677 
20.174305746788377 
20.174305749893392 
20.174305743998730 
20.174305748667393 
20.174305753029557 
20.174305750726944 
20.174305749044379 
20.174305753557974 
20.174305760943071 
20.174305757123420 
20.174305746208347 
20.174305735467442 
20.174305730754213 
20.174305728674426 
20.174305732386756 
20.174305735661392 
20.174305731638469 
20.174305723657199 
20.174305729303796 
20.174305728285617 
20.174305731843788 
20.174305738854855 
20.174305735462440 
20.174305736850783 
20.174305733103438 
20.174305729588696 
20.174305730247852 
20.174305732055927 
20.174305731310369 
20.174305745406855 
20.174305744446201 
20.174305747324524 
20.174305748065308 
20.174305746206528 
20.174305747931157 
20.174305751360180 
20.174305749706264 
20.174305737080658 
20.174305739275724 
20.174305740818909 
20.174305742065371 
20.174305741382796 
20.174305744558524 
20.174305748807456 
20.174305748901361 
20.174305744525554 
20.174305746912523 
20.174305747923654 
20.174305754994521 
20.174305761079495 
20.174305758014043 
20.174305756832382 
20.174305753632552 
20.174305747617382 
20.174305746332266 
20.174305756370813 
20.174305757042930 
20.174305760007428 
20.174305758503579 
20.174305758772789 
20.174305757593174 
20.174305761460346 
20.174305757892625 
20.174305754046600 
20.174305751885640 
20.174305751992279 
20.174305754259194 
20.174305759265735 
20.174305762110635 
20.174305759011304 
20.174305764393921 
20.174305767644228 
20.174305764294559 
20.174305767603755 
20.174305769255170 
20.174305773623928 
20.174305780897839 
20.174305781194334 
20.174305788325000 
20.174305788120364 
20.174305794438169 
20.174305798430169 
20.174305803505831 
20.174305799491776 
20.174305797341503 
20.174305802157960 
20.174305793758776 
20.174305796866520 
20.174305792418409 
20.174305780769146 
20.174305788150832 
20.174305787647654 
20.174305785438037 
20.174305783860291 
20.174305793482290 
20.174305794898828 
20.174305793475469 
20.174305796118460 
20.174305793086887 
20.174305790828839 
20.174305791857705 
20.174305792714676 
20.174305792753330 
20.174305786404375 
20.174305791143979 
20.174305785458273 
20.174305781566773 
20.174305782465126 
20.174305778348980 
20.174305780756868 
20.174305773800370 
20.174305770215369 
20.174305762922131 
20.174305754560692 
20.174305754168472 
20.174305749313135 
20.174305754448596 
20.174305752106193 
20.174305745904348 
20.174305746731534 
20.174305750379972 
20.174305751452721 
20.174305747149447 
20.174305746965274 
20.174305742511933 
20.174305741653598 
20.174305742849583 
20.174305739870988 
20.174305740627688 
20.174305753336512 
20.174305753172803 
20.174305761511732 
20.174305755655041 
20.174305751606198 
20.174305740118371 
20.174305738536987 
20.174305747247672 
20.174305754059105 
20.174305755315572 
20.174305760903280 
20.174305759228218 
20.174305759451954 
20.174305764016708 
20.174305761273899 
20.174305762260929 
20.174305759738672 
20.174305759950130 
20.174305759443769 
20.174305760419202 
20.174305761191590 
20.174305756452668 
20.174305753359022 
20.174305752673945 
20.174305745146057 
20.174305741980561 
20.174305746588061 
20.174305745750189 
20.174305748326788 
20.174305743450986 
20.174305738268004 
20.174305734154586 
20.174305731057302 
20.174305735290091 
20.174305741084709 
20.174305747754715 
20.174305749451833 
20.174305755616160 
20.174305761316191 
20.174305768794511 
20.174305770146930 
20.174305766334555 
20.174305763266602 
20.174305762302311 
20.174305759397157 
20.174305755408795 
20.174305750366329 
20.174305753956105 
20.174305750283565 
20.174305743128798 
20.174305744270669 
20.174305741937360 
20.174305744580352 
20.174305744336380 
20.174305738977637 
20.174305733407664 
20.174305740753198 
20.174305738953763 
20.174305740240243 
20.174305745342281 
20.174305747842027 
20.174305748512097 
20.174305745603988 
20.174305749415225 
20.174305743539890 
20.174305751877910 
20.174305749110999 
20.174305746577829 
20.174305755626847 
20.174305752760461 
20.174305750251392 
20.174305740708974 
20.174305737180589 
20.174305731824575 
20.174305726199577 
20.174305725055092 
20.174305721564565 
20.174305719052654 
20.174305719013546 
20.174305716487765 
20.174305714461070 
20.174305710701219 
20.174305712561591 
20.174305711992019 
20.174305713935610 
20.174305706433415 
20.174305710492945 
20.174305712910837 
20.174305717667266 
20.174305717077004 
20.174305721200881 
20.174305721050018 
20.174305720217717 
20.174305719509789 
20.174305714970956 
20.174305722613099 
20.174305719750919 
20.174305716228446 
20.174305722232475 
20.174305727042452 
20.174305729477169 
20.174305723220186 
20.174305725562931 
20.174305731664049 
20.174305729176581 
20.174305737267332 
20.174305745364109 
20.174305751336647 
20.174305750676808 
20.174305751238080 
20.174305751781048 
20.174305749283462 
20.174305747707194 
20.174305757351362 
20.174305761024925 
20.174305763452367 
20.174305753557405 
20.174305752314922 
20.174305747954122 
20.174305738413068 
20.174305740710338 
20.174305745165498 
20.174305757094089 
20.174305759735262 
20.174305760677157 
20.174305767381270 
20.174305768011891 
20.174305766280895 
20.174305765374356 
20.174305759449453 
20.174305766031239 
20.174305768214253 
20.174305772105299 
20.174305774661661 
20.174305776107758 
20.174305782529927 
20.174305785885736 
20.174305790448102 
20.174305784226249 
20.174305777612631 
20.174305779528140 
20.174305772053913 
20.174305774488175 
20.174305767563283 
20.174305769652619 
20.174305775139032 
20.174305771222748 
20.174305767686860 
20.174305765319104 
20.174305766843759 
20.174305771854961 
20.174305765617305 
20.174305771856439 
20.174305776478377 
20.174305772250705 
20.174305775826724 
20.174305779669112 
20.174305777944937 
20.174305781538123 
20.174305783883369 
20.174305790142512 
20.174305788254742 
20.174305791587017 
20.174305783875866 
20.174305785956449 
20.174305792213772 
20.174305794108705 
20.174305796634599 
20.174305797303077 
20.174305799995636 
20.174305803603488 
20.174305810814644 
20.174305816198284 
20.174305820570680 
20.174305818196331 
20.174305814763784 
20.174305815087337 
20.174305815929188 
20.174305813820411 
20.174305815612115 
20.174305827174521 
20.174305825565284 
20.174305827380863 
20.174305830347976 
20.174305827245121 
20.174305826367231 
20.174305830955745 
20.174305833158314 
20.174305827698277 
20.174305832603977 
20.174305839237945 
20.174305838107330 
20.174305844976743 
20.174305844428886 
20.174305849480220 
20.174305845920912 
20.174305848842323 
20.174305849463053 
20.174305847462165 
20.174305849929510 
20.174305849806274 
20.174305852073189 
20.174305855939451 
20.174305851789654 
20.174305859039691 
20.174305852988482 
20.174305859544802 
20.174305858802313 
20.174305863391396 
20.174305856876686 
20.174305853721307 
20.174305854729823 
20.174305853234273 
20.174305857103832 
20.174305856372030 
20.174305854189583 
20.174305860303775 
20.174305859086530 
20.174305862615824 
20.174305864273379 
20.174305857254694 
20.174305857510262 
20.174305862888332 
20.174305862942333 
20.174305861197922 
20.174305871418028 
20.174305872254649 
20.174305873684034 
20.174305874260085 
20.174305876401377 
20.174305869570276 
20.174305870546050 
20.174305867124303 
20.174305861666539 
20.174305864567600 
20.174305871616752 
20.174305873392427 
20.174305874783386 
20.174305879470808 
20.174305874488255 
20.174305869832438 
20.174305875935943 
20.174305869056184 
20.174305879381222 
20.174305881117903 
20.174305880147813 
20.174305874473589 
20.174305869034242 
20.174305863156519 
20.174305854388308 
20.174305853893543 
20.174305849168718 
20.174305849280699 
20.174305852802604 
20.174305860153254 
20.174305868498323 
20.174305874705169 
20.174305877254938 
20.174305882858675 
20.174305881556506 
20.174305878701148 
20.174305874940615 
20.174305872346508 
20.174305874836136 
20.174305877567008 
20.174305881405644 
20.174305880334373 
20.174305879488657 
20.174305867899534 
20.174305859616993 
20.174305855622833 
20.174305857147488 
20.174305859968058 
20.174305853177657 
20.174305859589026 
20.174305872094806 
20.174305867649082 
20.174305869072327 
20.174305878028008 
20.174305866628856 
20.174305861398352 
20.174305856930914 
20.174305850236578 
20.174305861568655 
20.174305860010918 
20.174305848814697 
20.174305844949686 
20.174305840208945 
20.174305841891737 
20.174305847306073 
20.174305852588986 
20.174305848782524 
20.174305847279925 
20.174305845737763 
20.174305839721455 
20.174305834303823 
20.174305835938867 
20.174305830504863 
20.174305834813481 
20.174305838081636 
20.174305834775851 
20.174305834861684 
20.174305834749816 
20.174305833113181 
20.174305828845263 
20.174305825508668 
20.174305819358437 
20.174305823873965 
20.174305818404605 
20.174305819822962 
20.174305822337487 
20.174305821760413 
20.174305830042499 
20.174305829444961 
20.174305839674844 
20.174305835324390 
20.174305824877365 
20.174305822497331 
20.174305818533298 
20.174305808551821 
20.174305808727468 
20.174305798042838 
20.174305807359133 
20.174305812030411 
20.174305810729834 
20.174305811936620 
20.174305815870525 
20.174305820101608 
20.174305823945019 
20.174305823194118 
20.174305819662663 
20.174305814401237 
20.174305813482533 
20.174305821111489 
20.174305827473290 
20.174305829474520 
20.174305825870420 
20.174305828942124 
20.174305823883856 
20.174305830853655 
20.174305826848126 
20.174305831445736 
20.174305833288145 
20.174305828002275 
20.174305838727605 
20.174305830908338 
20.174305830339563 
20.174305833193671 
20.174305831947663 
20.174305829624018 
20.174305838595274 
20.174305840083889 
20.174305836724557 
20.174305835983546 
20.174305834589177 
20.174305827927469 
20.174305828794672 
20.174305835307109 
20.174305833262224 
20.174305828506021 
20.174305831560332 
20.174305829553873 
20.174305831410379 
20.174305835012206 
20.174305836013332 
20.174305844014384 
20.174305837189877 
20.174305843220736 
20.174305836118492 
20.174305838100963 
20.174305836109738 
20.174305835855080 
20.174305829296031 
20.174305837655083 
20.174305837369161 
20.174305834825304 
20.174305837349948 
20.174305837027987 
20.174305837041516 
20.174305841442447 
20.174305840786360 
20.174305841381283 
20.174305840688476 
20.174305841247133 
20.174305839535577 
20.174305845296090 
20.174305849316966 
20.174305845719573 
20.174305846787774 
20.174305833299854 
20.174305835441942 
20.174305839083445 
20.174305831571928 
20.174305834820302 
20.174305838731470 
20.174305836840290 
20.174305845572349 
20.174305847779806 
20.174305842848639 
20.174305830048525 
20.174305834825645 
20.174305830972116 
20.174305826756381 
20.174305833389894 
20.174305833076119 
20.174305831378319 
20.174305826093359 
20.174305829011928 
20.174305825952274 
20.174305826750924 
20.174305821842154 
20.174305827339253 
20.174305828948945 
20.174305824831208 
20.174305814982631 
20.174305809038742 
20.174305805884387 
20.174305802839285 
20.174305806283883 
20.174305813641922 
20.174305814780496 
20.174305810817941 
20.174305804056416 
20.174305802245158 
20.174305793682379 
20.174305794942597 
20.174305791934330 
20.174305798512023 
20.174305801791206 
20.174305802038361 
20.174305798006117 
20.174305800520870 
20.174305797822512 
20.174305788046127 
20.174305790393646 
20.174305787851836 
20.174305788446986 
20.174305791723782 
20.174305785660977 
20.174305792366340 
20.174305800027923 
20.174305802655226 
20.174305810042597 
20.174305820475752 
20.174305827142916 
20.174305829093669 
20.174305829628679 
20.174305831480183 
20.174305820935501 
20.174305815181015 
20.174305823213899 
20.174305822359884 
20.174305820031918 
20.174305820302152 
20.174305815444313 
20.174305816064134 
20.174305811429235 
20.174305819111396 
20.174305819487245 
20.174305820982681 
20.174305821957887 
20.174305824011299 
20.174305827465673 
20.174305824431030 
20.174305817628579 
20.174305807014321 
20.174305811468230 
20.174305816640526 
20.174305810119563 
20.174305814748891 
20.174305812027001 
20.174305806796269 
20.174305811660474 
20.174305810710734 
20.174305810787132 
20.174305811380009 
20.174305809737461 
20.174305810186183 
20.174305811469367 
20.174305812763919 
20.174305818288531 
20.174305816141441 
20.174305811621139 
20.174305813692058 
20.174305811823501 
20.174305807642895 
20.174305805346989 
20.174305807492146 
20.174305813768683 
20.174305811009276 
20.174305808302165 
20.174305817934282 
20.174305820704035 
20.174305818875496 
20.174305827650187 
20.174305830470075 
20.174305829549553 
20.174305834775282 
20.174305833320773 
20.174305834997540 
20.174305835866562 
20.174305832195842 
20.174305830210301 
20.174305820957329 
20.174305820523614 
20.174305817809000 
20.174305814450804 
20.174305811101249 
20.174305810360806 
20.174305812916714 
20.174305812890452 
20.174305811317595 
20.174305806828670 
20.174305799043395 
20.174305800642514 
20.174305804623714 
20.174305802569734 
20.174305804558571 
20.174305807545693 
20.174305802702634 
20.174305805700556 
20.174305801284390 
20.174305804881101 
20.174305800194816 
20.174305799874332 
20.174305795820828 
20.174305789562823 
20.174305786217133 
20.174305786688933 
20.174305790917742 
20.174305792832683 
20.174305792671703 
20.174305791912957 
20.174305789270420 
20.174305790948893 
20.174305799051126 
20.174305794884958 
20.174305790780522 
20.174305786512946 
20.174305788605238 
20.174305788206993 
20.174305784661328 
20.174305780815530 
20.174305782196598 
20.174305785684737 
20.174305788613992 
20.174305794856082 
20.174305795342889 
20.174305795785131 
20.174305801581681 
20.174305796642329 
20.174305796505337 
20.174305796631529 
20.174305793026633 
20.174305791969687 
20.174305786628793 
20.174305794023553 
20.174305796998851 
20.174305786710079 
20.174305785729871 
20.174305792417840 
20.174305795273199 
20.174305799068293 
20.174305794180555 
20.174305789595337 
20.174305783872796 
20.174305788729271 
20.174305785000797 
20.174305784657349 
20.174305781646808 
20.174305776353663 
20.174305775844914 
20.174305776862866 
20.174305770459227 
20.174305773074366 
20.174305775502148 
20.174305778716644 
20.174305778836128 
20.174305772729667 
20.174305773148490 
20.174305779492329 
20.174305768084537 
20.174305775178254 
20.174305774542972 
20.174305778365806 
20.174305776690176 
20.174305783279920 
20.174305780319969 
20.174305780511759 
20.174305782968418 
20.174305787285562 
20.174305778680036 
20.174305784099261 
20.174305780766986 
20.174305781272892 
20.174305778157191 
20.174305770936598 
20.174305773059245 
20.174305773943502 
20.174305772634057 
20.174305762116433 
20.174305753861518 
20.174305754467809 
20.174305756723925 
20.174305757378988 
20.174305760139987 
20.174305762757285 
20.174305754099464 
20.174305745396282 
20.174305748928873 
20.174305751287193 
20.174305750107237 
20.174305749139535 
20.174305748248571 
20.174305753011595 
20.174305756312833 
20.174305754014881 
20.174305751492511 
20.174305744838307 
20.174305737722648 
20.174305732088101 
20.174305731430195 
20.174305730410424 
20.174305732050470 
20.174305732859580 
20.174305730859146 
20.174305731142681 
20.174305732074004 
20.174305734994505 
20.174305726921830 
20.174305727577234 
20.174305728077229 
20.174305721075143 
20.174305721718952 
20.174305723166299 
20.174305725991871 
20.174305725220506 
20.174305733170627 
20.174305730251035 
20.174305728128047 
20.174305727603382 
20.174305716670119 
20.174305710593444 
20.174305714992556 
20.174305717635207 
20.174305707398162 
20.174305706737641 
20.174305707448866 
20.174305711637999 
20.174305713903664 
20.174305713349440 
20.174305710476801 
20.174305719842664 
20.174305723220755 
20.174305723873090 
20.174305725043951 
20.174305717530387 
20.174305719775248 
20.174305715939454 
20.174305711602756 
20.174305711558191 
20.174305718857340 
20.174305716852700 
20.174305707686017 
20.174305701320236 
20.174305695983207 
20.174305687491028 
20.174305688802860 
20.174305690104347 
20.174305698859030 
20.174305695970133 
20.174305691961877 
20.174305685181253 
20.174305684706269 
20.174305681995634 
20.174305675965684 
20.174305668891293 
20.174305671858860 
20.174305678355950 
20.174305677552979 
20.174305677632219 
20.174305676971017 
20.174305674224570 
20.174305668892657 
20.174305670758031 
20.174305668739635 
20.174305670147533 
20.174305664402823 
20.174305669234514 
20.174305673431832 
20.174305671642628 
20.174305663522887 
20.174305664745816 
20.174305660958225 
20.174305661039739 
20.174305656990782 
20.174305656575029 
20.174305653429883 
20.174305648395602 
20.174305641900446 
20.174305646681660 
20.174305645674508 
20.174305643536854 
20.174305634271491 
20.174305638691294 
20.174305634635630 
20.174305635026030 
20.174305636537952 
20.174305638101373 
20.174305642942386 
20.174305649595112 
20.174305653397823 
20.174305646625498 
20.174305648452332 
20.174305642480363 
20.174305642307218 
20.174305637691759 
20.174305641828596 
20.174305643422485 
20.174305638271221 
20.174305636106283 
20.174305632877122 
20.174305631030393 
20.174305627276453 
20.174305623908253 
20.174305620219002 
20.174305621457847 
20.174305624164390 
20.174305623989881 
20.174305621774351 
20.174305616382185 
20.174305617203004 
20.174305623503528 
20.174305626620367 
20.174305625097986 
20.174305629738569 
20.174305629703326 
20.174305636172448 
20.174305631511857 
20.174305637528846 
20.174305638944816 
20.174305635418364 
20.174305633013319 
20.174305639362728 
20.174305643247067 
20.174305642086551 
20.174305639740055 
20.174305636053305 
20.174305644812875 
20.174305649767803 
20.174305650944234 
20.174305646760331 
20.174305651645227 
20.174305650123074 
20.174305641990031 
20.174305636690860 
20.174305645045706 
20.174305639145018 
20.174305643251500 
20.174305646776702 
20.174305649849430 
20.174305647001120 
20.174305653709325 
20.174305647909705 
20.174305647432902 
20.174305659164588 
20.174305663763562 
20.174305659450511 
20.174305666483065 
20.174305666389728 
20.174305662607253 
20.174305653495367 
20.174305646321272 
20.174305642836430 
20.174305644850392 
20.174305647481447 
20.174305649172993 
20.174305645525465 
20.174305641484580 
20.174305648665836 
20.174305643282992 
20.174305637245311 
20.174305634590155 
20.174305647394476 
20.174305641077353 
20.174305639292584 
20.174305642204331 
20.174305642952731 
20.174305637143220 
20.174305640459806 
20.174305641103274 
20.174305635790461 
20.174305637597513 
20.174305628593743 
20.174305634935990 
20.174305638105920 
20.174305641537671 
20.174305637960288 
20.174305630334970 
20.174305626370824 
20.174305630902268 
20.174305632886558 
20.174305633793210 
20.174305639538602 
20.174305638710280 
20.174305644149968 
20.174305642528793 
20.174305641985370 
20.174305636037957 
20.174305631643620 
20.174305624573776 
20.174305622003772 
20.174305627574313 
20.174305630296317 
20.174305627473132 
20.174305629480386 
20.174305631069728 
20.174305636020222 
20.174305641480146 
20.174305636624695 
20.174305636390045 
20.174305630491290 
20.174305630805975 
20.174305624580597 
20.174305624147223 
20.174305619816323 
20.174305622906218 
20.174305620610994 
20.174305620274026 
20.174305623503869 
20.174305624681097 
20.174305625903685 
20.174305633169865 
20.174305629920809 
20.174305623797977 
20.174305618973108 
20.174305616149695 
20.174305621421809 
20.174305626500995 
20.174305622879956 
20.174305618132848 
20.174305619996403 
20.174305627101830 
20.174305631199445 
20.174305636952454 
20.174305628119214 
20.174305624738736 
20.174305629818491 
20.174305636548070 
20.174305632809478 
20.174305636014424 
20.174305637533735 
20.174305634168718 
20.174305635047745 
20.174305639389900 
20.174305644018204 
20.174305627606714 
20.174305627253830 
20.174305620692166 
20.174305620522773 
20.174305619301776 
20.174305620398854 
20.174305617677874 
20.174305607458791 
20.174305608028590 
20.174305616517017 
20.174305622133602 
20.174305621418171 
20.174305622526163 
20.174305622026509 
20.174305625215311 
20.174305624575140 
20.174305622133033 
20.174305615089906 
20.174305620836435 
20.174305609279259 
20.174305615509070 
20.174305614924947 
20.174305614687455 
20.174305611687828 
20.174305606911958 
20.174305611458067 
20.174305608514715 
20.174305608990494 
20.174305613184856 
20.174305617431514 
20.174305618312701 
20.174305611800719 
20.174305606749158 
20.174305607887391 
20.174305608556097 
20.174305608828604 
20.174305610101328 
20.174305611591080 
20.174305607854762 
20.174305605357063 
20.174305595211194 
20.174305596196973 
20.174305596682757 
20.174305592802739 
20.174305594742918 
20.174305595399915 
20.174305601827427 
20.174305600784010 
20.174305602092090 
20.174305603091966 
20.174305608769032 
20.174305613015576 
20.174305611835621 
20.174305612818102 
20.174305612076068 
20.174305617744722 
20.174305625764646 
20.174305628378534 
20.174305631955121 
20.174305640169337 
20.174305641116575 
20.174305643900766 
20.174305645978279 
20.174305642497984 
20.174305643022876 
20.174305650099541 
20.174305642959212 
20.174305648611266 
20.174305646856055 
20.174305645079585 
20.174305641567798 
20.174305646565585 
20.174305631645097 
20.174305621260828 
20.174305615429034 
20.174305608171949 
20.174305605232576 
20.174305604371852 
20.174305605745531 
20.174305604706319 
20.174305604201777 
20.174305602798540 
20.174305604782262 
20.174305599251738 
20.174305597823945 
20.174305605037034 
20.174305601842775 
20.174305598390902 
20.174305593704958 
20.174305600083244 
20.174305597518469 
20.174305599472063 
20.174305603121070 
20.174305603368452 
20.174305600186244 
20.174305598288811 
20.174305594680163 
20.174305591366647 
20.174305594118550 
20.174305585204479 
20.174305594823636 
20.174305593331383 
20.174305597627267 
20.174305598277897 
20.174305596315776 
20.174305592458836 
20.174305585661159 
20.174305587221738 
20.174305584732451 
20.174305584957324 
20.174305583627529 
20.174305591097436 
20.174305594081716 
20.174305596460499 
20.174305597354419 
20.174305599051195 
20.174305599688523 
20.174305601666106 
20.174305602805134 
20.174305608101122 
20.174305618515064 
20.174305617174696 
20.174305615382991 
20.174305621883718 
20.174305624867202 
20.174305625504417 
20.174305628431171 
20.174305630310073 
20.174305628333173 
20.174305635750443 
20.174305631989000 
20.174305631062111 
20.174305628185834 
20.174305629505284 
20.174305623937698 
20.174305620716041 
20.174305613978277 
20.174305613801948 
20.174305621950907 
20.174305624867543 
20.174305616941410 
20.174305616826700 
20.174305615701883 
20.174305611841419 
20.174305615791923 
20.174305611187265 
20.174305606224380 
20.174305603898233 
20.174305606730513 
20.174305612105172 
20.174305610275155 
20.174305617060099 
20.174305614363107 
20.174305607539281 
20.174305609924886 
20.174305611271166 
20.174305622047200 
20.174305624367207 
20.174305631932612 
20.174305621415670 
20.174305605139921 
20.174305605275549 
20.174305611742056 
20.174305615274420 
20.174305610377132 
20.174305610529586 
20.174305613538422 
20.174305618533594 
20.174305618119547 
20.174305616149582 
20.174305618168432 
20.174305631082234 
20.174305629604646 
20.174305631617813 
20.174305633531503 
20.174305634267853 
20.174305633140307 
20.174305641064166 
20.174305644635069 
20.174305644276842 
20.174305641571550 
20.174305643322327 
20.174305647977690 
20.174305654805721 
20.174305646422340 
20.174305646401649 
20.174305643976368 
20.174305649996427 
20.174305647919255 
20.174305659175616 
20.174305661653761 
20.174305665057318 
20.174305667639487 
20.174305658847970 
20.174305657357991 
20.174305660101595 
20.174305666108125 
20.174305660825780 
20.174305659034303 
20.174305656821616 
20.174305658883554 
20.174305654452951 
20.174305650959582 
20.174305657763284 
20.174305657138348 
20.174305655454532 
20.174305657637888 
20.174305660559298 
20.174305662525967 
20.174305662699226 
20.174305659303855 
20.174305663131463 
20.174305668302736 
20.174305671338402 
20.174305666727264 
20.174305677770008 
20.174305677711118 
20.174305677955772 
20.174305674018683 
20.174305673565300 
20.174305670194713 
20.174305673901813 
20.174305671755633 
20.174305669817045 
20.174305664147710 
20.174305667770113 
20.174305669792261 
20.174305668650163 
20.174305667828776 
20.174305664877693 
20.174305674533912 
20.174305671446973 
20.174305672422179 
20.174305663680457 
20.174305667619706 
20.174305669382647 
20.174305665957263 
20.174305666770238 
20.174305659770084 
20.174305666429859 
20.174305666411442 
20.174305665917814 
20.174305660294976 
20.174305661005292 
20.174305652434100 
20.174305663068935 
20.174305659646052 
20.174305661976177 
20.174305657270793 
20.174305663175460 
20.174305667824342 
20.174305659008155 
20.174305651432633 
20.174305647875485 
20.174305651879536 
20.174305658192679 
20.174305665541965 
20.174305662195593 
20.174305665884731 
20.174305667156659 
20.174305674361108 
20.174305677759548 
20.174305679990425 
20.174305675586311 
20.174305680130601 
20.174305682545537 
20.174305677765346 
20.174305683834746 
20.174305686358366 
20.174305688341860 
20.174305687630522 
20.174305686828461 
20.174305686801176 
20.174305686919297 
20.174305686833918 
20.174305680449720 
20.174305686246043 
20.174305686531170 
20.174305680315797 
20.174305683288480 
20.174305689087191 
20.174305694611348 
20.174305698634612 
20.174305704182302 
20.174305710908811 
20.174305705337019 
20.174305704637391 
20.174305697799014 
20.174305685048239 
20.174305678330143 
20.174305674597463 
20.174305676986364 
20.174305682120689 
20.174305682555882 
20.174305681770306 
20.174305678437008 
20.174305680454609 
20.174305673726508 
20.174305676453969 
20.174305674470702 
20.174305677290704 
20.174305675815845 
20.174305676561175 
20.174305676320500 
20.174305671043726 
20.174305670596937 
20.174305671051002 
20.174305671481306 
20.174305675105074 
20.174305676928043 
20.174305673898857 
20.174305673264939 
20.174305687793890 
20.174305691328300 
20.174305688824120 
20.174305687324477 
20.174305683874763 
20.174305687306969 
20.174305688221466 
20.174305694606005 
20.174305693788824 
20.174305698862213 
20.174305700137893 
20.174305692396956 
20.174305692267467 
20.174305685064610 
20.174305684048250 
20.174305678919154 
20.174305678846736 
20.174305676011954 
20.174305676249787 
20.174305680933799 
20.174305674900211 
20.174305666160649 
20.174305657142554 
20.174305659123775 
20.174305665099610 
20.174305670875469 
20.174305675342794 
20.174305678059454 
20.174305671830552 
20.174305674448874 
20.174305674520383 
20.174305673823255 
20.174305671541674 
20.174305671861248 
20.174305666909390 
20.174305657955301 
20.174305661218909 
20.174305668190641 
20.174305666913142 
20.174305663434552 
20.174305660568507 
20.174305669995874 
20.174305679300232 
20.174305677383472 
20.174305680628322 
20.174305685902709 
20.174305684103160 
20.174305692206190 
20.174305700004879 
20.174305706873724 
20.174305713213471 
20.174305719558788 
20.174305721438486 
20.174305725875001 
20.174305718247524 
20.174305712976206 
20.174305714450952 
20.174305725238696 
20.174305725929230 
20.174305719957601 
20.174305728154195 
20.174305728212971 
20.174305731456229 
20.174305737937743 
20.174305733468145 
20.174305732880271 
20.174305738158637 
20.174305735780877 
20.174305742170986 
20.174305747687868 
20.174305748532674 
20.174305756474496 
20.174305756445506 
20.174305754077523 
20.174305747645121 
20.174305752971463 
20.174305744303410 
20.174305750941471 
20.174305748665915 
20.174305751272755 
20.174305754581042 
20.174305755466207 
20.174305748436382 
20.174305744152207 
20.174305747686162 
20.174305749503105 
20.174305748976394 
20.174305744753156 
20.174305752429973 
20.174305758244827 
20.174305772909406 
20.174305781338376 
20.174305781482644 
20.174305782086321 
20.174305778348412 
20.174305782987858 
20.174305791465258 
20.174305791867823 
20.174305795267856 
20.174305792232985 
20.174305797393458 
20.174305803364405 
20.174305801437072 
20.174305799188005 
20.174305791097709 
20.174305792525615 
20.174305800488810 
20.174305809266798 
20.174305808136751 
20.174305801507785 
20.174305799804870 
20.174305802702747 
20.174305805208860 
20.174305802765616 
20.174305802455137 
20.174305805607105 
20.174305809091720 
20.174305812617149 
20.174305821637176 
20.174305823980035 
20.174305825070178 
20.174305827866306 
20.174305824716612 
20.174305833151038 
20.174305823728787 
20.174305826296859 
20.174305822797805 
20.174305818549328 
20.174305814623153 
20.174305813064962 
20.174305810014516 
20.174305809924135 
20.174305809009979 
20.174305817127333 
20.174305818646076 
20.174305817207141 
20.174305817845379 
20.174305808944951 
20.174305806647453 
20.174305817512959 
20.174305817545246 
20.174305816041624 
20.174305818003631 
20.174305825188071 
20.174305821454595 
20.174305815776393 
20.174305815821072 
20.174305813451156 
20.174305810347505 
20.174305811355225 
20.174305814451600 
20.174305816772517 
20.174305826247974 
20.174305827415537 
20.174305828394154 
20.174305830529192 
20.174305829682908 
20.174305830646290 
20.174305832309074 
20.174305829212813 
20.174305829431773 
20.174305833463336 
20.174305833535527 
20.174305836102349 
20.174305843601928 
20.174305847744563 
20.174305852635030 
20.174305846487073 
20.174305859922356 
20.174305859120523 
20.174305861190419 
20.174305865235965 
20.174305862682786 
20.174305853975511 
20.174305856516526 
20.174305861108792 
20.174305864015082 
20.174305864897292 
20.174305876275298 
20.174305874013385 
20.174305873418916 
20.174305873034427 
20.174305872220316 
20.174305872728155 
20.174305865882729 
20.174305864464941 
20.174305873299886 
20.174305872360833 
20.174305874528386 
20.174305880292536 
20.174305887935589 
20.174305889996958 
20.174305880122347 
20.174305875509731 
20.174305878693303 
20.174305882755220 
20.174305875831578 
20.174305875871823 
20.174305871901879 
20.174305877806660 
20.174305873681760 
20.174305876451626 
20.174305879603708 
20.174305879322105 
20.174305884120031 
20.174305883291254 
20.174305876967196 
20.174305877206393 
20.174305881296277 
20.174305875543496 
20.174305873957337 
20.174305874140714 
20.174305871762499 
20.174305876324638 
20.174305881825148 
20.174305878286759 
20.174305872013406 
20.174305869953400 
20.174305880176689 
20.174305878774476 
20.174305883782949 
20.174305895475868 
20.174305899271985 
20.174305896324881 
20.174305905233837 
20.174305901912476 
20.174305900378613 
20.174305895688804 
20.174305899317233 
20.174305898969578 
20.174305896633314 
20.174305903195659 
20.174305903213281 
20.174305899771412 
20.174305898924786 
20.174305897550767 
20.174305892376765 
20.174305895857970 
20.174305895261568 
20.174305896917076 
20.174305890430446 
20.174305896708802 
20.174305894854228 
20.174305895502357 
20.174305894808754 
20.174305896272585 
20.174305899701608 
20.174305895841599 
20.174305897987665 
20.174305898603961 
20.174305901478874 
20.174305904088442 
20.174305904727362 
20.174305901802086 
20.174305894545341 
20.174305898853504 
20.174305909108057 
20.174305902118590 
20.174305898952753 
20.174305897659110 
20.174305882450199 
20.174305879505482 
20.174305870594139 
20.174305875766322 
20.174305880213979 
20.174305883982129 
20.174305884506794 
20.174305883658803 
20.174305885412309 
20.174305884845467 
20.174305881914734 
20.174305875601249 
20.174305864928556 
20.174305865689234 
20.174305865990618 
20.174305863264067 
20.174305866264717 
20.174305867341559 
20.174305871586171 
20.174305873140952 
20.174305880960787 
20.174305875611935 
20.174305881645637 
20.174305889341781 
20.174305886297589 
20.174305891643485 
20.174305906248378 
20.174305910119188 
20.174305911984675 
20.174305916017943 
20.174305910396242 
20.174305903143591 
20.174305907422081 
20.174305919566336 
20.174305922254121 
20.174305923153611 
20.174305923372572 
20.174305925397675 
20.174305926782836 
20.174305918436403 
20.174305920313486 
20.174305913936223 
20.174305912661680 
20.174305907619100 
20.174305906274640 
20.174305912002865 
20.174305909833606 
20.174305900556305 
20.174305891942481 
20.174305887353171 
20.174305886589423 
20.174305897077943 
20.174305890153960 
20.174305885702893 
20.174305887479022 
20.174305883424495 
20.174305882486124 
20.174305886881712 
20.174305896216310 
20.174305894092072 
20.174305895505995 
20.174305893808764 
20.174305891208633 
20.174305889303241 
20.174305893886299 
20.174305887453443 
20.174305887742435 
20.174305886060552 
20.174305882235899 
20.174305881710211 
20.174305889515267 
20.174305892201801 
20.174305889893390 
20.174305889426478 
20.174305883104807 
20.174305877421148 
20.174305879330177 
20.174305878490713 
20.174305880677821 
20.174305879428744 
20.174305876731637 
20.174305884225760 
20.174305878826999 
20.174305882758517 
20.174305884959267 
20.174305882920407 
20.174305880901898 
20.174305883922557 
20.174305885448803 
20.174305885191757 
20.174305882826957 
20.174305886809861 
20.174305886796787 
20.174305886768934 
20.174305896486089 
20.174305900064496 
20.174305895713701 
20.174305893624933 
20.174305889612583 
20.174305894635040 
20.174305894910049 
20.174305895520661 
20.174305894463373 
20.174305890528899 
20.174305893150517 
20.174305890139522 
20.174305900567560 
20.174305903944514 
20.174305903761478 
20.174305903237951 
20.174305901269690 
20.174305896422652 
20.174305905693245 
20.174305908096699 
20.174305909219925 
20.174305919229596 
20.174305913442822 
20.174305921861219 
20.174305927096498 
20.174305926288753 
20.174305932043353 
20.174305925123122 
20.174305916369349 
20.174305916042726 
20.174305918544746 
20.174305912537193 
20.174305904929497 
20.174305904946323 
20.174305905076722 
20.174305906180052 
20.174305897825775 
20.174305904256926 
20.174305898098623 
20.174305904018411 
20.174305900936019 
20.174305903409504 
20.174305904810126 
20.174305907832945 
20.174305912637806 
20.174305915610489 
20.174305903592540 
20.174305901352795 
20.174305904284893 
20.174305902288552 
20.174305897163094 
20.174305903340382 
20.174305897630347 
20.174305897915815 
20.174305896815667 
20.174305901707839 
20.174305899285059 
20.174305905405618 
20.174305912502405 
20.174305911655097 
20.174305919416724 
20.174305921283803 
20.174305918918662 
20.174305919109088 
20.174305920837355 
20.174305922938970 
20.174305929788602 
20.174305926650845 
20.174305922742064 
20.174305924424743 
20.174305915785112 
20.174305919151948 
20.174305922618714 
20.174305920229472 
20.174305923513202 
20.174305916860249 
20.174305910404541 
20.174305900433069 
20.174305906102859 
20.174305907625694 
20.174305907147755 
20.174305907608073 
20.174305912274804 
20.174305915864011 
20.174305917593756 
20.174305916092408 
20.174305916921185 
20.174305919338622 
20.174305915963942 
20.174305907160942 
20.174305910363728 
20.174305905599113 
20.174305920622032 
20.174305917682432 
20.174305919518247 
20.174305913697367 
20.174305909888062 
20.174305908256997 
20.174305906268728 
20.174305905160281 
20.174305903884715 
20.174305899033811 
20.174305904195421 
20.174305908444239 
20.174305909998907 
20.174305906554309 
20.174305904718153 
20.174305909178202 
20.174305911130773 
20.174305917288507 
20.174305922178974 
20.174305925962358 
20.174305933716255 
20.174305938179259 
20.174305947878906 
20.174305951138422 
20.174305957732599 
20.174305949655718 
20.174305949700738 
20.174305947637890 
20.174305945443166 
20.174305948786809 
20.174305939550663 
20.174305938124007 
20.174305940483350 
20.174305942868841 
20.174305952755162 
20.174305947725202 
20.174305955996829 
20.174305959129015 
20.174305956276498 
20.174305961065556 
20.174305965761732 
20.174305963808479 
20.174305977612562 
20.174305978942698 
20.174305977421795 
20.174305978577308 
20.174305988982951 
20.174305985965475 
20.174305992601376 
20.174305992702216 
20.174305994127394 
20.174306001110494 
20.174306007256178 
20.174306003305560 
20.174305997967735 
20.174306000365050 
20.174305998944760 
20.174306006946381 
20.174306008601661 
20.174306004959362 
20.174306002703474 
20.174305998998307 
20.174305996708085 
20.174305991240431 
20.174305988404171 
20.174306000731917 
20.174306007489577 
20.174306003684251 
20.174306005473227 
20.174306003263609 
20.174305999010357 
20.174306000728507 
20.174306004316918 
20.174306007477639 
20.174306012525903 
20.174306007909536 
20.174306007309497 
20.174306006150005 
20.174306004058735 
20.174306000876186 
20.174305996200587 
20.174306000127103 
20.174306001723835 
20.174306002245544 
20.174305998621662 
20.174305990729977 
20.174305989912000 
20.174305994429801 
20.174305995778354 
20.174305998025375 
20.174306004861023 
20.174306009755014 
20.174306003393781 
20.174306000507386 
20.174306004563164 
20.174306000712136 
20.174306005385574 
20.174306005697758 
20.174306015011439 
20.174306014567492 
20.174306013878891 
20.174306004507116 
20.174306007695009 
20.174306009741485 
20.174306009438965 
20.174306003239963 
20.174305998405885 
20.174306005899439 
20.174305996881571 
20.174305998745808 
20.174306012076386 
20.174306021181565 
20.174306021337316 
20.174306029504578 
20.174306035152654 
20.174306035890027 
20.174306034080132 
20.174306043627666 
20.174306046763604 
20.174306055822854 
20.174306059704122 
20.174306063630070 
20.174306057250988 
20.174306058481079 
20.174306063300037 
20.174306064201687 
20.174306063768654 
20.174306067511111 
20.174306069735621 
20.174306066229065 
20.174306072768104 
20.174306077608890 
20.174306083153169 
20.174306093435462 
20.174306095046859 
20.174306088844787 
20.174306082044041 
20.174306087901414 
20.174306088107414 
20.174306088948924 
20.174306082548810 
20.174306086869592 
20.174306078351947 
20.174306075384493 
20.174306077986330 
20.174306077244637 
20.174306074195783 
20.174306073689877 
20.174306079910593 
20.174306077707570 
20.174306073120306 
20.174306071952969 
20.174306075994991 
20.174306079995404 
20.174306088545336 
20.174306087624245 
20.174306083291867 
20.174306085027865 
20.174306090485516 
20.174306088523508 
20.174306089917081 
20.174306090492337 
20.174306086767956 
20.174306085114267 
20.174306090853861 
20.174306090010987 
20.174306089179709 
20.174306089685160 
20.174306092806091 
20.174306085715898 
20.174306090025766 
20.174306088222011 
20.174306089165611 
20.174306081709119 
20.174306085383932 
20.174306092342249 
20.174306097658018 
20.174306092857250 
20.174306084863019 
20.174306085451917 
20.174306087115610 
20.174306086330034 
20.174306085614489 
20.174306085903481 
20.174306084678847 
20.174306081617715 
20.174306078931977 
20.174306075008644 
20.174306080248698 
20.174306074088008 
20.174306078854897 
20.174306078005884 
20.174306076961102 
20.174306080924680 
20.174306074939977 
20.174306077784422 
20.174306079635016 
20.174306082020166 
20.174306078002019 
20.174306081807572 
20.174306069350905 
20.174306068515534 
20.174306073324715 
20.174306067549196 
20.174306076078665 
20.174306070681268 
20.174306069386148 
20.174306067802263 
20.174306064153825 
20.174306073286289 
20.174306070474813 
20.174306075146660 
20.174306077076380 
20.174306080974930 
20.174306082978546 
20.174306080028373 
20.174306080381257 
20.174306079903999 
20.174306074987499 
20.174306075431787 
20.174306078290329 
20.174306088440289 
20.174306090108303 
20.174306088195181 
20.174306080768702 
20.174306076448374 
20.174306063540371 
20.174306058865568 
20.174306061836432 
20.174306054318095 
20.174306052108022 
20.174306047186747 
20.174306052763313 
20.174306048434573 
20.174306052495012 
20.174306052929751 
20.174306045472349 
20.174306043912338 
20.174306043514207 
20.174306039935345 
20.174306038877603 
20.174306037266206 
20.174306044195419 
20.174306040348256 
20.174306044556488 
20.174306039192743 
20.174306041392128 
20.174306051776739 
20.174306041678847 
20.174306041705904 
20.174306039676821 
20.174306045838193 
20.174306036696180 
20.174306036228700 
20.174306037330552 
20.174306052406337 
20.174306050354971 
20.174306047996879 
20.174306041544469 
20.174306042110175 
20.174306041259570 
20.174306038874420 
20.174306035439713 
20.174306026889781 
20.174306032885852 
20.174306040226384 
20.174306036603639 
20.174306030912248 
20.174306029573472 
20.174306031703054 
20.174306034877191 
20.174306033977246 
20.174306048064636 
20.174306041795035 
20.174306047799973 
20.174306052785596 
20.174306041589489 
20.174306041576301 
20.174306037579981 
20.174306040259580 
20.174306033374478 
20.174306028470710 
20.174306027898638 
20.174306015939692 
20.174306008610301 
20.174306008799704 
20.174306012792385 
20.174306006609640 
20.174306002585354 
20.174305998550835 
20.174305993800317 
20.174305998586988 
20.174305994313727 
20.174305997149986 
20.174305988036394 
20.174305991610026 
20.174305986814488 
20.174305983196064 
20.174305981246562 
20.174305973710034 
20.174305974107938 
20.174305970791693 
20.174305968013186 
20.174305969581155 
20.174305970828982 
20.174305964394989 
20.174305965172834 
20.174305968273757 
20.174305966717839 
20.174305969832176 
20.174305966824022 
20.174305962926837 
20.174305962342032 
20.174305971164813 
20.174305970388559 
20.174305976586083 
20.174305986907711 
20.174305994578162 
20.174305998650652 
20.174305993272128 
20.174305993717326 
20.174305986486615 
20.174305990013409 
20.174305988239666 
20.174305993965163 
20.174306001025798 
20.174305997107922 
20.174305999008084 
20.174305996434668 
20.174305998420550 
20.174305992335576 
20.174305985309502 
20.174305980164490 
20.174305979086284 
20.174305977514678 
20.174305975571315 
20.174305977051290 
20.174305971657759 
20.174305974005392 
20.174305977532867 
20.174305974691379 
20.174305971419244 
20.174305967342661 
20.174305957770002 
20.174305959605363 
20.174305966451811 
20.174305969151874 
20.174305967880628 
20.174305970379237 
20.174305967908367 
20.174305961714708 
20.174305960350694 
20.174305963271536 
20.174305951753695 
20.174305949874679 
20.174305944096204 
20.174305937096506 
20.174305932025163 
20.174305932645666 
20.174305942852243 
20.174305939296801 
20.174305934241374 
20.174305932128846 
20.174305935424400 
20.174305928281228 
20.174305932988545 
20.174305935522852 
20.174305935328675 
20.174305937965755 
20.174305948069104 
20.174305943754916 
20.174305946592540 
20.174305940924341 
20.174305936640167 
20.174305932770039 
20.174305923189422 
20.174305920695588 
20.174305927602518 
20.174305928116610 
20.174305926814441 
20.174305927577279 
20.174305920835195 
20.174305922695567 
20.174305917104675 
20.174305916376852 
20.174305916079902 
20.174305914464867 
20.174305918691061 
20.174305923616203 
20.174305921288123 
20.174305931070194 
20.174305930824630 
20.174305936552855 
20.174305931764820 
20.174305924596410 
20.174305920833604 
20.174305924788314 
20.174305924064356 
20.174305926927445 
20.174305930654100 
20.174305926352872 
20.174305917455740 
20.174305912462387 
20.174305918984146 
20.174305923604607 
20.174305923167822 
20.174305929901948 
20.174305923670545 
20.174305927230535 
20.174305931910339 
20.174305939618307 
20.174305948130495 
20.174305942573710 
20.174305938985754 
20.174305939513715 
20.174305932973539 
20.174305926198485 
20.174305931741856 
20.174305930260971 
20.174305926992702 
20.174305926788293 
20.174305934574477 
20.174305934550603 
20.174305925999306 
20.174305934192262 
20.174305934621998 
20.174305936837754 
20.174305941632383 
20.174305945195556 
20.174305947952234 
20.174305939231317 
20.174305939920714 
20.174305942110550 
20.174305937258168 
20.174305939314991 
20.174305938212228 
20.174305935768643 
20.174305939671058 
20.174305938800899 
20.174305947926541 
20.174305942747878 
20.174305947923131 
20.174305949703466 
20.174305955419186 
20.174305957036722 
20.174305956250237 
20.174305948230085 
20.174305947431776 
20.174305952819850 
20.174305950777352 
20.174305949080917 
20.174305945706692 
20.174305938224279 
20.174305927605928 
20.174305938474390 
20.174305936762266 
20.174305938029875 
20.174305931970594 
20.174305928253261 
20.174305928699368 
20.174305919558947 
20.174305917742231 
20.174305912619502 
20.174305908405586 
20.174305912654063 
20.174305912086311 
20.174305904926314 
20.174305905059327 
20.174305905663232 
20.174305906213249 
20.174305909389886 
20.174305902527294 
20.174305906739392 
20.174305907890812 
20.174305903058666 
20.174305898313378 
20.174305907112512 
20.174305909492659 
20.174305899191495 
20.174305891653376 
20.174305889719562 
20.174305889449897 
20.174305897769045 
20.174305897304066 
20.174305904386074 
20.174305898199009 
20.174305900731497 
20.174305902424294 
20.174305898824514 
20.174305902661217 
20.174305894915960 
20.174305894627878 
20.174305899881347 
20.174305894213148 
20.174305881259897 
20.174305883002944 
20.174305881775126 
20.174305877367715 
20.174305885414242 
20.174305880977045 
20.174305884362866 
20.174305876181734 
20.174305875553046 
20.174305867958083 
20.174305873858884 
20.174305865841234 
20.174305869704085 
20.174305863161408 
20.174305865219594 
20.174305862776691 
20.174305868834381 
20.174305883114130 
20.174305887322134 
20.174305893941892 
20.174305894763620 
20.174305896673786 
20.174305897629665 
20.174305898674675 
20.174305900827676 
20.174305896964597 
20.174305893050587 
20.174305905015899 
20.174305906554082 
20.174305901391108 
20.174305903017284 
20.174305898996181 
20.174305887595438 
20.174305891401445 
20.174305893438714 
20.174305899148067 
20.174305890074947 
20.174305892818666 
20.174305895444377 
20.174305886618868 
20.174305887893979 
20.174305888978097 
20.174305891771837 
20.174305893865267 
20.174305900081208 
20.174305891389395 
20.174305889328025 
20.174305887987202 
20.174305898209695 
20.174305899230831 
20.174305900713762 
20.174305899637602 
20.174305894296140 
20.174305884776459 
20.174305892008078 
20.174305897705835 
20.174305893566498 
20.174305900113268 
20.174305903869026 
20.174305903467484 
20.174305900053923 
20.174305893816381 
20.174305889020388 
20.174305882391991 
20.174305883450870 
20.174305882935414 
20.174305894733607 
20.174305904368566 
20.174305898291095 
20.174305903195773 
20.174305904816947 
20.174305909542682 
20.174305900174204 
20.174305902337665 
20.174305902149626 
20.174305892622215 
20.174305882597309 
20.174305878105770 
20.174305884452679 
20.174305888196841 
20.174305894470081 
20.174305894152440 
20.174305900296076 
20.174305907355347 
20.174305913390981 
20.174305908744145 
20.174305894397094 
20.174305897155136 
20.174305891694985 
20.174305888162053 
20.174305885828744 
20.174305877028928 
20.174305868790270 
20.174305863720747 
20.174305869740010 
20.174305875775190 
20.174305874625588 
20.174305880503425 
20.174305873562162 
20.174305872806826 
20.174305866627719 
20.174305871876868 
20.174305868544707 
20.174305867025396 
20.174305857198078 
20.174305858827893 
20.174305865425140 
20.174305865680026 
20.174305865254610 
20.174305857452282 
20.174305860530922 
20.174305864586586 
20.174305866357599 
20.174305857054151 
20.174305856534829 
20.174305862173242 
20.174305865760516 
20.174305862420624 
20.174305869148156 
20.174305867468775 
20.174305866024497 
20.174305875376831 
20.174305873260664 
20.174305857456602 
20.174305862546362 
20.174305857908166 
20.174305853754959 
20.174305857552099 
20.174305858804928 
20.174305864798953 
20.174305865159340 
20.174305868699321 
20.174305863185282 
20.174305861416769 
20.174305871283650 
20.174305873536696 
20.174305875656728 
20.174305878958648 
20.174305878956602 
20.174305886254160 
20.174305884543173 
20.174305890604273 
20.174305903886761 
20.174305906133895 
20.174305917857509 
20.174305918284517 
20.174305923361999 
20.174305925592307 
20.174305921942732 
20.174305926273519 
20.174305937167446 
20.174305934590848 
20.174305936301380 
20.174305923977499 
20.174305918713344 
20.174305919148310 
20.174305913252738 
20.174305913400303 
20.174305914694969 
20.174305909660006 
20.174305913792068 
20.174305919919334 
20.174305917730862 
20.174305922171015 
20.174305908218685 
20.174305914803654 
20.174305915137438 
20.174305908519273 
20.174305913683838 
20.174305905206666 
20.174305900686704 
20.174305891895528 
20.174305884761225 
20.174305878227187 
20.174305880155998 
20.174305875374102 
20.174305876712879 
20.174305871870729 
20.174305866115901 
20.174305869719319 
20.174305878857467 
20.174305884584101 
20.174305890464893 
20.174305889069274 
20.174305889661582 
20.174305895374573 
20.174305897921386 
20.174305898247212 
20.174305884439946 
20.174305880952716 
20.174305877915231 
20.174305876465723 
20.174305878614405 
20.174305869470800 
20.174305871095839 
20.174305870271155 
20.174305873988033 
20.174305874098536 
20.174305867756175 
20.174305863845348 
20.174305865741871 
20.174305869639056 
20.174305880019801 
20.174305880305837 
20.174305873058302 
20.174305880001157 
20.174305870207945 
20.174305874246329 
20.174305873374351 
20.174305879750591 
20.174305876126709 
20.174305879696931 
20.174305878507994 
20.174305872128571 
20.174305865526094 
20.174305862130495 
20.174305863502923 
20.174305860107097 
20.174305853428223 
20.174305860095274 
20.174305855852936 
20.174305864361259 
20.174305861134599 
20.174305862907886 
20.174305865667520 
20.174305873700177 
20.174305878153518 
20.174305883114812 
20.174305886518141 
20.174305885649119 
20.174305891357562 
20.174305886370803 
20.174305886739830 
20.174305877190363 
20.174305884314663 
20.174305880749216 
20.174305866139093 
20.174305865928090 
20.174305862396977 
20.174305857450918 
20.174305854108752 
20.174305853682654 
20.174305845786648 
20.174305844576793 
20.174305859816059 
20.174305860525010 
20.174305859661445 
20.174305853547821 
20.174305858326761 
20.174305864350572 
20.174305852414136 
20.174305848308677 
20.174305850341170 
20.174305857248100 
20.174305860927689 
20.174305866503801 
20.174305865706174 
20.174305858824255 
20.174305857217405 
20.174305861701214 
20.174305868040165 
20.174305864447206 
20.174305871918932 
20.174305882445651 
20.174305880776501 
20.174305878559380 
20.174305872926425 
20.174305870674289 
20.174305865869655 
20.174305859869037 
20.174305852532598 
20.174305855367948 
20.174305852322050 
20.174305859406331 
20.174305848675658 
20.174305853570331 
20.174305848738413 
20.174305853437545 
20.174305851805229 
20.174305853070109 
20.174305855900684 
20.174305859657125 
20.174305864942880 
20.174305858921343 
20.174305862650499 
20.174305866584746 
20.174305865708448 
20.174305870732951 
20.174305870505577 
20.174305879003668 
20.174305880010706 
20.174305885084777 
20.174305890352798 
20.174305892325492 
20.174305892740449 
20.174305892114717 
20.174305897316117 
20.174305899020055 
20.174305897834984 
20.174305897407521 
20.174305890924416 
20.174305887647733 
20.174305889351899 
20.174305892125631 
20.174305893016253 
20.174305894458485 
20.174305893888459 
20.174305885182548 
20.174305890105870 
20.174305886662069 
20.174305879819713 
20.174305881055261 
20.174305875907294 
20.174305867551539 
20.174305868518331 
20.174305865231418 
20.174305862905385 
20.174305859007518 
20.174305864026337 
20.174305864410826 
20.174305862471556 
20.174305866992654 
20.174305855840885 
20.174305863056816 
20.174305861006587 
20.174305854419345 
20.174305858089838 
20.174305865373299 
20.174305861909261 
20.174305856203091 
20.174305842718923 
20.174305842696413 
20.174305844397850 
20.174305849328903 
20.174305846885318 
20.174305832930941 
20.174305838066857 
20.174305834198321 
20.174305825796182 
20.174305826747059 
20.174305825972169 
20.174305821163671 
20.174305820612290 
20.174305823322811 
20.174305817934055 
20.174305830228150 
20.174305828903698 
20.174305824966950 
20.174305830851381 
20.174305818736684 
20.174305821937651 
20.174305818315361 
20.174305804139749 
20.174305800713455 
20.174305791419329 
20.174305788294987 
20.174305792210589 
20.174305789242908 
20.174305792802443 
20.174305794409065 
20.174305796581848 
20.174305795027294 
20.174305804745018 
20.174305803555626 
20.174305793622580 
20.174305798021123 
20.174305796368571 
20.174305788153106 
20.174305786244759 
20.174305782757301 
20.174305786634704 
20.174305789329992 
20.174305790092376 
20.174305787935509 
20.174305778936059 
20.174305774472487 
20.174305776010897 
20.174305765639929 
20.174305770349520 
20.174305780688201 
20.174305778180724 
20.174305776255778 
20.174305771734453 
20.174305773091874 
20.174305773897231 
20.174305778931512 
20.174305775037283 
20.174305776234405 
20.174305773718970 
20.174305762574704 
20.174305767052147 
20.174305772123034 
20.174305771085074 
20.174305759728213 
20.174305763809798 
20.174305757900584 
20.174305755732576 
20.174305752385862 
20.174305756049307 
20.174305755527485 
20.174305759725485 
20.174305756840113 
20.174305759196841 
20.174305762335734 
20.174305752341752 
20.174305756794865 
20.174305767794067 
20.174305765450299 
20.174305761735241 
20.174305766530324 
20.174305762400763 
20.174305767647411 
20.174305774506138 
20.174305777803283 
20.174305777795325 
20.174305783773889 
20.174305786541936 
20.174305795009786 
20.174305793174653 
20.174305796989756 
20.174305796743283 
20.174305791169445 
20.174305777872178 
20.174305773561173 
20.174305773956121 
20.174305776474284 
20.174305765492818 
20.174305772096886 
20.174305772002754 
20.174305765068084 
20.174305767797705 
20.174305754580473 
20.174305747506423 
20.174305750663507 
20.174305755845126 
20.174305754471106 
20.174305747166500 
20.174305746356595 
20.174305742200659 
20.174305752481587 
20.174305753213048 
20.174305747349763 
20.174305747262906 
20.174305748168308 
20.174305749199902 
20.174305748692404 
20.174305741487615 
20.174305736923088 
20.174305743407558 
20.174305741053786 
20.174305745452557 
20.174305750717167 
20.174305745045558 
20.174305749076211 
20.174305746858863 
20.174305749239011 
20.174305747980043 
20.174305751970223 
20.174305752803321 
20.174305754959960 
20.174305770722412 
20.174305774812638 
20.174305770438423 
20.174305772271055 
20.174305773143942 
20.174305769266766 
20.174305762966924 
20.174305774749428 
20.174305780852819 
20.174305785730212 
20.174305791115103 
20.174305792583709 
20.174305793100530 
20.174305792239920 
20.174305784092439 
20.174305784236367 
20.174305782911915 
20.174305771886338 
20.174305775214862 
20.174305776261463 
20.174305784516037 
20.174305778903317 
20.174305778710277 
20.174305779267570 
20.174305785715205 
20.174305785989873 
20.174305773185552 
20.174305779004726 
20.174305769737430 
20.174305763101984 
20.174305768004615 
20.174305772925891 
20.174305775930634 
20.174305774746244 
20.174305772228536 
20.174305779421047 
20.174305775529092 
20.174305776270785 
20.174305780008353 
20.174305777949940 
20.174305774477261 
20.174305780070199 
20.174305785486695 
20.174305786181549 
20.174305781535168 
20.174305780353279 
20.174305769641478 
20.174305762569929 
20.174305762819586 
20.174305753906538 
20.174305748359757 
20.174305746115351 
20.174305739411921 
20.174305736205042 
20.174305732312405 
20.174305732450421 
20.174305732339917 
20.174305743064679 
20.174305744948015 
20.174305740853015 
20.174305734174595 
20.174305729370417 
20.174305722495546 
20.174305722443705 
20.174305716378740 
20.174305715045648 
20.174305720708162 
20.174305715667060 
20.174305716444223 
20.174305732202356 
20.174305732743960 
20.174305727216733 
20.174305733354913 
20.174305727705814 
20.174305736363749 
20.174305735366033 
20.174305737313489 
20.174305732508401 
20.174305724672649 
20.174305738627936 
20.174305741627904 
20.174305734319432 
20.174305730071183 
20.174305733979509 
20.174305731274444 
20.174305735513144 
20.174305738376916 
20.174305733553183 
20.174305737544955 
20.174305742956903 
20.174305750247868 
20.174305747492326 
20.174305745355923 
20.174305740632462 
20.174305727684214 
20.174305727119417 
20.174305718923961 
20.174305722107420 
20.174305714689126 
20.174305711913803 
20.174305715445144 
20.174305710426779 
20.174305714690263 
20.174305709045939 
20.174305710811041 
20.174305712144360 
20.174305698760008 
20.174305694432405 
20.174305692475855 
20.174305687762171 
20.174305689609355 
20.174305687645528 
20.174305684493675 
20.174305682088971 
20.174305680182215 
20.174305676917356 
20.174305683045759 
20.174305683372722 
20.174305680386169 
20.174305673992421 
20.174305668067518 
20.174305671911725 
20.174305665974089 
20.174305660245636 
20.174305651397617 
20.174305649579310 
20.174305647554775 
20.174305655969647 
20.174305662932738 
20.174305666730561 
20.174305669343539 
20.174305667019098 
20.174305673918298 
20.174305677204075 
20.174305679860936 
20.174305678019209 
20.174305673938306 
20.174305676923268 
20.174305673173194 
20.174305672582250 
20.174305676471022 
20.174305683407283 
20.174305685319723 
20.174305682528257 
20.174305682926388 
20.174305682503018 
20.174305682157410 
20.174305686787875 
20.174305685207855 
20.174305690919255 
20.174305695383282 
20.174305698123590 
20.174305693868973 
20.174305681918895 
20.174305684021192 
20.174305697447153 
20.174305694836903 
20.174305691547488 
20.174305688893583 
20.174305685347008 
20.174305685702620 
20.174305683494367 
20.174305683249031 
20.174305681540091 
20.174305675451251 
20.174305678137216 
20.174305684212641 
20.174305680478938 
20.174305680092857 
20.174305681365468 
20.174305682600789 
20.174305681991200 
20.174305681688793 
20.174305681020314 
20.174305688964068 
20.174305684994124 
20.174305693748920 
20.174305695500834 
20.174305695470366 
20.174305704047811 
20.174305712506339 
20.174305718277537 
20.174305727824503 
20.174305723316593 
20.174305723699263 
20.174305719855738 
20.174305717930338 
20.174305708498650 
20.174305708165548 
20.174305704291783 
20.174305703496202 
20.174305708798101 
20.174305715870560 
20.174305721054679 
20.174305718107007 
20.174305718915321 
20.174305715082937 
20.174305708543670 
20.174305706326095 
20.174305707777648 
20.174305715774381 
20.174305711054103 
20.174305717015841 
20.174305707116673 
20.174305703123309 
20.174305697901218 
20.174305704267681 
20.174305703460050 
20.174305709775126 
20.174305704796097 
20.174305698709077 
20.174305693790757 
20.174305695709791 
20.174305693697988 
20.174305683700595 
20.174305686705793 
20.174305682391605 
20.174305674609968 
20.174305680221551 
20.174305681877058 
20.174305677341181 
20.174305679061490 
20.174305677673601 
20.174305682635350 
20.174305679740883 
20.174305680195857 
20.174305693055203 
20.174305695726844 
20.174305701178127 
20.174305696757528 
20.174305702337506 
20.174305697499676 
20.174305693965152 
20.174305700220884 
20.174305701804997 
20.174305706738096 
20.174305707108260 
20.174305709610280 
20.174305709163264 
20.174305706272889 
20.174305706245377 
20.174305703235405 
20.174305701687899 
20.174305700506693 
20.174305687325841 
20.174305684425917 
20.174305682015301 
20.174305687791957 
20.174305690330129 
20.174305693495626 
20.174305689864923 
20.174305698104718 
20.174305698066519 
20.174305708289694 
20.174305704886137 
20.174305696604506 
20.174305695745261 
20.174305704519384 
20.174305700847981 
20.174305706038240 
20.174305712167552 
20.174305711552279 
20.174305711807392 
20.174305709866530 
20.174305703063055 
20.174305712725982 
20.174305708076417 
20.174305707090980 
20.174305708782185 
20.174305703933669 
20.174305698943726 
20.174305698184071 
20.174305706430232 
20.174305709545251 
20.174305702967104 
20.174305702855008 
20.174305716509252 
20.174305723649240 
20.174305716059962 
20.174305720471921 
20.174305725622617 
20.174305728956824 
20.174305731112781 
20.174305727042565 
20.174305724033729 
20.174305715750506 
20.174305710489534 
20.174305696346664 
20.174305681968690 
20.174305677597204 
20.174305683606462 
20.174305700960304 
20.174305712779642 
20.174305717944435 
20.174305717943298 
20.174305723736097 
20.174305716682056 
20.174305717549032 
20.174305716464914 
20.174305708765814 
20.174305707492067 
20.174305709152804 
20.174305703100345 
20.174305694050645 
20.174305694934446 
20.174305696090187 
20.174305702710399 
20.174305713860349 
20.174305706704217 
20.174305707990470 
20.174305717878724 
20.174305723857287 
20.174305722935742 
20.174305727834508 
20.174305734934933 
20.174305733554775 
20.174305743006926 
20.174305737380109 
20.174305737008581 
20.174305735945836 
20.174305731198956 
20.174305733327856 
20.174305737713439 
20.174305733022720 
20.174305735075222 
20.174305734029076 
20.174305736025190 
20.174305728852232 
20.174305722195868 
20.174305722500321 
20.174305718481719 
20.174305704714470 
20.174305696331885 
20.174305707421126 
20.174305705161714 
20.174305696179999 
20.174305689883113 
20.174305694183431 
20.174305693385804 
20.174305692110693 
20.174305687273545 
20.174305692467669 
20.174305692164126 
20.174305689761923 
20.174305696701367 
20.174305695889188 
20.174305699711567 
20.174305694185477 
20.174305697742284 
20.174305693382848 
20.174305683632156 
20.174305683684906 
20.174305681008263 
20.174305678478049 
20.174305676872791 
20.174305682727663 
20.174305685594391 
20.174305680259749 
20.174305690123674 
20.174305696052215 
20.174305706668747 
20.174305709159853 
20.174305713733702 
20.174305709408145 
20.174305717375091 
20.174305717249126 
20.174305722946883 
20.174305728829495 
20.174305737863506 
20.174305740843010 
20.174305739828469 
20.174305737277564 
20.174305741565831 
20.174305733282381 
20.174305723666066 
20.174305717681818 
20.174305713679587 
20.174305719226822 
20.174305710564568 
20.174305718143387 
20.174305724810893 
20.174305726962075 
20.174305727542560 
20.174305730537981 
20.174305728042100 
20.174305726255852 
20.174305724512124 
20.174305727764931 
20.174305732756011 
20.174305733328310 
20.174305728572563 
20.174305728738545 
20.174305722159943 
20.174305717470816 
20.174305714745515 
20.174305719235690 
20.174305719842778 
20.174305712406749 
20.174305722677673 
20.174305725915701 
20.174305735752569 
20.174305738175008 
20.174305738021076 
20.174305743262266 
20.174305740941691 
20.174305737631812 
20.174305739850297 
20.174305748567804 
20.174305744130379 
20.174305748312918 
20.174305746005530 
20.174305746495975 
20.174305746053278 
20.174305748991173 
20.174305748918869 
20.174305745252468 
20.174305740461932 
20.174305744432104 
20.174305743193372 
20.174305736608403 
20.174305742852539 
20.174305745406855 
20.174305758663422 
20.174305758169339 
20.174305760790730 
20.174305768929571 
20.174305770205592 
20.174305772915886 
20.174305770879073 
20.174305775022049 
20.174305773776268 
20.174305768092381 
20.174305758094988 
20.174305759888739 
20.174305761173855 
20.174305759071103 
20.174305758969695 
20.174305762508766 
20.174305777858081 
20.174305773278547 
20.174305767432088 
20.174305772791740 
20.174305780328496 
20.174305781874864 
20.174305788587617 
20.174305778579082 
20.174305779687984 
20.174305781164776 
20.174305788553738 
20.174305788877064 
20.174305785735442 
20.174305788284300 
20.174305784076523 
20.174305777684367 
20.174305774861523 
20.174305777642985 
20.174305775425182 
20.174305771925219 
20.174305765150393 
20.174305761916685 
20.174305760223888 
20.174305762503081 
20.174305760120205 
20.174305758850778 
20.174305764506244 
20.174305768015074 
20.174305764630390 
20.174305762546965 
20.174305762230460 
20.174305769966395 
20.174305760950347 
20.174305746770870 
20.174305748939332 
20.174305747502785 
20.174305744772255 
20.174305747122389 
20.174305743951436 
20.174305737236637 
20.174305744552612 
20.174305749442965 
20.174305742787510 
20.174305746150822 
20.174305744016465 
20.174305745563970 
20.174305732880839 
20.174305737831219 
20.174305729396792 
20.174305728446825 
20.174305734169820 
20.174305732652329 
20.174305729862681 
20.174305723400266 
20.174305723650832 
20.174305723298630 
20.174305728500940 
20.174305730842661 
20.174305731276036 
20.174305728446825 
20.174305717474681 
20.174305717830748 
20.174305710070030 
20.174305714511320 
20.174305712023852 
20.174305712970636 
20.174305714472439 
20.174305714455841 
20.174305708991596 
20.174305701730646 
20.174305705709003 
20.174305707363374 
20.174305703376831 
20.174305704604421 
20.174305701616959 
20.174305705284269 
20.174305701886624 
20.174305704199014 
20.174305706884297 
20.174305701940057 
20.174305705103279 
20.174305699777960 
20.174305696616557 
20.174305688900859 
20.174305688105505 
20.174305684176034 
20.174305680946645 
20.174305690359915 
20.174305698968055 
20.174305704774952 
20.174305704387280 
20.174305701216326 
20.174305706429095 
20.174305703078289 
20.174305697352111 
20.174305709829014 
20.174305713891499 
20.174305714919228 
20.174305714044067 
20.174305715013361 
20.174305718065170 
20.174305723887301 
20.174305723399812 
20.174305724335682 
20.174305721920746 
20.174305728159197 
20.174305722598092 
20.174305714860793 
20.174305716967865 
20.174305713679814 
20.174305715813261 
20.174305724981423 
20.174305725207205 
20.174305727002093 
20.174305733499750 
20.174305724833403 
20.174305724154920 
20.174305720003304 
20.174305714300544 
20.174305722071495 
20.174305725817931 
20.174305720739085 
20.174305716433537 
20.174305724714259 
20.174305721715882 
20.174305724331361 
20.174305722009422 
20.174305722994859 
20.174305715937180 
20.174305713032481 
20.174305712966543 
20.174305720693155 
20.174305725553950 
20.174305735165717 
20.174305739906458 
20.174305738919429 
20.174305733253050 
20.174305734621385 
20.174305727502315 
20.174305729423850 
20.174305732044331 
20.174305735970393 
20.174305729944535 
20.174305729645766 
20.174305720847315 
20.174305708304473 
20.174305705717643 
20.174305701948470 
20.174305712906971 
20.174305712074329 
20.174305710913359 
20.174305707939311 
20.174305704415247 
20.174305699596516 
20.174305694566101 
20.174305691710288 
20.174305691260770 
20.174305689080938 
20.174305685213994 
20.174305683470948 
20.174305672472201 
20.174305668035004 
20.174305670549984 
20.174305667901081 
20.174305659523725 
20.174305662244478 
20.174305664272651 
20.174305657522382 
20.174305651729583 
20.174305654531281 
20.174305656526940 
20.174305651910345 
20.174305658388448 
20.174305655695662 
20.174305656473962 
20.174305662107145 
20.174305664286067 
20.174305657113337 
20.174305663705127 
20.174305669100704 
20.174305673908748 
20.174305668391526 
20.174305663020277 
20.174305659256561 
20.174305653239799 
20.174305653689771 
20.174305655568332 
20.174305654107229 
20.174305667513636 
20.174305663507539 
20.174305659139236 
20.174305659658330 
20.174305655823218 
20.174305652998328 
20.174305645822869 
20.174305647612755 
20.174305644469996 
20.174305640050989 
20.174305644433844 
20.174305653151805 
20.174305656576053 
20.174305666105511 
20.174305673828485 
20.174305662175811 
20.174305659476431 
20.174305665988641 
20.174305664736039 
20.174305664339499 
20.174305667496810 
20.174305659836818 
20.174305660755863 
20.174305657520108 
20.174305659942092 
20.174305665368138 
20.174305663259247 
20.174305667998397 
20.174305664350868 
20.174305664456369 
20.174305660431401 
20.174305651979012 
20.174305653008105 
20.174305649404232 
20.174305642829950 
20.174305641576439 
20.174305646835592 
20.174305639736531 
20.174305639275190 
20.174305651170471 
20.174305647493838 
20.174305640334978 
20.174305626800333 
20.174305626828072 
20.174305625736679 
20.174305620238329 
20.174305615508047 
20.174305614493051 
20.174305609444446 
20.174305602007735 
20.174305594783164 
20.174305595487567 
20.174305600556409 
20.174305603425864 
20.174305605425388 
20.174305600226717 
20.174305608672512 
20.174305606426287 
20.174305601552533 
20.174305600215575 
20.174305602293771 
20.174305600312209 
20.174305599592572 
20.174305600174648 
20.174305599940453 
20.174305597241755 
20.174305607528140 
20.174305601352899 
20.174305591496704 
20.174305587485378 
20.174305578389976 
20.174305572889580 
20.174305575779954 
20.174305562607515 
20.174305565476971 
20.174305558873129 
20.174305561695292 
20.174305562247582 
20.174305556037325 
20.174305555162618 
20.174305565188661 
20.174305561991559 
20.174305567465126 
20.174305565843042 
20.174305565145232 
20.174305568538330 
20.174305569854596 
20.174305569372791 
20.174305557901107 
20.174305559550930 
20.174305563321241 
20.174305567513557 
20.174305569140643 
20.174305563590451 
20.174305555758565 
20.174305554050989 
20.174305558857895 
20.174305567141346 
20.174305574028722 
20.174305567847114 
20.174305565384884 
20.174305570466686 
20.174305571886180 
20.174305568495356 
20.174305572295907 
20.174305573986885 
20.174305574729260 
20.174305574326809 
20.174305578914300 
20.174305571101968 
20.174305569354374 
20.174305576151255 
20.174305571400737 
20.174305564840779 
20.174305558939068 
20.174305552883879 
20.174305552828400 
20.174305546745018 
20.174305553439808 
20.174305555336332 
20.174305563554753 
20.174305570444176 
20.174305570513525 
20.174305565577015 
20.174305563569305 
20.174305561654819 
20.174305550970757 
20.174305562371273 
20.174305563998814 
20.174305552953683 
20.174305544185927 
20.174305538520912 
20.174305538504768 
20.174305543492892 
20.174305543954688 
20.174305543594755 
20.174305552617852 
20.174305553121258 
20.174305557927710 
20.174305541188687 
20.174305538952922 
20.174305539645502 
20.174305537311284 
20.174305539259194 
20.174305538219187 
20.174305543268247 
20.174305537895862 
20.174305535645772 
20.174305543659329 
20.174305543253695 
20.174305542095226 
20.174305547412132 
20.174305541503372 
20.174305541864896 
20.174305543338278 
20.174305544428762 
20.174305548724533 
20.174305546610867 
20.174305544141134 
20.174305544011304 
20.174305545171592 
20.174305537814917 
20.174305537462260 
20.174305531882965 
20.174305531720620 
20.174305543182072 
20.174305545840525 
20.174305552645365 
20.174305551806583 
20.174305549579913 
20.174305547100403 
20.174305549726341 
20.174305545355992 
20.174305537586406 
20.174305533575989 
20.174305529405729 
20.174305532531889 
20.174305530974834 
20.174305529138564 
20.174305530591255 
20.174305532216977 
20.174305537291730 
20.174305528290461 
20.174305524647025 
20.174305513666468 
20.174305515132801 
20.174305507460531 
20.174305508334328 
20.174305503975347 
20.174305505629491 
20.174305508968928 
20.174305510865452 
20.174305518642541 
20.174305513086665 
20.174305519608879 
20.174305526638136 
20.174305534945006 
20.174305525956925 
20.174305524985357 
20.174305534688528 
20.174305533769711 
20.174305528129935 
20.174305528174500 
20.174305523282555 
20.174305530021229 
20.174305518658230 
20.174305525829141 
20.174305530730635 
20.174305531676737 
20.174305530891843 
20.174305534382938 
20.174305535969324 
20.174305542904222 
20.174305543298260 
20.174305541854892 
20.174305537926102 
20.174305530917536 
20.174305529968024 
20.174305533226971 
20.174305535889971 
20.174305529422327 
20.174305531566461 
20.174305527375736 
20.174305529116282 
20.174305530540551 
20.174305523962175 
20.174305527029674 
20.174305533364077 
20.174305528394598 
20.174305528842524 
20.174305530860693 
20.174305523184103 
20.174305529503727 
20.174305530407764 
20.174305529702224 
20.174305530124684 
20.174305531547361 
20.174305525981708 
20.174305534652149 
20.174305533652614 
20.174305535249459 
20.174305538416093 
20.174305525969203 
20.174305529871845 
20.174305514766274 
20.174305510056001 
20.174305515580500 
20.174305512622141 
20.174305506874589 
20.174305504893709 
