0.810001737033386 
0.810001737039222 
0.810001737036107 
0.810001737037130 
0.810001737042571 
0.810001737049649 
0.810001737049944 
0.810001737052922 
0.810001737046522 
0.810001737065243 
0.810001737076897 
0.810001737093522 
0.810001737102420 
0.810001737110789 
0.810001737121648 
0.810001737120934 
0.810001737126913 
0.810001737131855 
0.810001737136185 
0.810001737137486 
0.810001737138637 
0.810001737136318 
0.810001737138195 
0.810001737135240 
0.810001737132581 
0.810001737121635 
0.810001737124665 
0.810001737122933 
0.810001737114654 
0.810001737114038 
0.810001737119015 
0.810001737125592 
0.810001737111304 
0.810001737104639 
0.810001737110216 
0.810001737100032 
0.810001737091808 
0.810001737093775 
0.810001737075486 
0.810001737078403 
0.810001737087611 
0.810001737083179 
0.810001737071277 
0.810001737066332 
0.810001737057175 
0.810001737051799 
0.810001737056881 
0.810001737059577 
0.810001737080930 
0.810001737073031 
0.810001737063733 
0.810001737052434 
0.810001737066127 
0.810001737068403 
0.810001737085499 
0.810001737088437 
0.810001737126935 
0.810001737131528 
0.810001737133856 
0.810001737146488 
0.810001737151778 
0.810001737150525 
0.810001737139271 
0.810001737142610 
0.810001737118525 
0.810001737136683 
0.810001737153409 
0.810001737140262 
0.810001737134203 
0.810001737138673 
0.810001737158915 
0.810001737174372 
0.810001737179022 
0.810001737171976 
0.810001737149805 
0.810001737135494 
0.810001737130125 
0.810001737122862 
0.810001737063231 
0.810001737059565 
0.810001737028298 
0.810001737021897 
0.810001737011137 
0.810001737048890 
0.810001737049816 
0.810001737040279 
0.810001737043409 
0.810001737134725 
0.810001737227898 
0.810001737364745 
0.810001737473774 
0.810001737578544 
0.810001737719896 
0.810001737830611 
0.810001737906157 
0.810001738017307 
0.810001738117258 
0.810001738190319 
0.810001738310188 
0.810001738444571 
0.810001738568805 
0.810001738673309 
0.810001738805353 
0.810001738880155 
0.810001739007165 
0.810001739102183 
0.810001739211491 
0.810001739312695 
0.810001739437858 
0.810001739557519 
0.810001739584756 
0.810001739673092 
0.810001739711733 
0.810001739782440 
0.810001739885703 
0.810001739964708 
0.810001739988902 
0.810001740020589 
0.810001740059271 
0.810001740080157 
0.810001740104228 
0.810001740128492 
0.810001740144120 
0.810001740184040 
0.810001740177960 
0.810001740178183 
0.810001740134663 
0.810001740112973 
0.810001740101860 
0.810001740106376 
0.810001740112902 
0.810001740092710 
0.810001740098581 
0.810001740127642 
0.810001740118960 
0.810001740132520 
0.810001740181534 
0.810001740218194 
0.810001740262434 
0.810001740288911 
0.810001740328797 
0.810001740374524 
0.810001740440981 
0.810001740426333 
0.810001740425857 
0.810001740443305 
0.810001740482422 
0.810001740489255 
0.810001740560862 
0.810001740603010 
0.810001740647099 
0.810001740683052 
0.810001740763441 
0.810001740878528 
0.810001740879704 
0.810001740888342 
0.810001740907985 
0.810001740967888 
0.810001741027381 
0.810001741082495 
0.810001741125927 
0.810001741202226 
0.810001741295464 
0.810001741376176 
0.810001741512101 
0.810001741601033 
0.810001741724200 
0.810001741774087 
0.810001741842438 
0.810001741958281 
0.810001741982591 
0.810001742063186 
0.810001742142068 
0.810001742247753 
0.810001742363022 
0.810001742438551 
0.810001742486111 
0.810001742516368 
0.810001742599791 
0.810001742710540 
0.810001742755739 
0.810001742878043 
0.810001742954494 
0.810001743010416 
0.810001743074100 
0.810001743096780 
0.810001743125646 
0.810001743182163 
0.810001743269833 
0.810001743372556 
0.810001743392199 
0.810001743399811 
0.810001743469291 
0.810001743504806 
0.810001743521672 
0.810001743513272 
0.810001743603614 
0.810001743590030 
0.810001743668749 
0.810001743747732 
0.810001743792210 
0.810001743797251 
0.810001743842601 
0.810001743856915 
0.810001743855857 
0.810001743872400 
0.810001743903804 
0.810001743902063 
0.810001743943106 
0.810001743920548 
0.810001744020932 
0.810001744042852 
0.810001744094999 
0.810001744074956 
0.810001744099024 
0.810001744051720 
0.810001744096335 
0.810001744070803 
0.810001744048225 
0.810001744006430 
0.810001744013128 
0.810001743995029 
0.810001743904152 
0.810001743863527 
0.810001743815970 
0.810001743788462 
0.810001743783914 
0.810001743775231 
0.810001743800282 
0.810001743810062 
0.810001743794462 
0.810001743809796 
0.810001743811638 
0.810001743812844 
0.810001743811736 
0.810001743782022 
0.810001743788796 
0.810001743827058 
0.810001743839962 
0.810001743863111 
0.810001743839070 
0.810001743877606 
0.810001743866195 
0.810001743838273 
0.810001743824037 
0.810001743791123 
0.810001743761177 
0.810001743755894 
0.810001743771014 
0.810001743714466 
0.810001743658677 
0.810001743639571 
0.810001743620578 
0.810001743588835 
0.810001743573279 
0.810001743561447 
0.810001743515013 
0.810001743530364 
0.810001743479678 
0.810001743396777 
0.810001743427245 
0.810001743314885 
0.810001743274068 
0.810001743269972 
0.810001743256962 
0.810001743178912 
0.810001743154189 
0.810001743164939 
0.810001743155219 
0.810001743190554 
0.810001743169680 
0.810001743119871 
0.810001743119784 
0.810001743120267 
0.810001743091181 
0.810001743041905 
0.810001743052347 
0.810001742983895 
0.810001742999443 
0.810001742978717 
0.810001743012753 
0.810001742981733 
0.810001742997360 
0.810001742984242 
0.810001742967818 
0.810001742899545 
0.810001742851205 
0.810001742883088 
0.810001742844102 
0.810001742806105 
0.810001742776887 
0.810001742755489 
0.810001742727830 
0.810001742682506 
0.810001742680472 
0.810001742653866 
0.810001742637544 
0.810001742625341 
0.810001742612274 
0.810001742615922 
0.810001742514563 
0.810001742440120 
0.810001742414507 
0.810001742401585 
0.810001742376286 
0.810001742342346 
0.810001742331412 
0.810001742327919 
0.810001742345061 
0.810001742299617 
0.810001742304415 
0.810001742260360 
0.810001742250057 
0.810001742210637 
0.810001742198838 
0.810001742158721 
0.810001742168290 
0.810001742143365 
0.810001742094380 
0.810001742085494 
0.810001742062571 
0.810001742097625 
0.810001742115818 
0.810001742144136 
0.810001742151492 
0.810001742152979 
0.810001742150608 
0.810001742145847 
0.810001742120860 
0.810001742152018 
0.810001742213489 
0.810001742180896 
0.810001742253571 
0.810001742230271 
0.810001742232772 
0.810001742281212 
0.810001742272574 
0.810001742309960 
0.810001742373601 
0.810001742412239 
0.810001742340893 
0.810001742320622 
0.810001742307330 
0.810001742308074 
0.810001742301554 
0.810001742265404 
0.810001742261520 
0.810001742221147 
0.810001742203361 
0.810001742225401 
0.810001742256242 
0.810001742218719 
0.810001742194972 
0.810001742160594 
0.810001742132535 
0.810001742163164 
0.810001742173615 
0.810001742140905 
0.810001742162623 
0.810001742105996 
0.810001742137041 
0.810001742129863 
0.810001742201928 
0.810001742121630 
0.810001742099148 
0.810001742079733 
0.810001742058382 
0.810001742078002 
0.810001742051751 
0.810001742094387 
0.810001742061738 
0.810001742077073 
0.810001742070126 
0.810001742120152 
0.810001742133931 
0.810001742126575 
0.810001742123879 
0.810001742168414 
0.810001742201333 
0.810001742200022 
0.810001742155581 
0.810001742154192 
0.810001742149352 
0.810001742164523 
0.810001742161303 
0.810001742150940 
0.810001742077961 
0.810001742076961 
0.810001742130368 
0.810001742078510 
0.810001742099971 
0.810001742115042 
0.810001742163996 
0.810001742171118 
0.810001742100397 
0.810001742027295 
0.810001742007054 
0.810001741981387 
0.810001741962382 
0.810001741981704 
0.810001741935785 
0.810001741914988 
0.810001741953131 
0.810001741900642 
0.810001741858739 
0.810001741831790 
0.810001741848253 
0.810001741856762 
0.810001741781475 
0.810001741722989 
0.810001741701195 
0.810001741710743 
0.810001741724598 
0.810001741774525 
0.810001741749021 
0.810001741700823 
0.810001741667562 
0.810001741677270 
0.810001741655734 
0.810001741594164 
0.810001741585811 
0.810001741598018 
0.810001741550751 
0.810001741546031 
0.810001741530640 
0.810001741476566 
0.810001741468516 
0.810001741405614 
0.810001741373762 
0.810001741337700 
0.810001741327068 
0.810001741276809 
0.810001741206117 
0.810001741155862 
0.810001741158890 
0.810001741103739 
0.810001741141348 
0.810001741124930 
0.810001741060796 
0.810001741045825 
0.810001741100679 
0.810001741029767 
0.810001741047643 
0.810001741049798 
0.810001741020026 
0.810001740990166 
0.810001741017523 
0.810001741069271 
0.810001741055546 
0.810001741041598 
0.810001741041810 
0.810001740995455 
0.810001740977830 
0.810001740897730 
0.810001740888018 
0.810001740858282 
0.810001740902782 
0.810001740949473 
0.810001740971725 
0.810001740992242 
0.810001741052653 
0.810001741172114 
0.810001741194647 
0.810001741180803 
0.810001741195542 
0.810001741301806 
0.810001741417805 
0.810001741468866 
0.810001741492332 
0.810001741548216 
0.810001741637792 
0.810001741727665 
0.810001741763871 
0.810001741809027 
0.810001741980123 
0.810001742013382 
0.810001742110497 
0.810001742174899 
0.810001742310742 
0.810001742431662 
0.810001742528882 
0.810001742647820 
0.810001742743736 
0.810001742866505 
0.810001743061248 
0.810001743200771 
0.810001743359011 
0.810001743524841 
0.810001743653433 
0.810001743736938 
0.810001743895268 
0.810001744005579 
0.810001744154301 
0.810001744300155 
0.810001744473953 
0.810001744691488 
0.810001744930529 
0.810001745121610 
0.810001745310164 
0.810001745485485 
0.810001745722357 
0.810001745873345 
0.810001746029952 
0.810001746203142 
0.810001746395185 
0.810001746614752 
0.810001746836395 
0.810001747046994 
0.810001747242106 
0.810001747389439 
0.810001747645748 
0.810001747877839 
0.810001748133782 
0.810001748351167 
0.810001748572070 
0.810001748863519 
0.810001749109391 
0.810001749284842 
0.810001749539750 
0.810001749750203 
0.810001749971329 
0.810001750220065 
0.810001750182387 
0.810001750164144 
0.810001750177477 
0.810001750182241 
0.810001750172646 
0.810001750101314 
0.810001750095275 
0.810001750095157 
0.810001750095687 
0.810001750097824 
0.810001750137815 
0.810001750092372 
0.810001750075845 
0.810001750085631 
0.810001750051525 
0.810001750018182 
0.810001750010825 
0.810001750021009 
0.810001750020474 
0.810001750026117 
0.810001750086274 
0.810001750154312 
0.810001750190006 
0.810001750224234 
0.810001750184425 
0.810001750231887 
0.810001750212827 
0.810001750205320 
0.810001750228555 
0.810001750241177 
0.810001750253171 
0.810001750231567 
0.810001750321776 
0.810001750354367 
0.810001750292166 
0.810001750324542 
0.810001750263549 
0.810001750231333 
0.810001750232381 
0.810001750265810 
0.810001750242225 
0.810001750296033 
0.810001750307059 
0.810001750271244 
0.810001750210073 
0.810001750238914 
0.810001750229061 
0.810001750265496 
0.810001750289409 
0.810001750285496 
0.810001750293221 
0.810001750290109 
0.810001750333441 
0.810001750333704 
0.810001750363838 
0.810001750381378 
0.810001750405235 
0.810001750426677 
0.810001750426650 
0.810001750434232 
0.810001750624455 
0.810001750798644 
0.810001750991461 
0.810001751238520 
0.810001751405474 
0.810001751579662 
0.810001751672813 
0.810001751863068 
0.810001752036101 
0.810001752140870 
0.810001752265169 
0.810001752390237 
0.810001752439323 
0.810001752592125 
0.810001752673879 
0.810001752741918 
0.810001752769644 
0.810001752833603 
