0.810001737033386 
0.810001737036952 
0.810001737039580 
0.810001737023764 
0.810001737011010 
0.810001737001857 
0.810001736985456 
0.810001736973014 
0.810001736963686 
0.810001736953746 
0.810001736940288 
0.810001736927345 
0.810001736916294 
0.810001736908513 
0.810001736897842 
0.810001736887402 
0.810001736883280 
0.810001736878486 
0.810001736875793 
0.810001736865963 
0.810001736862559 
0.810001736858979 
0.810001736849615 
0.810001736843501 
0.810001736844435 
0.810001736837560 
0.810001736837544 
0.810001736840920 
0.810001736800002 
0.810001736754340 
0.810001736717592 
0.810001736686517 
0.810001736658381 
0.810001736631496 
0.810001736599549 
0.810001736577417 
0.810001736560523 
0.810001736539538 
0.810001736525109 
0.810001736516819 
0.810001736506369 
0.810001736502248 
0.810001736493520 
0.810001736488849 
0.810001736482950 
0.810001736476080 
0.810001736474304 
0.810001736470085 
0.810001736470227 
0.810001736478427 
0.810001736479746 
0.810001736481444 
0.810001736486235 
0.810001736488164 
0.810001736496770 
0.810001736505587 
0.810001736512115 
0.810001736517967 
0.810001736528615 
0.810001736541156 
0.810001736540970 
0.810001736542503 
0.810001736549099 
0.810001736555160 
0.810001736567507 
0.810001736572359 
0.810001736588643 
0.810001736601418 
0.810001736609209 
0.810001736618995 
0.810001736622540 
0.810001736614846 
0.810001736614415 
0.810001736604856 
0.810001736615864 
0.810001736606895 
0.810001736608021 
0.810001736613717 
0.810001736616293 
0.810001736605845 
0.810001736602347 
0.810001736590023 
0.810001736556143 
0.810001736542908 
0.810001736543519 
0.810001736532226 
0.810001736519284 
0.810001736505107 
0.810001736481346 
0.810001736439601 
0.810001736412612 
0.810001736398565 
0.810001736358904 
0.810001736299108 
0.810001736245014 
0.810001736191240 
0.810001736156435 
0.810001736080057 
0.810001736036643 
0.810001735968128 
0.810001735935290 
0.810001735872894 
0.810001735789891 
0.810001735714893 
0.810001735638266 
0.810001735559056 
0.810001735477370 
0.810001735374581 
0.810001735262925 
0.810001735133569 
0.810001735013615 
0.810001734903915 
0.810001734798662 
0.810001734707368 
0.810001734585979 
0.810001734471865 
0.810001734360047 
0.810001734229961 
0.810001734095245 
0.810001733944841 
0.810001733821339 
0.810001733711018 
0.810001733624326 
0.810001733511740 
0.810001733431923 
0.810001733315219 
0.810001733237572 
0.810001733145697 
0.810001733037616 
0.810001732960325 
0.810001732920613 
0.810001732806394 
0.810001732721469 
0.810001732616098 
0.810001732542307 
0.810001732460089 
0.810001732391329 
0.810001732340424 
0.810001732304488 
0.810001732277070 
0.810001732240646 
0.810001732205326 
0.810001732203783 
0.810001732207570 
0.810001732151621 
0.810001732136854 
0.810001732101429 
0.810001732084083 
0.810001732068488 
0.810001732066137 
0.810001732114253 
0.810001732136575 
0.810001732158650 
0.810001732153184 
0.810001732193667 
0.810001732205414 
0.810001732180814 
0.810001732173061 
0.810001732157599 
0.810001732225680 
0.810001732279074 
0.810001732285675 
0.810001732317612 
0.810001732357708 
0.810001732416046 
0.810001732469683 
0.810001732467702 
0.810001732484618 
0.810001732534422 
0.810001732578666 
0.810001732560967 
0.810001732586989 
0.810001732588709 
0.810001732587843 
0.810001732610418 
0.810001732640388 
0.810001732652907 
0.810001732664191 
0.810001732662835 
0.810001732676015 
0.810001732647455 
0.810001732640774 
0.810001732672465 
0.810001732730049 
0.810001732723149 
0.810001732742234 
0.810001732786237 
0.810001732800369 
0.810001732843700 
0.810001732877062 
0.810001732929727 
0.810001732938415 
0.810001732955540 
0.810001733033992 
0.810001733060694 
0.810001733090502 
0.810001733155906 
0.810001733206390 
0.810001733216296 
0.810001733279069 
0.810001733325752 
0.810001733338764 
0.810001733385334 
0.810001733419933 
0.810001733427169 
0.810001733433880 
0.810001733449861 
0.810001733458473 
0.810001733471700 
0.810001733502550 
0.810001733531475 
0.810001733567368 
0.810001733595896 
0.810001733636931 
0.810001733624540 
0.810001733685217 
0.810001733749093 
0.810001733732552 
0.810001733736229 
0.810001733786411 
0.810001733782611 
0.810001733821057 
0.810001733817369 
0.810001733835470 
0.810001733830426 
0.810001733867203 
0.810001733875477 
0.810001733840235 
0.810001733826187 
0.810001733798277 
0.810001733809305 
0.810001733831752 
0.810001733799041 
0.810001733832884 
0.810001733831484 
0.810001733830099 
0.810001733814588 
0.810001733764924 
0.810001733770470 
0.810001733774584 
0.810001733745180 
0.810001733759783 
0.810001733727796 
0.810001733694389 
0.810001733699799 
0.810001733642052 
0.810001733574202 
0.810001733554888 
0.810001733500766 
0.810001733519156 
0.810001733518732 
0.810001733499893 
0.810001733466041 
0.810001733464304 
0.810001733383512 
0.810001733432989 
0.810001733411418 
0.810001733443464 
0.810001733372793 
0.810001733335024 
0.810001733332317 
0.810001733289020 
0.810001733316490 
0.810001733280615 
0.810001733241476 
0.810001733230569 
0.810001733251948 
0.810001733263256 
0.810001733269637 
0.810001733242906 
0.810001733234829 
0.810001733231640 
0.810001733236156 
0.810001733224283 
0.810001733256845 
0.810001733201123 
0.810001733164306 
0.810001733210679 
0.810001733206473 
0.810001733175701 
0.810001733156037 
0.810001733160878 
0.810001733170852 
0.810001733180858 
0.810001733169456 
0.810001733134696 
0.810001733102686 
0.810001733099531 
0.810001733025949 
0.810001732975081 
0.810001732927203 
0.810001732910930 
0.810001732881064 
0.810001732916303 
0.810001732917218 
0.810001732874795 
0.810001732834902 
0.810001732841627 
0.810001732878757 
0.810001732872596 
0.810001732806310 
0.810001732816010 
0.810001732797536 
0.810001732749292 
0.810001732810381 
0.810001732840455 
0.810001732849010 
0.810001732840885 
0.810001732811708 
0.810001732798433 
0.810001732845274 
0.810001732888946 
0.810001732883798 
0.810001732951275 
0.810001732925617 
0.810001732964913 
0.810001732983524 
0.810001732989992 
0.810001733009043 
0.810001733037863 
0.810001733032379 
0.810001733083258 
0.810001733140215 
0.810001733145011 
0.810001733220725 
0.810001733259384 
0.810001733315108 
0.810001733374250 
0.810001733377277 
0.810001733419169 
0.810001733406063 
0.810001733416460 
0.810001733450440 
0.810001733516316 
0.810001733538416 
0.810001733612616 
0.810001733646008 
0.810001733712607 
0.810001733777266 
0.810001733770600 
0.810001733852262 
0.810001733843039 
0.810001733902915 
0.810001733965558 
0.810001734043109 
0.810001734123325 
0.810001734163963 
0.810001734190894 
0.810001734250756 
0.810001734304159 
0.810001734357041 
0.810001734483315 
0.810001734549237 
0.810001734621112 
0.810001734643961 
0.810001734706596 
0.810001734719968 
0.810001734778659 
0.810001734797801 
0.810001734840712 
0.810001734835859 
0.810001734881205 
0.810001734949921 
0.810001734974158 
0.810001735023416 
0.810001735088816 
0.810001735187303 
0.810001735195343 
0.810001735209308 
0.810001735269273 
0.810001735349413 
0.810001735396293 
0.810001735454577 
0.810001735522714 
0.810001735567116 
0.810001735650964 
0.810001735641334 
0.810001735719826 
0.810001735708219 
0.810001735739833 
0.810001735731092 
0.810001735715776 
0.810001735746297 
0.810001735788539 
0.810001735837375 
0.810001735931687 
0.810001735955865 
0.810001735970385 
0.810001736019652 
0.810001736087571 
0.810001736117815 
0.810001736171850 
0.810001736199983 
0.810001736227520 
0.810001736263114 
0.810001736319812 
0.810001736325038 
0.810001736329687 
0.810001736333096 
0.810001736334772 
0.810001736431866 
0.810001736460460 
0.810001736498734 
0.810001736503754 
0.810001736504896 
0.810001736494439 
0.810001736480608 
0.810001736470932 
0.810001736486477 
0.810001736481281 
0.810001736512374 
0.810001736538222 
0.810001736499693 
0.810001736480313 
0.810001736523503 
0.810001736524054 
0.810001736500315 
0.810001736520633 
0.810001736510760 
0.810001736505317 
0.810001736521961 
0.810001736517769 
0.810001736449532 
0.810001736491136 
0.810001736457142 
0.810001736452071 
0.810001736437854 
0.810001736440771 
0.810001736437091 
0.810001736397290 
0.810001736416268 
0.810001736384184 
0.810001736343999 
0.810001736346790 
0.810001736327054 
0.810001736330985 
0.810001736338018 
0.810001736290985 
0.810001736334014 
0.810001736336186 
0.810001736317169 
0.810001736330538 
0.810001736299439 
0.810001736316574 
0.810001736209070 
0.810001736185214 
0.810001736136249 
0.810001736142784 
0.810001736082548 
0.810001736084828 
0.810001736117744 
0.810001736066083 
0.810001736024605 
0.810001735992461 
0.810001735984322 
0.810001735916003 
0.810001735883709 
0.810001735819709 
0.810001735781366 
0.810001735726926 
0.810001735679295 
0.810001735590319 
0.810001735583906 
0.810001735515716 
0.810001735434867 
0.810001735368555 
0.810001735392184 
0.810001735363546 
0.810001735304528 
0.810001735256282 
0.810001735261611 
0.810001735284212 
0.810001735315705 
0.810001735286310 
0.810001735263381 
0.810001735198565 
0.810001735135263 
0.810001735127841 
0.810001735106122 
0.810001735095597 
0.810001735062666 
0.810001735034486 
0.810001734986400 
0.810001735036092 
0.810001735039748 
0.810001734983555 
0.810001734966001 
0.810001734916948 
0.810001734897345 
0.810001734888086 
0.810001734901572 
0.810001734935055 
0.810001734932033 
0.810001734957824 
0.810001734952824 
0.810001734912875 
0.810001734908289 
0.810001734877549 
0.810001734876927 
0.810001734833961 
0.810001734775966 
0.810001734771191 
0.810001734739437 
0.810001734721499 
0.810001734689187 
0.810001734652282 
0.810001734619576 
0.810001734583544 
0.810001734514092 
0.810001734481895 
0.810001734377314 
0.810001734341309 
0.810001734270458 
0.810001734256801 
0.810001734178803 
0.810001734114856 
0.810001734045683 
0.810001734006251 
0.810001733982126 
0.810001733959202 
0.810001733913493 
0.810001733869768 
0.810001733775005 
0.810001733718913 
0.810001733648715 
0.810001733580361 
0.810001733554792 
0.810001733512760 
0.810001733403245 
0.810001733360966 
0.810001733328249 
0.810001733282428 
0.810001733193676 
0.810001733137739 
0.810001733034804 
0.810001733063022 
0.810001733067017 
0.810001733026350 
0.810001732910163 
0.810001732881130 
0.810001732863277 
0.810001732794154 
0.810001732774118 
0.810001732671060 
0.810001732643956 
0.810001732586068 
0.810001732576678 
0.810001732533356 
0.810001732515875 
0.810001732412875 
0.810001732406565 
0.810001732383041 
0.810001732353335 
0.810001732322732 
0.810001732292204 
0.810001732247619 
0.810001732158575 
0.810001732109232 
0.810001732076971 
0.810001732028045 
0.810001731963061 
0.810001731894278 
0.810001731844788 
0.810001731747917 
0.810001731709405 
0.810001731686241 
0.810001731604973 
0.810001731556626 
0.810001731557644 
0.810001731456393 
0.810001731367088 
0.810001731353606 
0.810001731352338 
0.810001731330292 
0.810001731271825 
0.810001731259848 
0.810001731235168 
0.810001731152454 
0.810001731123460 
0.810001731096446 
0.810001730998268 
0.810001730927863 
0.810001730958903 
0.810001730893688 
0.810001730843772 
0.810001730816354 
0.810001730742150 
0.810001730776848 
0.810001730727955 
0.810001730714574 
0.810001730741710 
0.810001730705134 
0.810001730708784 
0.810001730627047 
0.810001730548055 
0.810001730487801 
0.810001730447353 
0.810001730468676 
0.810001730425814 
0.810001730482146 
0.810001730455583 
0.810001730429367 
0.810001730394220 
0.810001730320857 
0.810001730269051 
0.810001730222473 
0.810001730128548 
0.810001730084038 
0.810001730041098 
0.810001730023546 
0.810001730020725 
0.810001730020951 
0.810001729990570 
0.810001729921741 
0.810001729917841 
0.810001729888612 
0.810001729828333 
0.810001729738254 
0.810001729737306 
0.810001729713092 
0.810001729705497 
0.810001729699511 
0.810001729658587 
0.810001729628649 
0.810001729538425 
0.810001729464210 
0.810001729402433 
0.810001729311881 
0.810001729225219 
0.810001729185942 
0.810001729186165 
0.810001729146545 
0.810001729114018 
0.810001729065494 
0.810001729028772 
0.810001729014246 
0.810001728985757 
0.810001728931798 
0.810001728850327 
0.810001728847647 
0.810001728854764 
0.810001728806037 
0.810001728829387 
0.810001728812581 
0.810001728759527 
0.810001728740518 
0.810001728720563 
0.810001728720576 
0.810001728691899 
0.810001728648323 
0.810001728634216 
0.810001728612588 
0.810001728474933 
0.810001728514965 
0.810001728494594 
0.810001728434046 
0.810001728453333 
0.810001728388507 
0.810001728381765 
0.810001728336118 
0.810001728275737 
0.810001728236129 
0.810001728240514 
0.810001728178850 
0.810001728199888 
0.810001728212998 
0.810001728252346 
0.810001728230444 
0.810001728251793 
0.810001728199151 
0.810001728156689 
0.810001728122351 
0.810001728070591 
0.810001728034379 
0.810001728052758 
0.810001728045613 
0.810001727978970 
0.810001727899287 
0.810001727895401 
0.810001727882170 
0.810001727835094 
0.810001727834005 
0.810001727840961 
0.810001727832820 
0.810001727842726 
0.810001727798937 
0.810001727805453 
0.810001727806357 
0.810001727789180 
0.810001727772379 
0.810001727738328 
0.810001727696704 
0.810001727635081 
0.810001727576713 
0.810001727560127 
0.810001727510723 
0.810001727510935 
0.810001727486567 
0.810001727436438 
0.810001727432880 
0.810001727388171 
0.810001727328229 
0.810001727322385 
0.810001727311173 
0.810001727285995 
0.810001727316213 
0.810001727256630 
0.810001727221349 
0.810001727217098 
0.810001727271574 
0.810001727236775 
0.810001727206649 
0.810001727202609 
0.810001727161083 
0.810001727134102 
0.810001727134757 
0.810001727177644 
0.810001727170720 
0.810001727153391 
0.810001727150864 
0.810001727156736 
0.810001727158550 
0.810001727148946 
0.810001727208545 
0.810001727244322 
0.810001727247249 
0.810001727250949 
0.810001727216222 
0.810001727223078 
0.810001727157164 
0.810001727195139 
0.810001727214368 
0.810001727284128 
0.810001727221334 
0.810001727256362 
0.810001727222128 
0.810001727152294 
0.810001727124769 
0.810001727130482 
0.810001727161295 
0.810001727154829 
0.810001727230247 
0.810001727173924 
0.810001727151963 
0.810001727175378 
0.810001727262855 
0.810001727268522 
0.810001727208359 
0.810001727270569 
0.810001727262585 
0.810001727229878 
0.810001727207479 
0.810001727146395 
0.810001727209423 
0.810001727218919 
0.810001727273916 
0.810001727242492 
0.810001727225202 
0.810001727274056 
0.810001727285171 
0.810001727232144 
0.810001727262951 
0.810001727285369 
0.810001727296282 
0.810001727317267 
0.810001727293844 
0.810001727322340 
0.810001727282237 
0.810001727303628 
0.810001727277143 
0.810001727303380 
0.810001727257386 
0.810001727223506 
0.810001727241583 
0.810001727218153 
0.810001727291138 
0.810001727299682 
0.810001727313484 
0.810001727339625 
0.810001727362086 
0.810001727370746 
0.810001727355479 
0.810001727261621 
0.810001727247590 
0.810001727193375 
0.810001727091016 
0.810001727117113 
0.810001727106904 
0.810001727131032 
0.810001727054270 
0.810001727024273 
0.810001726973864 
0.810001726885950 
0.810001726879691 
0.810001726896667 
0.810001726832902 
0.810001726833065 
0.810001726787747 
0.810001726699567 
0.810001726642714 
0.810001726566554 
0.810001726557728 
0.810001726502811 
0.810001726469945 
0.810001726455930 
0.810001726431683 
0.810001726360738 
0.810001726362021 
0.810001726286771 
0.810001726267724 
0.810001726318160 
0.810001726285912 
0.810001726257902 
0.810001726237325 
0.810001726226248 
0.810001726112376 
0.810001726050578 
0.810001726003631 
0.810001725994475 
0.810001725986755 
0.810001725976585 
0.810001725916732 
0.810001725943853 
0.810001725971732 
0.810001725902751 
0.810001725867533 
0.810001725860515 
0.810001725870076 
0.810001725846747 
0.810001725861916 
0.810001725851850 
0.810001725815048 
0.810001725820777 
0.810001725818371 
0.810001725831932 
0.810001725891260 
0.810001725830586 
0.810001725810948 
0.810001725786863 
0.810001725782174 
0.810001725708776 
0.810001725521047 
0.810001725264986 
0.810001725031562 
0.810001724763633 
0.810001724519722 
0.810001724320926 
0.810001724070139 
0.810001723865109 
0.810001723569965 
0.810001723356160 
0.810001723153878 
0.810001722937126 
0.810001722811592 
0.810001722603511 
0.810001722397236 
0.810001722133461 
0.810001721933462 
0.810001721766533 
0.810001721543554 
0.810001721356677 
0.810001721094119 
0.810001720903556 
0.810001720658219 
0.810001720514556 
0.810001720353286 
0.810001720228421 
0.810001720042244 
0.810001719886216 
0.810001719746743 
0.810001719547022 
0.810001719388834 
0.810001719172641 
0.810001719047009 
0.810001718907335 
0.810001718741654 
0.810001718558902 
0.810001718450207 
0.810001718342294 
0.810001718244298 
0.810001718154338 
0.810001718031399 
0.810001717959481 
0.810001717845906 
0.810001717703678 
0.810001717646192 
0.810001717525214 
0.810001717446465 
0.810001717381526 
0.810001717313087 
0.810001717274334 
0.810001717243931 
0.810001717153389 
0.810001717133595 
0.810001717077816 
0.810001717034018 
0.810001717017405 
0.810001716990620 
0.810001716997577 
0.810001716927178 
0.810001716989287 
0.810001716911906 
0.810001716780212 
0.810001716718898 
0.810001716736858 
0.810001716731692 
0.810001716733558 
0.810001716676907 
0.810001716663169 
0.810001716633627 
0.810001716595175 
0.810001716539015 
0.810001716581516 
0.810001716618588 
0.810001716562132 
0.810001716576246 
0.810001716619646 
0.810001716619675 
0.810001716596065 
0.810001716552242 
0.810001716566818 
0.810001716550817 
0.810001716543466 
0.810001716536644 
0.810001716566268 
0.810001716608282 
0.810001716651539 
0.810001716728810 
0.810001716710841 
0.810001716763998 
0.810001716873084 
0.810001717013320 
0.810001717019202 
0.810001717028792 
0.810001717015422 
0.810001717053444 
0.810001717110870 
0.810001717166600 
0.810001717254012 
0.810001717245434 
0.810001717317695 
0.810001717298899 
0.810001717387243 
0.810001717400578 
0.810001717469186 
0.810001717521727 
0.810001717597947 
0.810001717620577 
0.810001717654184 
0.810001717721029 
0.810001717754215 
0.810001717814033 
0.810001717897271 
0.810001717931669 
0.810001717964665 
0.810001718014774 
0.810001718026514 
0.810001718102001 
0.810001718197842 
0.810001718232942 
0.810001718359198 
0.810001718508918 
0.810001718563467 
0.810001718660363 
0.810001718734981 
0.810001718801335 
0.810001718858511 
0.810001718902282 
0.810001718977492 
0.810001719010641 
0.810001719102162 
0.810001719215551 
0.810001719171653 
0.810001719210927 
0.810001719307369 
0.810001719306925 
0.810001719373762 
0.810001719486188 
0.810001719515270 
0.810001719662851 
0.810001719665998 
0.810001719787238 
0.810001719793879 
0.810001719877190 
0.810001719954283 
0.810001720083036 
0.810001720159097 
0.810001720152007 
0.810001720264321 
0.810001720281549 
0.810001720409172 
0.810001720457661 
0.810001720490476 
0.810001720520350 
0.810001720545804 
0.810001720584144 
0.810001720612494 
0.810001720713615 
0.810001720756725 
0.810001720809401 
0.810001720880193 
0.810001720910078 
0.810001720978633 
0.810001721020522 
0.810001721033053 
0.810001721125237 
0.810001721184699 
0.810001721266377 
0.810001721356241 
0.810001721429863 
0.810001721518208 
0.810001721623465 
0.810001721706205 
0.810001721735027 
0.810001721774321 
0.810001721844486 
0.810001721877721 
0.810001721976706 
0.810001722013566 
0.810001722066805 
0.810001722100651 
0.810001722224396 
0.810001722256313 
0.810001722365069 
0.810001722420765 
0.810001722521663 
0.810001722616025 
0.810001722791326 
0.810001722848925 
0.810001722969336 
0.810001723045053 
0.810001723223982 
0.810001723323611 
0.810001723408547 
0.810001723519967 
0.810001723611406 
0.810001723690271 
0.810001723818795 
0.810001723913998 
0.810001724015441 
0.810001724115288 
0.810001724214811 
0.810001724354337 
0.810001724527921 
0.810001724605504 
0.810001724724172 
0.810001724783874 
0.810001724919844 
0.810001725075549 
0.810001725193474 
0.810001725336333 
0.810001725425836 
0.810001725548180 
0.810001725641802 
0.810001725720525 
0.810001725869589 
0.810001725876532 
0.810001725898392 
0.810001725892310 
0.810001725833231 
0.810001725755974 
0.810001725789142 
0.810001725802220 
0.810001725810526 
0.810001725785348 
0.810001725852599 
0.810001725870642 
0.810001725840952 
0.810001725889453 
0.810001725933652 
0.810001725963891 
0.810001725994452 
0.810001726010572 
0.810001726076354 
0.810001726059404 
0.810001726020751 
0.810001726048810 
0.810001726050508 
0.810001726022167 
0.810001726049936 
0.810001726053009 
0.810001726055102 
0.810001726022151 
0.810001726066709 
0.810001726047476 
0.810001726052217 
0.810001726029537 
0.810001726048228 
0.810001726038641 
0.810001725973631 
0.810001725987766 
0.810001726007599 
0.810001726004316 
0.810001726008931 
0.810001726015464 
0.810001726029498 
0.810001725998545 
0.810001726035914 
0.810001726040003 
0.810001725990835 
0.810001725994255 
0.810001726003122 
0.810001726056752 
0.810001726069286 
0.810001726000820 
0.810001726085451 
0.810001726114844 
0.810001726104215 
0.810001726139536 
0.810001726179120 
0.810001726131347 
0.810001726071677 
0.810001726057713 
0.810001726035187 
0.810001725997665 
0.810001726055798 
0.810001726072972 
0.810001726076052 
0.810001726090197 
0.810001726098012 
0.810001726126792 
0.810001726159062 
0.810001726102822 
0.810001726126417 
0.810001726160799 
0.810001726209807 
0.810001726204096 
0.810001726200014 
0.810001726162632 
0.810001726213549 
0.810001726122234 
0.810001726166934 
0.810001726174496 
0.810001726145694 
0.810001726117960 
0.810001726186812 
0.810001726144961 
0.810001726104176 
0.810001726119630 
0.810001726077985 
0.810001726138943 
0.810001726134525 
0.810001726167982 
0.810001726249311 
0.810001726331624 
0.810001726395445 
0.810001726502408 
0.810001726617879 
0.810001726632889 
0.810001726714379 
0.810001726790196 
0.810001726845943 
0.810001726851215 
0.810001726937781 
0.810001726965934 
0.810001727018427 
0.810001727076408 
0.810001727113502 
0.810001727231683 
0.810001727283391 
0.810001727284547 
0.810001727327725 
0.810001727313876 
0.810001727401014 
0.810001727402348 
0.810001727405851 
0.810001727428526 
0.810001727401580 
0.810001727400486 
0.810001727402632 
0.810001727363066 
0.810001727372562 
0.810001727366224 
0.810001727217154 
0.810001727184854 
0.810001727154308 
0.810001727161167 
0.810001727075242 
0.810001726963050 
0.810001726843009 
0.810001726800103 
0.810001726753477 
0.810001726651091 
0.810001726551807 
0.810001726503442 
0.810001726392315 
0.810001726307288 
0.810001726235930 
0.810001726136504 
0.810001726053553 
0.810001725908505 
0.810001725759465 
0.810001725722238 
0.810001725613798 
0.810001725478049 
0.810001725351761 
0.810001725119925 
0.810001725050718 
0.810001724904204 
0.810001724747972 
