31.936791337279587 
31.936791301836443 
31.936791295702861 
31.936791284038478 
31.936791272341651 
31.936791144402576 
31.936791055043095 
31.936790998099475 
31.936790965630866 
31.936790951315722 
31.936790950389003 
31.936790959264648 
31.936790975164996 
31.936790995934238 
31.936791019819651 
31.936791045441794 
31.936791071721071 
31.936791097887610 
31.936791123240912 
31.936791147374322 
31.936791169927250 
31.936791190674263 
31.936791209497514 
31.936791226258713 
31.936791241028850 
31.936791253809464 
31.936791264641897 
31.936791273644324 
31.936791280927963 
31.936791286667948 
31.936791290838521 
31.936791293689275 
31.936791295380694 
31.936791295957793 
31.936791295651958 
31.936791294541589 
31.936791292748055 
31.936791290515444 
31.936791287768337 
31.936791284720215 
31.936791281571931 
31.936791278331320 
31.936791275106280 
31.936791271962850 
31.936791269185438 
31.936791266465249 
31.936791264130065 
31.936791262051230 
31.936791260403350 
31.936791259113175 
31.936791258137834 
31.936791257324309 
31.936791256727830 
31.936791256122596 
31.936791255372103 
31.936791254354304 
31.936791252763484 
31.936791250176100 
31.936791246077291 
31.936791240387379 
31.936791232351283 
31.936791221376517 
31.936791207018679 
31.936791188269702 
31.936791164230598 
31.936791134558334 
31.936791097559123 
31.936791052768768 
31.936790998848664 
31.936790934884044 
31.936790859732554 
31.936790772328763 
31.936790672071709 
31.936790557667180 
31.936790428250220 
31.936790282859960 
31.936790121380056 
31.936789942923866 
31.936789747079516 
31.936789533387042 
31.936789301813505 
31.936789052480634 
31.936788785305026 
31.936788500907710 
31.936788199163061 
31.936787880532592 
31.936787545921078 
31.936787196072430 
31.936786831718393 
31.936786454018744 
31.936786063347910 
31.936785661577943 
31.936785250285055 
31.936784829969412 
31.936784401651039 
31.936783967455852 
31.936783528690853 
31.936783086457467 
31.936782641465214 
31.936782195963559 
31.936781750316186 
31.936781306488257 
31.936780864923605 
31.936780426243672 
31.936779991928233 
31.936779563068058 
31.936779138916961 
31.936778721745071 
31.936778311134901 
31.936777908091244 
31.936777512886408 
31.936777126117136 
31.936776748078501 
31.936776379838477 
31.936776022195119 
31.936775675288004 
31.936775338998586 
31.936775014013449 
31.936774699672924 
31.936774396807692 
31.936774104820046 
31.936773823158745 
31.936773552862604 
31.936773292083359 
31.936773039673852 
31.936772794647567 
31.936772557011892 
31.936772325374648 
31.936772099215375 
31.936771877328994 
31.936771658616891 
31.936771441764677 
31.936771227628412 
31.936771014611736 
31.936770802636289 
31.936770590792491 
31.936770379064853 
31.936770168140583 
31.936769959038287 
31.936769750997996 
31.936769544314842 
31.936769340989258 
31.936769141418495 
31.936768946321678 
31.936768756189991 
31.936768572488972 
31.936768395682805 
31.936768227169694 
31.936768066691428 
31.936767917033819 
31.936767776695120 
31.936767648183121 
31.936767530651110 
31.936767426278834 
31.936767334838947 
31.936767255980556 
31.936767190631485 
31.936767138045809 
31.936767098473126 
31.936767071440215 
31.936767056751137 
31.936767053778794 
31.936767062832274 
31.936767082740516 
31.936767114248653 
31.936767155446802 
31.936767207179059 
31.936767267281766 
31.936767336098853 
31.936767413724596 
31.936767498456106 
31.936767591115398 
31.936767691608850 
31.936767797402126 
31.936767911280384 
31.936768032052271 
31.936768158545249 
31.936768289872816 
31.936768428579285 
31.936768573408017 
31.936768724192518 
31.936768880407442 
31.936769042885032 
31.936769211841352 
31.936769386139304 
31.936769566759551 
31.936769753368310 
31.936769945782146 
31.936770145881837 
31.936770351110567 
31.936770562350205 
31.936770780874440 
31.936771006172194 
31.936771237653716 
31.936771474898137 
31.936771718183024 
31.936771968051971 
31.936772223965875 
31.936772487464623 
31.936772757250878 
31.936773032008318 
31.936773313256253 
31.936773599755156 
31.936773891154701 
31.936774189012851 
31.936774490297523 
31.936774795766212 
31.936775104457979 
31.936775416061266 
31.936775730990632 
31.936776047172714 
31.936776365049184 
31.936776684097595 
31.936777003550560 
31.936777322356363 
31.936777640752609 
31.936777958117318 
31.936778271830121 
31.936778584145827 
31.936778891925712 
31.936779195966267 
31.936779495343671 
31.936779790649439 
31.936780081314168 
31.936780366147218 
31.936780645260967 
31.936780918464422 
31.936781186014741 
31.936781446060309 
31.936781699331561 
31.936781946863618 
31.936782186892970 
31.936782420625264 
31.936782647194434 
31.936782866874637 
31.936783080706675 
31.936783288185893 
31.936783488284732 
31.936783682240161 
31.936783869297869 
31.936784050593758 
31.936784224922746 
31.936784393833534 
31.936784556951068 
31.936784714664611 
31.936784866774417 
31.936785012853079 
31.936785153564585 
31.936785290254022 
31.936785422260073 
31.936785549056879 
31.936785671376299 
31.936785790235319 
31.936785904709382 
31.936786016231792 
31.936786125129174 
31.936786231195470 
31.936786334942838 
31.936786436246848 
31.936786536387388 
31.936786635157205 
31.936786733307258 
31.936786831469476 
31.936786929211962 
31.936787029181801 
31.936787128979972 
31.936787230921254 
31.936787335449822 
31.936787442681862 
31.936787553381009 
31.936787668134798 
31.936787787118647 
31.936787910054250 
31.936788038032660 
31.936788171721105 
31.936788311283522 
31.936788456536306 
31.936788608380880 
31.936788768218889 
31.936788933404614 
31.936789106531251 
31.936789285641453 
31.936789472485998 
31.936789666081381 
31.936789866424078 
31.936790072808094 
31.936790285420216 
31.936790503311272 
31.936790726931804 
31.936790955496576 
31.936791187549716 
31.936791425087335 
31.936791663856980 
31.936791905749260 
31.936792148864356 
31.936792393256496 
31.936792638047450 
31.936792882302711 
31.936793125009444 
31.936793366193228 
31.936793605540515 
31.936793842541533 
31.936794076352726 
31.936794307258879 
31.936794533846069 
31.936794757056532 
31.936794976863098 
31.936795191616966 
31.936795401744575 
31.936795607601539 
31.936795809243677 
31.936796007366070 
31.936796200759886 
31.936796389645679 
31.936796575497851 
31.936796757150205 
31.936796934955737 
31.936797110351108 
31.936797280832138 
31.936797448752714 
31.936797614268016 
31.936797777889865 
31.936797940894394 
31.936798102531384 
31.936798264444292 
31.936798425416100 
31.936798588850706 
31.936798751690048 
31.936798916376006 
31.936799083211667 
31.936799251880984 
31.936799422719787 
31.936799596158835 
31.936799770289440 
31.936799944597738 
31.936800119716281 
31.936800293782994 
31.936800467881540 
31.936800641113450 
31.936800812213505 
31.936800982113937 
31.936801150744145 
31.936801317944514 
31.936801484502666 
31.936801649627796 
31.936801813878219 
31.936801978319181 
31.936802141097246 
31.936802305446236 
31.936802470635826 
31.936802636128391 
31.936802802005900 
31.936802968326106 
31.936803136063986 
31.936803304828459 
31.936803474743101 
31.936803643936969 
31.936803813103097 
31.936803983148252 
31.936804153044932 
31.936804323183651 
31.936804492041119 
31.936804659123027 
31.936804826782804 
31.936804992515249 
31.936805155651655 
31.936805316701111 
31.936805476744894 
31.936805632665937 
31.936805786516516 
31.936805937795384 
31.936806085375679 
31.936806228835849 
31.936806369338001 
31.936806505741970 
31.936806638154621 
31.936806765392930 
31.936806887375838 
31.936807005066839 
31.936807117171838 
31.936807224447421 
31.936807325399059 
31.936807419764705 
31.936807508740230 
31.936807592181026 
31.936807668621213 
31.936807739335450 
31.936807802631961 
31.936807858783027 
31.936807908892433 
31.936807951677110 
31.936807986828626 
31.936808015200768 
31.936808036969637 
31.936808051488015 
31.936808059466102 
31.936808060195403 
31.936808055049823 
31.936808042294956 
31.936808023389290 
31.936807997786332 
31.936807966578613 
31.936807931142425 
31.936807889497686 
31.936807842334360 
31.936807790367084 
31.936807734543777 
31.936807674946408 
31.936807610791902 
31.936807543739064 
31.936807473057797 
31.936807399133272 
31.936807322826894 
31.936807244022930 
31.936807162576656 
31.936807079527512 
31.936806994373910 
31.936806907470668 
31.936806818585865 
31.936806730233798 
31.936806640253963 
31.936806548995264 
31.936806458128899 
31.936806367556756 
31.936806274474975 
31.936806181048382 
31.936806088640878 
31.936805994710653 
31.936805900890818 
31.936805808294139 
31.936805714591401 
31.936805622199358 
31.936805530474203 
31.936805438817487 
31.936805346526853 
31.936805255730974 
31.936805165513192 
31.936805075914435 
31.936804987133883 
31.936804899031358 
31.936804810701119 
31.936804723611431 
31.936804638804006 
31.936804554289893 
31.936804472727204 
31.936804391694295 
31.936804311859760 
31.936804234977330 
31.936804159068629 
31.936804086602706 
31.936804014818222 
31.936803946231180 
31.936803880163097 
31.936803816018369 
31.936803755341657 
31.936803697645473 
31.936803641901406 
31.936803590273030 
31.936803541227164 
31.936803495577237 
31.936803454149185 
31.936803416186194 
31.936803381241020 
31.936803349565707 
31.936803321992102 
31.936803298111045 
31.936803278449815 
31.936803262017293 
31.936803248944216 
31.936803240648828 
31.936803236800984 
31.936803236824858 
31.936803241594134 
31.936803250130083 
31.936803261966588 
31.936803278426623 
31.936803298507130 
31.936803323367030 
31.936803350003174 
31.936803381551044 
31.936803416550902 
31.936803455868130 
31.936803498640757 
31.936803544813642 
31.936803594599951 
31.936803647592228 
31.936803703157238 
31.936803763112948 
31.936803824691538 
31.936803891250293 
31.936803959288682 
31.936804030268718 
31.936804103793065 
31.936804180751665 
31.936804259726500 
31.936804340488379 
31.936804423775925 
31.936804508521845 
31.936804595496596 
31.936804684114577 
31.936804774294160 
31.936804865552631 
31.936804958920675 
31.936805052527575 
31.936805148514395 
31.936805244159245 
31.936805340479964 
31.936805437188241 
31.936805535334656 
31.936805634062466 
31.936805732320181 
31.936805831321863 
31.936805930526134 
31.936806030253365 
31.936806130309606 
31.936806230098227 
31.936806329521232 
31.936806429173316 
31.936806527620547 
31.936806625189092 
31.936806722443976 
31.936806818252990 
31.936806914448198 
31.936807011160909 
31.936807106953211 
31.936807201247120 
31.936807295824678 
31.936807390090962 
31.936807482824975 
31.936807574745558 
31.936807665644324 
31.936807758035684 
31.936807847793830 
31.936807937435674 
31.936808026547737 
31.936808114262135 
31.936808201169470 
31.936808287898771 
31.936808373274744 
31.936808459022473 
31.936808543205757 
31.936808627237951 
31.936808710502191 
31.936808794012904 
31.936808876763166 
31.936808957936478 
31.936809039914124 
31.936809121242050 
31.936809203359871 
31.936809284890387 
31.936809366152715 
31.936809447386167 
31.936809528144522 
31.936809609455736 
31.936809690194195 
31.936809770874106 
31.936809851791963 
31.936809933044287 
31.936810013978175 
31.936810096167505 
31.936810179883764 
31.936810263021016 
31.936810346152697 
31.936810428764261 
31.936810512746320 
31.936810597366048 
31.936810681981001 
31.936810767564907 
31.936810853665406 
31.936810940668465 
31.936811027859449 
31.936811115903083 
31.936811204751280 
31.936811295534312 
31.936811386310183 
31.936811477967467 
31.936811570506279 
31.936811665313712 
31.936811758496674 
31.936811853497375 
31.936811949955313 
31.936812047103217 
31.936812143657562 
31.936812242556698 
31.936812340930828 
31.936812441459324 
31.936812543085694 
31.936812644796191 
31.936812748383090 
31.936812852202820 
31.936812958043902 
31.936813064239459 
31.936813171360427 
31.936813279059379 
31.936813387651682 
31.936813496271043 
31.936813607193471 
31.936813718391022 
31.936813830564802 
31.936813944003461 
31.936814057254196 
31.936814170881576 
31.936814285124342 
31.936814400904495 
31.936814517545599 
31.936814634507641 
31.936814751461043 
31.936814870061426 
31.936814988453762 
31.936815107745360 
31.936815226559474 
31.936815345280365 
31.936815464718165 
31.936815584898454 
31.936815705314871 
31.936815826391467 
31.936815947295372 
31.936816067497034 
31.936816188125704 
31.936816309729920 
31.936816431660304 
31.936816553062727 
31.936816674676379 
31.936816796089715 
31.936816917243505 
31.936817038496656 
31.936817159679094 
31.936817281274330 
31.936817402889574 
31.936817524241633 
31.936817644765483 
31.936817764991133 
31.936817885939377 
31.936818007733109 
31.936818127476499 
31.936818248125633 
31.936818367807064 
31.936818488579434 
31.936818608645467 
31.936818728319167 
31.936818848194207 
31.936818967462841 
31.936819087004665 
31.936819205106531 
31.936819324256248 
31.936819442292290 
31.936819560247159 
31.936819678635970 
31.936819796208852 
31.936819912783903 
31.936820028756756 
31.936820144830449 
31.936820260838772 
31.936820376888932 
31.936820492044717 
31.936820608852031 
31.936820723593542 
31.936820837739333 
31.936820951797699 
31.936821064848573 
31.936821177489151 
31.936821290902344 
31.936821403289628 
31.936821514163967 
31.936821624748291 
31.936821735090120 
31.936821845395343 
31.936821953541880 
31.936822061858493 
31.936822168739582 
31.936822275410577 
31.936822381152979 
31.936822485307857 
31.936822587922393 
31.936822690232248 
31.936822791081568 
31.936822890551525 
31.936822987964206 
31.936823084008552 
31.936823177596011 
31.936823270269542 
31.936823361515735 
31.936823450985116 
31.936823538942690 
31.936823623909277 
31.936823708158272 
31.936823789197661 
31.936823868321198 
31.936823945607557 
31.936824020599261 
31.936824092194001 
31.936824160786955 
31.936824228235082 
31.936824293682321 
31.936824355870044 
31.936824416869399 
31.936824474330024 
31.936824529053638 
31.936824580918255 
31.936824630610545 
31.936824677973163 
31.936824720958839 
31.936824763221125 
31.936824803808463 
31.936824841853650 
31.936824877478784 
31.936824910390897 
31.936824941708551 
31.936824970977113 
31.936824998271732 
31.936825022788980 
31.936825046017930 
31.936825066732922 
31.936825085202599 
31.936825103033129 
31.936825119331274 
31.936825133788602 
31.936825145755279 
31.936825156804161 
31.936825166234712 
31.936825173816260 
31.936825179607695 
31.936825183665292 
31.936825185228827 
31.936825186149576 
31.936825184302620 
31.936825180373262 
31.936825174489513 
31.936825165726759 
31.936825156896134 
31.936825145036437 
31.936825130099578 
31.936825113630448 
31.936825093918742 
31.936825072818465 
31.936825050377593 
31.936825024770314 
31.936824996095766 
31.936824965955338 
31.936824934312995 
31.936824900895544 
31.936824864411733 
31.936824826530938 
31.936824788172771 
31.936824748100094 
31.936824707402138 
31.936824666618804 
31.936824624639030 
31.936824583701195 
31.936824542688214 
31.936824503095067 
31.936824464864117 
31.936824428934415 
31.936824394392374 
31.936824362463994 
31.936824333395180 
31.936824305975051 
31.936824282631733 
31.936824261088532 
31.936824243218894 
31.936824227776242 
31.936824214241824 
31.936824202910657 
31.936824193631651 
31.936824184674833 
31.936824175911738 
31.936824168695239 
31.936824160653032 
31.936824153596490 
31.936824146617596 
31.936824141729858 
31.936824136386576 
31.936824132858646 
31.936824129646197 
31.936824128635863 
31.936824129700426 
31.936824133811569 
31.936824140996009 
31.936824148743767 
31.936824160554579 
31.936824175381616 
31.936824192494669 
31.936824212394072 
31.936824235064023 
31.936824260195976 
31.936824288383264 
31.936824319626567 
31.936824352091890 
31.936824387498746 
31.936824426772432 
31.936824468652162 
31.936824513728538 
31.936824560206787 
31.936824609441828 
31.936824662319623 
31.936824718190792 
31.936824777291577 
31.936824839655628 
31.936824905150615 
31.936824972695149 
31.936825043538306 
31.936825115902593 
31.936825190309719 
31.936825267964650 
31.936825348877846 
31.936825429973169 
31.936825513187159 
31.936825597874417 
31.936825683203097 
31.936825768509379 
31.936825853779965 
31.936825939712776 
31.936826024630932 
31.936826110507354 
31.936826196030779 
31.936826281585354 
31.936826367881736 
31.936826451528532 
31.936826534776060 
31.936826619108501 
31.936826702608187 
31.936826785861513 
31.936826868456137 
31.936826950841805 
31.936827033970076 
31.936827115264350 
31.936827197318848 
31.936827279387444 
31.936827362761960 
31.936827444716073 
31.936827527034325 
31.936827609297325 
31.936827691350231 
31.936827771971139 
31.936827851856719 
31.936827933004679 
31.936828012625483 
31.936828090563040 
31.936828168328702 
31.936828245181232 
31.936828321895746 
31.936828398537159 
31.936828474097638 
31.936828549649817 
31.936828624330246 
31.936828698608906 
31.936828772003196 
31.936828843774265 
31.936828914329453 
31.936828985668399 
31.936829055394810 
31.936829124261180 
31.936829191854940 
31.936829258491912 
31.936829324135260 
31.936829389377181 
31.936829453225869 
31.936829515488625 
31.936829576893956 
31.936829638060999 
31.936829698646875 
31.936829758142039 
31.936829816874024 
31.936829874907971 
31.936829931427042 
31.936829989077410 
31.936830045521901 
31.936830100765178 
31.936830156060523 
31.936830210834387 
31.936830266396782 
31.936830321296156 
31.936830375792397 
31.936830430478039 
31.936830483561607 
31.936830537098785 
31.936830589941792 
31.936830642200789 
31.936830694526520 
31.936830747418071 
31.936830800133976 
31.936830852456524 
31.936830905326360 
31.936830957821940 
31.936831010747596 
31.936831064792727 
31.936831116643589 
31.936831169128936 
31.936831222750470 
31.936831276511157 
31.936831330827999 
31.936831384078687 
31.936831438640297 
31.936831492382566 
31.936831546057192 
31.936831600717937 
31.936831654263983 
31.936831709438366 
31.936831763838427 
31.936831820474481 
31.936831875777671 
31.936831931008442 
31.936831985106664 
31.936832039877913 
31.936832094525016 
31.936832148780127 
31.936832204655843 
31.936832259229845 
31.936832314710955 
31.936832369246076 
31.936832424852241 
31.936832479296982 
31.936832535094481 
31.936832589872438 
31.936832645417439 
31.936832700197897 
31.936832755155365 
31.936832809796783 
31.936832863584868 
31.936832918367145 
31.936832973104970 
31.936833026538125 
31.936833079658300 
31.936833132377387 
31.936833184438228 
31.936833236901407 
31.936833288468847 
31.936833339067675 
31.936833389469825 
31.936833440171085 
31.936833488938305 
31.936833537811253 
31.936833586638841 
31.936833634157665 
31.936833680362952 
31.936833726134523 
31.936833772107661 
31.936833817031129 
31.936833862232561 
31.936833905661160 
31.936833947950731 
31.936833989503384 
31.936834030019099 
31.936834070487521 
31.936834108898893 
31.936834147093577 
31.936834183174028 
31.936834218055765 
31.936834251606342 
31.936834284343036 
31.936834316123850 
31.936834346165369 
31.936834375328772 
31.936834404745696 
31.936834430863883 
31.936834456899419 
31.936834482110612 
31.936834505112301 
31.936834527883320 
31.936834549106834 
31.936834569643224 
31.936834589714067 
31.936834607519927 
31.936834623910954 
31.936834638888740 
31.936834653011033 
31.936834665852984 
31.936834677178240 
31.936834687155965 
31.936834695520247 
31.936834701946509 
31.936834708263973 
31.936834713377266 
31.936834716295266 
31.936834719332865 
31.936834720031356 
31.936834720579213 
31.936834718431783 
31.936834714986844 
31.936834710138783 
31.936834704129183 
31.936834696709752 
31.936834687373789 
31.936834678523155 
31.936834667719722 
31.936834655668918 
31.936834643295583 
31.936834629606778 
31.936834614691065 
31.936834598188511 
31.936834579716560 
31.936834560600460 
31.936834541472308 
31.936834520607817 
31.936834499416136 
31.936834475857836 
31.936834450895731 
31.936834425872348 
31.936834399286909 
31.936834372370868 
31.936834343562850 
31.936834314003590 
31.936834283722987 
31.936834251884306 
31.936834219708317 
31.936834186846227 
31.936834151873086 
31.936834116932232 
31.936834081765937 
31.936834045056003 
31.936834008126425 
31.936833969370468 
31.936833929960358 
31.936833889254331 
31.936833849052505 
31.936833808107167 
31.936833765749725 
31.936833722861820 
31.936833680073960 
31.936833635874109 
31.936833590354922 
31.936833545125864 
31.936833498737087 
31.936833452564997 
31.936833406554342 
31.936833359278239 
31.936833311618102 
31.936833263585640 
31.936833214448598 
31.936833165877260 
31.936833115596528 
31.936833065830115 
31.936833016685910 
31.936832966876864 
31.936832915476998 
31.936832864789949 
31.936832812472630 
31.936832761165306 
31.936832709055807 
31.936832656146180 
31.936832603346375 
31.936832550177655 
31.936832496471538 
31.936832442664809 
31.936832388607627 
31.936832335766553 
31.936832282219484 
31.936832228374669 
31.936832174526785 
31.936832119375822 
31.936832063889597 
31.936832008845272 
31.936831953992282 
31.936831898960691 
31.936831844237759 
31.936831789755161 
31.936831734531097 
31.936831680182650 
31.936831624054889 
31.936831570144022 
31.936831515318545 
31.936831461103111 
31.936831407279669 
31.936831351898604 
31.936831297076651 
31.936831242421022 
31.936831187972757 
31.936831133003579 
31.936831077829993 
31.936831023603645 
31.936830968774530 
31.936830914898565 
31.936830862195393 
31.936830809995627 
31.936830756274276 
31.936830703332134 
31.936830649726744 
31.936830596864297 
31.936830544344502 
31.936830491959313 
31.936830438823790 
31.936830386657675 
31.936830334937895 
31.936830283397285 
31.936830230707756 
31.936830179160552 
31.936830127475218 
31.936830076762476 
31.936830025786321 
31.936829974322450 
31.936829923784444 
31.936829872942099 
31.936829821992546 
31.936829771207385 
31.936829720383344 
31.936829669920371 
31.936829618901243 
31.936829568098915 
31.936829517923798 
31.936829468593601 
31.936829419698370 
31.936829369715952 
31.936829319608023 
31.936829269275108 
31.936829220029040 
31.936829171188037 
31.936829122566678 
31.936829074030811 
31.936829024842268 
31.936828977042410 
31.936828928824070 
31.936828881283873 
31.936828833209347 
31.936828785879015 
31.936828739078805 
31.936828691726873 
31.936828645104811 
31.936828598141915 
31.936828551405142 
31.936828505436551 
31.936828459744561 
31.936828414500496 
31.936828369960494 
31.936828325276792 
31.936828280133568 
31.936828235704525 
31.936828191734776 
31.936828148008090 
31.936828105794575 
31.936828062876657 
31.936828020431221 
31.936827977144048 
31.936827936725081 
31.936827896181967 
31.936827856312789 
31.936827817632661 
31.936827779848841 
31.936827741566731 
31.936827705676365 
31.936827668808633 
31.936827633822418 
31.936827598869741 
31.936827565425460 
31.936827532712414 
31.936827499837364 
31.936827467254943 
31.936827437178295 
31.936827407249780 
31.936827379990746 
31.936827352293562 
31.936827327306446 
31.936827303168684 
31.936827279349700 
31.936827256718175 
31.936827236463614 
31.936827216206552 
31.936827196396848 
31.936827178497538 
31.936827163536009 
31.936827149094711 
31.936827135888734 
31.936827124544607 
31.936827113878621 
31.936827105085968 
31.936827097857417 
31.936827091820760 
31.936827087178244 
31.936827083753997 
31.936827081899878 
31.936827082720924 
31.936827084059587 
31.936827087755319 
31.936827092543354 
31.936827097881519 
31.936827104666918 
31.936827112720152 
31.936827122297700 
31.936827134799842 
31.936827148211705 
31.936827162710188 
31.936827179731154 
31.936827197444927 
31.936827216649135 
31.936827237441321 
31.936827258939161 
31.936827282904574 
31.936827307927047 
31.936827335084899 
31.936827361831206 
31.936827390913777 
31.936827421177441 
31.936827451721001 
31.936827482957824 
31.936827514773427 
31.936827548031943 
31.936827582187334 
31.936827616898995 
31.936827651404542 
31.936827686879951 
31.936827723120814 
31.936827759802441 
31.936827796410284 
31.936827833348843 
31.936827871365722 
31.936827908961959 
31.936827945982486 
31.936827981802708 
31.936828018403958 
31.936828054739863 
31.936828089068740 
31.936828122776205 
31.936828154798604 
31.936828186869775 
31.936828216537265 
31.936828245152128 
31.936828272907178 
31.936828298938394 
31.936828322856059 
31.936828344849005 
31.936828364443386 
31.936828382319845 
31.936828398175635 
31.936828411082388 
31.936828422507688 
31.936828431014419 
31.936828437864733 
31.936828441211560 
31.936828443090576 
31.936828442916976 
31.936828438954990 
31.936828433491087 
31.936828425985141 
31.936828418030245 
31.936828408562064 
31.936828397398131 
31.936828384569253 
31.936828372357695 
31.936828357326249 
31.936828342866193 
31.936828328822003 
31.936828315175717 
31.936828302282038 
31.936828288967035 
31.936828275778453 
31.936828262548829 
31.936828250267354 
31.936828238937096 
31.936828227270667 
31.936828217522361 
31.936828207465169 
31.936828199058709 
31.936828190705683 
31.936828183237026 
31.936828176437871 
31.936828168341890 
31.936828162234633 
31.936828155265630 
31.936828149979192 
31.936828144800756 
31.936828139311729 
31.936828133826566 
31.936828129687456 
31.936828125698526 
31.936828120958694 
31.936828117223172 
31.936828113220713 
31.936828109106500 
31.936828106937583 
31.936828103487869 
31.936828101705032 
31.936828097854459 
31.936828095659280 
31.936828093290274 
31.936828090271320 
31.936828087073650 
31.936828083795945 
31.936828080562464 
31.936828077119571 
31.936828072533217 
31.936828067639340 
31.936828062129734 
31.936828056669356 
31.936828050646000 
31.936828044387084 
31.936828037094756 
31.936828030301285 
31.936828023326484 
31.936828014863863 
31.936828005987536 
31.936827997230921 
31.936827987553784 
31.936827976801396 
31.936827965645080 
31.936827952845533 
31.936827940080434 
31.936827926304886 
31.936827912278773 
31.936827896175828 
31.936827880004785 
31.936827863319763 
31.936827845523339 
31.936827825671116 
31.936827804761833 
31.936827783181457 
31.936827760976257 
31.936827737498561 
31.936827711623664 
31.936827685762182 
31.936827658379570 
31.936827629624645 
31.936827601290815 
31.936827571354229 
31.936827540660147 
31.936827507972680 
31.936827474919369 
31.936827439432250 
31.936827405027202 
31.936827368629338 
31.936827330729443 
31.936827290606743 
31.936827250020997 
31.936827207780198 
31.936827164055671 
31.936827120632302 
31.936827075086512 
31.936827027458548 
31.936826979042053 
31.936826930058942 
31.936826879505475 
31.936826828345602 
31.936826776748717 
31.936826724079197 
31.936826669478251 
31.936826614342635 
31.936826558458279 
31.936826501122255 
31.936826442742813 
31.936826382674667 
31.936826321416902 
31.936826258991232 
31.936826195673120 
31.936826132218130 
31.936826068042592 
31.936826001968484 
31.936825935666320 
31.936825867988318 
31.936825798716654 
31.936825727924315 
31.936825657042164 
31.936825584488133 
31.936825511185134 
31.936825436733329 
31.936825363038224 
31.936825288139289 
31.936825211080645 
31.936825133182765 
31.936825054308201 
31.936824975267427 
31.936824894346387 
31.936824814606325 
31.936824732043533 
31.936824648545553 
31.936824566021528 
31.936824482283100 
31.936824397714872 
31.936824312032059 
31.936824225029113 
31.936824138242173 
31.936824050207747 
31.936823960779634 
31.936823870910644 
31.936823780037230 
31.936823688309687 
31.936823596680028 
31.936823504255813 
31.936823411197793 
31.936823316852497 
31.936823222026987 
31.936823126672948 
31.936823030439768 
31.936822934019119 
31.936822837512636 
31.936822739544027 
31.936822642367702 
31.936822544727988 
31.936822446424685 
31.936822346992926 
31.936822248199633 
31.936822150121202 
31.936822050121805 
31.936821950205058 
31.936821850883689 
31.936821752912010 
31.936821654324262 
31.936821555284041 
31.936821456682310 
31.936821358322277 
31.936821260818874 
31.936821162457477 
31.936821067165170 
31.936820971244288 
31.936820875618423 
31.936820781422625 
31.936820689952583 
31.936820598814847 
31.936820509713243 
31.936820421813650 
31.936820334737604 
31.936820248467029 
31.936820164499863 
31.936820081781661 
31.936820001330148 
31.936819923009693 
31.936819845493915 
31.936819771490491 
31.936819697245483 
31.936819625938938 
31.936819556528235 
31.936819488715855 
31.936819422417784 
31.936819358416415 
31.936819294919360 
31.936819233490155 
31.936819174406082 
31.936819115753678 
31.936819059187201 
31.936819002920288 
31.936818947684628 
31.936818893357326 
31.936818841084232 
31.936818788982691 
31.936818737527574 
31.936818687245477 
31.936818636036037 
31.936818585724041 
31.936818536768669 
31.936818487307050 
31.936818439657941 
31.936818391930501 
31.936818345183042 
31.936818299040283 
31.936818255144544 
31.936818211214586 
31.936818167758929 
31.936818126532671 
31.936818086520020 
31.936818046792723 
31.936818008804266 
31.936817971564437 
31.936817936734883 
31.936817902841312 
31.936817871795938 
31.936817840979643 
31.936817812825325 
31.936817784514801 
31.936817757689255 
31.936817733006137 
31.936817709425441 
31.936817689017516 
31.936817669992706 
31.936817653156595 
31.936817637257491 
31.936817622216381 
31.936817610649086 
31.936817599793585 
31.936817590802320 
31.936817583300353 
31.936817578275964 
31.936817574190172 
31.936817571608799 
31.936817568805964 
31.936817569013556 
31.936817571280926 
31.936817573135158 
31.936817578914315 
31.936817585816925 
31.936817592472380 
31.936817601130429 
31.936817610676940 
31.936817622890544 
31.936817636408705 
31.936817649250770 
31.936817663099191 
31.936817678125976 
31.936817693874900 
31.936817710371997 
31.936817729744689 
31.936817748221301 
31.936817768599894 
31.936817788675853 
31.936817809700642 
31.936817831839107 
31.936817854887408 
31.936817878180477 
31.936817900840651 
31.936817924148613 
31.936817947467262 
31.936817970722814 
31.936817994199600 
31.936818019057796 
31.936818042352570 
31.936818066135856 
31.936818088856512 
31.936818110807508 
31.936818132933922 
31.936818154155162 
31.936818176243833 
31.936818197231901 
31.936818217684731 
31.936818236510135 
31.936818254941500 
31.936818272478945 
31.936818289094958 
31.936818304942562 
31.936818320155226 
31.936818334276950 
31.936818347004419 
31.936818361247560 
31.936818374953759 
31.936818385979109 
31.936818397497404 
31.936818408420663 
31.936818417804943 
31.936818427126127 
31.936818435110240 
31.936818442363574 
31.936818448778581 
31.936818454422678 
31.936818458592143 
31.936818463708050 
31.936818468672300 
31.936818472145774 
31.936818475994414 
31.936818478775422 
31.936818481074852 
31.936818482380545 
31.936818484032187 
31.936818486728384 
31.936818488943800 
31.936818492307566 
31.936818495811622 
31.936818499238370 
31.936818503160680 
31.936818508363672 
31.936818512749596 
31.936818518338100 
31.936818525574836 
31.936818532863526 
31.936818540213153 
31.936818547693406 
31.936818556017215 
31.936818564689929 
31.936818575268717 
31.936818586073969 
31.936818597600677 
31.936818609311558 
31.936818621190810 
31.936818634818337 
31.936818648328654 
31.936818662897963 
31.936818677994097 
31.936818693882287 
31.936818709021964 
31.936818725862622 
31.936818741974207 
31.936818759491757 
31.936818775576398 
31.936818792545182 
31.936818810890941 
31.936818827489105 
31.936818845637163 
31.936818863466328 
31.936818880296187 
31.936818898310207 
31.936818915709750 
31.936818933136237 
31.936818949964504 
31.936818968257853 
31.936818985325544 
31.936819001155413 
31.936819017267112 
31.936819032012409 
31.936819045832749 
31.936819059991876 
31.936819072284379 
31.936819085052321 
31.936819095923283 
31.936819105729114 
31.936819115253115 
31.936819124508588 
31.936819132281698 
31.936819138429541 
31.936819143262255 
31.936819146727771 
31.936819150170891 
31.936819151402119 
31.936819151415534 
31.936819150117117 
31.936819147024153 
31.936819144154697 
31.936819139559361 
31.936819134334883 
31.936819125663078 
31.936819117330515 
31.936819107054134 
31.936819095279930 
31.936819082833722 
31.936819067562851 
31.936819052329952 
31.936819034374707 
31.936819014879347 
31.936818994627060 
31.936818972638207 
31.936818949191547 
31.936818923644978 
31.936818897569310 
31.936818870763091 
31.936818842923458 
31.936818813424793 
31.936818781489251 
31.936818748487553 
31.936818714084552 
31.936818678087775 
31.936818641539162 
31.936818603584470 
31.936818563271913 
31.936818522353860 
31.936818479312024 
31.936818435377177 
31.936818391323300 
31.936818345627671 
31.936818298455364 
31.936818249503290 
31.936818200081575 
31.936818150010254 
31.936818097939181 
31.936818044711913 
31.936817990352210 
31.936817935089721 
31.936817879911246 
31.936817822749731 
31.936817765188380 
31.936817706366810 
31.936817647786825 
31.936817586022926 
31.936817524218441 
31.936817462539238 
31.936817399955203 
31.936817336501235 
31.936817271932341 
31.936817207085141 
31.936817141355277 
31.936817075657018 
31.936817008923072 
31.936816941784400 
31.936816872544682 
31.936816803917168 
31.936816734320473 
31.936816663635796 
31.936816593569915 
31.936816522466643 
31.936816450993661 
31.936816379272386 
31.936816307423669 
31.936816235521178 
31.936816161997626 
31.936816089248282 
31.936816016519856 
31.936815943063721 
31.936815870911460 
31.936815797359486 
31.936815725175506 
31.936815652095333 
31.936815578330425 
31.936815505352570 
31.936815432491926 
31.936815359182106 
31.936815285424814 
31.936815211203566 
31.936815140163617 
31.936815066344366 
31.936814993245662 
31.936814919838980 
31.936814846363973 
31.936814774391678 
31.936814701797857 
31.936814630077947 
31.936814559205459 
31.936814487813194 
31.936814416908533 
31.936814346193842 
31.936814274703238 
31.936814204280040 
31.936814135980740 
31.936814067079581 
31.936813997966055 
31.936813929878326 
31.936813860609732 
31.936813793174110 
31.936813725083539 
31.936813657970447 
31.936813592544468 
31.936813525920229 
31.936813459953214 
31.936813394740284 
31.936813330672521 
31.936813265260753 
31.936813200842039 
31.936813137555305 
31.936813076168960 
31.936813014151994 
31.936812952170840 
31.936812890093506 
31.936812828198072 
31.936812767526590 
31.936812707912622 
31.936812647050601 
31.936812589324063 
31.936812531915507 
31.936812474633598 
31.936812417632837 
31.936812361322836 
31.936812305533749 
31.936812249600735 
31.936812195168272 
31.936812142785698 
31.936812088707825 
31.936812036464516 
31.936811985779968 
31.936811934952061 
31.936811885105158 
31.936811835821572 
31.936811786320277 
31.936811739493351 
31.936811692641641 
31.936811645362923 
31.936811599627845 
31.936811555083068 
31.936811513239149 
31.936811470306793 
31.936811428761303 
31.936811386945010 
31.936811347251364 
31.936811306662889 
31.936811268075530 
31.936811231110596 
31.936811194139636 
31.936811156456429 
31.936811120422249 
31.936811084045075 
31.936811049554535 
31.936811014478735 
31.936810977608047 
31.936810941020781 
31.936810904993990 
31.936810868937869 
31.936810832447691 
31.936810794661369 
31.936810754986482 
31.936810713987938 
31.936810673847845 
31.936810630896161 
31.936810587829314 
31.936810542477360 
31.936810494846668 
31.936810447293283 
31.936810398735020 
31.936810349552729 
31.936810297562033 
31.936810245361812 
31.936810192090320 
31.936810137529164 
31.936810083173555 
31.936810028737682 
31.936809974195853 
31.936809918921995 
31.936809864231122 
31.936809811665512 
31.936809759103994 
31.936809706921395 
31.936809656408059 
31.936809606020347 
31.936809557104652 
31.936809511299430 
31.936809466203613 
31.936809422000465 
31.936809379916895 
31.936809341522348 
31.936809303558562 
31.936809268939101 
31.936809236523004 
31.936809207323449 
31.936809180883756 
31.936809155722131 
31.936809133601400 
31.936809113833533 
31.936809095663307 
31.936809081556248 
31.936809069597075 
31.936809060207224 
31.936809052931721 
31.936809047874135 
31.936809044855636 
31.936809043396806 
31.936809044371103 
31.936809047512952 
31.936809052392618 
31.936809057323558 
31.936809066034812 
31.936809075213432 
31.936809087327447 
31.936809099217498 
31.936809114657308 
31.936809130266397 
31.936809147387976 
31.936809167854108 
31.936809188158691 
31.936809208468731 
31.936809230060703 
31.936809253548404 
31.936809278636360 
31.936809303083692 
31.936809329390258 
31.936809357139168 
31.936809386979803 
31.936809418877829 
31.936809451423755 
31.936809485492176 
31.936809521287273 
31.936809558462073 
31.936809596253283 
31.936809636293219 
31.936809676972416 
31.936809719817234 
31.936809764775262 
31.936809810452019 
31.936809858848164 
31.936809907783868 
31.936809958794697 
31.936810011365765 
31.936810064376687 
31.936810120740120 
31.936810178364340 
31.936810236098154 
31.936810297600005 
31.936810360223944 
31.936810423149950 
31.936810487764205 
31.936810553457917 
31.936810619596031 
31.936810686959120 
31.936810756572982 
31.936810826570991 
31.936810897945747 
31.936810970966008 
31.936811043647026 
31.936811117274033 
31.936811191749484 
31.936811267442863 
31.936811341489033 
31.936811416524620 
31.936811492008246 
31.936811568458097 
31.936811644945124 
31.936811721974550 
31.936811798243752 
31.936811873410193 
31.936811948038667 
31.936812022808454 
31.936812095886353 
31.936812168790084 
31.936812241515327 
31.936812313369387 
31.936812383508595 
31.936812453958851 
31.936812522823857 
31.936812590900445 
31.936812657981022 
31.936812724098672 
31.936812787718736 
31.936812850255365 
31.936812912556434 
31.936812973496444 
31.936813031456040 
31.936813089946895 
31.936813146868758 
31.936813203455586 
31.936813257979907 
31.936813311307787 
31.936813363315196 
31.936813414075800 
31.936813463740236 
31.936813511677428 
31.936813559138614 
31.936813606329679 
31.936813651909915 
31.936813696981631 
31.936813740607704 
31.936813782922854 
31.936813824531555 
31.936813863811722 
31.936813904561177 
31.936813944280175 
31.936813984604669 
31.936814023236479 
31.936814061505629 
31.936814100047741 
31.936814137813144 
31.936814173797188 
31.936814209634122 
31.936814247005373 
31.936814284306820 
31.936814320705707 
31.936814356321747 
31.936814392299084 
31.936814428186381 
31.936814463973406 
31.936814499865136 
31.936814535298822 
31.936814571666673 
31.936814607461429 
31.936814642331001 
31.936814678917244 
31.936814713400963 
31.936814748779398 
31.936814783922728 
31.936814819218512 
31.936814854689828 
31.936814889647962 
31.936814924924533 
31.936814959603225 
31.936814994524866 
31.936815028170372 
31.936815061649327 
31.936815096298233 
31.936815129595061 
31.936815164801260 
31.936815197133797 
31.936815228938826 
31.936815261975312 
31.936815294557050 
31.936815326494980 
31.936815357431897 
31.936815387975457 
31.936815419479899 
31.936815450053928 
31.936815479258371 
31.936815507824804 
31.936815536858944 
31.936815563985760 
31.936815591958407 
31.936815618845344 
31.936815644721150 
31.936815669350381 
31.936815693731319 
31.936815718056664 
31.936815740747875 
31.936815762776632 
31.936815784725809 
31.936815805845185 
31.936815826594284 
31.936815846186505 
31.936815864506343 
31.936815882661222 
31.936815899333055 
31.936815914898148 
31.936815929965178 
31.936815942985504 
31.936815955196948 
31.936815966816766 
31.936815977146807 
31.936815987495038 
31.936815998122938 
31.936816007156267 
31.936816015730301 
31.936816023073220 
31.936816030150453 
31.936816036459390 
31.936816041171824 
31.936816045399382 
31.936816049488129 
31.936816052317340 
31.936816054164410 
31.936816055637337 
31.936816056058206 
31.936816056368116 
31.936816055305599 
31.936816054855626 
31.936816051599635 
31.936816050360108 
31.936816048854325 
31.936816045325827 
31.936816041388965 
31.936816036281925 
31.936816030663522 
31.936816025127769 
31.936816017892056 
31.936816009752306 
31.936816003285799 
31.936815996035534 
31.936815988756962 
31.936815980756705 
31.936815972082059 
31.936815962798391 
31.936815953304290 
31.936815942674912 
31.936815933628850 
31.936815922639425 
31.936815912500606 
31.936815900992087 
31.936815889807576 
31.936815879065193 
31.936815867642281 
31.936815855344094 
31.936815844572379 
31.936815832221328 
31.936815820546371 
31.936815809710652 
31.936815796670430 
31.936815785091994 
31.936815774155320 
31.936815761843491 
31.936815748895810 
31.936815737485972 
31.936815726564760 
31.936815714830345 
31.936815703074217 
31.936815690362550 
31.936815677961249 
31.936815666232633 
31.936815655358487 
31.936815643522777 
31.936815632199114 
31.936815621613050 
31.936815609484484 
31.936815599800639 
31.936815588781428 
31.936815577992093 
31.936815567345093 
31.936815557242426 
31.936815547873721 
31.936815538640303 
31.936815529275236 
31.936815519903121 
31.936815511380019 
31.936815503915795 
31.936815493816766 
31.936815485644274 
31.936815477019536 
31.936815469179237 
31.936815461804827 
31.936815454100497 
31.936815448018478 
31.936815441006956 
31.936815434649361 
31.936815427465035 
31.936815422908921 
31.936815417464004 
31.936815412216674 
31.936815407224458 
31.936815401903232 
31.936815397048122 
31.936815392233257 
31.936815388006380 
31.936815382316809 
31.936815378648816 
31.936815375107017 
31.936815372404453 
31.936815369065471 
31.936815365539360 
31.936815361838171 
31.936815360145829 
31.936815357338219 
31.936815355635190 
31.936815354324608 
31.936815353176826 
31.936815351220957 
31.936815349654353 
31.936815347879929 
31.936815347403808 
31.936815346801723 
31.936815345337209 
31.936815344804245 
31.936815344831075 
31.936815345079822 
31.936815345003652 
31.936815345244213 
31.936815345215791 
31.936815345234209 
31.936815345647801 
31.936815347009770 
31.936815347163929 
31.936815348095024 
31.936815349338531 
31.936815351699124 
31.936815352212989 
31.936815354421924 
31.936815356465104 
31.936815356716352 
31.936815358061494 
31.936815360062837 
31.936815362261996 
31.936815363696496 
31.936815365883149 
31.936815366691690 
31.936815368082989 
31.936815369373562 
31.936815370502700 
31.936815371754847 
31.936815373629543 
31.936815375537890 
31.936815376735240 
31.936815379110840 
31.936815380139706 
31.936815381593306 
31.936815382726536 
31.936815384786541 
31.936815386322451 
31.936815387757406 
31.936815389814456 
31.936815392364451 
31.936815394896485 
31.936815395227313 
31.936815396832344 
31.936815398348472 
31.936815400258865 
31.936815402157890 
31.936815403023729 
31.936815404166055 
31.936815406429787 
31.936815408240818 
31.936815409307656 
31.936815410017289 
31.936815410771487 
31.936815412119131 
31.936815412733267 
31.936815413225986 
31.936815414883313 
31.936815415460615 
31.936815414966986 
31.936815414959028 
31.936815415886258 
31.936815416230047 
31.936815416282343 
31.936815416986519 
31.936815417724119 
31.936815418833703 
31.936815419523100 
31.936815420590165 
31.936815422077871 
31.936815422192012 
31.936815422736800 
31.936815423953021 
31.936815425423447 
31.936815425216992 
31.936815426113526 
31.936815427604188 
31.936815428437967 
31.936815429010949 
31.936815429307671 
31.936815430235811 
31.936815430944989 
31.936815432396543 
31.936815433988386 
31.936815436298957 
31.936815437787573 
31.936815439180464 
31.936815439758675 
31.936815441269573 
31.936815442424177 
31.936815443119485 
31.936815445237016 
31.936815445346838 
31.936815447542358 
31.936815449086680 
31.936815451634175 
31.936815453439749 
31.936815454992711 
31.936815457477678 
31.936815460300522 
31.936815462433970 
31.936815464721576 
31.936815467423003 
31.936815470418878 
31.936815473364049 
31.936815476488846 
31.936815479987672 
31.936815483001055 
31.936815486385740 
31.936815491195148 
31.936815494635994 
31.936815499886052 
31.936815504105880 
31.936815508502377 
31.936815514402724 
31.936815519963147 
31.936815525896918 
31.936815531313641 
31.936815536032782 
31.936815543008379 
31.936815547934430 
31.936815553324095 
31.936815560302875 
31.936815566223913 
31.936815573290460 
31.936815580193752 
31.936815587551337 
31.936815595438475 
31.936815602774686 
31.936815610431267 
31.936815617822958 
31.936815625215104 
31.936815632987191 
31.936815642287229 
31.936815650661856 
31.936815660088314 
31.936815668686222 
31.936815678372568 
31.936815688007528 
31.936815697650445 
31.936815706382731 
31.936815716799856 
31.936815726990972 
31.936815737921961 
31.936815747288392 
31.936815758270996 
31.936815769598979 
31.936815781261203 
31.936815792099424 
31.936815802942192 
31.936815814206057 
31.936815826202974 
31.936815838209668 
31.936815849976483 
31.936815861636205 
31.936815874500326 
31.936815886781460 
31.936815898337272 
31.936815910465384 
31.936815922935921 
31.936815936606081 
31.936815950109576 
31.936815963994377 
31.936815976846219 
31.936815991293315 
31.936816003847298 
31.936816016557486 
31.936816031255148 
31.936816044914849 
31.936816058823524 
31.936816073079171 
31.936816088283649 
31.936816102771900 
31.936816116509362 
31.936816130747275 
31.936816146221190 
31.936816160132594 
31.936816174142450 
31.936816188009971 
31.936816201667625 
31.936816216419402 
31.936816230936756 
31.936816244730153 
31.936816259132911 
31.936816273514069 
31.936816288251748 
31.936816301951467 
31.936816316230761 
31.936816331738328 
31.936816345377338 
31.936816360431067 
31.936816374733780 
31.936816388635407 
31.936816402473369 
31.936816417265391 
31.936816431174293 
31.936816443997941 
31.936816457272698 
31.936816471306201 
31.936816484706014 
31.936816497464861 
31.936816510745302 
31.936816524453434 
31.936816536609058 
31.936816549670539 
31.936816562661988 
31.936816576399679 
31.936816588754709 
31.936816602575846 
31.936816614009786 
31.936816624524909 
31.936816635885862 
31.936816647655178 
31.936816657881536 
31.936816667727044 
31.936816679207823 
31.936816689570151 
31.936816700405416 
31.936816710556059 
31.936816720432489 
31.936816729698194 
31.936816738817470 
31.936816748783031 
31.936816758836130 
31.936816768079780 
31.936816777013973 
31.936816785816291 
31.936816795003097 
31.936816804551654 
31.936816813092491 
31.936816821739285 
31.936816829755344 
31.936816837216611 
31.936816844475061 
31.936816851001367 
31.936816856113865 
31.936816862963269 
31.936816869369977 
31.936816877481988 
31.936816884256586 
31.936816889704915 
31.936816895898346 
31.936816902886676 
31.936816908839774 
31.936816914529345 
31.936816921889431 
31.936816927855489 
31.936816932331567 
31.936816937233743 
31.936816943476742 
31.936816947463740 
31.936816952218351 
31.936816955857921 
31.936816959922453 
31.936816965199569 
31.936816969865049 
31.936816973238365 
31.936816976416821 
31.936816979800824 
31.936816983394920 
31.936816986516078 
31.936816989738418 
31.936816995474146 
31.936817000279689 
31.936817004585691 
31.936817008571097 
31.936817011523317 
31.936817016245186 
31.936817020469334 
31.936817023976346 
31.936817027240068 
31.936817030687735 
31.936817033439866 
31.936817036104685 
31.936817040004371 
31.936817043858127 
31.936817046235319 
31.936817049648198 
31.936817052897140 
31.936817055018309 
31.936817058822044 
31.936817060695375 
31.936817065320383 
31.936817067854690 
31.936817071051792 
31.936817074000146 
31.936817077621981 
31.936817080619221 
31.936817083484584 
31.936817086381780 
31.936817089168926 
31.936817092765750 
31.936817095173410 
31.936817098332995 
31.936817101961879 
31.936817104449801 
31.936817106546187 
31.936817110869924 
31.936817113475172 
31.936817115290296 
31.936817117745704 
31.936817120358683 
31.936817123383662 
31.936817127304721 
31.936817129225801 
31.936817131140970 
31.936817134872399 
31.936817136334412 
31.936817139045161 
31.936817142993505 
31.936817146079420 
31.936817148470254 
31.936817151584592 
31.936817153897209 
31.936817157047244 
31.936817161403269 
31.936817165124239 
31.936817167706977 
31.936817169505048 
31.936817171445227 
31.936817173956570 
31.936817175866736 
31.936817178191177 
31.936817178964702 
31.936817181046081 
31.936817182991035 
31.936817185087875 
31.936817186918006 
31.936817187377073 
31.936817189595558 
31.936817192002309 
31.936817193507295 
31.936817194582318 
31.936817195092544 
31.936817195653020 
31.936817196037055 
31.936817196415859 
31.936817196860602 
31.936817197449272 
31.936817197929713 
31.936817198562039 
31.936817199240977 
31.936817199586585 
31.936817199741427 
31.936817200244604 
31.936817199780307 
31.936817199986535 
31.936817199990173 
31.936817199434245 
31.936817198550898 
31.936817196337643 
31.936817195193953 
31.936817194028436 
31.936817192389753 
31.936817189923431 
31.936817187461202 
31.936817184549000 
31.936817181477636 
31.936817179216405 
31.936817175300575 
31.936817172225119 
31.936817168163543 
31.936817164815920 
31.936817160446708 
31.936817156953111 
31.936817150830620 
31.936817146674912 
31.936817140540825 
31.936817135300771 
31.936817129400424 
31.936817123779974 
31.936817117467854 
31.936817111090704 
31.936817104717420 
31.936817097799803 
31.936817090630484 
31.936817082485277 
31.936817074343253 
31.936817066563663 
31.936817057459848 
31.936817049077490 
31.936817039886591 
31.936817031854162 
31.936817022362902 
31.936817011961239 
31.936817002454518 
31.936816992640388 
31.936816981989296 
31.936816970743166 
31.936816959377666 
31.936816948443720 
31.936816938396532 
31.936816925784797 
31.936816913577559 
31.936816900787562 
31.936816887776104 
31.936816875072964 
31.936816861809803 
31.936816848743547 
31.936816835063382 
31.936816822448918 
31.936816808331059 
31.936816794323931 
31.936816778901857 
31.936816763698062 
31.936816749630680 
31.936816734581043 
31.936816719162380 
31.936816704238481 
31.936816688184081 
31.936816673522344 
31.936816657347663 
31.936816641715495 
31.936816625184065 
31.936816609525295 
31.936816592893138 
31.936816574118438 
31.936816556907161 
31.936816539335950 
31.936816520314096 
31.936816500752229 
31.936816482415679 
31.936816464398134 
31.936816446299645 
31.936816427698659 
31.936816408427831 
31.936816389378919 
31.936816370827046 
31.936816352178766 
31.936816332421131 
31.936816313702593 
31.936816294068194 
31.936816274883085 
31.936816256099291 
31.936816235582910 
31.936816215559020 
31.936816195364145 
31.936816175119702 
31.936816154999406 
31.936816135264280 
31.936816114091016 
31.936816092933668 
31.936816073204682 
31.936816053853136 
31.936816033687819 
31.936816012858571 
31.936815992665288 
31.936815972052955 
31.936815950964956 
31.936815929979730 
31.936815909559755 
31.936815888873070 
31.936815868704343 
31.936815849447612 
31.936815828065619 
31.936815806678396 
31.936815786344141 
31.936815765227266 
31.936815744242494 
31.936815723642439 
31.936815702144258 
31.936815680246127 
31.936815660147431 
31.936815640250870 
31.936815619788149 
31.936815599788815 
31.936815579770609 
31.936815559829711 
31.936815539389954 
31.936815519392667 
31.936815500394005 
31.936815481284839 
31.936815462847562 
31.936815443293654 
31.936815424174256 
31.936815403441187 
31.936815383978001 
31.936815364814720 
31.936815344832212 
31.936815326191208 
31.936815305881737 
31.936815286680712 
31.936815268282317 
31.936815249293431 
31.936815231252012 
31.936815213181262 
31.936815194107794 
31.936815176217124 
31.936815158889658 
31.936815141345278 
31.936815124822715 
31.936815106293352 
31.936815089262382 
31.936815072232548 
31.936815056114710 
31.936815040165129 
31.936815024189627 
31.936815008620442 
31.936814991646315 
31.936814974694926 
31.936814958481591 
31.936814943227319 
31.936814928988042 
31.936814913953185 
31.936814898985176 
31.936814884792284 
31.936814870910894 
31.936814854878776 
31.936814840209536 
31.936814825877036 
31.936814812250532 
31.936814797965098 
31.936814784057333 
31.936814770105229 
31.936814756805461 
31.936814744800586 
31.936814732253652 
31.936814719579615 
31.936814706112045 
31.936814693681754 
31.936814682014301 
31.936814670890726 
31.936814659445417 
31.936814648773179 
31.936814637382895 
31.936814627147896 
31.936814615348567 
31.936814605659720 
31.936814595703936 
31.936814583599244 
31.936814572231924 
31.936814562562859 
31.936814552500664 
31.936814545075549 
31.936814537193868 
31.936814527611205 
31.936814518380061 
31.936814510779641 
31.936814502549623 
31.936814494943519 
31.936814488163009 
31.936814480932071 
31.936814088389383 
31.936813702198833 
31.936813322307216 
31.936812949997829 
31.936812582987159 
31.936812221455057 
31.936811867375354 
31.936811519417915 
31.936811177411300 
31.936810841167244 
31.936810511937665 
31.936810187085257 
31.936809868242563 
31.936809556018034 
31.936809250442593 
31.936808949217948 
31.936808655446157 
31.936808366991045 
31.936808083786218 
31.936807805953549 
31.936807534213585 
31.936807266305550 
31.936807004811499 
31.936806748659365 
31.936806496488771 
31.936806250376094 
31.936806010926603 
31.936805774828372 
31.936805545559309 
31.936805321019165 
31.936805101871869 
31.936804885976017 
31.936804675654912 
31.936804469021354 
31.936804267867956 
31.936804069790242 
31.936803878199953 
31.936803689594171 
31.936803505439002 
31.936803325705341 
31.936803149710613 
31.936802978336118 
31.936802810813560 
31.936802645559510 
31.936802485513226 
31.936802328821159 
31.936802175599951 
31.936802026167697 
31.936801879068753 
31.936801737207134 
31.936801596929627 
31.936801460247352 
31.936801326237628 
31.936801196667147 
31.936801069759895 
31.936800944040897 
31.936800823156318 
31.936800703837434 
31.936800586562413 
31.936800472994491 
31.936800361405403 
31.936800252547073 
31.936800145374264 
31.936800041814649 
31.936799941014669 
31.936799841208085 
31.936799743316669 
31.936799648055512 
31.936799554586059 
31.936799462353974 
31.936799373555004 
31.936799285378356 
31.936799199260804 
31.936799114720088 
31.936799031380588 
31.936798949926242 
31.936798869974155 
31.936798790982493 
31.936798713332109 
31.936798637145557 
31.936798562374861 
31.936798487731039 
31.936798415651310 
31.936798342577049 
31.936798270190138 
31.936798199330724 
31.936798128421060 
31.936798059235571 
31.936797991105550 
31.936797924180610 
31.936797857232023 
31.936797791291383 
31.936797725944189 
31.936797661265700 
31.936797597007853 
31.936797533370509 
31.936797469735438 
31.936797407552376 
31.936797344889328 
31.936797283358374 
31.936797221711913 
31.936797160247579 
31.936797098840543 
31.936797037598126 
31.936796976850019 
31.936796916401136 
31.936796856150750 
31.936796795845112 
31.936796736210454 
31.936796677443226 
31.936796616929087 
31.936796555985666 
31.936796496719580 
31.936796437754765 
31.936796378964118 
31.936796320327403 
31.936796261858717 
31.936796203728818 
31.936796144967502 
31.936796086997219 
31.936796028512163 
31.936795970089179 
31.936795911409718 
31.936795853119065 
31.936795794242698 
31.936795735804481 
31.936795676353313 
31.936795618490578 
31.936795560461178 
31.936795502195537 
31.936795443298024 
31.936795386235417 
31.936795328355629 
31.936795269673894 
31.936795212139714 
31.936795153634648 
31.936795095193929 
31.936795037637239 
31.936794979781780 
31.936794923712114 
31.936794866632681 
31.936794810641231 
31.936794753962204 
31.936794697315918 
31.936794641144161 
31.936794583808705 
31.936794528974588 
31.936794472414476 
31.936794416836165 
31.936794361206466 
31.936794305271633 
31.936794251035735 
31.936794196728897 
31.936794142735152 
31.936794088817578 
31.936794036743095 
31.936793984309134 
31.936793932464525 
31.936793881299991 
31.936793829703220 
31.936793778510491 
31.936793729607189 
31.936793680550409 
31.936793631710771 
31.936793582388873 
31.936793533974196 
31.936793485888074 
31.936793438364930 
31.936793391209449 
31.936793344679018 
31.936793299350938 
31.936793253772066 
31.936793208173867 
31.936793164525852 
31.936793121155006 
31.936793078239134 
31.936793036590643 
31.936792994834832 
31.936792954502835 
31.936792914950956 
31.936792876131221 
31.936792838600468 
31.936792800934882 
31.936792764066467 
31.936792728228511 
31.936792693385087 
31.936792659308821 
31.936792625123189 
31.936792591951644 
31.936792560470167 
31.936792530291086 
31.936792500058118 
31.936792471208264 
31.936792443933655 
31.936792418060577 
31.936792392870530 
31.936792367048611 
31.936792344051355 
31.936792322045676 
31.936792300156185 
31.936792278580469 
31.936792259603635 
31.936792240687737 
31.936792223090379 
31.936792205716301 
31.936792189287871 
31.936792174942866 
31.936792162018492 
31.936792148587529 
31.936792137369821 
31.936792127527497 
31.936792117222240 
31.936792107309202 
31.936792098735850 
31.936792090972176 
31.936792083804448 
31.936792078810186 
31.936792074183131 
31.936792070006504 
31.936792067053602 
31.936792066860789 
31.936792066630915 
31.936792067146826 
31.936792068148407 
31.936792069705234 
31.936792072726348 
31.936792077030987 
31.936792081721251 
31.936792088122274 
31.936792094458497 
31.936792101781975 
31.936792109628414 
31.936792117748155 
31.936792126204864 
31.936792135332325 
31.936792145105073 
31.936792156973070 
31.936792168427473 
31.936792181615147 
31.936792194190730 
31.936792209325631 
31.936792225284989 
31.936792239752776 
31.936792256062745 
31.936792273486162 
31.936792290919129 
31.936792309677912 
31.936792326815066 
31.936792345599315 
31.936792364600933 
31.936792384580940 
31.936792402934088 
31.936792423172847 
31.936792442696287 
31.936792462935273 
31.936792483692443 
31.936792505685617 
31.936792526659474 
31.936792548141284 
31.936792569333875 
31.936792591735184 
31.936792613728585 
31.936792635158781 
31.936792657844308 
31.936792679564860 
31.936792700912520 
31.936792722581458 
31.936792745235380 
31.936792765210157 
31.936792786948672 
31.936792809225153 
31.936792830603054 
31.936792852822691 
31.936792873555760 
31.936792895293820 
31.936792915164688 
31.936792934467121 
31.936792953792292 
31.936792972846206 
31.936792990834192 
31.936793008533641 
31.936793026141913 
31.936793042363206 
31.936793059367346 
31.936793074263505 
31.936793089330877 
31.936793103223181 
31.936793116444051 
31.936793128498493 
31.936793140699365 
31.936793151280654 
31.936793161224159 
31.936793171270892 
31.936793179139841 
31.936793185404895 
31.936793191600827 
31.936793196248345 
31.936793199537988 
31.936793201821729 
31.936793203839898 
31.936793203674597 
31.936793201773753 
31.936793198086662 
31.936793194797701 
31.936793190258868 
31.936793184780981 
31.936793177959771 
31.936793168748864 
31.936793157648481 
31.936793144614512 
31.936793131631021 
31.936793115836053 
31.936793099704119 
31.936793081530823 
31.936793062266588 
31.936793040554676 
31.936793017537184 
31.936792992128176 
31.936792965783070 
31.936792936497568 
31.936792906916025 
31.936792875082347 
31.936792841119541 
31.936792805895266 
31.936792767849738 
31.936792728214641 
31.936792686741910 
31.936792643982699 
31.936792598912234 
31.936792551426606 
31.936792502496928 
31.936792451426982 
31.936792397821364 
31.936792341691898 
31.936792284344619 
31.936792223755901 
31.936792161486892 
31.936792095877308 
31.936792030332981 
31.936791960812798 
31.936791890151426 
31.936791816171763 
31.936791741518391 
31.936791663300255 
31.936791582304977 
31.936791499862238 
31.936791414177151 
31.936791326324055 
31.936791236363888 
31.936791144088602 
31.936791048567784 
31.936790951970579 
31.936790853424327 
31.936790752275556 
31.936790646127520 
31.936790539002686 
31.936790429538405 
31.936790317732175 
31.936790203226110 
31.936790087571580 
31.936789966357537 
31.936789844170335 
31.936789719697117 
31.936789594004040 
31.936789463747800 
31.936789332093213 
31.936789198619408 
31.936789062584921 
31.936788923019094 
31.936788781530595 
31.936788637336349 
31.936788490767185 
31.936788341266720 
31.936788189630306 
31.936788035334303 
31.936787877954885 
31.936787719513632 
31.936787557180423 
31.936787391739472 
31.936787225610260 
31.936787055610239 
31.936786884102958 
31.936786711130026 
31.936786534782641 
31.936786355312506 
31.936786172293523 
31.936785988056954 
31.936785800492089 
31.936785610789229 
31.936785419183252 
31.936785223875859 
31.936785025977997 
31.936784826483972 
31.936784625865130 
31.936784421444827 
31.936784215488387 
31.936784005215031 
31.936783793540599 
31.936783578742279 
31.936783361371681 
31.936783142595004 
31.936782921484792 
31.936782697106082 
31.936782470367234 
31.936782242411255 
31.936782011656533 
31.936781778228806 
31.936781541565779 
31.936781303427779 
31.936781063174067 
31.936780820603417 
31.936780576580304 
31.936780328691611 
31.936780080066228 
31.936779828773297 
31.936779573137528 
31.936779317044966 
31.936779058094544 
31.936778798065916 
31.936778534830637 
31.936778270264995 
31.936778002982919 
31.936777733970985 
31.936777462085047 
31.936777186464724 
31.936776908072261 
31.936776628687994 
31.936776346664601 
31.936776062257422 
31.936775777164030 
31.936775489779393 
31.936775200977536 
31.936774909416727 
31.936774615254080 
31.936774319251754 
31.936774021359270 
31.936773722126873 
31.936773418744906 
31.936773115277219 
31.936772809299327 
31.936772501235282 
31.936772191039154 
31.936771879147045 
31.936771565260187 
31.936771250039556 
31.936770932924901 
31.936770612143619 
31.936770290900995 
31.936769968403723 
31.936769643017669 
31.936769315366746 
31.936768985461640 
31.936768653607942 
31.936768321364298 
31.936767986990390 
31.936767650855700 
31.936767312782649 
31.936766972140276 
31.936766630922193 
31.936766287044520 
31.936765941483827 
31.936765594660301 
31.936765245584866 
31.936764895358692 
31.936764544122980 
31.936764189785890 
31.936763833876512 
31.936763477668137 
31.936763119144416 
31.936762758880150 
31.936762397489019 
31.936762035420770 
31.936761670483065 
31.936761302856439 
31.936760934616359 
31.936760563376083 
31.936760191991425 
31.936759818081327 
31.936759442913171 
31.936759066727063 
31.936758688935697 
31.936758310195955 
31.936757928641555 
31.936757546712442 
31.936757162415461 
31.936756778284916 
31.936756391507743 
31.936756003335177 
31.936755614947515 
31.936755223755199 
31.936754830320979 
31.936754436367664 
31.936754040954838 
31.936753643449265 
31.936753244858437 
31.936752844294006 
31.936752442815532 
31.936752039854809 
31.936751635601695 
31.936751230124173 
31.936750822087788 
31.936750414608468 
31.936750004368150 
31.936749591875468 
31.936749178928949 
31.936748764668891 
31.936748349096888 
31.936747932646313 
31.936747514194167 
31.936747095793862 
31.936746674569122 
31.936746252493776 
31.936745829962319 
31.936745406056843 
31.936744979928335 
31.936744552624532 
31.936744123886456 
31.936743692938990 
31.936743261764605 
31.936742829337391 
31.936742396308091 
31.936741960597828 
31.936741523737737 
31.936741085028871 
31.936740646660155 
31.936740206211425 
31.936739765469838 
31.936739323267830 
31.936738878645201 
31.936738433885012 
31.936737987679408 
31.936737539412206 
31.936737090996303 
31.936736641005382 
31.936736189129988 
31.936735736726405 
31.936735282411291 
31.936734827160308 
31.936734370774047 
31.936733914510569 
31.936733456011780 
31.936732996281080 
31.936732535688634 
31.936732074028441 
31.936731610721154 
31.936731147476166 
31.936730682091138 
31.936730215762282 
31.936729747561003 
31.936729278848361 
31.936728808443149 
31.936728336707120 
31.936727865520879 
31.936727392180501 
31.936726918572276 
31.936726442371992 
31.936725964982088 
31.936725485911211 
31.936725005635481 
31.936724524995498 
31.936724043556978 
31.936723561649160 
31.936723079504418 
31.936722595379933 
31.936722110485334 
31.936721624125767 
31.936721136417191 
31.936720648247729 
31.936720158166509 
31.936719667443640 
31.936719175980443 
31.936718683949493 
31.936718190418333 
31.936717694578192 
31.936717198722590 
31.936716701596652 
31.936716201679701 
31.936715702106540 
31.936715201478592 
31.936714700228322 
31.936714196975572 
31.936713693781712 
31.936713189247484 
31.936712684070017 
31.936712176051060 
31.936711668985708 
31.936711159906736 
31.936710650511486 
31.936710140781770 
31.936709628278550 
31.936709114498626 
31.936708600906741 
31.936708087806210 
31.936707572136584 
31.936707054927183 
31.936706537455166 
31.936706020470638 
31.936705502594577 
31.936704982671017 
31.936704461932777 
31.936703940829148 
31.936703418477691 
31.936702895127382 
31.936702370945113 
31.936701846196456 
31.936701320956217 
31.936700794681201 
31.936700266893695 
31.936699738418611 
31.936699209467861 
31.936698679183792 
31.936698148600271 
31.936697616963556 
31.936697084915522 
31.936696551816340 
31.936696018416114 
31.936695484557958 
31.936694949970615 
31.936694415252759 
31.936693877516291 
31.936693341732052 
31.936692804825725 
31.936692266332102 
31.936691727094512 
31.936691187300767 
31.936690648879676 
31.936690107193272 
31.936689566659879 
31.936689024844100 
31.936688483824810 
31.936687941186847 
31.936687397494325 
31.936686854787013 
31.936686311005815 
31.936685766278742 
31.936685221383641 
31.936684675522883 
31.936684129816967 
31.936683582954856 
31.936683035387659 
31.936682488307952 
31.936681940461085 
31.936681392304536 
31.936680844189368 
31.936680295530323 
31.936679747228709 
31.936679197206104 
31.936678646891323 
31.936678098067887 
31.936677548439320 
31.936676998185249 
31.936676447185619 
31.936675896910629 
31.936675346043785 
31.936674793904103 
31.936674242826939 
31.936673691780470 
31.936673139931372 
31.936672589297132 
31.936672037811832 
31.936671486172145 
31.936670934307585 
31.936670383204500 
31.936669831343352 
31.936669279703437 
31.936668728907762 
31.936668176550256 
31.936667625747987 
31.936667074170828 
31.936666522997029 
31.936665972211813 
31.936665420970257 
31.936664870283266 
31.936664320445971 
31.936663770200539 
31.936663219988304 
31.936662670349733 
31.936662121242534 
31.936661573121910 
31.936661025456715 
31.936660478304248 
31.936659931218173 
31.936659383319920 
31.936658837803861 
31.936658291672529 
31.936657745267667 
31.936657200802301 
31.936656656667992 
31.936656114049811 
31.936655570798621 
31.936655027275947 
31.936654486022235 
31.936653943673036 
31.936653402804723 
31.936652863221980 
31.936652324100351 
31.936651787297478 
31.936651249839088 
31.936650713106246 
31.936650177735601 
31.936649642775137 
31.936649107419726 
31.936648573914226 
31.936648042319803 
31.936647511198771 
31.936646980642536 
31.936646452239529 
31.936645924174400 
31.936645396997619 
31.936644869807196 
31.936644344267279 
31.936643820579320 
31.936643297761066 
31.936642777044426 
31.936642256074038 
31.936641736865340 
31.936641217418583 
31.936640699997042 
31.936640185422903 
31.936639670097520 
31.936639157042691 
31.936638645489666 
31.936638135611929 
31.936637625488856 
31.936637116225256 
31.936636609904099 
31.936636104858508 
31.936635601117587 
31.936635098086981 
31.936634597513603 
31.936634098397917 
31.936633600835876 
31.936633105691044 
31.936632612495259 
31.936632119338356 
31.936631628234863 
31.936631139217297 
31.936630651903215 
31.936630163896098 
31.936629679839143 
31.936629196885633 
31.936628715360484 
31.936628236109755 
31.936627759166868 
31.936627283023654 
31.936626809093241 
31.936626337596635 
31.936625868481769 
31.936625400525372 
31.936624935826558 
31.936624471981077 
31.936624010646710 
31.936623550114291 
31.936623092281707 
31.936622636533230 
31.936622182079418 
31.936621731613968 
31.936621282623946 
31.936620835206668 
31.936620388121810 
31.936619943994629 
31.936619503084557 
31.936619063675153 
31.936618626901236 
31.936618191739399 
31.936617758697139 
31.936617328615966 
31.936616900449962 
31.936616473150707 
31.936616048016731 
31.936615627773335 
31.936615209021284 
31.936614792945193 
31.936614378960940 
31.936613965603556 
31.936613555724762 
31.936613148770675 
31.936612742664465 
31.936612339586645 
31.936611939701606 
31.936611541789034 
31.936611144305061 
31.936610750745558 
31.936610359304495 
31.936609970480731 
31.936609584321786 
31.936609200698058 
31.936608819811454 
31.936608440946884 
31.936608064013626 
31.936607690341361 
31.936607319311634 
31.936606950504711 
31.936606583745970 
31.936606219702071 
31.936605858906887 
31.936605499878851 
31.936605143751422 
31.936604790555293 
31.936604439981465 
31.936604092184552 
31.936603746317132 
31.936603403768686 
31.936603063527173 
31.936602726624642 
31.936602392298937 
31.936602059143979 
31.936601729455560 
31.936601402850783 
31.936601079395587 
31.936600757682754 
31.936600439655876 
31.936600122733125 
31.936599808641404 
31.936599497007364 
31.936599189112258 
31.936598884011346 
31.936598582419947 
31.936598281786473 
31.936597985704111 
31.936597692183341 
31.936597400837172 
31.936597111050332 
31.936596824929211 
31.936596540857863 
31.936596260514534 
31.936595982714834 
31.936595706953312 
31.936595434229048 
31.936595164063874 
31.936594897214718 
31.936594633114737 
31.936594371413776 
31.936594112348757 
31.936593856354420 
31.936593602411904 
31.936593351079409 
31.936593103214364 
31.936592857536425 
31.936592613928724 
31.936592375471946 
31.936592139743198 
31.936591906775902 
31.936591675317231 
31.936591447023829 
31.936591222027346 
31.936590999803229 
31.936590778911068 
31.936590562759420 
31.936590348093887 
31.936590136550194 
31.936589928251124 
31.936589722500685 
31.936589519192466 
31.936589318367169 
31.936589120926783 
31.936588926235572 
31.936588732959763 
31.936588542802610 
31.936588354985588 
31.936588170736286 
31.936587989235022 
31.936587810032734 
31.936587633328600 
31.936587460234023 
31.936587289092131 
31.936587120717604 
31.936586955189114 
31.936586793202878 
31.936586633707293 
31.936586476409502 
31.936586320431616 
31.936586167856149 
31.936586018746766 
31.936585872296973 
31.936585727764168 
31.936585585700414 
31.936585445981336 
31.936585308633539 
31.936585175167693 
31.936585042916249 
31.936584913961042 
31.936584787903939 
31.936584664616248 
31.936584543215986 
31.936584424470084 
31.936584308383544 
31.936584194977286 
31.936584082368881 
31.936583973405959 
31.936583866587625 
31.936583762330656 
31.936583660497945 
31.936583561020598 
31.936583463662828 
31.936583370198832 
31.936583277947420 
31.936583187796487 
31.936583100407688 
31.936583014834014 
31.936582932374677 
31.936582852746596 
31.936582774370208 
31.936582697873064 
31.936582624560060 
31.936582554539655 
31.936582484880773 
31.936582418864418 
31.936582353242102 
31.936582291237301 
31.936582230958038 
31.936582173162378 
31.936582117722537 
31.936582064428649 
31.936582012987174 
31.936581963449271 
31.936581916127125 
31.936581871762201 
31.936581828726048 
31.936581787849946 
31.936581748498384 
31.936581710937162 
31.936581676016885 
31.936581643804402 
31.936581611186284 
31.936581581358723 
31.936581552824464 
31.936581526729469 
31.936581502984836 
31.936581479720871 
31.936581460799289 
31.936581443290379 
31.936581426960174 
31.936581414222928 
31.936581401150988 
31.936581391103573 
31.936581381059341 
31.936581373054423 
31.936581367017197 
31.936581363096820 
31.936581361085246 
31.936581359734419 
31.936581360771243 
31.936581362527932 
31.936581366589508 
31.936581372215414 
31.936581378846768 
31.936581388754348 
31.936581398082581 
31.936581410499457 
31.936581424148471 
31.936581438456415 
31.936581455646092 
31.936581472903754 
31.936581492467667 
31.936581512222119 
31.936581534026118 
31.936581557373756 
31.936581580973780 
31.936581606556956 
31.936581633740843 
31.936581662353547 
31.936581693365952 
31.936581724152120 
31.936581756085161 
31.936581789200545 
31.936581823832967 
31.936581860262095 
31.936581898108443 
31.936581936448192 
31.936581975701074 
31.936582015368685 
31.936582057411670 
31.936582101439626 
31.936582144991235 
31.936582190420040 
31.936582236701952 
31.936582283619828 
31.936582332192984 
31.936582380023083 
31.936582429332930 
31.936582479613662 
31.936582531145859 
31.936582584519556 
31.936582637592210 
31.936582691361764 
31.936582745639498 
31.936582801305121 
31.936582857695157 
31.936582914743667 
31.936582973093664 
31.936583032015960 
31.936583091754301 
31.936583150741399 
31.936583210974277 
31.936583274087525 
31.936583335954765 
31.936583398958419 
31.936583461997998 
31.936583526722416 
31.936583591943645 
31.936583656960011 
31.936583724592765 
31.936583791844214 
31.936583859159782 
31.936583927421680 
31.936583996973695 
31.936584066326532 
31.936584136566808 
31.936584206318003 
31.936584277047359 
31.936584348199631 
31.936584419924884 
31.936584492560996 
31.936584566216879 
31.936584639403236 
31.936584712744889 
31.936584787470792 
31.936584862368363 
31.936584937294356 
31.936585012269234 
31.936585087560388 
31.936585165536826 
31.936585242415958 
31.936585319249161 
31.936585396763121 
31.936585473677951 
31.936585552252154 
31.936585630086256 
31.936585707564291 
31.936585786161004 
31.936585863669507 
31.936585943658656 
31.936586023510245 
31.936586103487571 
31.936586183607687 
31.936586262658011 
31.936586343746740 
31.936586423889366 
31.936586505416926 
31.936586585242139 
31.936586666848825 
31.936586747901856 
31.936586828720692 
31.936586909891503 
31.936586990160095 
31.936587072917519 
31.936587156288851 
31.936587238824131 
31.936587320260514 
31.936587402747818 
31.936587484981146 
31.936587567248807 
31.936587649849571 
31.936587732497401 
31.936587815424446 
31.936587898628204 
31.936587980876993 
31.936588063828594 
31.936588146269060 
31.936588229605150 
31.936588312369850 
31.936588396428306 
31.936588479655711 
31.936588562889256 
31.936588646341534 
31.936588729752202 
31.936588812502123 
31.936588895749765 
31.936588979252519 
31.936589062893290 
31.936589145566813 
31.936589227780360 
31.936589310144655 
31.936589394957764 
31.936589479161739 
31.936589562127665 
31.936589645661797 
31.936589728752779 
31.936589812486318 
31.936589895787620 
31.936589979667588 
31.936590062269715 
31.936590144584898 
31.936590227820943 
31.936590310599740 
31.936590393196184 
31.936590475367666 
31.936590557692625 
31.936590641615112 
31.936590724760208 
31.936590807791845 
31.936590889494482 
31.936590971857186 
31.936591053461370 
31.936591135185608 
31.936591217577870 
31.936591299240717 
31.936591381598646 
31.936591461908392 
31.936591542279984 
31.936591623278218 
31.936591704117063 
31.936591785221481 
31.936591865540549 
31.936591945743658 
31.936592026470180 
31.936592106876560 
31.936592188141276 
31.936592268428740 
31.936592348675958 
31.936592427687401 
31.936592507335035 
31.936592585599101 
31.936592665281296 
31.936592743270694 
31.936592823002911 
31.936592901964104 
31.936592979990792 
31.936593057541813 
31.936593135373869 
31.936593213951710 
31.936593291795816 
31.936593370474839 
31.936593448413078 
31.936593525967965 
31.936593603212941 
31.936593680814440 
31.936593757534183 
31.936593832784638 
31.936593909410021 
31.936593985778927 
31.936594062923632 
31.936594139223416 
31.936594214562092 
31.936594289994218 
31.936594365359042 
31.936594440041517 
31.936594515335628 
31.936594590514687 
31.936594664675340 
31.936594739429438 
31.936594814219688 
31.936594888268928 
31.936594960432785 
31.936595034607535 
31.936595108688607 
31.936595182381552 
31.936595254403528 
31.936595327179703 
31.936595400298302 
31.936595473272746 
31.936595546076433 
31.936595617152989 
31.936595688396437 
31.936595760453429 
31.936595832397188 
31.936595902541285 
31.936595973170824 
31.936596044220778 
31.936596114272788 
31.936596183168831 
31.936596253203334 
31.936596322432024 
31.936596392290539 
31.936596460279134 
31.936596528696100 
31.936596597652624 
31.936596665217394 
31.936596733813303 
31.936596800921052 
31.936596867527896 
31.936596935323450 
31.936597003040106 
31.936597069360232 
31.936597135382272 
31.936597201311997 
31.936597267429988 
31.936597332279234 
31.936597397920423 
31.936597462191912 
31.936597527552976 
31.936597593178703 
31.936597656915183 
31.936597722224860 
31.936597785789900 
31.936597848349038 
31.936597909712873 
31.936597972636491 
31.936598035457564 
31.936598096718171 
31.936598158489460 
31.936598219766438 
31.936598281487022 
31.936598342779007 
31.936598404358165 
31.936598464460531 
31.936598524822557 
31.936598584305557 
31.936598644816740 
31.936598704065545 
31.936598764134942 
31.936598824358725 
31.936598884806244 
31.936598944276056 
31.936599002432558 
31.936599061267543 
31.936599119544326 
31.936599177350899 
31.936599234018558 
31.936599291342418 
31.936599349154449 
31.936599406038113 
31.936599462923368 
31.936599519042147 
31.936599574395132 
31.936599629270859 
31.936599684691600 
31.936599739549365 
31.936599794282984 
31.936599849279901 
31.936599903748629 
31.936599958198258 
31.936600011058090 
31.936600065659377 
31.936600120372077 
31.936600173874467 
31.936600227427562 
31.936600278862443 
31.936600332649732 
31.936600385069596 
31.936600436722074 
31.936600489016655 
31.936600540960171 
31.936600592810009 
31.936600644525242 
31.936600696059031 
31.936600747988905 
31.936600797938354 
31.936600848602893 
31.936600898711049 
31.936600949206422 
31.936600999960774 
31.936601050742411 
31.936601100150710 
31.936601149563558 
31.936601198558492 
31.936601247828094 
31.936601297034940 
31.936601346754514 
31.936601395807429 
31.936601443813288 
31.936601492239333 
31.936601540508036 
31.936601588877238 
31.936601636446312 
31.936601685433288 
31.936601733957559 
31.936601780792898 
31.936601828138237 
31.936601876091117 
31.936601923877788 
31.936601971048276 
31.936602018462509 
31.936602065247598 
31.936602112479250 
31.936602160434632 
31.936602207400938 
31.936602254486388 
31.936602299827200 
31.936602347415374 
31.936602394340298 
31.936602440202023 
31.936602486845004 
31.936602533150108 
31.936602579978171 
31.936602626621152 
31.936602673338257 
31.936602720422798 
31.936602766440046 
31.936602812478213 
31.936602860152561 
31.936602907297129 
31.936602953596321 
31.936603000291143 
31.936603046807249 
31.936603093446138 
31.936603140964962 
31.936603187658875 
31.936603234442373 
31.936603281004864 
31.936603329164427 
31.936603376155745 
31.936603423253928 
31.936603470737737 
31.936603518405263 
31.936603566060967 
31.936603615318290 
31.936603663893493 
31.936603712481428 
31.936603761319930 
31.936603809946519 
31.936603859332081 
31.936603909260612 
31.936603959845343 
31.936604009601979 
31.936604058959347 
31.936604108958363 
31.936604158777300 
31.936604209751295 
31.936604261641151 
31.936604313577845 
31.936604365693711 
31.936604417285253 
31.936604469877693 
31.936604522631114 
31.936604575678757 
31.936604630126112 
31.936604682557572 
31.936604736172285 
31.936604791727405 
31.936604847892340 
31.936604903115040 
31.936604959388205 
31.936605016685007 
31.936605073684859 
31.936605130997123 
31.936605188418525 
31.936605246668478 
31.936605305707872 
31.936605363792296 
31.936605423506990 
31.936605482908362 
31.936605544372924 
31.936605605644218 
31.936605668508946 
31.936605731169038 
31.936605794853222 
31.936605858547864 
31.936605922911895 
31.936605987618805 
31.936606052487150 
31.936606119282260 
31.936606186269273 
31.936606253496848 
31.936606322628904 
31.936606392906015 
31.936606462038071 
31.936606532729002 
31.936606603990640 
31.936606676116298 
31.936606749472503 
31.936606823946931 
31.936606898162154 
31.936606973340986 
31.936607049914983 
31.936607127502157 
31.936607205497239 
31.936607285282662 
31.936607365544205 
31.936607446296421 
31.936607527991782 
31.936607610531610 
31.936607693834503 
31.936607779241967 
31.936607865365204 
31.936607951583028 
31.936608039264229 
31.936608128688931 
31.936608218315541 
31.936608309754774 
31.936608401299054 
31.936608493243966 
31.936608587376668 
31.936608680378413 
31.936608776211415 
31.936608873153091 
31.936608970874204 
31.936609069857241 
31.936609170029442 
31.936609270094323 
31.936609373035935 
31.936609477207639 
31.936609582771780 
31.936609688844328 
31.936609796956873 
31.936609906079866 
31.936610014475264 
31.936610126638698 
31.936610239768925 
31.936610352030129 
31.936610466378170 
31.936610582172761 
31.936610698858658 
31.936610817341716 
31.936610936167199 
31.936611057053142 
31.936611177925442 
31.936611301766334 
31.936611425545379 
31.936611551417627 
31.936611679540420 
31.936611808348061 
31.936611936861027 
31.936612068219802 
31.936612202195647 
31.936612336375674 
31.936612472002253 
31.936612609612894 
31.936612747611889 
31.936612887105184 
31.936613028225111 
31.936613170199962 
31.936613314449914 
31.936613459639375 
31.936613605418188 
31.936613753152869 
31.936613900812972 
31.936614051255219 
31.936614202993042 
31.936614356096015 
31.936614510556865 
31.936614666674814 
31.936614824046046 
31.936614982313586 
31.936615143240488 
31.936615306779004 
31.936615470448487 
31.936615635766429 
31.936615802579581 
31.936615971913398 
31.936616141540071 
31.936616312016213 
31.936616483668786 
31.936616658876574 
31.936616834040706 
31.936617010641385 
31.936617187494448 
31.936617366187875 
31.936617547639344 
31.936617730383659 
31.936617914849194 
31.936618099591215 
31.936618285237728 
31.936618473734598 
31.936618664382877 
31.936618854908374 
31.936619047282875 
31.936619240696018 
31.936619435793091 
31.936619632690054 
31.936619830224572 
31.936620029316146 
31.936620229817891 
31.936620432237760 
31.936620636058251 
31.936620841372587 
31.936621047883364 
31.936621255855243 
31.936621465012649 
31.936621675941296 
31.936621888651644 
31.936622101990451 
31.936622316751709 
31.936622531679404 
31.936622749152775 
31.936622967776202 
31.936623189174952 
31.936623410623724 
31.936623633189811 
31.936623857368431 
31.936624082433354 
31.936624308636965 
31.936624536057934 
31.936624765026863 
31.936624995364582 
31.936625227060631 
31.936625460998584 
31.936625695894236 
31.936625933314644 
31.936626170053842 
31.936626408006305 
31.936626647233425 
31.936626887721104 
31.936627129523004 
31.936627370863789 
31.936627615701127 
31.936627859898181 
31.936628105727777 
31.936628352592379 
31.936628600541098 
31.936628849730823 
31.936629100437131 
31.936629351806005 
31.936629604782411 
31.936629858460947 
31.936630113179490 
31.936630369368231 
31.936630625965336 
31.936630883501948 
31.936631143100385 
31.936631403007596 
31.936631663205844 
31.936631924747417 
31.936632187393116 
31.936632450182969 
31.936632714838197 
31.936632980580271 
31.936633245981284 
31.936633513853849 
31.936633782462195 
31.936634051176952 
31.936634318906272 
31.936634588860215 
31.936634860046070 
31.936635130708964 
31.936635404763820 
31.936635678752737 
31.936635951916287 
31.936636226620521 
31.936636501955945 
31.936636777800231 
31.936637053995128 
31.936637331721613 
31.936637609218451 
31.936637885977234 
31.936638164259421 
31.936638444215987 
31.936638723760097 
31.936639003161872 
31.936639284146167 
31.936639566505164 
31.936639848671803 
31.936640131331387 
31.936640415307011 
31.936640698020710 
31.936640982543395 
31.936641268105632 
31.936641552887068 
31.936641838913147 
31.936642124176160 
31.936642409507840 
31.936642695284263 
31.936642980916986 
31.936643267831641 
31.936643555563933 
31.936643841428577 
31.936644129603337 
31.936644417975003 
31.936644705654544 
31.936644993901609 
31.936645282420614 
31.936645570213386 
31.936645858102565 
31.936646146898056 
31.936646434799968 
31.936646723563172 
31.936647011737023 
31.936647299537071 
31.936647588814139 
31.936647878130316 
31.936648167503336 
31.936648456310650 
31.936648744945160 
31.936649032567402 
31.936649321617551 
31.936649609959659 
31.936649897776078 
31.936650185628423 
31.936650473049667 
31.936650759687382 
31.936651047308715 
31.936651335236547 
31.936651621454075 
31.936651907671148 
31.936652194359795 
31.936652479867462 
31.936652765309191 
31.936653049890992 
31.936653334258153 
31.936653618473883 
31.936653902651869 
31.936654185901716 
31.936654469544919 
31.936654751827973 
31.936655034546220 
31.936655314958443 
31.936655595730372 
31.936655875699216 
31.936656155115998 
31.936656434399083 
31.936656713061893 
31.936656990375468 
31.936657267613100 
31.936657543968067 
31.936657820189794 
31.936658096431984 
31.936658371700105 
31.936658644830914 
31.936658917348723 
31.936659188578233 
31.936659459912335 
31.936659732112730 
31.936660002387271 
31.936660271496294 
31.936660539003697 
31.936660804975872 
31.936661071365052 
31.936661337724217 
31.936661601951982 
31.936661865480346 
31.936662127011004 
31.936662389415687 
31.936662649318805 
31.936662909087318 
31.936663167165989 
31.936663424760354 
31.936663681162372 
31.936663937624871 
31.936664191482123 
31.936664444610869 
31.936664697048400 
31.936664946548262 
31.936665195106343 
31.936665443103266 
31.936665689705933 
31.936665935080782 
31.936666178832638 
31.936666421757309 
31.936666664040331 
31.936666904548019 
31.936667143541854 
31.936667381851294 
31.936667617903822 
31.936667851680795 
31.936668085913880 
31.936668318461670 
31.936668548828948 
31.936668777580053 
31.936669005730892 
31.936669231683481 
31.936669455481933 
31.936669677374994 
31.936669898925174 
31.936670118630900 
31.936670335572671 
31.936670553379827 
31.936670769814100 
31.936670984609009 
31.936671197200667 
31.936671407142967 
31.936671616525018 
31.936671824059431 
31.936672030691170 
31.936672233191530 
31.936672435806940 
31.936672638209984 
31.936672837460719 
31.936673034224441 
31.936673229939970 
31.936673423254433 
31.936673616540702 
31.936673807198986 
31.936673996935042 
31.936674185045831 
31.936674370787841 
31.936674554067395 
31.936674735632550 
31.936674914726154 
31.936675092224505 
31.936675268321778 
31.936675442774686 
31.936675616137109 
31.936675786238993 
31.936675954531893 
31.936676121078563 
31.936676287051341 
31.936676449647166 
31.936676609950609 
31.936676769978476 
31.936676925987740 
31.936677081744165 
31.936677233944920 
31.936677384537234 
31.936677533397869 
31.936677680015237 
31.936677825926836 
31.936677970731125 
31.936678112021127 
31.936678251610829 
31.936678388910423 
31.936678524429226 
31.936678658183155 
31.936678790134465 
31.936678918812504 
31.936679046216341 
31.936679171665673 
31.936679295159138 
31.936679416302013 
31.936679534156610 
31.936679652122166 
31.936679766368343 
31.936679880068823 
31.936679990936227 
31.936680099533078 
31.936680206164510 
31.936680309975145 
31.936680412591159 
31.936680513103965 
31.936680610815984 
31.936680706815423 
31.936680801130024 
31.936680893424636 
31.936680983085353 
31.936681070764735 
31.936681155407314 
31.936681239858444 
31.936681321549713 
31.936681400888119 
31.936681477975981 
31.936681553286689 
31.936681626617428 
31.936681697137828 
31.936681768296694 
31.936681835371473 
31.936681901194788 
31.936681964207764 
31.936682025379923 
31.936682084263339 
31.936682140818903 
31.936682195208505 
31.936682246164310 
31.936682296826802 
31.936682344448855 
31.936682391428803 
31.936682435921739 
31.936682477617978 
31.936682518304679 
31.936682556088272 
31.936682592209763 
31.936682625820140 
31.936682657330948 
31.936682687278790 
31.936682715798270 
31.936682742248649 
31.936682765551268 
31.936682787265454 
31.936682806464887 
31.936682823825777 
31.936682839094374 
31.936682852579906 
31.936682863806254 
31.936682873484642 
31.936682881735578 
31.936682887131610 
31.936682891916917 
31.936682893140642 
31.936682893319812 
31.936682889990152 
31.936682884834227 
31.936682878039392 
31.936682868890330 
31.936682859108714 
31.936682846215263 
31.936682831141297 
31.936682813292464 
31.936682796065725 
31.936682775157806 
31.936682753429523 
31.936682729514814 
31.936682704307259 
31.936682676937380 
31.936682647723956 
31.936682616414146 
31.936682582902904 
31.936682547560849 
31.936682509650836 
31.936682470864525 
31.936682430749443 
31.936682388597092 
31.936682343581651 
31.936682296299296 
31.936682247656790 
31.936682197577284 
31.936682145127179 
31.936682091712100 
31.936682037399351 
31.936681980167577 
31.936681921393301 
31.936681861413035 
31.936681798022619 
31.936681733550813 
31.936681666753429 
31.936681599110671 
31.936681529055932 
31.936681457926625 
31.936681383201176 
31.936681308496645 
31.936681231291914 
31.936681153813424 
31.936681073417276 
31.936680991546837 
31.936680908762810 
31.936680823554525 
31.936680737612278 
31.936680648223501 
31.936680557476393 
31.936680465101745 
31.936680372197770 
31.936680276585776 
31.936680180067469 
31.936680081580562 
31.936679981086854 
31.936679880268912 
31.936679776957590 
31.936679671274760 
31.936679564543283 
31.936679457474384 
31.936679347866630 
31.936679237210683 
31.936679124141847 
31.936679010024363 
31.936678894343913 
31.936678776811277 
31.936678657495577 
31.936678536991167 
31.936678415930601 
31.936678291350745 
31.936678166545335 
31.936678040553943 
31.936677913866333 
31.936677784505719 
31.936677653541665 
31.936677520980538 
31.936677386539941 
31.936677251954279 
31.936677115085331 
31.936676977103616 
31.936676838810399 
31.936676697889197 
31.936676555119448 
31.936676409997290 
31.936676264466314 
31.936676116213675 
31.936675969002863 
31.936675819647462 
31.936675668253883 
31.936675516008563 
31.936675362819642 
31.936675208004999 
31.936675051308612 
31.936674892893279 
31.936674734951339 
31.936674575174038 
31.936674413465425 
31.936674250538545 
31.936674087296069 
31.936673921592046 
31.936673754258663 
31.936673585927110 
31.936673415750192 
31.936673244012127 
31.936673071897076 
31.936672897544668 
31.936672723465563 
31.936672548506067 
31.936672371582972 
31.936672192868173 
31.936672011976043 
31.936671830348587 
31.936671648311403 
31.936671465055042 
31.936671280443079 
31.936671093847508 
31.936670906256495 
31.936670717220295 
31.936670527825299 
31.936670337533542 
31.936670145024891 
31.936669951248405 
31.936669757126310 
31.936669561154758 
31.936669363764395 
31.936669165584135 
31.936668965841818 
31.936668765257764 
31.936668563975218 
31.936668361968259 
31.936668159521105 
31.936667954158565 
31.936667747666888 
31.936667540966482 
31.936667332712659 
31.936667122724884 
31.936666913040881 
31.936666701565628 
31.936666489177696 
31.936666276309097 
31.936666060841617 
31.936665844271374 
31.936665627689763 
31.936665410472870 
31.936665190962231 
31.936664971462505 
31.936664749591728 
31.936664527574521 
31.936664305033901 
31.936664081161325 
31.936663857019084 
31.936663630792282 
31.936663404644605 
31.936663177626087 
31.936662948331104 
31.936662718057505 
31.936662487332796 
31.936662256178806 
31.936662023942972 
31.936661790477046 
31.936661556254876 
31.936661321327392 
31.936661084936077 
31.936660846343329 
31.936660608098464 
31.936660369410674 
31.936660129916618 
31.936659889610382 
31.936659647164106 
31.936659404948387 
31.936659161461648 
31.936658917611567 
31.936658674116643 
31.936658428355713 
31.936658182185965 
31.936657936193569 
31.936657687753723 
31.936657438337534 
31.936657187546189 
31.936656938246415 
31.936656686864353 
31.936656433535973 
31.936656179831061 
31.936655925156629 
31.936655670417622 
31.936655416202484 
31.936655161068757 
31.936654904381157 
31.936654647244268 
31.936654389066462 
31.936654130816805 
31.936653871700855 
31.936653611103793 
31.936653350437609 
31.936653089080664 
31.936652827881517 
31.936652564706037 
31.936652300518290 
31.936652036421037 
31.936651771922698 
31.936651506379349 
31.936651241373966 
31.936650974461827 
31.936650708841626 
31.936650439708501 
31.936650171573547 
31.936649903139369 
31.936649634018977 
31.936649363678043 
31.936649093824144 
31.936648823204450 
31.936648551336475 
31.936648280497138 
31.936648008511384 
31.936647736084979 
31.936647462864585 
31.936647189264477 
31.936646915168694 
31.936646640090657 
31.936646364935314 
31.936646089297938 
31.936645813870655 
31.936645538005905 
31.936645260411296 
31.936644983454244 
31.936644706045627 
31.936644427563351 
31.936644148875530 
31.936643869935779 
31.936643591871871 
31.936643312522847 
31.936643033275232 
31.936642754207242 
31.936642472823678 
31.936642192644285 
31.936641911964671 
31.936641631083148 
31.936641349477668 
31.936641066844459 
31.936640784760584 
31.936640503532089 
31.936640220850222 
31.936639938773624 
31.936639655964427 
31.936639373550861 
31.936639090882181 
31.936638807516829 
31.936638523521651 
31.936638240430057 
31.936637956100640 
31.936637672148663 
31.936637389092539 
31.936637105844511 
31.936636822438231 
31.936636538913262 
31.936636256599741 
31.936635973168450 
31.936635689931791 
31.936635406162168 
31.936635121239306 
31.936634837781639 
31.936634553831027 
31.936634270506602 
31.936633987213099 
31.936633704074666 
31.936633420100861 
31.936633136630007 
31.936632853484753 
31.936632569790618 
31.936632285043743 
31.936632002153146 
31.936631719950583 
31.936631436653443 
31.936631153307644 
31.936630870719455 
31.936630587941636 
31.936630305761810 
31.936630022682039 
31.936629741659544 
31.936629460305539 
31.936629179436295 
31.936628898828531 
31.936628616814687 
31.936628337073216 
31.936628057414055 
31.936627778214643 
31.936627498686903 
31.936627218106423 
31.936626939645976 
31.936626662054096 
31.936626384480405 
31.936626106467429 
31.936625828372598 
31.936625550588360 
31.936625273678146 
31.936624997733816 
31.936624721560293 
31.936624444890640 
31.936624169799416 
31.936623894659988 
31.936623619867987 
31.936623345792214 
31.936623073191640 
31.936622800933947 
31.936622528665339 
31.936622257655472 
31.936621987392755 
31.936621717073194 
31.936621447106518 
31.936621177911547 
31.936620909652447 
31.936620642454727 
31.936620374169252 
31.936620107605449 
31.936619842064374 
31.936619577120837 
31.936619310490642 
31.936619046805390 
31.936618782569440 
31.936618519262993 
31.936618256549991 
31.936617994774679 
31.936617734696938 
31.936617476021638 
31.936617215804745 
31.936616956629678 
31.936616698372291 
31.936616441138995 
31.936616186409992 
31.936615930386779 
31.936615677316695 
31.936615423094281 
31.936615169774086 
31.936614917462521 
31.936614665591605 
31.936614415240001 
31.936614165978881 
31.936613916633178 
31.936613667628080 
31.936613420139111 
31.936613174812010 
31.936612928768227 
31.936612683287422 
31.936612439953933 
31.936612196645001 
31.936611953749889 
31.936611712418198 
31.936611472173354 
31.936611233576059 
31.936610996035597 
31.936610758548341 
31.936610521900093 
31.936610286811629 
31.936610052952346 
31.936609819182195 
31.936609585992755 
31.936609353895165 
31.936609123152721 
31.936608894818164 
31.936608665084350 
31.936608437391897 
31.936608209111000 
31.936607982386249 
31.936607757818820 
31.936607533618371 
31.936607310772160 
31.936607088681285 
31.936606866166130 
31.936606644799667 
31.936606426003436 
31.936606208783815 
31.936605991719716 
31.936605775889348 
31.936605561543274 
31.936605346766555 
31.936605133849753 
31.936604921431808 
31.936604710012034 
31.936604500639987 
31.936604292107404 
31.936604083466591 
31.936603876057688 
31.936603669955730 
31.936603465255757 
31.936603261337041 
31.936603058416040 
31.936602857291746 
31.936602655841853 
31.936602457089066 
31.936602259650499 
31.936602061125086 
31.936601863926171 
31.936601667438936 
31.936601473924839 
31.936601280135619 
31.936601087272265 
31.936600895345236 
31.936600704728335 
31.936600515888586 
31.936600328387613 
31.936600142033058 
31.936599955882230 
31.936599772011050 
31.936599587304499 
31.936599403144555 
31.936599221110555 
31.936599039050634 
31.936598858887919 
31.936598679468261 
31.936598500829859 
31.936598322480677 
31.936598146130109 
31.936597969305694 
31.936597796520800 
31.936597624156548 
31.936597451358921 
31.936597281128343 
31.936597109965533 
31.936596939712217 
31.936596770765846 
