-5.951238529858447 
-5.951238529858419 
-5.951238529858474 
-5.951238529858502 
-5.951238529858505 
-5.951238529858432 
-5.951238529858405 
-5.951238529858469 
-5.951238529858471 
-5.951238529858473 
-5.951238529858503 
-5.951238529858445 
-5.951238529858420 
-5.951238529858468 
-5.951238529858451 
-5.951238529858451 
-5.951238529858406 
-5.951238529858355 
-5.951238529858390 
-5.951238529858398 
-5.951238529858385 
-5.951238529856622 
-5.951238529854429 
-5.951238529851817 
-5.951238529848792 
-5.951238529845425 
-5.951238529841778 
-5.951238529837801 
-5.951238529833448 
-5.951238529828925 
-5.951238529824177 
-5.951238529819203 
-5.951238529814027 
-5.951238529808687 
-5.951238529803071 
-5.951238529797354 
-5.951238529791413 
-5.951238529785396 
-5.951238529779233 
-5.951238529772933 
-5.951238529766512 
-5.951238529759969 
-5.951238529753308 
-5.951238529746618 
-5.951238529739750 
-5.951238529732794 
-5.951238529725727 
-5.951238529718627 
-5.951238529711439 
-5.951238529704082 
-5.951238529696752 
-5.951238529689319 
-5.951238529681764 
-5.951238529674100 
-5.951238529666366 
-5.951238529658640 
-5.951238529650742 
-5.951238529642811 
-5.951238529634866 
-5.951238529626802 
-5.951238529618665 
-5.951238529610356 
-5.951238529602004 
-5.951238529593620 
-5.951238529585109 
-5.951238529576611 
-5.951238529567990 
-5.951238529559198 
-5.951238529550317 
-5.951238529541335 
-5.951238529532306 
-5.951238529523137 
-5.951238529513816 
-5.951238529504411 
-5.951238529494897 
-5.951238529485246 
-5.951238529475564 
-5.951238529465551 
-5.951238529455559 
-5.951238529445285 
-5.951238529435049 
-5.951238529424558 
-5.951238529413942 
-5.951238529403137 
-5.951238529392157 
-5.951238529381020 
-5.951238529369844 
-5.951238529358454 
-5.951238529346797 
-5.951238529334938 
-5.951238529322955 
-5.951238529310787 
-5.951238529298350 
-5.951238529285657 
-5.951238529272830 
-5.951238529259810 
-5.951238529246412 
-5.951238529232778 
-5.951238529218927 
-5.951238529204951 
-5.951238529190698 
-5.951238529176305 
-5.951238529161379 
-5.951238529146401 
-5.951238529131048 
-5.951238529115332 
-5.951238529099449 
-5.951238529083181 
-5.951238529066593 
-5.951238529049758 
-5.951238529032640 
-5.951238529015138 
-5.951238528997366 
-5.951238528979337 
-5.951238528960925 
-5.951238528942090 
-5.951238528922957 
-5.951238528903652 
-5.951238528884044 
-5.951238528863893 
-5.951238528843549 
-5.951238528822980 
-5.951238528801797 
-5.951238528780209 
-5.951238528758230 
-5.951238528735805 
-5.951238528713263 
-5.951238528690248 
-5.951238528666978 
-5.951238528643124 
-5.951238528619165 
-5.951238528595021 
-5.951238528570330 
-5.951238528545221 
-5.951238528519686 
-5.951238528493760 
-5.951238528467774 
-5.951238528441204 
-5.951238528414003 
-5.951238528386812 
-5.951238528358925 
-5.951238528330879 
-5.951238528302447 
-5.951238528273679 
-5.951238528244575 
-5.951238528214905 
-5.951238528185038 
-5.951238528154630 
-5.951238528123864 
-5.951238528092849 
-5.951238528061221 
-5.951238528029553 
-5.951238527997445 
-5.951238527964641 
-5.951238527932038 
-5.951238527899193 
-5.951238527865653 
-5.951238527831838 
-5.951238527797572 
-5.951238527763356 
-5.951238527728687 
-5.951238527693764 
-5.951238527658316 
-5.951238527622881 
-5.951238527586963 
-5.951238527550665 
-5.951238527513899 
-5.951238527476741 
-5.951238527439407 
-5.951238527401657 
-5.951238527363805 
-5.951238527325609 
-5.951238527286990 
-5.951238527248037 
-5.951238527208949 
-5.951238527169400 
-5.951238527130064 
-5.951238527090559 
-5.951238527050762 
-5.951238527010583 
-5.951238526970162 
-5.951238526929692 
-5.951238526889172 
-5.951238526848351 
-5.951238526807257 
-5.951238526765469 
-5.951238526723770 
-5.951238526682016 
-5.951238526640126 
-5.951238526597837 
-5.951238526555494 
-5.951238526512759 
-5.951238526469839 
-5.951238526427215 
-5.951238526384098 
-5.951238526341021 
-5.951238526297863 
-5.951238526254643 
-5.951238526211310 
-5.951238526167695 
-5.951238526124327 
-5.951238526080860 
-5.951238526037049 
-5.951238525992886 
-5.951238525948432 
-5.951238525904687 
-5.951238525860539 
-5.951238525816572 
-5.951238525772082 
-5.951238525727886 
-5.951238525683440 
-5.951238525638910 
-5.951238525594915 
-5.951238525550671 
-5.951238525506215 
-5.951238525461688 
-5.951238525416677 
-5.951238525371636 
-5.951238525326575 
-5.951238525281958 
-5.951238525236966 
-5.951238525191864 
-5.951238525147371 
-5.951238525102308 
-5.951238525057412 
-5.951238525012492 
-5.951238524967535 
-5.951238524921973 
-5.951238524876774 
-5.951238524831696 
-5.951238524786477 
-5.951238524740884 
-5.951238524695186 
-5.951238524649843 
-5.951238524603933 
-5.951238524557863 
-5.951238524511997 
-5.951238524465873 
-5.951238524419335 
-5.951238524373341 
-5.951238524327717 
-5.951238524281425 
-5.951238524234713 
-5.951238524188524 
-5.951238524141780 
-5.951238524094683 
-5.951238524047852 
-5.951238524000898 
-5.951238523953244 
-5.951238523906079 
-5.951238523858653 
-5.951238523811473 
-5.951238523764023 
-5.951238523716619 
-5.951238523669272 
-5.951238523621945 
-5.951238523574255 
-5.951238523526618 
-5.951238523478731 
-5.951238523431239 
-5.951238523383591 
-5.951238523335274 
-5.951238523287279 
-5.951238523239389 
-5.951238523191377 
-5.951238523143252 
-5.951238523095154 
-5.951238523047279 
-5.951238522998934 
-5.951238522950698 
-5.951238522902460 
-5.951238522854188 
-5.951238522806321 
-5.951238522758788 
-5.951238522710868 
-5.951238522663394 
-5.951238522615800 
-5.951238522568008 
-5.951238522520411 
-5.951238522473209 
-5.951238522426285 
-5.951238522379026 
-5.951238522332033 
-5.951238522285403 
-5.951238522238723 
-5.951238522191818 
-5.951238522145632 
-5.951238522099461 
-5.951238522053529 
-5.951238522007932 
-5.951238521962114 
-5.951238521917575 
-5.951238521872058 
-5.951238521827209 
-5.951238521782870 
-5.951238521738994 
-5.951238521695205 
-5.951238521652119 
-5.951238521608794 
-5.951238521565712 
-5.951238521523194 
-5.951238521481043 
-5.951238521439802 
-5.951238521398496 
-5.951238521357646 
-5.951238521316658 
-5.951238521276619 
-5.951238521236968 
-5.951238521197519 
-5.951238521157734 
-5.951238521118472 
-5.951238521079808 
-5.951238521042137 
-5.951238521004501 
-5.951238520966490 
-5.951238520929306 
-5.951238520892896 
-5.951238520856506 
-5.951238520820127 
-5.951238520784421 
-5.951238520748631 
-5.951238520713186 
-5.951238520678202 
-5.951238520644066 
-5.951238520610724 
-5.951238520577717 
-5.951238520544328 
-5.951238520511894 
-5.951238520479225 
-5.951238520447461 
-5.951238520416022 
-5.951238520384559 
-5.951238520354015 
-5.951238520324462 
-5.951238520294895 
-5.951238520264771 
-5.951238520235190 
-5.951238520206059 
-5.951238520177247 
-5.951238520148927 
-5.951238520119775 
-5.951238520092022 
-5.951238520064555 
-5.951238520037781 
-5.951238520010806 
-5.951238519984726 
-5.951238519959230 
-5.951238519933543 
-5.951238519907754 
-5.951238519882694 
-5.951238519857839 
-5.951238519833394 
-5.951238519809633 
-5.951238519786756 
-5.951238519762897 
-5.951238519740378 
-5.951238519718095 
-5.951238519695190 
-5.951238519673730 
-5.951238519652408 
-5.951238519631862 
-5.951238519610964 
-5.951238519590435 
-5.951238519570243 
-5.951238519549759 
-5.951238519531160 
-5.951238519513258 
-5.951238519494880 
-5.951238519477801 
-5.951238519460107 
-5.951238519443960 
-5.951238519427996 
-5.951238519412243 
-5.951238519397065 
-5.951238519382012 
-5.951238519368110 
-5.951238519354483 
-5.951238519340929 
-5.951238519327962 
-5.951238519315902 
-5.951238519303825 
-5.951238519292058 
-5.951238519281104 
-5.951238519270438 
-5.951238519260607 
-5.951238519251510 
-5.951238519242906 
-5.951238519234904 
-5.951238519226525 
-5.951238519218972 
-5.951238519212048 
-5.951238519206397 
-5.951238519200938 
-5.951238519195678 
-5.951238519190327 
-5.951238519185230 
-5.951238519180749 
-5.951238519176556 
-5.951238519172871 
-5.951238519169843 
-5.951238519166740 
-5.951238519164577 
-5.951238519161970 
-5.951238519160787 
-5.951238519159033 
-5.951238519157230 
-5.951238519155636 
-5.951238519154963 
-5.951238519154251 
-5.951238519153836 
-5.951238519153486 
-5.951238519153107 
-5.951238519153001 
-5.951238519152963 
-5.951238519153045 
-5.951238519153602 
-5.951238519153737 
-5.951238519153752 
-5.951238519154763 
-5.951238519155240 
-5.951238519156019 
-5.951238519157327 
-5.951238519157852 
-5.951238519159002 
-5.951238519159279 
-5.951238519160869 
-5.951238519161532 
-5.951238519163644 
-5.951238519165703 
-5.951238519167582 
-5.951238519168401 
-5.951238519169713 
-5.951238519170766 
-5.951238519172228 
-5.951238519173713 
-5.951238519174971 
-5.951238519176692 
-5.951238519178306 
-5.951238519180410 
-5.951238519182348 
-5.951238519184160 
-5.951238519185679 
-5.951238519187209 
-5.951238519189192 
-5.951238519190766 
-5.951238519192795 
-5.951238519194101 
-5.951238519195356 
-5.951238519197531 
-5.951238519199106 
-5.951238519200976 
-5.951238519202843 
-5.951238519205230 
-5.951238519208127 
-5.951238519210113 
-5.951238519212621 
-5.951238519214328 
-5.951238519216785 
-5.951238519218951 
-5.951238519221620 
-5.951238519224324 
-5.951238519226698 
-5.951238519229584 
-5.951238519231378 
-5.951238519233994 
-5.951238519237154 
-5.951238519239548 
-5.951238519242053 
-5.951238519244979 
-5.951238519247305 
-5.951238519250245 
-5.951238519253466 
-5.951238519256438 
-5.951238519259427 
-5.951238519262460 
-5.951238519266406 
-5.951238519269022 
-5.951238519271941 
-5.951238519275474 
-5.951238519279165 
-5.951238519282629 
-5.951238519285764 
-5.951238519288850 
-5.951238519292117 
-5.951238519295557 
-5.951238519298920 
-5.951238519301780 
-5.951238519304934 
-5.951238519307501 
-5.951238519310435 
-5.951238519313698 
-5.951238519316647 
-5.951238519319761 
-5.951238519323583 
-5.951238519326918 
-5.951238519328863 
-5.951238519331749 
-5.951238519335403 
-5.951238519338857 
-5.951238519341967 
-5.951238519344352 
-5.951238519347835 
-5.951238519350655 
-5.951238519353440 
-5.951238519356552 
-5.951238519358833 
-5.951238519361695 
-5.951238519363276 
-5.951238519365049 
-5.951238519366333 
-5.951238519368757 
-5.951238519369458 
-5.951238519371798 
-5.951238519372730 
-5.951238519373526 
-5.951238519374884 
-5.951238519376323 
-5.951238519377017 
-5.951238519377698 
-5.951238519378098 
-5.951238519379251 
-5.951238519378828 
-5.951238519379690 
-5.951238519379260 
-5.951238519378185 
-5.951238519377966 
-5.951238519378226 
-5.951238519377810 
-5.951238519377116 
-5.951238519375725 
-5.951238519374349 
-5.951238519372871 
-5.951238519370499 
-5.951238519367886 
-5.951238519365191 
-5.951238519362677 
-5.951238519359672 
-5.951238519357035 
-5.951238519353301 
-5.951238519349284 
-5.951238519345293 
-5.951238519342366 
-5.951238519338210 
-5.951238519334037 
-5.951238519328740 
-5.951238519324146 
-5.951238519318800 
-5.951238519313922 
-5.951238519308413 
-5.951238519302292 
-5.951238519296139 
-5.951238519288884 
-5.951238519282730 
-5.951238519276752 
-5.951238519270178 
-5.951238519263789 
-5.951238519256048 
-5.951238519248346 
-5.951238519240799 
-5.951238519233423 
-5.951238519225971 
-5.951238519217835 
-5.951238519209811 
-5.951238519200681 
-5.951238519192749 
-5.951238519184114 
-5.951238519175359 
-5.951238519167258 
-5.951238519159132 
-5.951238519150712 
-5.951238519142199 
-5.951238519133721 
-5.951238519125229 
-5.951238519116440 
-5.951238519107024 
-5.951238519097871 
-5.951238519089454 
-5.951238519079491 
-5.951238519069997 
-5.951238519061094 
-5.951238519052412 
-5.951238519042254 
-5.951238519032860 
-5.951238519023260 
-5.951238519012913 
-5.951238519003903 
-5.951238518995557 
-5.951238518986206 
-5.951238518977139 
-5.951238518968493 
-5.951238518958689 
-5.951238518949648 
-5.951238518940842 
-5.951238518932327 
-5.951238518923216 
-5.951238518913860 
-5.951238518905102 
-5.951238518896906 
-5.951238518888157 
-5.951238518878963 
-5.951238518870444 
-5.951238518861793 
-5.951238518853352 
-5.951238518844288 
-5.951238518836579 
-5.951238518828310 
-5.951238518820142 
-5.951238518810446 
-5.951238518801889 
-5.951238518793057 
-5.951238518785392 
-5.951238518777103 
-5.951238518768784 
-5.951238518761173 
-5.951238518753106 
-5.951238518746210 
-5.951238518738140 
-5.951238518730464 
-5.951238518722527 
-5.951238518714375 
-5.951238518706415 
-5.951238518698428 
-5.951238518691158 
-5.951238518683476 
-5.951238518675378 
-5.951238518667043 
-5.951238518659470 
-5.951238518652386 
-5.951238518644375 
-5.951238518636838 
-5.951238518629454 
-5.951238518622092 
-5.951238518614538 
-5.951238518606912 
-5.951238518600189 
-5.951238518593104 
-5.951238518585335 
-5.951238518578151 
-5.951238518571997 
-5.951238518565471 
-5.951238518558339 
-5.951238518551014 
-5.951238518543783 
-5.951238518535628 
-5.951238518528432 
-5.951238518521002 
-5.951238518513552 
-5.951238518506517 
-5.951238518499015 
-5.951238518492772 
-5.951238518485265 
-5.951238518479604 
-5.951238518472390 
-5.951238518466208 
-5.951238518459851 
-5.951238518452868 
-5.951238518446372 
-5.951238518440666 
-5.951238518434179 
-5.951238518427769 
-5.951238518419944 
-5.951238518412688 
-5.951238518405775 
-5.951238518398048 
-5.951238518392056 
-5.951238518384976 
-5.951238518378803 
-5.951238518372301 
-5.951238518364748 
-5.951238518357529 
-5.951238518352204 
-5.951238518345514 
-5.951238518339416 
-5.951238518333255 
-5.951238518325994 
-5.951238518318235 
-5.951238518312540 
-5.951238518306581 
-5.951238518300651 
-5.951238518294769 
-5.951238518288992 
-5.951238518283149 
-5.951238518277404 
-5.951238518270940 
-5.951238518264432 
-5.951238518258499 
-5.951238518252045 
-5.951238518246226 
-5.951238518241123 
-5.951238518234212 
-5.951238518228402 
-5.951238518222451 
-5.951238518215384 
-5.951238518209657 
-5.951238518203881 
-5.951238518197989 
-5.951238518192554 
-5.951238518185493 
-5.951238518179888 
-5.951238518173884 
-5.951238518167115 
-5.951238518160569 
-5.951238518154038 
-5.951238518147264 
-5.951238518140621 
-5.951238518134190 
-5.951238518128295 
-5.951238518123183 
-5.951238518116348 
-5.951238518110190 
-5.951238518104158 
-5.951238518098039 
-5.951238518091483 
-5.951238518086519 
-5.951238518080113 
-5.951238518073399 
-5.951238518068239 
-5.951238518062195 
-5.951238518055357 
-5.951238518049169 
-5.951238518043545 
-5.951238518038069 
-5.951238518031428 
-5.951238518024538 
-5.951238518018020 
-5.951238518010815 
-5.951238518004317 
-5.951238517998161 
-5.951238517991844 
-5.951238517988022 
-5.951238517981636 
-5.951238517975804 
-5.951238517970620 
-5.951238517963381 
-5.951238517958376 
-5.951238517952098 
-5.951238517945205 
-5.951238517938225 
-5.951238517932434 
-5.951238517926228 
-5.951238517919110 
-5.951238517911595 
-5.951238517904983 
-5.951238517898332 
-5.951238517891620 
-5.951238517884948 
-5.951238517878520 
-5.951238517872379 
-5.951238517866122 
-5.951238517860636 
-5.951238517854882 
-5.951238517849387 
-5.951238517843093 
-5.951238517837237 
-5.951238517831465 
-5.951238517825523 
-5.951238517820325 
-5.951238517814849 
-5.951238517808958 
-5.951238517803415 
-5.951238517798076 
-5.951238517793120 
-5.951238517787922 
-5.951238517782338 
-5.951238517777560 
-5.951238517771853 
-5.951238517767166 
-5.951238517762365 
-5.951238517758194 
-5.951238517752704 
-5.951238517747797 
-5.951238517743301 
-5.951238517738492 
-5.951238517733934 
-5.951238517729352 
-5.951238517724778 
-5.951238517719770 
-5.951238517716694 
-5.951238517711706 
-5.951238517707599 
-5.951238517704027 
-5.951238517700898 
-5.951238517697393 
-5.951238517694113 
-5.951238517689867 
-5.951238517686139 
-5.951238517683829 
-5.951238517680616 
-5.951238517677240 
-5.951238517675684 
-5.951238517673232 
-5.951238517671216 
-5.951238517668767 
-5.951238517665987 
-5.951238517663553 
-5.951238517659977 
-5.951238517657055 
-5.951238517654581 
-5.951238517652008 
-5.951238517650927 
-5.951238517648654 
-5.951238517647391 
-5.951238517644899 
-5.951238517644138 
-5.951238517642938 
-5.951238517641688 
-5.951238517639706 
-5.951238517637429 
-5.951238517636143 
-5.951238517634831 
-5.951238517635523 
-5.951238517634143 
-5.951238517631992 
-5.951238517630056 
-5.951238517629062 
-5.951238517627919 
-5.951238517626793 
-5.951238517626255 
-5.951238517626520 
-5.951238517627068 
-5.951238517625468 
-5.951238517624841 
-5.951238517624266 
-5.951238517623694 
-5.951238517622957 
-5.951238517622793 
-5.951238517622817 
-5.951238517623064 
-5.951238517622480 
-5.951238517622158 
-5.951238517622454 
-5.951238517622023 
-5.951238517621801 
-5.951238517621176 
-5.951238517621830 
-5.951238517620944 
-5.951238517621067 
-5.951238517621133 
-5.951238517620396 
-5.951238517620041 
-5.951238517617918 
-5.951238517616755 
-5.951238517616054 
-5.951238517615426 
-5.951238517614538 
-5.951238517614842 
-5.951238517614610 
-5.951238517613778 
-5.951238517613116 
-5.951238517613254 
-5.951238517613960 
-5.951238517612810 
-5.951238517610610 
-5.951238517608456 
-5.951238517606932 
-5.951238517606046 
-5.951238517605396 
-5.951238517605972 
-5.951238517605016 
-5.951238517602636 
-5.951238517602246 
-5.951238517601794 
-5.951238517601904 
-5.951238517600361 
-5.951238517598202 
-5.951238517596826 
-5.951238517595485 
-5.951238517593087 
-5.951238517591229 
-5.951238517590144 
-5.951238517587027 
-5.951238517585543 
-5.951238517584755 
-5.951238517583418 
-5.951238517582273 
-5.951238517579671 
-5.951238517577465 
-5.951238517574443 
-5.951238517571713 
-5.951238517567811 
-5.951238517565214 
-5.951238517562794 
-5.951238517560056 
-5.951238517556160 
-5.951238517553031 
-5.951238517550381 
-5.951238517546991 
-5.951238517542165 
-5.951238517538155 
-5.951238517534451 
-5.951238517529945 
-5.951238517525988 
-5.951238517522034 
-5.951238517517351 
-5.951238517513348 
-5.951238517509165 
-5.951238517504709 
-5.951238517499863 
-5.951238517494279 
-5.951238517489846 
-5.951238517485186 
-5.951238517480473 
-5.951238517475442 
-5.951238517471102 
-5.951238517465354 
-5.951238517459313 
-5.951238517453487 
-5.951238517448470 
-5.951238517442857 
-5.951238517437974 
-5.951238517432990 
-5.951238517427408 
-5.951238517421769 
-5.951238517415695 
-5.951238517410060 
-5.951238517403858 
-5.951238517398305 
-5.951238517391329 
-5.951238517385312 
-5.951238517378716 
-5.951238517371431 
-5.951238517364233 
-5.951238517358428 
-5.951238517351703 
-5.951238517345907 
-5.951238517339772 
-5.951238517333205 
-5.951238517326170 
-5.951238517319887 
-5.951238517312933 
-5.951238517305473 
-5.951238517298417 
-5.951238517290909 
-5.951238517284542 
-5.951238517278258 
-5.951238517271302 
-5.951238517264798 
-5.951238517257530 
-5.951238517249455 
-5.951238517241322 
-5.951238517234057 
-5.951238517226463 
-5.951238517218073 
-5.951238517211319 
-5.951238517204128 
-5.951238517195145 
-5.951238517187858 
-5.951238517178867 
-5.951238517172172 
-5.951238517163716 
-5.951238517155067 
-5.951238517147027 
-5.951238517138819 
-5.951238517131161 
-5.951238517123348 
-5.951238517114741 
-5.951238517107542 
-5.951238517099912 
-5.951238517092140 
-5.951238517085099 
-5.951238517076620 
-5.951238517068640 
-5.951238517059858 
-5.951238517051561 
-5.951238517043265 
-5.951238517035647 
-5.951238517026907 
-5.951238517018309 
-5.951238517009395 
-5.951238517000982 
-5.951238516993020 
-5.951238516985869 
-5.951238516978139 
-5.951238516969799 
-5.951238516962334 
-5.951238516953850 
-5.951238516946709 
-5.951238516938309 
-5.951238516930746 
-5.951238516922573 
-5.951238516913896 
-5.951238516905875 
-5.951238516898611 
-5.951238516891584 
-5.951238516882618 
-5.951238516875631 
-5.951238516868139 
-5.951238516860860 
-5.951238516853929 
-5.951238516845940 
-5.951238516838385 
-5.951238516830778 
-5.951238516822851 
-5.951238516816505 
-5.951238516809183 
-5.951238516801385 
-5.951238516794160 
-5.951238516785969 
-5.951238516778712 
-5.951238516770613 
-5.951238516762625 
-5.951238516754681 
-5.951238516746292 
-5.951238516738334 
-5.951238516731149 
-5.951238516723659 
-5.951238516717543 
-5.951238516709589 
-5.951238516701163 
-5.951238516693506 
-5.951238516686028 
-5.951238516678087 
-5.951238516669651 
-5.951238516661904 
-5.951238516654167 
-5.951238516645614 
-5.951238516638522 
-5.951238516630576 
-5.951238516622825 
-5.951238516615224 
-5.951238516607916 
-5.951238516599910 
-5.951238516593017 
-5.951238516585486 
-5.951238516576995 
-5.951238516568981 
-5.951238516560486 
-5.951238516552842 
-5.951238516543770 
-5.951238516534866 
-5.951238516525306 
-5.951238516517050 
-5.951238516508275 
-5.951238516499344 
-5.951238516490482 
-5.951238516481368 
-5.951238516471048 
-5.951238516462542 
-5.951238516453392 
-5.951238516445250 
-5.951238516436661 
-5.951238516427968 
-5.951238516419501 
-5.951238516409258 
-5.951238516398483 
-5.951238516390440 
-5.951238516380177 
-5.951238516370086 
-5.951238516360513 
-5.951238516349640 
-5.951238516340041 
-5.951238516329486 
-5.951238516318933 
-5.951238516308377 
-5.951238516297659 
-5.951238516286979 
-5.951238516276004 
-5.951238516264561 
-5.951238516255200 
-5.951238516244635 
-5.951238516233982 
-5.951238516223195 
-5.951238516212692 
-5.951238516201908 
-5.951238516190292 
-5.951238516179349 
-5.951238516167767 
-5.951238516156277 
-5.951238516144469 
-5.951238516132185 
-5.951238516121481 
-5.951238516109858 
-5.951238516096298 
-5.951238516083466 
-5.951238516071779 
-5.951238516060108 
-5.951238516048133 
-5.951238516034472 
-5.951238516022688 
-5.951238516010382 
-5.951238515998108 
-5.951238515985691 
-5.951238515972635 
-5.951238515959393 
-5.951238515945660 
-5.951238515932580 
-5.951238515919570 
-5.951238515906770 
-5.951238515892390 
-5.951238515876797 
-5.951238515862233 
-5.951238515849215 
-5.951238515834440 
-5.951238515820708 
-5.951238515807744 
-5.951238515792897 
-5.951238515778382 
-5.951238515765255 
-5.951238515751083 
-5.951238515736964 
-5.951238515723082 
-5.951238515708584 
-5.951238515694367 
-5.951238515679523 
-5.951238515664373 
-5.951238515649507 
-5.951238515633793 
-5.951238515618802 
-5.951238515603320 
-5.951238515589263 
-5.951238515573157 
-5.951238515558009 
-5.951238515543027 
-5.951238515529012 
-5.951238515513351 
-5.951238515498721 
-5.951238515482984 
-5.951238515466313 
-5.951238515449943 
-5.951238515433785 
-5.951238515418041 
-5.951238515402274 
-5.951238515386217 
-5.951238515371077 
-5.951238515354770 
-5.951238515339432 
-5.951238515324020 
-5.951238515307564 
-5.951238515291141 
-5.951238515274196 
-5.951238515257403 
-5.951238515241044 
-5.951238515224603 
-5.951238515208622 
-5.951238515192829 
-5.951238515177061 
-5.951238515160933 
-5.951238515143548 
-5.951238515125974 
-5.951238515109536 
-5.951238515093335 
-5.951238515076162 
-5.951238515058169 
-5.951238515041099 
-5.951238515025385 
-5.951238515008322 
-5.951238514991889 
-5.951238514974345 
-5.951238514957748 
-5.951238514940115 
-5.951238514922921 
-5.951238514906851 
-5.951238514889781 
-5.951238514872629 
-5.951238514856560 
-5.951238514839136 
-5.951238514822921 
-5.951238514806093 
-5.951238514789063 
-5.951238514772269 
-5.951238514755405 
-5.951238514738283 
-5.951238514721330 
-5.951238514704350 
-5.951238514687042 
-5.951238514670183 
-5.951238514652797 
-5.951238514635893 
-5.951238514617942 
-5.951238514600241 
-5.951238514583062 
-5.951238514564953 
-5.951238514548127 
-5.951238514531122 
-5.951238514512667 
-5.951238514495280 
-5.951238514477648 
-5.951238514459646 
-5.951238514441049 
-5.951238514422561 
-5.951238514406285 
-5.951238514386958 
-5.951238514369861 
-5.951238514352150 
-5.951238514333437 
-5.951238514315609 
-5.951238514298472 
-5.951238514280262 
-5.951238514261799 
-5.951238514243883 
-5.951238514226048 
-5.951238514208656 
-5.951238514191602 
-5.951238514172901 
-5.951238514155482 
-5.951238514137287 
-5.951238514118422 
-5.951238514100040 
-5.951238514081662 
-5.951238514062198 
-5.951238514044382 
-5.951238514026542 
-5.951238514009163 
-5.951238513990936 
-5.951238513972906 
-5.951238513954812 
-5.951238513936858 
-5.951238513917750 
-5.951238513898966 
-5.951238513880456 
-5.951238513862066 
-5.951238513842616 
-5.951238513823258 
-5.951238513805009 
-5.951238513786468 
-5.951238513767354 
-5.951238513749139 
-5.951238513730603 
-5.951238513712370 
-5.951238513693793 
-5.951238513674761 
-5.951238513657052 
-5.951238513637831 
-5.951238513618969 
-5.951238513599892 
-5.951238513581382 
-5.951238513562276 
-5.951238513543227 
-5.951238513523998 
-5.951238513503758 
-5.951238513484003 
-5.951238513465811 
-5.951238513446140 
-5.951238513427247 
-5.951238513408332 
-5.951238513389927 
-5.951238513369872 
-5.951238513350202 
-5.951238513332573 
-5.951238513314213 
-5.951238513294800 
-5.951238513276849 
-5.951238513257722 
-5.951238513238966 
-5.951238513222023 
-5.951238513204511 
-5.951238513185260 
-5.951238513165721 
-5.951238513146015 
-5.951238513127370 
-5.951238513109334 
-5.951238513091020 
-5.951238513072441 
-5.951238513053434 
-5.951238513035628 
-5.951238513016581 
-5.951238512998986 
-5.951238512979861 
-5.951238512961435 
-5.951238512942933 
-5.951238512924585 
-5.951238512905944 
-5.951238512887429 
-5.951238512868986 
-5.951238512852670 
-5.951238512834801 
-5.951238512816770 
-5.951238512800301 
-5.951238512781870 
-5.951238512763351 
-5.951238512745762 
-5.951238512728128 
-5.951238512709133 
-5.951238512691281 
-5.951238512673078 
-5.951238512655668 
-5.951238512638145 
-5.951238512619800 
-5.951238512603226 
-5.951238512586071 
-5.951238512570049 
-5.951238512554308 
-5.951238512538553 
-5.951238512522949 
-5.951238512505576 
-5.951238512489046 
-5.951238512471837 
-5.951238512456396 
-5.951238512441841 
-5.951238512426327 
-5.951238512410459 
-5.951238512395840 
-5.951238512379513 
-5.951238512362419 
-5.951238512346587 
-5.951238512330903 
-5.951238512315398 
-5.951238512300322 
-5.951238512284073 
-5.951238512268874 
-5.951238512254974 
-5.951238512240612 
-5.951238512225747 
-5.951238512210426 
-5.951238512196196 
-5.951238512181177 
-5.951238512166309 
-5.951238512152114 
-5.951238512139537 
-5.951238512126618 
-5.951238512112455 
-5.951238512100149 
-5.951238512085588 
-5.951238512072131 
-5.951238512059574 
-5.951238512047777 
-5.951238512035102 
-5.951238512022279 
-5.951238512009954 
-5.951238511997365 
-5.951238511985432 
-5.951238511971659 
-5.951238511959417 
-5.951238511947837 
-5.951238511935664 
-5.951238511925270 
-5.951238511913546 
-5.951238511901781 
-5.951238511890120 
-5.951238511879523 
-5.951238511867078 
-5.951238511856183 
-5.951238511844381 
-5.951238511833901 
-5.951238511823122 
-5.951238511813123 
-5.951238511802194 
-5.951238511791298 
-5.951238511780836 
-5.951238511771003 
-5.951238511760648 
-5.951238511750740 
-5.951238511740193 
-5.951238511729799 
-5.951238511719738 
-5.951238511709047 
-5.951238511698085 
-5.951238511687714 
-5.951238511678043 
-5.951238511669486 
-5.951238511660466 
-5.951238511652109 
-5.951238511643727 
-5.951238511634966 
-5.951238511625920 
-5.951238511617571 
-5.951238511610530 
-5.951238511603417 
-5.951238511595225 
-5.951238511588106 
-5.951238511580567 
-5.951238511572831 
-5.951238511563751 
-5.951238511556895 
-5.951238511549537 
-5.951238511542376 
-5.951238511536317 
-5.951238511529771 
-5.951238511523562 
-5.951238511516807 
-5.951238511509718 
-5.951238511502160 
-5.951238511496157 
-5.951238511488718 
-5.951238511482642 
-5.951238511475786 
-5.951238511467900 
-5.951238511461859 
-5.951238511454975 
-5.951238511448288 
-5.951238511443098 
-5.951238511437857 
-5.951238511432458 
-5.951238511427342 
-5.951238511422497 
-5.951238511418068 
-5.951238511411957 
-5.951238511407809 
-5.951238511403206 
-5.951238511398994 
-5.951238511393148 
-5.951238511389246 
-5.951238511384904 
-5.951238511380137 
-5.951238511376951 
-5.951238511371614 
-5.951238511368153 
-5.951238511362019 
-5.951238511356982 
-5.951238511353971 
-5.951238511350578 
-5.951238511347021 
-5.951238511342416 
-5.951238511338802 
-5.951238511333777 
-5.951238511329980 
-5.951238511326454 
-5.951238511322476 
-5.951238511318174 
-5.951238511313411 
-5.951238511311058 
-5.951238511306997 
-5.951238511302642 
-5.951238511300208 
-5.951238511297106 
-5.951238511292793 
-5.951238511289200 
-5.951238511286808 
-5.951238511284275 
-5.951238511280460 
-5.951238511278258 
-5.951238511275314 
-5.951238511272611 
-5.951238511271208 
-5.951238511269030 
-5.951238511267930 
-5.951238511265370 
-5.951238511263424 
-5.951238511262083 
-5.951238511260226 
-5.951238511257774 
-5.951238511255298 
-5.951238511253483 
-5.951238511251294 
-5.951238511249427 
-5.951238511248133 
-5.951238511247579 
-5.951238511246124 
-5.951238511244871 
-5.951238511243479 
-5.951238511242451 
-5.951238511240281 
-5.951238511238573 
-5.951238511237977 
-5.951238511236812 
-5.951238511235799 
-5.951238511234841 
-5.951238511233035 
-5.951238511231491 
-5.951238511231192 
-5.951238511229803 
-5.951238511230026 
-5.951238511228505 
-5.951238511228212 
-5.951238511227191 
-5.951238511225670 
-5.951238511224731 
-5.951238511225041 
-5.951238511223439 
-5.951238511223218 
-5.951238511223024 
-5.951238511222742 
-5.951238511221958 
-5.951238511222214 
-5.951238511221447 
-5.951238511223319 
-5.951238511224092 
-5.951238511224575 
-5.951238511225570 
-5.951238511226355 
-5.951238511227634 
-5.951238511228168 
-5.951238511228973 
-5.951238511230748 
-5.951238511233010 
-5.951238511233452 
-5.951238511235409 
-5.951238511236680 
-5.951238511237333 
-5.951238511238937 
-5.951238511239920 
-5.951238511242556 
-5.951238511244472 
-5.951238511245448 
-5.951238511246817 
-5.951238511249182 
-5.951238511251209 
-5.951238511253075 
-5.951238511254896 
-5.951238511259722 
-5.951238511263113 
-5.951238511267197 
-5.951238511269553 
-5.951238511274234 
-5.951238511277033 
-5.951238511280950 
-5.951238511284151 
-5.951238511287562 
-5.951238511291077 
-5.951238511293740 
-5.951238511296753 
-5.951238511299971 
-5.951238511302501 
-5.951238511305386 
-5.951238511308387 
-5.951238511312704 
-5.951238511315895 
-5.951238511320291 
-5.951238511325410 
-5.951238511328572 
-5.951238511332179 
-5.951238511335524 
-5.951238511339946 
-5.951238511343487 
-5.951238511348691 
-5.951238511354383 
-5.951238511359166 
-5.951238511365784 
-5.951238511371630 
-5.951238511376877 
-5.951238511382635 
-5.951238511389279 
-5.951238511394072 
-5.951238511399356 
-5.951238511405087 
-5.951238511410899 
-5.951238511416488 
-5.951238511423295 
-5.951238511428790 
-5.951238511434426 
-5.951238511441632 
-5.951238511448255 
-5.951238511454661 
-5.951238511461727 
-5.951238511469473 
-5.951238511476650 
-5.951238511484054 
-5.951238511491351 
-5.951238511499358 
-5.951238511506700 
-5.951238511513858 
-5.951238511521023 
-5.951238511529251 
-5.951238511537364 
-5.951238511545577 
-5.951238511553447 
-5.951238511561067 
-5.951238511568317 
-5.951238511575817 
-5.951238511583834 
-5.951238511592453 
-5.951238511601879 
-5.951238511610889 
-5.951238511619493 
-5.951238511627921 
-5.951238511637395 
-5.951238511647258 
-5.951238511655906 
-5.951238511666367 
-5.951238511675470 
-5.951238511683608 
-5.951238511692805 
-5.951238511702648 
-5.951238511711843 
-5.951238511720817 
-5.951238511729700 
-5.951238511738810 
-5.951238511748293 
-5.951238511756888 
-5.951238511767472 
-5.951238511777305 
-5.951238511787214 
-5.951238511797550 
-5.951238511807828 
-5.951238511816468 
-5.951238511827519 
-5.951238511837710 
-5.951238511847466 
-5.951238511856716 
-5.951238511867100 
-5.951238511877284 
-5.951238511887782 
-5.951238511897978 
-5.951238511908204 
-5.951238511918714 
-5.951238511929605 
-5.951238511940415 
-5.951238511951357 
-5.951238511962284 
-5.951238511973619 
-5.951238511984537 
-5.951238511996428 
-5.951238512008494 
-5.951238512021039 
-5.951238512032468 
-5.951238512044601 
-5.951238512054497 
-5.951238512066522 
-5.951238512078582 
-5.951238512092204 
-5.951238512103946 
-5.951238512115538 
-5.951238512127359 
-5.951238512139962 
-5.951238512152077 
-5.951238512163128 
-5.951238512175733 
-5.951238512187645 
-5.951238512199813 
-5.951238512213068 
-5.951238512226233 
-5.951238512237293 
-5.951238512249697 
-5.951238512262075 
-5.951238512272857 
-5.951238512284491 
-5.951238512297019 
-5.951238512309898 
-5.951238512322882 
-5.951238512335923 
-5.951238512349565 
-5.951238512363675 
-5.951238512376510 
-5.951238512389081 
-5.951238512403297 
-5.951238512417715 
-5.951238512430581 
-5.951238512443576 
-5.951238512457369 
-5.951238512470837 
-5.951238512485011 
-5.951238512498535 
-5.951238512512251 
-5.951238512524473 
-5.951238512538711 
-5.951238512551977 
-5.951238512565169 
-5.951238512578767 
-5.951238512591916 
-5.951238512605463 
-5.951238512619882 
-5.951238512633889 
-5.951238512647542 
-5.951238512661827 
-5.951238512676991 
-5.951238512690567 
-5.951238512705007 
-5.951238512717991 
-5.951238512731927 
-5.951238512745744 
-5.951238512760193 
-5.951238512774377 
-5.951238512787686 
-5.951238512801892 
-5.951238512816460 
-5.951238512830129 
-5.951238512845729 
-5.951238512860376 
-5.951238512874497 
-5.951238512889830 
-5.951238512904789 
-5.951238512920268 
-5.951238512935546 
-5.951238512949818 
-5.951238512966003 
-5.951238512980606 
-5.951238512996421 
-5.951238513011049 
-5.951238513025388 
-5.951238513041991 
-5.951238513057406 
-5.951238513072756 
-5.951238513088418 
-5.951238513103252 
-5.951238513118787 
-5.951238513133793 
-5.951238513149330 
-5.951238513165937 
-5.951238513181772 
-5.951238513196293 
-5.951238513212127 
-5.951238513226730 
-5.951238513240922 
-5.951238513256856 
-5.951238513272365 
-5.951238513288750 
-5.951238513304771 
-5.951238513319209 
-5.951238513335877 
-5.951238513350815 
-5.951238513366410 
-5.951238513382020 
-5.951238513396255 
-5.951238513411816 
-5.951238513426146 
-5.951238513442096 
-5.951238513457271 
-5.951238513472918 
-5.951238513488852 
-5.951238513504423 
-5.951238513519896 
-5.951238513535174 
-5.951238513549357 
-5.951238513564400 
-5.951238513579603 
-5.951238513595987 
-5.951238513611067 
-5.951238513627283 
-5.951238513642861 
-5.951238513657318 
-5.951238513673233 
-5.951238513688076 
-5.951238513704398 
-5.951238513717986 
-5.951238513733657 
-5.951238513749053 
-5.951238513764103 
-5.951238513780376 
-5.951238513795141 
-5.951238513810088 
-5.951238513824123 
-5.951238513838060 
-5.951238513851850 
-5.951238513867952 
-5.951238513882977 
-5.951238513897671 
-5.951238513911436 
-5.951238513925520 
-5.951238513939973 
-5.951238513953660 
-5.951238513967651 
-5.951238513980667 
-5.951238513996013 
-5.951238514009328 
-5.951238514023311 
-5.951238514038030 
-5.951238514051518 
-5.951238514065342 
-5.951238514079172 
-5.951238514092994 
-5.951238514107479 
-5.951238514119725 
-5.951238514132991 
-5.951238514145935 
-5.951238514159202 
-5.951238514173104 
-5.951238514185825 
-5.951238514198320 
-5.951238514211825 
-5.951238514224901 
-5.951238514237400 
-5.951238514249246 
-5.951238514262497 
-5.951238514275219 
-5.951238514286777 
-5.951238514299140 
-5.951238514311588 
-5.951238514324006 
-5.951238514336463 
-5.951238514346930 
-5.951238514359207 
-5.951238514370393 
-5.951238514382206 
-5.951238514392742 
-5.951238514404023 
-5.951238514415245 
-5.951238514427818 
-5.951238514438973 
-5.951238514449749 
-5.951238514461494 
-5.951238514472747 
-5.951238514483805 
-5.951238514493529 
-5.951238514505239 
-5.951238514517510 
-5.951238514528583 
-5.951238514539755 
-5.951238514550690 
-5.951238514560648 
-5.951238514573010 
-5.951238514584709 
-5.951238514596839 
-5.951238514607486 
-5.951238514617497 
-5.951238514629596 
-5.951238514639839 
-5.951238514650776 
-5.951238514661968 
-5.951238514671052 
-5.951238514680741 
-5.951238514689818 
-5.951238514700600 
-5.951238514710245 
-5.951238514718696 
-5.951238514726714 
-5.951238514736880 
-5.951238514747718 
-5.951238514757577 
-5.951238514766876 
-5.951238514775454 
-5.951238514783200 
-5.951238514791973 
-5.951238514801808 
-5.951238514810065 
-5.951238514819538 
-5.951238514828825 
-5.951238514838598 
-5.951238514848626 
-5.951238514856309 
-5.951238514864725 
-5.951238514873910 
-5.951238514881641 
-5.951238514889024 
-5.951238514895745 
-5.951238514904009 
-5.951238514910995 
-5.951238514921205 
-5.951238514928841 
-5.951238514937137 
-5.951238514945868 
-5.951238514954591 
-5.951238514961751 
-5.951238514970072 
-5.951238514978142 
-5.951238514986968 
-5.951238514994496 
-5.951238515002703 
-5.951238515009726 
-5.951238515017412 
-5.951238515024706 
-5.951238515032166 
-5.951238515039112 
-5.951238515046446 
-5.951238515053572 
-5.951238515060703 
-5.951238515069255 
-5.951238515077049 
-5.951238515085026 
-5.951238515091933 
-5.951238515098805 
-5.951238515107082 
-5.951238515115740 
-5.951238515123459 
-5.951238515131237 
-5.951238515138400 
-5.951238515145064 
-5.951238515151799 
-5.951238515160787 
-5.951238515168557 
-5.951238515176112 
-5.951238515183275 
-5.951238515190114 
-5.951238515196803 
-5.951238515203247 
-5.951238515209029 
-5.951238515215862 
-5.951238515222291 
-5.951238515229679 
-5.951238515237699 
-5.951238515244759 
-5.951238515250394 
-5.951238515257446 
-5.951238515265127 
-5.951238515271889 
-5.951238515278223 
-5.951238515285051 
-5.951238515291822 
-5.951238515298236 
-5.951238515305112 
-5.951238515312738 
-5.951238515318413 
-5.951238515325293 
-5.951238515331399 
-5.951238515338134 
-5.951238515344638 
-5.951238515351397 
-5.951238515359272 
-5.951238515366551 
-5.951238515373409 
-5.951238515379869 
-5.951238515385490 
-5.951238515391998 
-5.951238515398044 
-5.951238515404834 
-5.951238515411848 
-5.951238515418303 
-5.951238515424419 
-5.951238515431588 
-5.951238515439188 
-5.951238515445678 
-5.951238515452034 
-5.951238515457847 
-5.951238515464916 
-5.951238515471528 
-5.951238515477195 
-5.951238515484027 
-5.951238515491847 
-5.951238515498369 
-5.951238515504829 
-5.951238515512459 
-5.951238515520235 
-5.951238515528576 
-5.951238515535639 
-5.951238515542030 
-5.951238515549516 
-5.951238515555024 
-5.951238515561632 
-5.951238515568283 
-5.951238515574884 
-5.951238515581405 
-5.951238515588347 
-5.951238515594822 
-5.951238515602827 
-5.951238515609310 
-5.951238515615879 
-5.951238515622331 
-5.951238515630115 
-5.951238515637454 
-5.951238515644786 
-5.951238515652130 
-5.951238515658808 
-5.951238515667161 
-5.951238515674200 
-5.951238515681831 
-5.951238515688758 
-5.951238515696245 
-5.951238515704404 
-5.951238515712857 
-5.951238515721007 
-5.951238515728240 
-5.951238515735711 
-5.951238515744659 
-5.951238515751348 
-5.951238515758350 
-5.951238515765857 
-5.951238515773246 
-5.951238515779975 
-5.951238515787382 
-5.951238515796323 
-5.951238515804951 
-5.951238515812256 
-5.951238515819502 
-5.951238515828282 
-5.951238515834257 
-5.951238515842220 
-5.951238515849370 
-5.951238515856626 
-5.951238515864789 
-5.951238515872632 
-5.951238515877849 
-5.951238515885859 
-5.951238515892678 
-5.951238515899804 
-5.951238515907254 
-5.951238515914613 
-5.951238515920411 
-5.951238515927365 
-5.951238515934625 
-5.951238515942069 
-5.951238515949454 
-5.951238515955980 
-5.951238515963019 
-5.951238515968024 
-5.951238515973784 
-5.951238515980155 
-5.951238515986539 
-5.951238515992450 
-5.951238515999740 
-5.951238516006333 
-5.951238516012827 
-5.951238516021015 
-5.951238516027200 
-5.951238516032133 
-5.951238516037226 
-5.951238516042427 
-5.951238516048764 
-5.951238516054153 
-5.951238516059035 
-5.951238516065544 
-5.951238516072122 
-5.951238516077103 
-5.951238516082782 
-5.951238516088514 
-5.951238516092768 
-5.951238516097423 
-5.951238516102463 
-5.951238516107469 
-5.951238516112909 
-5.951238516116542 
-5.951238516122013 
-5.951238516126804 
-5.951238516130388 
-5.951238516135392 
-5.951238516140360 
-5.951238516143606 
-5.951238516149154 
-5.951238516154317 
-5.951238516159986 
-5.951238516163194 
-5.951238516167334 
-5.951238516171280 
-5.951238516176397 
-5.951238516180342 
-5.951238516183285 
-5.951238516188405 
-5.951238516191076 
-5.951238516193452 
-5.951238516196081 
-5.951238516198558 
-5.951238516200280 
-5.951238516202167 
-5.951238516204703 
-5.951238516206122 
-5.951238516207852 
-5.951238516210790 
-5.951238516213495 
-5.951238516215902 
-5.951238516217291 
-5.951238516217354 
-5.951238516219676 
-5.951238516220358 
-5.951238516220514 
-5.951238516221097 
-5.951238516222017 
-5.951238516222019 
-5.951238516223627 
-5.951238516224391 
-5.951238516225537 
-5.951238516225888 
-5.951238516224790 
-5.951238516224428 
-5.951238516223074 
-5.951238516222503 
-5.951238516222910 
-5.951238516222494 
-5.951238516221301 
-5.951238516222281 
-5.951238516221077 
-5.951238516219751 
-5.951238516218966 
-5.951238516215787 
-5.951238516213563 
-5.951238516211569 
-5.951238516210501 
-5.951238516210411 
-5.951238516208136 
-5.951238516206608 
-5.951238516205219 
-5.951238516203111 
-5.951238516199633 
-5.951238516197034 
-5.951238516193319 
-5.951238516191015 
-5.951238516187792 
-5.951238516183411 
-5.951238516179843 
-5.951238516177234 
-5.951238516174184 
-5.951238516169099 
-5.951238516165491 
-5.951238516161395 
-5.951238516157392 
-5.951238516153420 
-5.951238516150300 
-5.951238516146512 
-5.951238516141751 
-5.951238516137498 
-5.951238516133835 
-5.951238516128895 
-5.951238516124955 
-5.951238516121853 
-5.951238516117509 
-5.951238516111879 
-5.951238516107426 
-5.951238516103297 
-5.951238516099078 
-5.951238516094962 
-5.951238516089280 
-5.951238516083725 
-5.951238516078569 
-5.951238516073211 
-5.951238516066362 
-5.951238516060858 
-5.951238516055071 
-5.951238516048178 
-5.951238516043130 
-5.951238516037376 
-5.951238516031100 
-5.951238516024604 
-5.951238516017836 
-5.951238516009955 
-5.951238516002871 
-5.951238515995730 
-5.951238515989099 
-5.951238515982190 
-5.951238515976543 
-5.951238515969603 
-5.951238515963285 
-5.951238515956343 
-5.951238515948488 
-5.951238515940826 
-5.951238515934186 
-5.951238515927022 
-5.951238515919888 
-5.951238515914352 
-5.951238515907118 
-5.951238515899023 
-5.951238515891403 
-5.951238515883988 
-5.951238515876837 
-5.951238515869611 
-5.951238515861585 
-5.951238515854332 
-5.951238515846533 
-5.951238515839473 
-5.951238515831974 
-5.951238515824326 
-5.951238515814993 
-5.951238515806242 
-5.951238515797105 
-5.951238515788774 
-5.951238515779929 
-5.951238515771968 
-5.951238515764068 
-5.951238515756566 
-5.951238515747574 
-5.951238515738782 
-5.951238515730534 
-5.951238515722292 
-5.951238515713650 
-5.951238515705260 
-5.951238515697253 
-5.951238515688556 
-5.951238515680018 
-5.951238515672447 
-5.951238515662587 
-5.951238515651879 
-5.951238515643373 
-5.951238515633383 
-5.951238515624992 
-5.951238515615781 
-5.951238515605652 
-5.951238515597178 
-5.951238515587878 
-5.951238515576965 
-5.951238515566462 
-5.951238515557492 
-5.951238515546846 
-5.951238515536130 
-5.951238515526938 
-5.951238515516525 
-5.951238515506518 
-5.951238515496313 
-5.951238515487501 
-5.951238515478436 
-5.951238515467903 
-5.951238515458826 
-5.951238515449152 
-5.951238515438449 
-5.951238515428774 
-5.951238515419018 
-5.951238515409182 
-5.951238515398645 
-5.951238515388861 
-5.951238515379023 
-5.951238515370022 
-5.951238515359544 
-5.951238515350372 
-5.951238515341847 
-5.951238515333652 
-5.951238515324324 
-5.951238515313694 
-5.951238515304667 
-5.951238515294041 
-5.951238515284570 
-5.951238515275292 
-5.951238515265925 
-5.951238515257439 
-5.951238515247902 
-5.951238515239159 
-5.951238515231049 
-5.951238515222824 
-5.951238515213323 
-5.951238515204633 
-5.951238515196106 
-5.951238515187353 
-5.951238515178041 
-5.951238515168472 
-5.951238515159406 
-5.951238515151065 
-5.951238515141322 
-5.951238515134275 
-5.951238515125963 
-5.951238515117184 
-5.951238515109361 
-5.951238515101909 
-5.951238515094237 
-5.951238515086313 
-5.951238515078250 
-5.951238515067770 
-5.951238515060366 
-5.951238515052074 
-5.951238515043857 
-5.951238515034960 
-5.951238515026484 
-5.951238515018526 
-5.951238515011887 
-5.951238515004531 
-5.951238514997156 
-5.951238514990402 
-5.951238514981912 
-5.951238514975074 
-5.951238514968702 
-5.951238514960719 
-5.951238514954515 
-5.951238514946079 
-5.951238514939472 
-5.951238514934670 
-5.951238514929776 
-5.951238514923744 
-5.951238514916780 
-5.951238514911407 
-5.951238514904837 
-5.951238514898907 
-5.951238514893041 
-5.951238514887057 
-5.951238514881529 
-5.951238514874249 
-5.951238514868005 
-5.951238514862739 
-5.951238514856724 
-5.951238514852449 
-5.951238514846835 
-5.951238514840903 
-5.951238514836910 
-5.951238514832056 
-5.951238514826742 
-5.951238514822757 
-5.951238514818236 
-5.951238514814074 
-5.951238514808463 
-5.951238514803503 
-5.951238514798618 
-5.951238514795572 
-5.951238514790155 
-5.951238514785143 
-5.951238514780456 
-5.951238514775294 
-5.951238514771433 
-5.951238514766375 
-5.951238514761065 
-5.951238514757099 
-5.951238514751824 
-5.951238514746780 
-5.951238514742562 
-5.951238514738961 
-5.951238514735081 
-5.951238514731464 
-5.951238514728230 
-5.951238514723192 
-5.951238514718740 
-5.951238514714209 
-5.951238514710577 
-5.951238514706268 
-5.951238514702149 
-5.951238514698158 
-5.951238514693994 
-5.951238514688029 
-5.951238514683371 
-5.951238514681996 
-5.951238514678058 
-5.951238514674240 
-5.951238514670126 
-5.951238514666848 
-5.951238514663066 
-5.951238514659237 
-5.951238514655133 
-5.951238514652940 
-5.951238514649098 
-5.951238514645966 
-5.951238514644735 
-5.951238514641336 
-5.951238514638446 
-5.951238514635072 
-5.951238514630903 
-5.951238514627864 
-5.951238514625029 
-5.951238514621290 
-5.951238514618452 
-5.951238514615661 
-5.951238514613914 
-5.951238514609692 
-5.951238514607812 
-5.951238514606445 
-5.951238514603787 
-5.951238514600479 
-5.951238514598624 
-5.951238514596347 
-5.951238514593191 
-5.951238514592123 
-5.951238514589494 
-5.951238514587084 
-5.951238514585579 
-5.951238514584409 
-5.951238514581226 
-5.951238514579474 
-5.951238514577847 
-5.951238514575717 
-5.951238514576154 
-5.951238514575378 
-5.951238514574793 
-5.951238514573012 
-5.951238514571491 
-5.951238514569566 
-5.951238514568369 
-5.951238514567413 
-5.951238514567899 
-5.951238514565635 
-5.951238514564654 
-5.951238514565302 
-5.951238514565213 
-5.951238514565676 
-5.951238514565889 
-5.951238514565077 
-5.951238514564460 
-5.951238514563603 
-5.951238514562315 
-5.951238514563595 
-5.951238514563514 
-5.951238514564443 
-5.951238514564663 
-5.951238514564460 
-5.951238514564864 
-5.951238514565185 
-5.951238514565249 
-5.951238514566604 
-5.951238514567034 
-5.951238514566572 
-5.951238514566451 
-5.951238514567362 
-5.951238514568190 
-5.951238514569717 
-5.951238514569919 
-5.951238514572546 
-5.951238514573534 
-5.951238514574642 
-5.951238514575969 
-5.951238514576914 
-5.951238514576577 
-5.951238514578066 
-5.951238514580568 
-5.951238514582196 
-5.951238514583337 
-5.951238514584919 
-5.951238514586855 
-5.951238514587942 
-5.951238514588535 
-5.951238514591592 
-5.951238514592789 
-5.951238514595392 
-5.951238514598287 
-5.951238514598973 
-5.951238514602029 
-5.951238514604157 
-5.951238514607265 
-5.951238514608692 
-5.951238514610440 
-5.951238514612541 
-5.951238514613051 
-5.951238514615464 
-5.951238514614999 
-5.951238514617087 
-5.951238514620371 
-5.951238514621195 
-5.951238514624267 
-5.951238514627342 
-5.951238514630324 
-5.951238514633438 
-5.951238514636765 
-5.951238514640234 
-5.951238514642911 
-5.951238514645508 
-5.951238514649547 
-5.951238514651154 
-5.951238514654625 
-5.951238514656153 
-5.951238514659549 
-5.951238514662783 
-5.951238514666048 
-5.951238514668880 
-5.951238514672429 
-5.951238514676186 
-5.951238514678856 
-5.951238514681829 
-5.951238514685527 
-5.951238514688098 
-5.951238514692577 
-5.951238514696375 
-5.951238514698309 
-5.951238514701716 
