1.000000000000000 
0.999058108973149 
0.998168957542083 
0.997328244470494 
0.996532076148105 
0.995776920473921 
0.995059566938195 
0.994377091926910 
0.993726828449118 
0.993106339627969 
0.992513395409084 
0.991945952030933 
0.991402133875868 
0.990880217380902 
0.990378616736933 
0.989895871146085 
0.989430633440873 
0.988981659897200 
0.988547801096909 
0.988127993715581 
0.987721253128090 
0.987326666738661 
0.986943387954330 
0.986570630731049 
0.986207664630498 
0.985853810333338 
0.985508435561119 
0.985170951364778 
0.984840808742535 
0.984517495554264 
0.984200533703142 
0.983889476558584 
0.983583906597370 
0.983283433242294 
0.982987690879896 
0.982696337040766 
0.982409050727577 
0.982125530877560 
0.981845494947435 
0.981568677610007 
0.981294829552694 
0.981023716369207 
0.980755117536402 
0.980488825469132 
0.980224644646545 
0.979962390803907 
0.979701890184571 
0.979442978847183 
0.979185502023659 
0.978929313523877 
0.978674275183376 
0.978420256350650 
0.978167133410975 
0.977914789343903 
0.977663113311861 
0.977412000277450 
0.977161350647291 
0.976911069940400 
0.976661068479272 
0.976411261101974 
0.976161566893709 
0.975911908936413 
0.975662214075083 
0.975412412699614 
0.975162438541041 
0.974912228481145 
0.974661722374493 
0.974410862882004 
0.974159595315271 
0.973907867490850 
0.973655629593857 
0.973402834050212 
0.973149435406939 
0.972895390219991 
0.972640656949056 
0.972385195858912 
0.972128968926860 
0.971871939755850 
0.971614073492913 
0.971355336752552 
0.971095697544766 
0.970835125207403 
0.970573590342562 
0.970311064756785 
0.970047521404791 
0.969782934336525 
0.969517278647318 
0.969250530430951 
0.968982666735451 
0.968713665521431 
0.968443505622837 
0.968172166709935 
0.967899629254404 
0.967625874496413 
0.967350884413545 
0.967074641691475 
0.966797129696272 
0.966518332448251 
0.966238234597264 
0.965956821399350 
0.965674078694663 
0.965389992886603 
0.965104550922074 
0.964817740272806 
0.964529548917682 
0.964239965326000 
0.963948978441628 
0.963656577667990 
0.963362752853844 
0.963067494279793 
0.962770792645507 
0.962472639057588 
0.962173025018068 
0.961871942413488 
0.961569383504526 
0.961265340916143 
0.960959807628235 
0.960652776966722 
0.960344242595097 
0.960034198506372 
0.959722639015420 
0.959409558751676 
0.959094952652193 
0.958778815955016 
0.958461144192863 
0.958141933187104 
0.957821179042010 
0.957498878139252 
0.957175027132657 
0.956849622943183 
0.956522662754118 
0.956194144006476 
0.955864064394590 
0.955532421861889 
0.955199214596836 
0.954864441029039 
0.954528099825504 
0.954190189887038 
0.953850710344782 
0.953509660556873 
0.953167040105223 
0.952822848792413 
0.952477086638689 
0.952129753879061 
0.951780850960493 
0.951430378539181 
0.951078337477908 
0.950724728843493 
0.950369553904287 
0.950012814127762 
0.949654511178149 
0.949294646914135 
0.948933223386631 
0.948570242836573 
0.948205707692790 
0.947839620569904 
0.947471984266283 
0.947102801762031 
0.946732076217016 
0.946359810968937 
0.945986009531414 
0.945610675592128 
0.945233813010969 
0.944855425818227 
0.944475518212807 
0.944094094560455 
0.943711159392028 
0.943326717401767 
0.942940773445599 
0.942553332539458 
0.942164399857620 
0.941773980731057 
0.941382080645810 
0.940988705241370 
0.940593860309078 
0.940197551790538 
0.939799785776043 
0.939400568503012 
0.938999906354437 
0.938597805857345 
0.938194273681267 
0.937789316636720 
0.937382941673695 
0.936975155880156 
0.936565966480551 
0.936155380834322 
0.935743406434435 
0.935330050905907 
0.934915322004348 
0.934499227614507 
0.934081775748821 
0.933662974545981 
0.933242832269491 
0.932821357306239 
0.932398558165081 
0.931974443475416 
0.931549021985773 
0.931122302562407 
0.930694294187892 
0.930265005959722 
0.929834447088914 
0.929402626898617 
0.928969554822720 
0.928535240404470 
0.928099693295082 
0.927662923252362 
0.927224940139328 
0.926785753922824 
0.926345374672154 
0.925903812557696 
0.925461077849532 
0.925017180916071 
0.924572132222674 
0.924125942330277 
0.923678621894013 
0.923230181661837 
0.922780632473144 
0.922329985257387 
0.921878251032695 
0.921425440904484 
0.920971566064070 
0.920516637787275 
0.920060667433031 
0.919603666441979 
0.919145646335070 
0.918686618712147 
0.918226595250542 
0.917765587703651 
0.917303607899512 
0.916840667739379 
0.916376779196286 
0.915911954313608 
0.915446205203612 
0.914979544046012 
0.914511983086505 
0.914043534635311 
0.913574211065702 
0.913104024812525 
0.912632988370724 
0.912161114293846 
0.911688415192551 
0.911214903733111 
0.910740592635905 
0.910265494673908 
0.909789622671172 
0.909312989501312 
0.908835608085973 
0.908357491393303 
0.907878652436421 
0.907399104271878 
0.906918859998119 
0.906437932753940 
0.905956335716941 
0.905474082101989 
0.904991185159664 
0.904507658174719 
0.904023514464534 
0.903538767377576 
0.903053430291855 
0.902567516613392 
0.902081039774684 
0.901594013233181 
0.901106450469762 
0.900618364987225 
0.900129770308781 
0.899640679976561 
0.899151107550127 
0.898661066605005 
0.898170570731221 
0.897679633531855 
0.897188268621609 
0.896696489625398 
0.896204310176943 
0.895711743917396 
0.895218804493985 
0.894725505558665 
0.894231860766812 
0.893737883775919 
0.893243588244334 
0.892748987830011 
0.892254096189290 
0.891758926975707 
0.891263493838832 
0.890767810423127 
0.890271890366846 
0.889775747300958 
0.889279394848097 
0.888782846621553 
0.888286116224288 
0.887789217247985 
0.887292163272127 
0.886794967863119 
0.886297644573425 
0.885800206940750 
0.885302668487256 
0.884805042718795 
0.884307343124190 
0.883809583174536 
0.883311776322533 
0.882813936001851 
0.882316075626521 
0.881818208590350 
0.881320348266370 
0.880822508006299 
0.880324701140033 
0.879826940975159 
0.879329240796483 
0.878831613865577 
0.878334073420339 
0.877836632674568 
0.877339304817551 
0.876842103013653 
0.876345040401912 
0.875848130095644 
0.875351385182041 
0.874854818721768 
0.874358443748551 
0.873862273268765 
0.873366320260996 
0.872870597675604 
0.872375118434252 
0.871879895429425 
0.871384941523920 
0.870890269550306 
0.870395892310357 
0.869901822574447 
0.869408073080915 
0.868914656535375 
0.868421585610000 
0.867928872942746 
0.867436531136536 
0.866944572758383 
0.866453010338467 
0.865961856369148 
0.865471123303924 
0.864980823556325 
0.864490969498737 
0.864001573461174 
0.863512647729970 
0.863024204546402 
0.862536256105248 
0.862048814553272 
0.861561891987626 
0.861075500454196 
0.860589651945855 
0.860104358400650 
0.859619631699916 
0.859135483666310 
0.858651926061771 
0.858168970585408 
0.857686628871313 
0.857204912486306 
0.856723832927598 
0.856243401620402 
0.855763629915455 
0.855284529086499 
0.854806110327673 
0.854328384750867 
0.853851363383000 
0.853375057163257 
0.852899476940264 
0.852424633469218 
0.851950537408973 
0.851477199319083 
0.851004629656811 
0.850532838774098 
0.850061836914509 
0.849591634210154 
0.849122240678589 
0.848653666219694 
0.848185920612559 
0.847719013512342 
0.847252954447147 
0.846787752814891 
0.846323417880196 
0.845859958771279 
0.845397384476881 
0.844935703843209 
0.844474925570914 
0.844015058212106 
0.843556110167409 
0.843098089683068 
0.842641004848101 
0.842184863591517 
0.841729673679591 
0.841275442713208 
0.840822178125282 
0.840369887178248 
0.839918576961645 
0.839468254389772 
0.839018926199451 
0.838570598947873 
0.838123279010545 
0.837676972579349 
0.837231685660697 
0.836787424073802 
0.836344193449062 
0.835901999226556 
0.835460846654668 
0.835020740788824 
0.834581686490358 
0.834143688425503 
0.833706751064511 
0.833270878680899 
0.832836075350834 
0.832402344952643 
0.831969691166456 
0.831538117473992 
0.831107627158468 
0.830678223304649 
0.830249908799035 
0.829822686330176 
0.829396558389127 
0.828971527270032 
0.828547595070844 
0.828124763694176 
0.827703034848286 
0.827282410048182 
0.826862890616867 
0.826444477686703 
0.826027172200901 
0.825610974915133 
0.825195886399267 
0.824781907039220 
0.824369037038927 
0.823957276422420 
0.823546625036024 
0.823137082550662 
0.822728648464257 
0.822321322104254 
0.821915102630221 
0.821509989036570 
0.821105980155355 
0.820703074659173 
0.820301271064148 
0.819900567733003 
0.819500962878213 
0.819102454565238 
0.818705040715833 
0.818308719111429 
0.817913487396585 
0.817519343082503 
0.817126283550610 
0.816734306056197 
0.816343407732114 
0.815953585592516 
0.815564836536660 
0.815177157352746 
0.814790544721801 
0.814404995221600 
0.814020505330619 
0.813637071432024 
0.813254689817685 
0.812873356692211 
0.812493068177005 
0.812113820314340 
0.811735609071441 
0.811358430344579 
0.810982279963164 
0.810607153693849 
0.810233047244620 
0.809859956268884 
0.809487876369545 
0.809116803103067 
0.808746731983516 
0.808377658486577 
0.808009578053553 
0.807642486095323 
0.807276377996276 
0.806911249118197 
0.806547094804122 
0.806183910382138 
0.805821691169142 
0.805460432474542 
0.805100129603901 
0.804740777862531 
0.804382372559010 
0.804024909008647 
0.803668382536864 
0.803312788482516 
0.802958122201130 
0.802604379068069 
0.802251554481612 
0.801899643865951 
0.801548642674102 
0.801198546390730 
0.800849350534879 
0.800501050662611 
0.800153642369554 
0.799807121293348 
0.799461483115996 
0.799116723566120 
0.798772838421110 
0.798429823509178 
0.798087674711303 
0.797746387963087 
0.797405959256492 
0.797066384641490 
0.796727660227600 
0.796389782185326 
0.796052746747497 
0.795716550210501 
0.795381188935423 
0.795046659349081 
0.794712957944970 
0.794380081284102 
0.794048025995762 
0.793716788778162 
0.793386366399012 
0.793056755695998 
0.792727953577184 
0.792399957021314 
0.792072763078054 
0.791746368868142 
0.791420771583470 
0.791095968487095 
0.790771956913180 
0.790448734266867 
0.790126298024102 
0.789804645731382 
0.789483775005465 
0.789163683533017 
0.788844369070220 
0.788525829442330 
0.788208062543194 
0.787891066334734 
0.787574838846390 
0.787259378174544 
0.786944682481897 
0.786630749996841 
0.786317579012798 
0.786005167887539 
0.785693515042497 
0.785382618962049 
0.785072478192801 
0.784763091342860 
0.784454457081089 
0.784146574136367 
0.783839441296838 
0.783533057409153 
0.783227421377720 
0.782922532163937 
0.782618388785433 
0.782314990315303 
0.782012335881343 
0.781710424665274 
0.781409255901976 
0.781108828878704 
0.780809142934307 
0.780510197458430 
0.780211991890720 
0.779914525720005 
0.779617798483470 
0.779321809765814 
0.779026559198383 
0.778732046458286 
0.778438271267486 
0.778145233391857 
0.777852932640214 
0.777561368863304 
0.777270541952763 
0.776980451840022 
0.776691098495173 
0.776402481925784 
0.776114602175652 
0.775827459323511 
0.775541053481667 
0.775255384794577 
0.774970453437347 
0.774686259614173 
0.774402803556695 
0.774120085522281 
0.773838105792224 
0.773556864669862 
0.773276362478605 
0.772996599559882 
0.772717576270995 
0.772439292982888 
0.772161750077816 
0.771884947946930 
0.771608886987774 
0.771333567601681 
0.771058990191085 
0.770785155156748 
0.770512062894893 
0.770239713794256 
0.769968108233058 
0.769697246575894 
0.769427129170554 
0.769157756344766 
0.768889128402877 
0.768621245622478 
0.768354108250963 
0.768087716502050 
0.767822070552255 
0.767557170537334 
0.767293016548690 
0.767029608629771 
0.766766946772447 
0.766505030913391 
0.766243860930460 
0.765983436639095 
0.765723757788743 
0.765464824059312 
0.765206635057676 
0.764949190314219 
0.764692489279458 
0.764436531320726 
0.764181315718950 
0.763926841665504 
0.763673108259185 
0.763420114503281 
0.763167859302775 
0.762916341461665 
0.762665559680436 
0.762415512553664 
0.762166198567789 
0.761917616099037 
0.761669763411516 
0.761422638655490 
0.761176239865827 
0.760930564960639 
0.760685611740104 
0.760441377885497 
0.760197860958399 
0.759955058400124 
0.759712967531338 
0.759471585551880 
0.759230909540791 
0.758990936456547 
0.758751663137488 
0.758513086302448 
0.758275202551590 
0.758038008367427 
0.757801500116036 
0.757565674048463 
0.757330526302303 
0.757096052903459 
0.756862249768073 
0.756629112704617 
0.756396637416139 
0.756164819502666 
0.755933654463743 
0.755703137701099 
0.755473264521457 
0.755244030139443 
0.755015429680611 
0.754787458184569 
0.754560110608199 
0.754333381828949 
0.754107266648213 
0.753881759794767 
0.753656855928268 
0.753432549642799 
0.753208835470457 
0.752985707884978 
0.752763161305378 
0.752541190099631 
0.752319788588340 
0.752098951048426 
0.751878671716820 
0.751658944794138 
0.751439764448355 
0.751221124818463 
0.751003020018103 
0.750785444139182 
0.750568391255457 
0.750351855426098 
0.750135830699201 
0.749920311115287 
0.749705290710754 
0.749490763521291 
0.749276723585254 
0.749063164947007 
0.748850081660217 
0.748637467791120 
0.748425317421729 
0.748213624653022 
0.748002383608081 
0.747791588435202 
0.747581233310958 
0.747371312443240 
0.747161820074254 
0.746952750483494 
0.746744097990681 
0.746535856958674 
0.746328021796356 
0.746120586961491 
0.745913546963560 
0.745706896366574 
0.745500629791864 
0.745294741920850 
0.745089227497794 
0.744884081332528 
0.744679298303170 
0.744474873358817 
0.744270801522216 
0.744067077892426 
0.743863697647446 
0.743660656046836 
0.743457948434297 
0.743255570240245 
0.743053516984342 
0.742851784278004 
0.742650367826873 
0.742449263433253 
0.742248466998501 
0.742047974525377 
0.741847782120337 
0.741647885995778 
0.741448282472212 
0.741248967980385 
0.741049939063300 
0.740851192378191 
0.740652724698376 
0.740454532915046 
0.740256614038927 
0.740058965201849 
0.739861583658191 
0.739664466786204 
0.739467612089200 
0.739271017196601 
0.739074679864843 
0.738878597978121 
0.738682769548974 
0.738487192718703 
0.738291865757607 
0.738096787065043 
0.737901955169290 
0.737707368727233 
0.737513026523830 
0.737318927471395 
0.737125070608657 
0.736931455099631 
0.736738080232257 
0.736544945416841 
0.736352050184277 
0.736159394184062 
0.735966977182095 
0.735774799058274 
0.735582859803880 
0.735391159518776 
0.735199698408389 
0.735008476780526 
0.734817495041996 
0.734626753695056 
0.734436253333705 
0.734245994639813 
0.734055978379110 
0.733866205397045 
0.733676676614523 
0.733487393023532 
0.733298355682680 
0.733109565712649 
0.732921024291587 
0.732732732650439 
0.732544692068251 
0.732356903867442 
0.732169369409075 
0.731982090088127 
0.731795067328788 
0.731608302579787 
0.731421797309764 
0.731235553002715 
0.731049571153500 
0.730863853263437 
0.730678400835996 
0.730493215372602 
0.730308298368546 
0.730123651309034 
0.729939275665356 
0.729755172891202 
0.729571344419124 
0.729387791657147 
0.729204515985535 
0.729021518753714 
0.728838801277356 
0.728656364835620 
0.728474210668560 
0.728292339974686 
0.728110753908686 
0.727929453579311 
0.727748440047399 
0.727567714324059 
0.727387277368999 
0.727207130088987 
0.727027273336459 
0.726847707908245 
0.726668434544423 
0.726489453927287 
0.726310766680437 
0.726132373367954 
0.725954274493690 
0.725776470500637 
0.725598961770388 
0.725421748622674 
0.725244831314968 
0.725068210042160 
0.724891884936292 
0.724715856066345 
0.724540123438079 
0.724364686993911 
0.724189546612840 
0.724014702110403 
0.723840153238672 
0.723665899686264 
0.723491941078397 
0.723318276976952 
0.723144906880567 
0.722971830224749 
0.722799046382004 
0.722626554661978 
0.722454354311626 
0.722282444515390 
0.722110824395390 
0.721939493011638 
0.721768449362265 
0.721597692383766 
0.721427220951253 
0.721257033878745 
0.721087129919459 
0.720917507766128 
0.720748166051343 
0.720579103347909 
0.720410318169235 
0.720241808969737 
0.720073574145274 
0.719905612033605 
0.719737920914878 
0.719570499012143 
0.719403344491894 
0.719236455464643 
0.719069829985522 
0.718903466054909 
0.718737361619095 
0.718571514570975 
0.718405922750766 
0.718240583946762 
0.718075495896108 
0.717910656285616 
0.717746062752595 
0.717581712885715 
0.717417604225899 
0.717253734267232 
0.717090100457898 
0.716926700201141 
0.716763530856238 
0.716600589739497 
0.716437874125274 
0.716275381246996 
0.716113108298204 
0.715951052433605 
0.715789210770132 
0.715627580388016 
0.715466158331856 
0.715304941611694 
0.715143927204097 
0.714983112053230 
0.714822493071932 
0.714662067142785 
0.714501831119170 
0.714341781826332 
0.714181916062417 
0.714022230599505 
0.713862722184631 
0.713703387540785 
0.713544223367911 
0.713385226343866 
0.713226393125384 
0.713067720349004 
0.712909204631988 
0.712750842573211 
0.712592630754042 
0.712434565739186 
0.712276644077518 
0.712118862302892 
0.711961216934923 
0.711803704479751 
0.711646321430786 
0.711489064269426 
0.711331929465758 
0.711174913479234 
0.711018012759337 
0.710861223746221 
0.710704542871333 
0.710547966558022 
0.710391491222133 
0.710235113272583 
0.710078829111928 
0.709922635136919 
0.709766527739044 
0.709610503305068 
0.709454558217560 
0.709298688855421 
0.709142891594408 
0.708987162807650 
0.708831498866177 
0.708675896139438 
0.708520350995836 
0.708364859803258 
0.708209418929621 
0.708054024743426 
0.707898673614318 
0.707743361913671 
0.707588086015180 
0.707432842295473 
0.707277627134737 
0.707122436917379 
0.706967268032689 
0.706812116875548 
0.706656979847147 
0.706501853355735 
0.706346733817406 
0.706191617656901 
0.706036501308453 
0.705881381216657 
0.705726253837377 
0.705571115638690 
0.705415963101854 
0.705260792722326 
0.705105601010812 
0.704950384494346 
0.704795139717419 
0.704639863243141 
0.704484551654438 
0.704329201555296 
0.704173809572032 
0.704018372354617 
0.703862886578024 
0.703707348943624 
0.703551756180617 
0.703396105047491 
0.703240392333532 
0.703084614860360 
0.702928769483497 
0.702772853093977 
0.702616862619977 
0.702460795028491 
0.702304647327022 
0.702148416565304 
0.701992099837055 
0.701835694281746 
0.701679197086397 
0.701522605487389 
0.701365916772295 
0.701209128281723 
0.701052237411176 
0.700895241612914 
0.700738138397828 
0.700580925337313 
0.700423600065150 
0.700266160279371 
0.700108603744130 
0.699950928291558 
0.699793131823607 
0.699635212313878 
0.699477167809418 
0.699318996432516 
0.699160696382440 
0.699002265937171 
0.698843703455071 
0.698685007376543 
0.698526176225619 
0.698367208611510 
0.698208103230108 
0.698048858865423 
0.697889474390961 
0.697729948771040 
0.697570281062038 
0.697410470413561 
0.697250516069540 
0.697090417369253 
0.696930173748250 
0.696769784739207 
0.696609249972680 
0.696448569177770 
0.696287742182696 
0.696126768915261 
0.695965649403241 
0.695804383774644 
0.695642972257891 
0.695481415181884 
0.695319712975974 
0.695157866169823 
0.694995875393168 
0.694833741375476 
0.694671464945507 
0.694509047030770 
0.694346488656887 
0.694183790946856 
0.694020955120233 
0.693857982492216 
0.693694874472647 
0.693531632564935 
0.693368258364908 
0.693204753559581 
0.693041119925872 
0.692877359329253 
0.692713473722348 
0.692549465143477 
0.692385335715174 
0.692221087642650 
0.692056723212243 
0.691892244789844 
0.691727654819297 
0.691562955820807 
0.691398150389331 
0.691233241192988 
0.691068230971465 
0.690903122534453 
0.690737918760096 
0.690572622593474 
0.690407237045113 
0.690241765189543 
0.690076210163882 
0.689910575166482 
0.689744863455607 
0.689579078348178 
0.689413223218559 
0.689247301497403 
0.689081316670552 
0.688915272277991 
0.688749171912859 
0.688583019220519 
0.688416817897668 
0.688250571691510 
0.688084284398976 
0.687917959865981 
0.687751601986733 
0.687585214703073 
0.687418802003853 
0.687252367924341 
0.687085916545649 
0.686919451994185 
0.686752978441114 
0.686586500101832 
0.686420021235440 
0.686253546144211 
0.686087079173064 
0.685920624709011 
0.685754187180588 
0.685587771057270 
0.685421380848853 
0.685255021104802 
0.685088696413564 
0.684922411401844 
0.684756170733837 
0.684589979110408 
0.684423841268229 
0.684257761978861 
0.684091746047792 
0.683925798313408 
0.683759923645923 
0.683594126946246 
0.683428413144803 
0.683262787200294 
0.683097254098414 
0.682931818850509 
0.682766486492199 
0.682601262081940 
0.682436150699559 
0.682271157444744 
0.682106287435489 
0.681941545806525 
0.681776937707710 
0.681612468302393 
0.681448142765772 
0.681283966283216 
0.681119944048596 
0.680956081262585 
0.680792383130980 
0.680628854862999 
0.680465501669601 
0.680302328761798 
0.680139341348994 
0.679976544637325 
0.679813943828017 
0.679651544115771 
0.679489350687166 
0.679327368719077 
0.679165603377138 
0.679004059814210 
0.678842743168889 
0.678681658564042 
0.678520811105364 
0.678360205879974 
0.678199847955023 
0.678039742376348 
0.677879894167137 
0.677720308326623 
0.677560989828807 
0.677401943621189 
0.677243174623527 
0.677084687726617 
0.676926487791070 
0.676768579646121 
0.676610968088428 
0.676453657880892 
0.676296653751472 
0.676139960392001 
0.675983582457000 
0.675827524562494 
0.675671791284808 
0.675516387159360 
0.675361316679448 
0.675206584295007 
0.675052194411366 
0.674898151387978 
0.674744459537131 
0.674591123122647 
0.674438146358549 
0.674285533407715 
0.674133288380510 
0.673981415333391 
0.673829918267501 
0.673678801127234 
0.673528067798789 
0.673377722108705 
0.673227767822380 
0.673078208642583 
0.672929048207945 
0.672780290091458 
0.672631937798960 
0.672483994767622 
0.672336464364444 
0.672189349884745 
0.672042654550679 
0.671896381509759 
0.671750533833398 
0.671605114515478 
0.671460126470952 
0.671315572534461 
0.671171455459012 
0.671027777914676 
0.670884542487344 
0.670741751677529 
0.670599407899218 
0.670457513478792 
0.670316070653991 
0.670175081572957 
0.670034548293339 
0.669894472781470 
0.669754856911614 
0.669615702465295 
0.669477011130694 
0.669338784502137 
0.669201024079654 
0.669063731268621 
0.668926907379493 
0.668790553627612 
0.668654671133099 
0.668519260920831 
0.668384323920500 
0.668249860966757 
0.668115872799431 
0.667982360063829 
0.667849323311121 
0.667716762998787 
0.667584679491157 
0.667453073060001 
0.667321943885209 
0.667191292055525 
0.667061117569350 
0.666931420335604 
0.666802200174652 
0.666673456819278 
0.666545189915718 
0.666417399024738 
0.666290083622763 
0.666163243103042 
0.666036876776868 
0.665910983874812 
0.665785563548017 
0.665660614869502 
0.665536136835510 
0.665412128366871 
0.665288588310397 
0.665165515440288 
0.665042908459567 
0.664920766001520 
0.664799086631157 
0.664677868846680 
0.664557111080964 
0.664436811703045 
0.664316969019607 
0.664197581276487 
0.664078646660166 
0.663960163299273 
0.663842129266087 
0.663724542578036 
0.663607401199188 
0.663490703041755 
0.663374445967571 
0.663258627789589 
0.663143246273345 
0.663028299138446 
0.662913784060023 
0.662799698670196 
0.662686040559524 
0.662572807278444 
0.662459996338707 
0.662347605214801 
0.662235631345367 
0.662124072134608 
0.662012924953677 
0.661902187142070 
0.661791856009002 
0.661681928834769 
0.661572402872105 
0.661463275347527 
0.661354543462669 
0.661246204395602 
0.661138255302150 
0.661030693317184 
0.660923515555920 
0.660816719115181 
0.660710301074679 
0.660604258498255 
0.660498588435123 
0.660393287921100 
0.660288353979817 
0.660183783623923 
0.660079573856273 
0.659975721671100 
0.659872224055179 
0.659769077988971 
0.659666280447757 
0.659563828402750 
0.659461718822206 
0.659359948672502 
0.659258514919208 
0.659157414528149 
0.659056644466433 
0.658956201703483 
0.658856083212033 
0.658756285969120 
0.658656806957058 
0.658557643164380 
0.658458791586785 
0.658360249228040 
0.658262013100892 
0.658164080227933 
0.658066447642468 
0.657969112389351 
0.657872071525806 
0.657775322122228 
0.657678861262960 
0.657582686047060 
0.657486793589033 
0.657391181019553 
0.657295845486163 
0.657200784153953 
0.657105994206212 
0.657011472845065 
0.656917217292092 
0.656823224788913 
0.656729492597768 
0.656636018002057 
0.656542798306879 
0.656449830839532 
0.656357112950000 
0.656264642011419 
0.656172415420517 
0.656080430598039 
0.655988684989139 
0.655897176063768 
0.655805901317022 
0.655714858269481 
0.655624044467524 
0.655533457483621 
0.655443094916604 
0.655352954391920 
0.655263033561859 
0.655173330105766 
0.655083841730227 
0.654994566169243 
0.654905501184369 
0.654816644564855 
0.654727994127742 
0.654639547717959 
0.654551303208390 
0.654463258499925 
0.654375411521488 
0.654287760230053 
0.654200302610638 
0.654113036676274 
0.654025960467971 
0.653939072054655 
0.653852369533085 
0.653765851027764 
0.653679514690824 
0.653593358701899 
0.653507381267981 
0.653421580623253 
0.653335955028922 
0.653250502773019 
0.653165222170198 
0.653080111561509 
0.652995169314169 
0.652910393821308 
0.652825783501709 
0.652741336799530 
0.652657052184016 
0.652572928149203 
0.652488963213600 
0.652405155919867 
0.652321504834483 
0.652238008547397 
0.652154665671681 
0.652071474843153 
0.651988434720017 
0.651905543982473 
0.651822801332331 
0.651740205492611 
0.651657755207138 
0.651575449240136 
0.651493286375808 
0.651411265417912 
0.651329385189335 
0.651247644531662 
0.651166042304739 
0.651084577386233 
0.651003248671194 
0.650922055071605 
0.650840995515938 
0.650760068948708 
0.650679274330020 
0.650598610635127 
0.650518076853975 
0.650437671990757 
0.650357395063468 
0.650277245103462 
0.650197221155001 
0.650117322274823 
0.650037547531703 
0.649957896006018 
0.649878366789319 
0.649798958983905 
0.649719671702405 
0.649640504067363 
0.649561455210827 
0.649482524273949 
0.649403710406586 
0.649325012766911 
0.649246430521033 
0.649167962842620 
0.649089608912529 
0.649011367918453 
0.648933239054565 
0.648855221521178 
0.648777314524409 
0.648699517275859 
0.648621828992293 
0.648544248895337 
0.648466776211180 
0.648389410170289 
0.648312150007130 
0.648234994959905 
0.648157944270291 
0.648080997183198 
0.648004152946527 
0.647927410810953 
0.647850770029699 
0.647774229858341 
0.647697789554608 
0.647621448378197 
0.647545205590604 
0.647469060454957 
0.647393012235868 
0.647317060199286 
0.647241203612369 
0.647165441743361 
0.647089773861483 
0.647014199236834 
0.646938717140295 
0.646863326843457 
0.646788027618548 
0.646712818738373 
0.646637699476268 
0.646562669106058 
0.646487726902031 
0.646412872138917 
0.646338104091882 
0.646263422036524 
0.646188825248894 
0.646114313005502 
0.646039884583361 
0.645965539260019 
0.645891276313616 
0.645817095022932 
0.645742994667470 
0.645668974527522 
0.645595033884261 
0.645521172019842 
0.645447388217502 
0.645373681761675 
0.645300051938122 
0.645226498034055 
0.645153019338287 
0.645079615141374 
0.645006284735780 
0.644933027416040 
0.644859842478932 
0.644786729223667 
0.644713686952069 
0.644640714968782 
0.644567812581466 
0.644494979101011 
0.644422213841756 
0.644349516121713 
0.644276885262789 
0.644204320591030 
0.644131821436851 
0.644059387135292 
0.643987017026251 
0.643914710454745 
0.643842466771163 
0.643770285331519 
0.643698165497713 
0.643626106637786 
0.643554108126187 
0.643482169344030 
0.643410289679345 
0.643338468527348 
0.643266705290685 
0.643194999379693 
0.643123350212639 
0.643051757215972 
0.642980219824553 
0.642908737481895 
0.642837309640381 
0.642765935761485 
0.642694615315981 
0.642623347784138 
0.642552132655913 
0.642480969431130 
0.642409857619641 
0.642338796741485 
0.642267786327025 
0.642196825917077 
0.642125915063025 
0.642055053326909 
0.641984240281515 
0.641913475510438 
0.641842758608128 
0.641772089179921 
0.641701466842057 
0.641630891221669 
0.641560361956764 
0.641489878696181 
0.641419441099532 
0.641349048837121 
0.641278701589848 
0.641208399049093 
0.641138140916584 
0.641067926904239 
0.640997756734002 
0.640927630137650 
0.640857546856591 
0.640787506641640 
0.640717509252784 
0.640647554458924 
0.640577642037613 
0.640507771774773 
0.640437943464398 
0.640368156908253 
0.640298411915550 
0.640228708302631 
0.640159045892623 
0.640089424515102 
0.640019844005740 
0.639950304205952 
0.639880804962541 
0.639811346127333 
0.639741927556821 
0.639672549111797 
0.639603210657005 
0.639533912060770 
0.639464653194662 
0.639395433933139 
0.639326254153213 
0.639257113734123 
0.639188012557010 
0.639118950504614 
0.639049927460974 
0.638980943311145 
0.638911997940936 
0.638843091236650 
0.638774223084854 
0.638705393372161 
0.638636601985030 
0.638567848809585 
0.638499133731459 
0.638430456635651 
0.638361817406415 
0.638293215927156 
0.638224652080364 
0.638156125747553 
0.638087636809244 
0.638019185144947 
0.637950770633185 
0.637882393151525 
0.637814052576644 
0.637745748784409 
0.637677481649979 
0.637609251047929 
0.637541056852397 
0.637472898937245 
0.637404777176243 
0.637336691443270 
0.637268641612532 
0.637200627558797 
0.637132649157638 
0.637064706285706 
0.636996798820999 
0.636928926643151 
0.636861089633735 
0.636793287676564 
0.636725520658012 
0.636657788467335 
0.636590090996998 
0.636522428143010 
0.636454799805254 
0.636387205887828 
0.636319646299384 
0.636252120953454 
0.636184629768794 
0.636117172669711 
0.636049749586381 
0.635982360455181 
0.635915005218989 
0.635847683827496 
0.635780396237498 
0.635713142413182 
0.635645922326397 
0.635578735956922 
0.635511583292706 
0.635444464330114 
0.635377379074142 
0.635310327538627 
0.635243309746436 
0.635176325729648 
0.635109375529706 
0.635042459197568 
0.634975576793830 
0.634908728388838 
0.634841914062782 
0.634775133905771 
0.634708388017892 
0.634641676509257 
0.634574999500022 
0.634508357120404 
0.634441749510670 
0.634375176821116 
0.634308639212027 
0.634242136853627 
0.634175669926008 
0.634109238619054 
0.634042843132337 
0.633976483675016 
0.633910160465712 
0.633843873732378 
0.633777623712151 
0.633711410651206 
0.633645234804582 
0.633579096436016 
0.633512995817757 
0.633446933230382 
0.633380908962593 
0.633314923311020 
0.633248976580010 
0.633183069081412 
0.633117201134361 
0.633051373065056 
0.632985585206535 
0.632919837898446 
0.632854131486817 
0.632788466323827 
0.632722842767568 
0.632657261181816 
0.632591721935793 
0.632526225403935 
0.632460771965659 
0.632395362005123 
0.632329995911002 
0.632264674076246 
0.632199396897857 
0.632134164776655 
0.632068978117047 
0.632003837326802 
0.631938742816822 
0.631873695000919 
0.631808694295584 
0.631743741119770 
0.631678835894661 
0.631613979043453 
0.631549170991131 
0.631484412164239 
0.631419702990667 
0.631355043899416 
0.631290435320379 
0.631225877684109 
0.631161371421596 
0.631096916964034 
0.631032514742583 
0.630968165188144 
0.630903868731109 
0.630839625801130 
0.630775436826863 
0.630711302235724 
0.630647222453639 
0.630583197904778 
0.630519229011294 
0.630455316193061 
0.630391459867394 
0.630327660448775 
0.630263918348566 
0.630200233974726 
0.630136607731511 
0.630073040019175 
0.630009531233668 
0.629946081766320 
0.629882692003532 
0.629819362326451 
0.629756093110641 
0.629692884725758 
0.629629737535214 
0.629566651895837 
0.629503628157528 
0.629440666662916 
0.629377767747010 
0.629314931736847 
0.629252158951139 
0.629189449699920 
0.629126804284189 
0.629064222995556 
0.629001706115887 
0.628939253916951 
0.628876866660062 
0.628814544595737 
0.628752287963344 
0.628690096990760 
0.628627971894029 
0.628565912877029 
0.628503920131144 
0.628441993834940 
0.628380134153847 
0.628318341239854 
0.628256615231203 
0.628194956252104 
0.628133364412444 
0.628071839807518 
0.628010382517766 
0.627948992608521 
0.627887670129761 
0.627826415115892 
0.627765227585515 
0.627704107541230 
0.627643054969444 
0.627582069840185 
0.627521152106936 
0.627460301706486 
0.627399518558783 
0.627338802566813 
0.627278153616486 
0.627217571576533 
0.627157056298425 
0.627096607616300 
0.627036225346904 
0.626975909289547 
0.626915659226075 
0.626855474920848 
0.626795356120739 
0.626735302555143 
0.626675313935996 
0.626615389957812 
0.626555530297728 
0.626495734615564 
0.626436002553889 
0.626376333738106 
0.626316727776547 
0.626257184260571 
0.626197702764680 
0.626138282846642 
0.626078924047627 
0.626019625892345 
0.625960387889203 
0.625901209530460 
0.625842090292398 
0.625783029635499 
0.625724027004627 
0.625665081829219 
0.625606193523481 
0.625547361486598 
0.625488585102935 
0.625429863742263 
0.625371196759970 
0.625312583497297 
0.625254023281563 
0.625195515426406 
0.625137059232018 
0.625078653985397 
0.625020298960587 
0.624961993418935 
0.624903736609349 
0.624845527768550 
0.624787366121341 
0.624729250880862 
0.624671181248869 
0.624613156415995 
0.624555175562025 
0.624497237856170 
0.624439342457344 
0.624381488514441 
0.624323675166615 
0.624265901543564 
0.624208166765808 
0.624150469944980 
0.624092810184109 
0.624035186577909 
0.623977598213063 
0.623920044168519 
0.623862523515779 
0.623805035319189 
0.623747578636234 
0.623690152517829 
0.623632756008618 
0.623575388147267 
0.623518047966757 
0.623460734494685 
0.623403446753560 
0.623346183761098 
0.623288944530524 
0.623231728070866 
0.623174533387258 
0.623117359481236 
0.623060205351038 
0.623003069991901 
0.622945952396366 
0.622888851554569 
0.622831766454546 
0.622774696082531 
0.622717639423250 
0.622660595460227 
0.622603563176074 
0.622546541552793 
0.622489529572070 
0.622432526215574 
0.622375530465249 
0.622318541303611 
0.622261557714040 
0.622204578681074 
0.622147603190700 
0.622090630230642 
0.622033658790656 
0.621976687862810 
0.621919716441780 
0.621862743525125 
0.621805768113578 
0.621748789211325 
0.621691805826284 
0.621634816970387 
0.621577821659854 
0.621520818915465 
0.621463807762841 
0.621406787232703 
0.621349756361153 
0.621292714189930 
0.621235659766679 
0.621178592145213 
0.621121510385770 
0.621064413555272 
0.621007300727578 
0.620950170983737 
0.620893023412235 
0.620835857109247 
0.620778671178877 
0.620721464733398 
0.620664236893494 
0.620606986788499 
0.620549713556620 
0.620492416345179 
0.620435094310831 
0.620377746619796 
0.620320372448076 
0.620262970981676 
0.620205541416823 
0.620148082960171 
0.620090594829022 
0.620033076251523 
0.619975526466881 
0.619917944725555 
0.619860330289461 
0.619802682432165 
0.619745000439078 
0.619687283607647 
0.619629531247536 
0.619571742680819 
0.619513917242159 
0.619456054278982 
0.619398153151660 
0.619340213233680 
0.619282233911820 
0.619224214586308 
0.619166154670998 
0.619108053593525 
0.619049910795468 
0.618991725732509 
0.618933497874585 
0.618875226706045 
0.618816911725793 
0.618758552447444 
0.618700148399463 
0.618641699125310 
0.618583204183580 
0.618524663148142 
0.618466075608275 
0.618407441168798 
0.618348759450205 
0.618290030088795 
0.618231252736791 
0.618172427062475 
0.618113552750300 
0.618054629501020 
0.617995657031798 
0.617936635076329 
0.617877563384951 
0.617818441724754 
0.617759269879692 
0.617700047650688 
0.617640774855740 
0.617581451330022 
0.617522076925984 
0.617462651513451 
0.617403174979715 
0.617343647229631 
0.617284068185705 
0.617224437788185 
0.617164755995141 
0.617105022782550 
0.617045238144379 
0.616985402092655 
0.616925514657543 
0.616865575887416 
0.616805585848921 
0.616745544627043 
0.616685452325171 
0.616625309065145 
0.616565114987318 
0.616504870250599 
0.616444575032503 
0.616384229529189 
0.616323833955496 
0.616263388544977 
0.616202893549920 
0.616142349241379 
0.616081755909181 
0.616021113861940 
0.615960423427068 
0.615899684950759 
0.615838898797998 
0.615778065352536 
0.615717185016872 
0.615656258212225 
0.615595285378500 
0.615534266974241 
0.615473203476584 
0.615412095381195 
0.615350943202201 
0.615289747472117 
0.615228508741756 
0.615167227580136 
0.615105904574371 
0.615044540329562 
0.614983135468668 
0.614921690632368 
0.614860206478918 
0.614798683683992 
0.614737122940511 
0.614675524958463 
0.614613890464711 
0.614552220202789 
0.614490514932683 
0.614428775430603 
0.614367002488742 
0.614305196915018 
0.614243359532810 
0.614181491180679 
0.614119592712066 
0.614057664994997 
0.613995708911755 
0.613933725358547 
0.613871715245166 
0.613809679494621 
0.613747619042770 
0.613685534837938 
0.613623427840510 
0.613561299022531 
0.613499149367270 
0.613436979868797 
0.613374791531527 
0.613312585369763 
0.613250362407225 
0.613188123676571 
0.613125870218897 
0.613063603083243 
0.613001323326074 
0.612939032010758 
0.612876730207042 
0.612814418990501 
0.612752099442005 
0.612689772647151 
0.612627439695713 
0.612565101681071 
0.612502759699638 
0.612440414850287 
0.612378068233771 
0.612315720952137 
0.612253374108144 
0.612191028804677 
0.612128686144157 
0.612066347227958 
0.612004013155814 
0.611941685025246 
0.611879363930971 
0.611817050964329 
0.611754747212707 
0.611692453758976 
0.611630171680922 
0.611567902050698 
0.611505645934271 
0.611443404390889 
0.611381178472546 
0.611318969223468 
0.611256777679604 
0.611194604868131 
0.611132451806971 
0.611070319504316 
0.611008208958183 
0.610946121155963 
0.610884057074000 
0.610822017677183 
0.610760003918550 
0.610698016738915 
0.610636057066507 
0.610574125816634 
0.610512223891361 
0.610450352179204 
0.610388511554854 
0.610326702878911 
0.610264926997637 
0.610203184742743 
0.610141476931176 
0.610079804364945 
0.610018167830955 
0.609956568100871 
0.609895005930994 
0.609833482062163 
0.609771997219679 
0.609710552113240 
0.609649147436910 
0.609587783869096 
0.609526462072550 
0.609465182694389 
0.609403946366133 
0.609342753703766 
0.609281605307809 
0.609220501763410 
0.609159443640459 
0.609098431493709 
0.609037465862923 
0.608976547273024 
0.608915676234270 
0.608854853242435 
0.608794078779009 
0.608733353311407 
0.608672677293183 
0.608612051164269 
0.608551475351208 
0.608490950267405 
0.608430476313383 
0.608370053877044 
0.608309683333941 
0.608249365047547 
0.608189099369537 
0.608128886640064 
0.608068727188049 
0.608008621331456 
0.607948569377583 
0.607888571623345 
0.607828628355554 
0.607768739851204 
0.607708906377741 
0.607649128193344 
0.607589405547187 
0.607529738679706 
0.607470127822854 
0.607410573200352 
0.607351075027926 
0.607291633513548 
0.607232248857655 
0.607172921253365 
0.607113650886683 
0.607054437936698 
0.606995282575760 
0.606936184969656 
0.606877145277773 
0.606818163653242 
0.606759240243076 
0.606700375188293 
0.606641568624029 
0.606582820679632 
0.606524131478756 
0.606465501139425 
0.606406929774098 
0.606348417489718 
0.606289964387745 
0.606231570564178 
0.606173236109572 
0.606114961109035 
0.606056745642210 
0.605998589783267 
0.605940493600860 
0.605882457158085 
0.605824480512436 
0.605766563715736 
0.605708706814074 
0.605650909847727 
0.605593172851077 
0.605535495852525 
0.605477878874389 
0.605420321932816 
0.605362825037670 
0.605305388192429 
0.605248011394077 
0.605190694632996 
0.605133437892852 
0.605076241150485 
0.605019104375800 
0.604962027531661 
0.604905010573786 
0.604848053450638 
0.604791156103340 
0.604734318465571 
0.604677540463486 
0.604620822015632 
0.604564163032877 
0.604507563418345 
0.604451023067356 
0.604394541867385 
0.604338119698019 
0.604281756430932 
0.604225451929870 
0.604169206050646 
0.604113018641149 
0.604056889541360 
0.604000818583391 
0.603944805591527 
0.603888850382285 
0.603832952764494 
0.603777112539374 
0.603721329500646 
0.603665603434640 
0.603609934120433 
0.603554321329992 
0.603498764828329 
0.603443264373682 
0.603387819717699 
0.603332430605643 
0.603277096776607 
0.603221817963746 
0.603166593894521 
0.603111424290959 
0.603056308869919 
0.603001247343382 
0.602946239418740 
0.602891284799110 
0.602836383183649 
0.602781534267886 
0.602726737744064 
0.602671993301487 
0.602617300626887 
0.602562659404783 
0.602508069317867 
0.602453530047384 
0.602399041273526 
0.602344602675828 
0.602290213933572 
0.602235874726200 
0.602181584733721 
0.602127343637130 
0.602073151118829 
0.602019006863049 
0.601964910556270 
0.601910861887649 
0.601856860549443 
0.601802906237432 
0.601748998651345 
0.601695137495275 
0.601641322478103 
0.601587553313909 
0.601533829722384 
0.601480151429237 
0.601426518166595 
0.601372929673398 
0.601319385695785 
0.601265885987483 
0.601212430310169 
0.601159018433847 
0.601105650137195 
0.601052325207916 
0.600999043443075 
0.600945804649423 
0.600892608643713 
0.600839455253004 
0.600786344314953 
0.600733275678095 
0.600680249202102 
0.600627264758048 
0.600574322228639 
0.600521421508443 
0.600468562504094 
0.600415745134501 
0.600362969331014 
0.600310235037603 
0.600257542210998 
0.600204890820829 
0.600152280849747 
0.600099712293515 
0.600047185161109 
0.599994699474775 
0.599942255270086 
0.599889852595979 
0.599837491514772 
0.599785172102168 
0.599732894447236 
0.599680658652384 
0.599628464833307 
0.599576313118921 
0.599524203651279 
0.599472136585478 
0.599420112089534 
0.599368130344252 
0.599316191543077 
0.599264295891931 
0.599212443609024 
0.599160634924662 
0.599108870081029 
0.599057149331964 
0.599005472942706 
0.598953841189648 
0.598902254360051 
0.598850712751762 
0.598799216672912 
0.598747766441598 
0.598696362385553 
0.598645004841807 
0.598593694156335 
0.598542430683683 
0.598491214786596 
0.598440046835630 
0.598388927208752 
0.598337856290928 
0.598286834473706 
0.598235862154791 
0.598184939737606 
0.598134067630847 
0.598083246248034 
0.598032476007051 
0.597981757329685 
0.597931090641148 
0.597880476369613 
0.597829914945726 
0.597779406802124 
0.597728952372952 
0.597678552093370 
0.597628206399064 
0.597577915725752 
0.597527680508693 
0.597477501182191 
0.597427378179102 
0.597377311930344 
0.597327302864406 
0.597277351406859 
0.597227457979869 
0.597177623001722 
0.597127846886337 
0.597078130042801 
0.597028472874894 
0.596978875780632 
0.596929339151808 
0.596879863373542 
0.596830448823841 
0.596781095873160 
0.596731804883981 
0.596682576210391 
0.596633410197674 
0.596584307181911 
0.596535267489592 
0.596486291437236 
0.596437379331022 
0.596388531466430 
0.596339748127895 
0.596291029588472 
0.596242376109516 
0.596193787940362 
0.596145265318036 
0.596096808466961 
0.596048417598688 
0.596000092911631 
0.595951834590821 
0.595903642807674 
0.595855517719760 
0.595807459470606 
0.595759468189492 
0.595711543991272 
0.595663686976206 
0.595615897229805 
0.595568174822688 
0.595520519810450 
0.595472932233553 
0.595425412117221 
0.595377959471344 
0.595330574290412 
0.595283256553444 
0.595236006223937 
0.595188823249830 
0.595141707563473 
0.595094659081616 
0.595047677705404 
0.595000763320384 
0.594953915796526 
0.594907134988257 
0.594860420734497 
0.594813772858713 
0.594767191168984 
0.594720675458073 
0.594674225503505 
0.594627841067665 
0.594581521897893 
0.594535267726599 
0.594489078271375 
0.594442953235128 
0.594396892306214 
0.594350895158573 
0.594304961451887 
0.594259090831733 
0.594213282929747 
0.594167537363791 
0.594121853738136 
0.594076231643637 
0.594030670657923 
0.593985170345594 
0.593939730258411 
0.593894349935505 
0.593849028903582 
0.593803766677134 
0.593758562758658 
0.593713416638869 
0.593668327796927 
0.593623295700664 
0.593578319806809 
0.593533399561222 
0.593488534399131 
0.593443723745361 
0.593398967014584 
0.593354263611550 
0.593309612931333 
0.593265014359580 
0.593220467272750 
0.593175971038365 
0.593131525015257 
0.593087128553818 
0.593042780996248 
0.592998481676811 
0.592954229922079 
0.592910025051190 
0.592865866376095 
0.592821753201817 
0.592777684826698 
0.592733660542650 
0.592689679635415 
0.592645741384812 
0.592601845064988 
0.592557989944671 
0.592514175287427 
0.592470400351900 
0.592426664392072 
0.592382966657508 
0.592339306393605 
0.592295682841842 
0.592252095240028 
0.592208542822547 
0.592165024820606 
0.592121540462478 
0.592078088973748 
0.592034669577555 
0.591991281494835 
0.591947923944561 
0.591904596143986 
0.591861297308876 
0.591818026653756 
0.591774783392138 
0.591731566736761 
0.591688375899827 
0.591645210093230 
0.591602068528787 
0.591558950418471 
0.591515854974639 
0.591472781410256 
0.591429728939127 
0.591386696776114 
0.591343684137364 
0.591300690240530 
0.591257714304986 
0.591214755552048 
0.591171813205192 
0.591128886490264 
0.591085974635695 
0.591043076872713 
0.591000192435547 
0.590957320561641 
0.590914460491850 
0.590871611470651 
0.590828772746341 
0.590785943571232 
0.590743123201850 
0.590700310899133 
0.590657505928614 
0.590614707560618 
0.590571915070445 
0.590529127738554 
0.590486344850750 
0.590443565698355 
0.590400789578390 
0.590358015793747 
0.590315243653359 
0.590272472472372 
0.590229701572303 
0.590186930281208 
0.590144157933835 
0.590101383871790 
0.590058607443675 
0.590015828005249 
0.589973044919570 
0.589930257557135 
0.589887465296022 
0.589844667522026 
0.589801863628788 
0.589759053017926 
0.589716235099158 
0.589673409290423 
0.589630575018002 
0.589587731716627 
0.589544878829590 
0.589502015808854 
0.589459142115152 
0.589416257218082 
0.589373360596209 
0.589330451737145 
0.589287530137645 
0.589244595303682 
0.589201646750529 
0.589158684002833 
0.589115706594683 
0.589072714069680 
0.589029705980997 
0.588986681891437 
0.588943641373489 
0.588900584009377 
0.588857509391112 
0.588814417120526 
0.588771306809321 
0.588728178079098 
0.588685030561390 
0.588641863897693 
0.588598677739489 
0.588555471748268 
0.588512245595542 
0.588468998962869 
0.588425731541855 
0.588382443034165 
0.588339133151531 
0.588295801615752 
0.588252448158695 
0.588209072522287 
0.588165674458516 
0.588122253729417 
0.588078810107063 
0.588035343373552 
0.587991853320992 
0.587948339751480 
0.587904802477087 
0.587861241319833 
0.587817656111666 
0.587774046694435 
0.587730412919866 
0.587686754649532 
0.587643071754825 
0.587599364116927 
0.587555631626773 
0.587511874185028 
0.587468091702044 
0.587424284097835 
0.587380451302035 
0.587336593253866 
0.587292709902104 
0.587248801205039 
0.587204867130442 
0.587160907655527 
0.587116922766914 
0.587072912460591 
0.587028876741881 
0.586984815625401 
0.586940729135026 
0.586896617303851 
0.586852480174157 
0.586808317797373 
0.586764130234038 
0.586719917553764 
0.586675679835202 
0.586631417166003 
0.586587129642785 
0.586542817371090 
0.586498480465357 
0.586454119048874 
0.586409733253752 
0.586365323220882 
0.586320889099898 
0.586276431049141 
0.586231949235620 
0.586187443834976 
0.586142915031436 
0.586098363017779 
0.586053787995293 
0.586009190173733 
0.585964569771275 
0.585919927014476 
0.585875262138224 
0.585830575385693 
0.585785867008293 
0.585741137265614 
0.585696386425380 
0.585651614763391 
0.585606822563460 
0.585562010117360 
0.585517177724755 
0.585472325693139 
0.585427454337762 
0.585382563981562 
0.585337654955088 
0.585292727596420 
0.585247782251092 
0.585202819271997 
0.585157839019307 
0.585112841860377 
0.585067828169640 
0.585022798328516 
0.584977752725301 
0.584932691755056 
0.584887615819496 
0.584842525326871 
0.584797420691839 
0.584752302335346 
0.584707170684485 
0.584662026172369 
0.584616869237984 
0.584571700326047 
0.584526519886858 
0.584481328376140 
0.584436126254890 
0.584390913989213 
0.584345692050155 
0.584300460913534 
0.584255221059769 
0.584209972973703 
0.584164717144417 
0.584119454065054 
0.584074184232628 
0.584028908147834 
0.583983626314859 
0.583938339241186 
0.583893047437396 
0.583847751416970 
0.583802451696092 
0.583757148793441 
0.583711843229994 
0.583666535528822 
0.583621226214879 
0.583575915814811 
0.583530604856736 
0.583485293870053 
0.583439983385233 
0.583394673933616 
0.583349366047213 
0.583304060258506 
0.583258757100250 
0.583213457105276 
0.583168160806301 
0.583122868735737 
0.583077581425505 
0.583032299406849 
0.582987023210159 
0.582941753364789 
0.582896490398893 
0.582851234839251 
0.582805987211105 
0.582760748038007 
0.582715517841657 
0.582670297141759 
0.582625086455874 
0.582579886299287 
0.582534697184868 
0.582489519622947 
0.582444354121197 
0.582399201184508 
0.582354061314885 
0.582308935011343 
0.582263822769803 
0.582218725083004 
0.582173642440415 
0.582128575328155 
0.582083524228910 
0.582038489621876 
0.581993471982681 
0.581948471783338 
0.581903489492180 
0.581858525573821 
0.581813580489107 
0.581768654695079 
0.581723748644938 
0.581678862788018 
0.581633997569760 
0.581589153431686 
0.581544330811392 
0.581499530142525 
0.581454751854777 
0.581409996373880 
0.581365264121597 
0.581320555515726 
0.581275870970101 
0.581231210894591 
0.581186575695110 
0.581141965773624 
0.581097381528160 
0.581052823352812 
0.581008291637759 
0.580963786769272 
0.580919309129728 
0.580874859097623 
0.580830437047584 
0.580786043350385 
0.580741678372954 
0.580697342478389 
0.580653036025969 
0.580608759371164 
0.580564512865639 
0.580520296857272 
0.580476111690153 
0.580431957704591 
0.580387835237116 
0.580343744620484 
0.580299686183674 
0.580255660251884 
0.580211667146531 
0.580167707185243 
0.580123780681844 
0.580079887946354 
0.580036029284964 
0.579992205000028 
0.579948415390044 
0.579904660749627 
0.579860941369496 
0.579817257536440 
0.579773609533295 
0.579729997638912 
0.579686422128130 
0.579642883271732 
0.579599381336418 
0.579555916584762 
0.579512489275172 
0.579469099661850 
0.579425747994745 
0.579382434519509 
0.579339159477452 
0.579295923105488 
0.579252725636092 
0.579209567297244 
0.579166448312379 
0.579123368900334 
0.579080329275296 
0.579037329646747 
0.578994370219408 
0.578951451193186 
0.578908572763120 
0.578865735119326 
0.578822938446942 
0.578780182926073 
0.578737468731742 
0.578694796033830 
0.578652164997034 
0.578609575780808 
0.578567028539317 
0.578524523421390 
0.578482060570474 
0.578439640124583 
0.578397262216269 
0.578354926972564 
0.578312634514956 
0.578270384959344 
0.578228178416012 
0.578186014989589 
0.578143894779029 
0.578101817877581 
0.578059784372770 
0.578017794346374 
0.577975847874413 
0.577933945027132 
0.577892085868998 
0.577850270458690 
0.577808498849096 
0.577766771087322 
0.577725087214694 
0.577683447266770 
0.577641851273351 
0.577600299258502 
0.577558791240576 
0.577517327232237 
0.577475907240494 
0.577434531266736 
0.577393199306770 
0.577351911350867 
0.577310667383809 
0.577269467384943 
0.577228311328237 
0.577187199182343 
0.577146130910663 
0.577105106471417 
0.577064125817720 
0.577023188897663 
0.576982295654389 
0.576941446026190 
0.576900639946590 
0.576859877344450 
0.576819158144056 
0.576778482265237 
0.576737849623458 
0.576697260129947 
0.576656713691795 
0.576616210212088 
0.576575749590022 
0.576535331721031 
0.576494956496917 
0.576454623805983 
0.576414333533166 
0.576374085560181 
0.576333879765655 
0.576293716025280 
0.576253594211954 
0.576213514195930 
0.576173475844975 
0.576133479024514 
0.576093523597794 
0.576053609426037 
0.576013736368604 
0.575973904283150 
0.575934113025794 
0.575894362451279 
0.575854652413138 
0.575814982763858 
0.575775353355051 
0.575735764037620 
0.575696214661926 
0.575656705077958 
0.575617235135501 
0.575577804684308 
0.575538413574261 
0.575499061655551 
0.575459748778834 
0.575420474795410 
0.575381239557381 
0.575342042917822 
0.575302884730947 
0.575263764852268 
0.575224683138764 
0.575185639449038 
0.575146633643481 
0.575107665584425 
0.575068735136306 
0.575029842165814 
0.574990986542048 
0.574952168136667 
0.574913386824038 
0.574874642481381 
0.574835934988915 
0.574797264229999 
0.574758630091268 
0.574720032462774 
0.574681471238112 
0.574642946314560 
0.574604457593197 
0.574566004979033 
0.574527588381126 
0.574489207712707 
0.574450862891287 
0.574412553838773 
0.574374280481574 
0.574336042750708 
0.574297840581900 
0.574259673915683 
0.574221542697489 
0.574183446877743 
0.574145386411943 
0.574107361260751 
0.574069371390069 
0.574031416771110 
0.573993497380476 
0.573955613200222 
0.573917764217921 
0.573879950426722 
0.573842171825409 
0.573804428418448 
0.573766720216038 
0.573729047234154 
0.573691409494587 
0.573653807024976 
0.573616239858844 
0.573578708035621 
0.573541211600669 
0.573503750605299 
0.573466325106786 
0.573428935168379 
0.573391580859308 
0.573354262254779 
0.573316979435982 
0.573279732490071 
0.573242521510164 
0.573205346595317 
0.573168207850508 
0.573131105386612 
0.573094039320369 
0.573057009774351 
0.573020016876923 
0.572983060762201 
0.572946141570001 
0.572909259445788 
0.572872414540621 
0.572835607011087 
0.572798837019236 
0.572762104732513 
0.572725410323677 
0.572688753970726 
0.572652135856806 
0.572615556170126 
0.572579015103861 
0.572542512856053 
0.572506049629508 
0.572469625631686 
0.572433241074591 
0.572396896174648 
0.572360591152586 
0.572324326233308 
0.572288101645759 
0.572251917622792 
0.572215774401028 
0.572179672220707 
0.572143611325544 
0.572107591962574 
0.572071614381991 
0.572035678836991 
0.571999785583606 
0.571963934880531 
0.571928126988950 
0.571892362172366 
0.571856640696413 
0.571820962828673 
0.571785328838492 
0.571749738996784 
0.571714193575842 
0.571678692849138 
0.571643237091125 
0.571607826577033 
0.571572461582668 
0.571537142384201 
0.571501869257963 
0.571466642480233 
0.571431462327024 
0.571396329073873 
0.571361242995621 
0.571326204366205 
0.571291213458432 
0.571256270543771 
0.571221375892128 
0.571186529771633 
0.571151732448423 
0.571116984186422 
0.571082285247127 
0.571047635889393 
0.571013036369216 
0.570978486939525 
0.570943987849969 
0.570909539346702 
0.570875141672187 
0.570840795064981 
0.570806499759541 
0.570772255986018 
0.570738063970065 
0.570703923932642 
0.570669836089829 
0.570635800652636 
0.570601817826828 
0.570567887812740 
0.570534010805108 
0.570500186992898 
0.570466416559145 
0.570432699680789 
0.570399036528524 
0.570365427266648 
0.570331872052918 
0.570298371038413 
0.570264924367396 
0.570231532177197 
0.570198194598076 
0.570164911753120 
0.570131683758126 
0.570098510721497 
0.570065392744146 
0.570032329919400 
0.569999322332915 
0.569966370062595 
0.569933473178517 
0.569900631742861 
0.569867845809850 
0.569835115425688 
0.569802440628514 
0.569769821448352 
0.569737257907074 
0.569704750018362 
0.569672297787686 
0.569639901212272 
0.569607560281091 
0.569575274974841 
0.569543045265943 
0.569510871118537 
0.569478752488482 
0.569446689323365 
0.569414681562513 
0.569382729137005 
0.569350831969695 
0.569318989975236 
0.569287203060105 
0.569255471122639 
0.569223794053068 
0.569192171733551 
0.569160604038225 
0.569129090833245 
0.569097631976832 
0.569066227319331 
0.569034876703254 
0.569003579963345 
0.568972336926640 
0.568941147412515 
0.568910011232769 
0.568878928191669 
0.568847898086032 
0.568816920705287 
0.568785995831545 
0.568755123239673 
0.568724302697365 
0.568693533965217 
0.568662816796803 
0.568632150938751 
0.568601536130817 
0.568570972105971 
0.568540458590468 
0.568509995303929 
0.568479581959427 
0.568449218263559 
0.568418903916534 
0.568388638612254 
0.568358422038389 
0.568328253876469 
0.568298133801962 
0.568268061484357 
0.568238036587245 
0.568208058768409 
0.568178127679901 
0.568148242968131 
0.568118404273946 
0.568088611232718 
0.568058863474429 
0.568029160623753 
0.567999502300139 
0.567969888117903 
0.567940317686309 
0.567910790609652 
0.567881306487347 
0.567851864914015 
0.567822465479569 
0.567793107769297 
0.567763791363956 
0.567734515839851 
0.567705280768929 
0.567676085718862 
0.567646930253140 
0.567617813931153 
0.567588736308288 
0.567559696936014 
0.567530695361970 
0.567501731130060 
0.567472803780540 
0.567443912850115 
0.567415057872023 
0.567386238376135 
0.567357453889042 
0.567328703934155 
0.567299988031793 
0.567271305699280 
0.567242656451042 
0.567214039798701 
0.567185455251172 
0.567156902314758 
0.567128380493252 
0.567099889288032 
0.567071428198157 
0.567042996720472 
0.567014594349702 
0.566986220578558 
0.566957874897831 
0.566929556796496 
0.566901265761816 
0.566873001279439 
0.566844762833503 
0.566816549906735 
0.566788361980562 
0.566760198535200 
0.566732059049772 
0.566703943002402 
0.566675849870319 
0.566647779129967 
0.566619730257100 
0.566591702726890 
0.566563696014031 
0.566535709592842 
0.566507742937367 
0.566479795521483 
0.566451866818999 
0.566423956303761 
0.566396063449752 
0.566368187731194 
0.566340328622651 
0.566312485599128 
0.566284658136171 
0.566256845709968 
0.566229047797447 
0.566201263876370 
0.566173493425439 
0.566145735924385 
0.566117990854063 
0.566090257696553 
0.566062535935246 
0.566034825054940 
0.566007124541931 
0.565979433884102 
0.565951752571011 
0.565924080093978 
0.565896415946172 
0.565868759622695 
0.565841110620665 
0.565813468439294 
0.565785832579974 
0.565758202546348 
0.565730577844391 
0.565702957982480 
0.565675342471474 
0.565647730824776 
0.565620122558406 
0.565592517191071 
0.565564914244221 
0.565537313242119 
0.565509713711902 
0.565482115183632 
0.565454517190362 
0.565426919268182 
0.565399320956274 
0.565371721796963 
0.565344121335762 
0.565316519121414 
0.565288914705943 
0.565261307644685 
0.565233697496329 
0.565206083822954 
0.565178466190057 
0.565150844166588 
0.565123217324974 
0.565095585241144 
0.565067947494556 
0.565040303668210 
0.565012653348671 
0.564984996126082 
0.564957331594175 
0.564929659350281 
0.564901978995340 
0.564874290133902 
0.564846592374130 
0.564818885327802 
0.564791168610305 
0.564763441840632 
0.564735704641372 
0.564707956638702 
0.564680197462373 
0.564652426745695 
0.564624644125520 
0.564596849242224 
0.564569041739683 
0.564541221265251 
0.564513387469731 
0.564485540007351 
0.564457678535730 
0.564429802715850 
0.564401912212016 
0.564374006691829 
0.564346085826139 
0.564318149289011 
0.564290196757686 
0.564262227912532 
0.564234242437007 
0.564206240017610 
0.564178220343834 
0.564150183108123 
0.564122128005814 
0.564094054735099 
0.564065962996966 
0.564037852495148 
0.564009722936075 
0.563981574028817 
0.563953405485031 
0.563925217018912 
0.563897008347129 
0.563868779188779 
0.563840529265331 
0.563812258300568 
0.563783966020533 
0.563755652153478 
0.563727316429807 
0.563698958582020 
0.563670578344667 
0.563642175454289 
0.563613749649364 
0.563585300670264 
0.563556828259198 
0.563528332160161 
0.563499812118892 
0.563471267882824 
0.563442699201033 
0.563414105824201 
0.563385487504565 
0.563356843995881 
0.563328175053380 
0.563299480433730 
0.563270759894997 
0.563242013196614 
0.563213240099341 
0.563184440365238 
0.563155613757632 
0.563126760041087 
0.563097878981383 
0.563068970345489 
0.563040033901538 
0.563011069418809 
0.562982076667711 
0.562953055419762 
0.562924005447577 
0.562894926524856 
0.562865818426375 
0.562836680927974 
0.562807513806555 
0.562778316840076 
0.562749089807549 
0.562719832489042 
0.562690544665674 
0.562661226119629 
0.562631876634152 
0.562602495993561 
0.562573083983256 
0.562543640389726 
0.562514165000565 
0.562484657604483 
0.562455117991322 
0.562425545952074 
0.562395941278895 
0.562366303765125 
0.562336633205309 
0.562306929395220 
0.562277192131873 
0.562247421213557 
0.562217616439852 
0.562187777611652 
0.562157904531198 
0.562127997002088 
0.562098054829319 
0.562068077819298 
0.562038065779873 
0.562008018520359 
0.561977935851561 
0.561947817585800 
0.561917663536935 
0.561887473520390 
0.561857247353173 
0.561826984853902 
0.561796685842828 
0.561766350141851 
0.561735977574542 
0.561705567966163 
0.561675121143686 
0.561644636935805 
0.561614115172952 
0.561583555687316 
0.561552958312849 
0.561522322885281 
0.561491649242126 
0.561460937222692 
0.561430186668085 
0.561399397421217 
0.561368569326803 
0.561337702231365 
0.561306795983234 
0.561275850432538 
0.561244865431209 
0.561213840832964 
0.561182776493310 
0.561151672269522 
0.561120528020641 
0.561089343607452 
0.561058118892474 
0.561026853739942 
0.560995548015791 
0.560964201587626 
0.560932814324717 
0.560901386097959 
0.560869916779859 
0.560838406244507 
0.560806854367549 
0.560775261026161 
0.560743626099016 
0.560711949466261 
0.560680231009479 
0.560648470611667 
0.560616668157199 
0.560584823531792 
0.560552936622483 
0.560521007317587 
0.560489035506675 
0.560457021080532 
0.560424963931135 
0.560392863951618 
0.560360721036240 
0.560328535080361 
0.560296305980410 
0.560264033633860 
0.560231717939202 
0.560199358795919 
0.560166956104465 
0.560134509766246 
0.560102019683598 
0.560069485759772 
0.560036907898923 
0.560004286006089 
0.559971619987194 
0.559938909749031 
0.559906155199265 
0.559873356246427 
0.559840512799922 
0.559807624770032 
0.559774692067924 
0.559741714605665 
0.559708692296237 
0.559675625053556 
0.559642512792499 
0.559609355428929 
0.559576152879726 
0.559542905062823 
0.559509611897247 
0.559476273303164 
0.559442889201919 
0.559409459516098 
0.559375984169576 
0.559342463087584 
0.559308896196764 
0.559275283425248 
0.559241624702724 
0.559207919960510 
0.559174169131640 
0.559140372150946 
0.559106528955143 
0.559072639482924 
0.559038703675053 
0.559004721474462 
0.558970692826355 
0.558936617678308 
0.558902495980381 
0.558868327685226 
0.558834112748197 
0.558799851127466 
0.558765542784142 
0.558731187682383 
0.558696785789523 
0.558662337076185 
0.558627841516411 
0.558593299087777 
0.558558709771521 
0.558524073552664 
0.558489390420132 
0.558454660366877 
0.558419883390002 
0.558385059490877 
0.558350188675261 
0.558315270953414 
0.558280306340216 
0.558245294855273 
0.558210236523032 
0.558175131372880 
0.558139979439251 
0.558104780761722 
0.558069535385103 
0.558034243359532 
0.557998904740556 
0.557963519589209 
0.557928087972085 
0.557892609961408 
0.557857085635091 
0.557821515076791 
0.557785898375957 
0.557750235627874 
0.557714526933695 
0.557678772400468 
0.557642972141155 
0.557607126274647 
0.557571234925766 
0.557535298225263 
0.557499316309802 
0.557463289321947 
0.557427217410130 
0.557391100728617 
0.557354939437465 
0.557318733702468 
0.557282483695100 
0.557246189592446 
0.557209851577125 
0.557173469837211 
0.557137044566143 
0.557100575962620 
0.557064064230508 
0.557027509578719 
0.556990912221099 
0.556954272376301 
0.556917590267657 
0.556880866123042 
0.556844100174734 
0.556807292659270 
0.556770443817292 
0.556733553893404 
0.556696623135998 
0.556659651797114 
0.556622640132262 
0.556585588400267 
0.556548496863097 
0.556511365785700 
0.556474195435835 
0.556436986083903 
0.556399738002781 
0.556362451467659 
0.556325126755866 
0.556287764146716 
0.556250363921347 
0.556212926362556 
0.556175451754655 
0.556137940383312 
0.556100392535413 
0.556062808498914 
0.556025188562711 
0.555987533016508 
0.555949842150691 
0.555912116256214 
0.555874355624482 
0.555836560547256 
0.555798731316549 
0.555760868224539 
0.555722971563488 
0.555685041625670 
0.555647078703305 
0.555609083088500 
0.555571055073206 
0.555532994949174 
0.555494903007925 
0.555456779540729 
0.555418624838592 
0.555380439192246 
0.555342222892161 
0.555303976228548 
0.555265699491387 
0.555227392970455 
0.555189056955356 
0.555150691735577 
0.555112297600530 
0.555073874839622 
0.555035423742314 
0.554996944598201 
0.554958437697095 
0.554919903329104 
0.554881341784737 
0.554842753354993 
0.554804138331475 
0.554765497006494 
0.554726829673188 
0.554688136625638 
0.554649418158989 
0.554610674569585 
0.554571906155090 
0.554533113214624 
0.554494296048896 
0.554455454960345 
0.554416590253272 
0.554377702233983 
0.554338791210929 
0.554299857494845 
0.554260901398889 
0.554221923238787 
0.554182923332964 
0.554143902002689 
0.554104859572204 
0.554065796368867 
0.554026712723273 
0.553987608969395 
0.553948485444697 
0.553909342490271 
0.553870180450943 
0.553830999675399 
0.553791800516287 
0.553752583330333 
0.553713348478435 
0.553674096325765 
0.553634827241859 
0.553595541600702 
0.553556239780811 
0.553516922165308 
0.553477589141990 
0.553438241103391 
0.553398878446838 
0.553359501574498 
0.553320110893423 
0.553280706815589 
0.553241289757917 
0.553201860142302 
0.553162418395620 
0.553122964949744 
0.553083500241535 
0.553044024712840 
0.553004538810473 
0.552965042986192 
0.552925537696673 
0.552886023403462 
0.552846500572941 
0.552806969676262 
0.552767431189292 
0.552727885592544 
0.552688333371093 
0.552648775014498 
0.552609211016705 
0.552569641875947 
0.552530068094634 
0.552490490179242 
0.552450908640184 
0.552411323991679 
0.552371736751617 
0.552332147441409 
0.552292556585836 
0.552252964712888 
0.552213372353596 
0.552173780041856 
0.552134188314250 
0.552094597709857 
0.552055008770057 
0.552015422038331 
0.551975838060051 
0.551936257382273 
0.551896680553508 
0.551857108123505 
0.551817540643017 
0.551777978663561 
0.551738422737184 
0.551698873416212 
0.551659331252999 
0.551619796799675 
0.551580270607883 
0.551540753228516 
0.551501245211451 
0.551461747105278 
0.551422259457022 
0.551382782811876 
0.551343317712910 
0.551303864700795 
0.551264424313522 
0.551224997086108 
0.551185583550316 
0.551146184234367 
0.551106799662646 
0.551067430355414 
0.551028076828524 
0.550988739593123 
0.550949419155370 
0.550910116016142 
0.550870830670753 
0.550831563608663 
0.550792315313196 
0.550753086261261 
0.550713876923069 
0.550674687761857 
0.550635519233619 
0.550596371786829 
0.550557245862180 
0.550518141892323 
0.550479060301605 
0.550440001505819 
0.550400965911955 
0.550361953917959 
0.550322965912496 
0.550284002274718 
0.550245063374042 
0.550206149569928 
0.550167261211674 
0.550128398638207 
0.550089562177890 
0.550050752148329 
0.550011968856200 
0.549973212597067 
0.549934483655229 
0.549895782303554 
0.549857108803341 
0.549818463404180 
0.549779846343823 
0.549741257848072 
0.549702698130666 
0.549664167393183 
0.549625665824961 
0.549587193603011 
0.549548750891959 
0.549510337843987 
0.549471954598794 
0.549433601283558 
0.549395278012921 
0.549356984888977 
0.549318722001276 
0.549280489426839 
0.549242287230188 
0.549204115463381 
0.549165974166068 
0.549127863365555 
0.549089783076881 
0.549051733302912 
0.549013714034441 
0.548975725250306 
0.548937766917522 
0.548899838991425 
0.548861941415827 
0.548824074123190 
0.548786237034806 
0.548748430061001 
0.548710653101345 
0.548672906044876 
0.548635188770343 
0.548597501146462 
0.548559843032175 
0.548522214276946 
0.548484614721047 
0.548447044195870 
0.548409502524255 
0.548371989520825 
0.548334504992339 
0.548297048738061 
0.548259620550135 
0.548222220213982 
0.548184847508708 
0.548147502207519 
0.548110184078165 
0.548072892883374 
0.548035628381325 
0.547998390326110 
0.547961178468225 
0.547923992555064 
0.547886832331430 
0.547849697540052 
0.547812587922120 
0.547775503217822 
0.547738443166903 
0.547701407509220 
0.547664395985318 
0.547627408337006 
0.547590444307948 
0.547553503644259 
0.547516586095105 
0.547479691413314 
0.547442819355990 
0.547405969685131 
0.547369142168257 
0.547332336579028 
0.547295552697881 
0.547258790312657 
0.547222049219233 
0.547185329222150 
0.547148630135244 
0.547111951782275 
0.547075293997544 
0.547038656626517 
0.547002039526435 
0.546965442566921 
0.546928865630576 
0.546892308613569 
0.546855771426213 
0.546819253993533 
0.546782756255815 
0.546746278169151 
0.546709819705952 
0.546673380855465 
0.546636961624249 
0.546600562036652 
0.546564182135251 
0.546527821981281 
0.546491481655030 
0.546455161256220 
0.546418860904356 
0.546382580739043 
0.546346320920286 
0.546310081628751 
0.546273863065995 
0.546237665454669 
0.546201489038686 
0.546165334083350 
0.546129200875459 
0.546093089723365 
0.546057000956995 
0.546020934927844 
0.545984892008922 
0.545948872594662 
0.545912877100795 
0.545876905964177 
0.545840959642585 
0.545805038614463 
0.545769143378633 
0.545733274453970 
0.545697432379026 
0.545661617711624 
0.545625831028405 
0.545590072924342 
0.545554344012208 
0.545518644922018 
0.545482976300417 
0.545447338810049 
0.545411733128881 
0.545376159949487 
0.545340619978322 
0.545305113934938 
0.545269642551187 
0.545234206570389 
0.545198806746477 
0.545163443843119 
0.545128118632806 
0.545092831895930 
0.545057584419844 
0.545022376997901 
0.544987210428470 
0.544952085513960 
0.544917003059816 
0.544881963873514 
0.544846968763552 
0.544812018538438 
0.544777114005669 
0.544742255970724 
0.544707445236057 
0.544672682600089 
0.544637968856217 
0.544603304791833 
0.544568691187352 
0.544534128815262 
0.544499618439186 
0.544465160812962 
0.544430756679755 
0.544396406771183 
0.544362111806467 
0.544327872491619 
0.544293689518647 
0.544259563564795 
0.544225495291817 
0.544191485345283 
0.544157534353908 
0.544123642928933 
0.544089811663536 
0.544056041132267 
0.544022331890540 
0.543988684474149 
0.543955099398828 
0.543921577159843 
0.543888118231634 
0.543854723067482 
0.543821392099222 
0.543788125736994 
0.543754924369029 
0.543721788361470 
0.543688718058238 
0.543655713780922 
0.543622775828716 
0.543589904478379 
0.543557099984240 
0.543524362578222 
0.543491692469910 
0.543459089846637 
0.543426554873610 
0.543394087694056 
0.543361688429397 
0.543329357179446 
0.543297094022636 
0.543264899016257 
0.543232772196729 
0.543200713579883 
0.543168723161263 
0.543136800916448 
0.543104946801384 
0.543073160752735 
0.543041442688238 
0.543009792507081 
0.542978210090283 
0.542946695301077 
0.542915247985313 
0.542883867971863 
0.542852555073021 
0.542821309084921 
0.542790129787944 
0.542759016947141 
0.542727970312643 
0.542696989620080 
0.542666074590992 
0.542635224933247 
0.542604440341443 
0.542573720497318 
0.542543065070153 
0.542512473717164 
0.542481946083898 
0.542451481804613 
0.542421080502665 
0.542390741790869 
0.542360465271872 
0.542330250538506 
0.542300097174140 
0.542270004753018 
0.542239972840593 
0.542210000993850 
0.542180088761625 
0.542150235684907 
0.542120441297137 
0.542090705124498 
0.542061026686196 
0.542031405494728 
0.542001841056148 
0.541972332870316 
0.541942880431148 
0.541913483226847 
0.541884140740136 
0.541854852448473 
0.541825617824267 
0.541796436335077 
0.541767307443809 
0.541738230608907 
0.541709205284528 
0.541680230920722 
0.541651306963590 
0.541622432855454 
0.541593608035002 
0.541564831937436 
0.541536103994617 
0.541507423635196 
0.541478790284743 
0.541450203365875 
0.541421662298371 
0.541393166499284 
0.541364715383058 
0.541336308361624 
0.541307944844504 
0.541279624238911 
0.541251345949835 
0.541223109380138 
0.541194913930635 
0.541166759000180 
0.541138643985745 
0.541110568282495 
0.541082531283866 
0.541054532381631 
0.541026570965979 
0.540998646425575 
0.540970758147626 
0.540942905517952 
0.540915087921042 
0.540887304740121 
0.540859555357206 
0.540831839153168 
0.540804155507789 
0.540776503799823 
0.540748883407047 
0.540721293706325 
0.540693734073659 
0.540666203884248 
0.540638702512545 
0.540611229332308 
0.540583783716662 
0.540556365038156 
0.540528972668812 
0.540501605980191 
0.540474264343449 
0.540446947129391 
0.540419653708535 
0.540392383451171 
0.540365135727421 
0.540337909907300 
0.540310705360783 
0.540283521457865 
0.540256357568627 
0.540229213063303 
0.540202087312347 
0.540174979686506 
0.540147889556883 
0.540120816295015 
0.540093759272943 
0.540066717863288 
0.540039691439331 
0.540012679375081 
0.539985681045367 
0.539958695825909 
0.539931723093408 
0.539904762225625 
0.539877812601474 
0.539850873601101 
0.539823944605983 
0.539797024999012 
0.539770114164595 
0.539743211488741 
0.539716316359166 
0.539689428165384 
0.539662546298813 
0.539635670152872 
0.539608799123089 
0.539581932607201 
0.539555070005265 
0.539528210719764 
0.539501354155717 
0.539474499720791 
0.539447646825414 
0.539420794882886 
0.539393943309501 
0.539367091524658 
0.539340238950980 
0.539313385014436 
0.539286529144459 
0.539259670774068 
0.539232809339994 
0.539205944282795 
0.539179075046990 
0.539152201081175 
0.539125321838157 
0.539098436775073 
0.539071545353521 
0.539044647039686 
0.539017741304465 
0.538990827623599 
0.538963905477795 
0.538936974352858 
0.538910033739815 
0.538883083135044 
0.538856122040400 
0.538829149963341 
0.538802166417051 
0.538775170920570 
0.538748162998912 
0.538721142183193 
0.538694108010747 
0.538667060025250 
0.538639997776838 
0.538612920822224 
0.538585828724814 
0.538558721054820 
0.538531597389373 
0.538504457312632 
0.538477300415892 
0.538450126297688 
0.538422934563901 
0.538395724827855 
0.538368496710416 
0.538341249840086 
0.538313983853094 
0.538286698393486 
0.538259393113213 
0.538232067672207 
0.538204721738462 
0.538177354988114 
0.538149967105505 
0.538122557783256 
0.538095126722330 
0.538067673632089 
0.538040198230356 
0.538012700243461 
0.537985179406292 
0.537957635462340 
0.537930068163735 
0.537902477271283 
0.537874862554496 
0.537847223791622 
0.537819560769658 
0.537791873284378 
0.537764161140339 
0.537736424150892 
0.537708662138181 
0.537680874933153 
0.537653062375541 
0.537625224313861 
0.537597360605396 
0.537569471116176 
0.537541555720959 
0.537513614303198 
0.537485646755009 
0.537457652977144 
0.537429632878937 
0.537401586378271 
0.537373513401519 
0.537345413883501 
0.537317287767421 
0.537289135004807 
0.537260955555447 
0.537232749387322 
0.537204516476534 
0.537176256807229 
0.537147970371518 
0.537119657169402 
0.537091317208674 
0.537062950504845 
0.537034557081043 
0.537006136967922 
0.536977690203570 
0.536949216833401 
0.536920716910062 
0.536892190493323 
0.536863637649976 
0.536835058453722 
0.536806452985064 
0.536777821331196 
0.536749163585883 
0.536720479849355 
0.536691770228180 
0.536663034835156 
0.536634273789183 
0.536605487215145 
0.536576675243791 
0.536547838011606 
0.536518975660694 
0.536490088338646 
0.536461176198421 
0.536432239398216 
0.536403278101339 
0.536374292476083 
0.536345282695597 
0.536316248937758 
0.536287191385042 
0.536258110224394 
0.536229005647100 
0.536199877848655 
0.536170727028636 
0.536141553390566 
0.536112357141788 
0.536083138493334 
0.536053897659791 
0.536024634859173 
0.535995350312786 
0.535966044245099 
0.535936716883610 
0.535907368458719 
0.535877999203588 
0.535848609354014 
0.535819199148296 
0.535789768827099 
0.535760318633325 
0.535730848811977 
0.535701359610028 
0.535671851276283 
0.535642324061251 
0.535612778217005 
0.535583213997051 
0.535553631656194 
0.535524031450401 
0.535494413636666 
0.535464778472877 
0.535435126217679 
0.535405457130336 
0.535375771470602 
0.535346069498578 
0.535316351474579 
0.535286617658999 
0.535256868312173 
0.535227103694242 
0.535197324065017 
0.535167529683843 
0.535137720809466 
0.535107897699890 
0.535078060612254 
0.535048209802687 
0.535018345526179 
0.534988468036445 
0.534958577585796 
0.534928674425006 
0.534898758803175 
0.534868830967610 
0.534838891163684 
0.534808939634718 
0.534778976621847 
0.534749002363902 
0.534719017097280 
0.534689021055826 
0.534659014470710 
0.534628997570312 
0.534598970580105 
0.534568933722538 
0.534538887216927 
0.534508831279346 
0.534478766122516 
0.534448691955707 
0.534418608984632 
0.534388517411346 
0.534358417434159 
0.534328309247534 
0.534298193042003 
0.534268069004077 
0.534237937316168 
0.534207798156506 
0.534177651699062 
0.534147498113483 
0.534117337565016 
0.534087170214445 
0.534056996218032 
0.534026815727461 
0.533996628889785 
0.533966435847375 
0.533936236737877 
0.533906031694172 
0.533875820844338 
0.533845604311623 
0.533815382214409 
0.533785154666196 
0.533754921775579 
0.533724683646235 
0.533694440376910 
0.533664192061411 
0.533633938788611 
0.533603680642443 
0.533573417701910 
0.533543150041095 
0.533512877729174 
0.533482600830435 
0.533452319404301 
0.533422033505357 
0.533391743183379 
0.533361448483366 
0.533331149445582 
0.533300846105598 
0.533270538494331 
0.533240226638100 
0.533209910558674 
0.533179590273328 
0.533149265794904 
0.533118937131871 
0.533088604288392 
0.533058267264390 
0.533027926055620 
0.532997580653746 
0.532967231046414 
0.532936877217331 
0.532906519146353 
0.532876156809559 
0.532845790179348 
0.532815419224523 
0.532785043910380 
0.532754664198807 
0.532724280048375 
0.532693891414433 
0.532663498249211 
0.532633100501919 
0.532602698118844 
0.532572291043461 
0.532541879216532 
0.532511462576211 
0.532481041058156 
0.532450614595630 
0.532420183119615 
0.532389746558919 
0.532359304840289 
0.532328857888518 
0.532298405626560 
0.532267947975638 
0.532237484855363 
0.532207016183841 
0.532176541877789 
0.532146061852647 
0.532115576022692 
0.532085084301150 
0.532054586600311 
0.532024082831642 
0.531993572905899 
0.531963056733238 
0.531932534223332 
0.531902005285478 
0.531871469828710 
0.531840927761912 
0.531810378993924 
0.531779823433653 
0.531749260990184 
0.531718691572885 
0.531688115091515 
0.531657531456329 
0.531626940578184 
0.531596342368643 
0.531565736740078 
0.531535123605769 
0.531504502880008 
0.531473874478194 
0.531443238316937 
0.531412594314145 
0.531381942389127 
0.531351282462680 
0.531320614457187 
0.531289938296701 
0.531259253907035 
0.531228561215849 
0.531197860152737 
0.531167150649302 
0.531136432639245 
0.531105706058439 
0.531074970845007 
0.531044226939395 
0.531013474284447 
0.530982712825471 
0.530951942510310 
0.530921163289404 
0.530890375115857 
0.530859577945492 
0.530828771736912 
0.530797956451551 
0.530767132053733 
0.530736298510715 
0.530705455792734 
0.530674603873053 
0.530643742727999 
0.530612872337001 
0.530581992682626 
0.530551103750605 
0.530520205529865 
0.530489298012552 
0.530458381194048 
0.530427455072995 
0.530396519651301 
0.530365574934153 
0.530334620930026 
0.530303657650678 
0.530272685111154 
0.530241703329779 
0.530210712328145 
0.530179712131102 
0.530148702766735 
0.530117684266347 
0.530086656664426 
0.530055619998618 
0.530024574309694 
0.529993519641503 
0.529962456040933 
0.529931383557863 
0.529900302245105 
0.529869212158349 
0.529838113356103 
0.529807005899619 
0.529775889852827 
0.529744765282257 
0.529713632256958 
0.529682490848410 
0.529651341130439 
0.529620183179116 
0.529589017072661 
0.529557842891340 
0.529526660717356 
0.529495470634730 
0.529464272729198 
0.529433067088077 
0.529401853800141 
0.529370632955500 
0.529339404645460 
0.529308168962384 
0.529276925999559 
0.529245675851042 
0.529214418611522 
0.529183154376162 
0.529151883240446 
0.529120605300028 
0.529089320650564 
0.529058029387557 
0.529026731606191 
0.528995427401163 
0.528964116866517 
0.528932800095475 
0.528901477180267 
0.528870148211958 
0.528838813280278 
0.528807472473447 
0.528776125878005 
0.528744773578639 
0.528713415658012 
0.528682052196590 
0.528650683272474 
0.528619308961234 
0.528587929335738 
0.528556544465991 
0.528525154418973 
0.528493759258483 
0.528462359044977 
0.528430953835422 
0.528399543683149 
0.528368128637702 
0.528336708744706 
0.528305284045734 
0.528273854578168 
0.528242420375089 
0.528210981465150 
0.528179537872472 
0.528148089616535 
0.528116636712083 
0.528085179169032 
0.528053716992391 
0.528022250182182 
0.527990778733379 
0.527959302635845 
0.527927821874285 
0.527896336428203 
0.527864846271869 
0.527833351374303 
0.527801851699252 
0.527770347205191 
0.527738837845331 
0.527707323567632 
0.527675804314826 
0.527644280024462 
0.527612750628940 
0.527581216055580 
0.527549676226678 
0.527518131059592 
0.527486580466822 
0.527455024356114 
0.527423462630565 
0.527391895188744 
0.527360321924820 
0.527328742728698 
0.527297157486175 
0.527265566079095 
0.527233968385520 
0.527202364279908 
0.527170753633303 
0.527139136313530 
0.527107512185409 
0.527075881110965 
0.527044242949654 
0.527012597558602 
0.526980944792841 
0.526949284505560 
0.526917616548367 
0.526885940771553 
0.526854257024359 
0.526822565155263 
0.526790865012260 
0.526759156443160 
0.526727439295878 
0.526695713418745 
0.526663978660812 
0.526632234872162 
0.526600481904234 
0.526568719610137 
0.526536947844976 
0.526505166466186 
0.526473375333857 
0.526441574311067 
0.526409763264219 
0.526377942063378 
0.526346110582605 
0.526314268700299 
0.526282416299532 
0.526250553268387 
0.526218679500297 
0.526186794894377 
0.526154899355764 
0.526122992795943 
0.526091075133080 
0.526059146292350 
0.526027206206255 
0.525995254814950 
0.525963292066550 
0.525931317917451 
0.525899332332625 
0.525867335285925 
0.525835326760379 
0.525803306748475 
0.525771275252443 
0.525739232284525 
0.525707177867246 
0.525675112033666 
0.525643034827632 
0.525610946304013 
0.525578846528941 
0.525546735580020 
0.525514613546543 
0.525482480529695 
0.525450336642736 
0.525418182011185 
0.525386016772986 
0.525353841078663 
0.525321655091462 
0.525289458987487 
0.525257252955813 
0.525225037198594 
0.525192811931155 
0.525160577382072 
0.525128333793234 
0.525096081419898 
0.525063820530723 
0.525031551407795 
0.524999274346633 
0.524966989656185 
0.524934697658805 
0.524902398690217 
0.524870093099465 
0.524837781248846 
0.524805463513831 
0.524773140282959 
0.524740811957742 
0.524708478952520 
0.524676141694331 
0.524643800622749 
0.524611456189710 
0.524579108859328 
0.524546759107690 
0.524514407422639 
0.524482054303543 
0.524449700261048 
0.524417345816819 
0.524384991503261 
0.524352637863237 
0.524320285449761 
0.524287934825686 
0.524255586563375 
0.524223241244361 
0.524190899458994 
0.524158561806079 
0.524126228892498 
0.524093901332822 
0.524061579748922 
0.524029264769552 
0.523996957029939 
0.523964657171358 
0.523932365840695 
0.523900083690006 
0.523867811376072 
0.523835549559937 
0.523803298906455 
0.523771060083810 
0.523738833763060 
0.523706620617644 
0.523674421322914 
0.523642236555648 
0.523610066993561 
0.523577913314822 
0.523545776197565 
0.523513656319401 
0.523481554356925 
0.523449470985235 
0.523417406877444 
0.523385362704195 
0.523353339133181 
0.523321336828670 
0.523289356451031 
0.523257398656267 
0.523225464095553 
0.523193553414776 
0.523161667254094 
0.523129806247486 
0.523097971022323 
0.523066162198938 
0.523034380390216 
0.523002626201182 
0.522970900228601 
0.522939203060601 
0.522907535276291 
0.522875897445395 
0.522844290127907 
0.522812713873747 
0.522781169222430 
0.522749656702760 
0.522718176832522 
0.522686730118198 
0.522655317054690 
0.522623938125067 
0.522592593800311 
0.522561284539093 
0.522530010787556 
0.522498772979109 
0.522467571534245 
0.522436406860370 
0.522405279351642 
0.522374189388836 
0.522343137339211 
0.522312123556403 
0.522281148380329 
0.522250212137103 
0.522219315138973 
0.522188457684264 
0.522157640057348 
0.522126862528614 
0.522096125354467 
0.522065428777325 
0.522034773025648 
0.522004158313964 
0.521973584842918 
0.521943052799331 
0.521912562356277 
0.521882113673158 
0.521851706895812 
0.521821342156616 
0.521791019574605 
0.521760739255615 
0.521730501292408 
0.521700305764842 
0.521670152740025 
0.521640042272495 
0.521609974404393 
0.521579949165668 
0.521549966574264 
0.521520026636341 
0.521490129346483 
0.521460274687927 
0.521430462632794 
0.521400693142326 
0.521370966167131 
0.521341281647433 
0.521311639513333 
0.521282039685064 
0.521252482073260 
0.521222966579232 
0.521193493095234 
0.521164061504749 
0.521134671682772 
0.521105323496091 
0.521076016803579 
0.521046751456483 
0.521017527298721 
0.520988344167172 
0.520959201891979 
0.520930100296839 
0.520901039199311 
0.520872018411107 
0.520843037738402 
0.520814096982123 
0.520785195938258 
0.520756334398156 
0.520727512148817 
0.520698728973203 
0.520669984650530 
0.520641278956562 
0.520612611663911 
0.520583982542329 
0.520555391358997 
0.520526837878820 
0.520498321864710 
0.520469843077874 
0.520441401278096 
0.520412996224017 
0.520384627673415 
0.520356295383473 
0.520327999111060 
0.520299738612993 
0.520271513646302 
0.520243323968496 
0.520215169337816 
0.520187049513491 
0.520158964255993 
0.520130913327276 
0.520102896491027 
0.520074913512896 
0.520046964160740 
0.520019048204843 
0.519991165418154 
0.519963315576494 
0.519935498458787 
0.519907713847263 
0.519879961527669 
0.519852241289472 
0.519824552926055 
0.519796896234912 
0.519769271017838 
0.519741677081104 
0.519714114235644 
0.519686582297222 
0.519659081086603 
0.519631610429710 
0.519604170157784 
0.519576760107537 
0.519549380121289 
0.519522030047118 
0.519494709738987 
0.519467419056876 
0.519440157866901 
0.519412926041434 
0.519385723459212 
0.519358550005440 
0.519331405571895 
0.519304290057012 
0.519277203365972 
0.519250145410786 
0.519223116110366 
0.519196115390588 
0.519169143184363 
0.519142199431684 
0.519115284079676 
0.519088397082639 
0.519061538402084 
0.519034708006761 
0.519007905872680 
0.518981131983129 
0.518954386328680 
0.518927668907199 
0.518900979723830 
0.518874318790998 
0.518847686128380 
0.518821081762890 
0.518794505728643 
0.518767958066921 
0.518741438826129 
0.518714948061744 
0.518688485836259 
0.518662052219123 
0.518635647286669 
0.518609271122036 
0.518582923815092 
0.518556605462345 
0.518530316166847 
0.518504056038093 
0.518477825191919 
0.518451623750384 
0.518425451841659 
0.518399309599897 
0.518373197165106 
0.518347114683017 
0.518321062304940 
0.518295040187620 
0.518269048493086 
0.518243087388500 
0.518217157045989 
0.518191257642487 
0.518165389359563 
0.518139552383245 
0.518113746903846 
0.518087973115779 
0.518062231217373 
0.518036521410683 
0.518010843901294 
0.517985198898130 
0.517959586613252 
0.517934007261651 
0.517908461061049 
0.517882948231691 
0.517857468996129 
0.517832023579016 
0.517806612206887 
0.517781235107946 
0.517755892511847 
0.517730584649476 
0.517705311752727 
0.517680074054289 
0.517654871787415 
0.517629705185705 
0.517604574482883 
0.517579479912572 
0.517554421708074 
0.517529400102145 
0.517504415326776 
0.517479467612968 
0.517454557190513 
0.517429684287779 
0.517404849131486 
0.517380051946491 
0.517355292955575 
0.517330572379227 
0.517305890435438 
0.517281247339485 
0.517256643303729 
0.517232078537411 
0.517207553246450 
0.517183067633239 
0.517158621896461 
0.517134216230885 
0.517109850827185 
0.517085525871748 
0.517061241546498 
0.517036998028714 
0.517012795490852 
0.516988634100385 
0.516964514019625 
0.516940435405566 
0.516916398409729 
0.516892403178000 
0.516868449850490 
0.516844538561384 
0.516820669438803 
0.516796842604671 
0.516773058174583 
0.516749316257680 
0.516725616956527 
0.516701960367001 
0.516678346578180 
0.516654775672237 
0.516631247724339 
0.516607762802555 
0.516584320967767 
0.516560922273586 
0.516537566766269 
0.516514254484652 
0.516490985460080 
0.516467759716341 
0.516444577269617 
0.516421438128421 
0.516398342293565 
0.516375289758104 
0.516352280507310 
0.516329314518643 
0.516306391761716 
0.516283512198286 
0.516260675782235 
0.516237882459559 
0.516215132168366 
0.516192424838879 
0.516169760393435 
0.516147138746504 
0.516124559804700 
0.516102023466801 
0.516079529623777 
0.516057078158820 
0.516034668947374 
0.516012301857179 
0.515989976748313 
0.515967693473238 
0.515945451876852 
0.515923251796548 
0.515901093062269 
0.515878975496577 
0.515856898914715 
0.515834863124684 
0.515812867927311 
0.515790913116332 
0.515768998478473 
0.515747123793532 
0.515725288834467 
0.515703493367488 
0.515681737152149 
0.515660019941443 
0.515638341481902 
0.515616701513696 
0.515595099770737 
0.515573535980783 
0.515552009865545 
0.515530521140797 
0.515509069516487 
0.515487654696844 
0.515466276380499 
0.515444934260595 
0.515423628024902 
0.515402357355940 
0.515381121931092 
0.515359921422722 
0.515338755498302 
0.515317623820521 
0.515296526047417 
0.515275461832492 
0.515254430824830 
0.515233432669229 
0.515212467006312 
0.515191533472653 
0.515170631700900 
0.515149761319890 
0.515128921954776 
0.515108113227145 
0.515087334755136 
0.515066586153561 
0.515045867034020 
0.515025177005024 
0.515004515672110 
0.514983882637951 
0.514963277502480 
0.514942699862995 
0.514922149314281 
0.514901625448712 
0.514881127856365 
0.514860656125135 
0.514840209840832 
0.514819788587294 
0.514799391946491 
0.514779019498628 
0.514758670822248 
0.514738345494328 
0.514718043090384 
0.514697763184566 
0.514677505349753 
0.514657269157648 
0.514637054178870 
0.514616859983046 
0.514596686138898 
0.514576532214336 
0.514556397776536 
0.514536282392032 
0.514516185626794 
0.514496107046310 
0.514476046215664 
0.514456002699618 
0.514435976062685 
0.514415965869199 
0.514395971683395 
0.514375993069477 
0.514356029591685 
0.514336080814363 
0.514316146302031 
0.514296225619439 
0.514276318331640 
0.514256424004044 
0.514236542202479 
0.514216672493253 
0.514196814443204 
0.514176967619760 
0.514157131590990 
0.514137305925656 
0.514117490193264 
0.514097683964112 
0.514077886809339 
0.514058098300969 
0.514038318011956 
0.514018545516229 
0.513998780388733 
0.513979022205465 
0.513959270543522 
0.513939524981131 
0.513919785097687 
0.513900050473794 
0.513880320691290 
0.513860595333285 
0.513840873984193 
0.513821156229759 
0.513801441657090 
0.513781729854682 
0.513762020412450 
0.513742312921746 
0.513722606975392 
0.513702902167698 
0.513683198094485 
0.513663494353106 
0.513643790542470 
0.513624086263053 
0.513604381116926 
0.513584674707761 
0.513564966640856 
0.513545256523147 
0.513525543963218 
0.513505828571321 
0.513486109959382 
0.513466387741016 
0.513446661531534 
0.513426930947957 
0.513407195609020 
0.513387455135181 
0.513367709148628 
0.513347957273283 
0.513328199134812 
0.513308434360624 
0.513288662579875 
0.513268883423474 
0.513249096524080 
0.513229301516109 
0.513209498035728 
0.513189685720858 
0.513169864211174 
0.513150033148099 
0.513130192174806 
0.513110340936213 
0.513090479078975 
0.513070606251489 
0.513050722103879 
0.513030826287996 
0.513010918457410 
0.512990998267403 
0.512971065374962 
0.512951119438770 
0.512931160119199 
0.512911187078301 
0.512891199979796 
0.512871198489065 
0.512851182273139 
0.512831151000685 
0.512811104342001 
0.512791041968998 
0.512770963555193 
0.512750868775695 
0.512730757307188 
0.512710628827928 
0.512690483017722 
0.512670319557915 
0.512650138131382 
0.512629938422508 
0.512609720117179 
0.512589482902765 
0.512569226468106 
0.512548950503500 
0.512528654700688 
0.512508338752838 
0.512488002354533 
0.512467645201757 
0.512447266991876 
0.512426867423634 
0.512406446197130 
0.512386003013807 
0.512365537576439 
0.512345049589119 
0.512324538757245 
0.512304004787507 
0.512283447387875 
0.512262866267586 
0.512242261137134 
0.512221631708257 
0.512200977693930 
0.512180298808348 
0.512159594766924 
0.512138865286276 
0.512118110084215 
0.512097328879745 
0.512076521393051 
0.512055687345491 
0.512034826459591 
0.512013938459044 
0.511993023068701 
0.511972080014569 
0.511951109023808 
0.511930109824731 
0.511909082146800 
0.511888025720629 
0.511866940277982 
0.511845825551781 
0.511824681276099 
0.511803507186176 
0.511782303018416 
0.511761068510394 
0.511739803400870 
0.511718507429789 
0.511697180338297 
0.511675821868751 
0.511654431764729 
0.511633009771046 
0.511611555633769 
0.511590069100233 
0.511568549919059 
0.511546997840170 
0.511525412614817 
0.511503793995596 
0.511482141736474 
0.511460455592814 
0.511438735321398 
0.511416980680457 
0.511395191429704 
0.511373367330356 
0.511351508145173 
0.511329613638489 
0.511307683576248 
0.511285717726041 
0.511263715857143 
0.511241677740556 
0.511219603149045 
0.511197491857188 
0.511175343641414 
0.511153158280053 
0.511130935553382 
0.511108675243677 
0.511086377135259 
0.511064041014550 
0.511041666670129 
0.511019253892778 
0.510996802475550 
0.510974312213823 
0.510951782905355 
