1.000000000000000 
0.050741310332728 
0.050694226530849 
0.050691652632559 
0.050690649504259 
0.050690032273135 
0.050689554299722 
0.050689132030697 
0.050688728471113 
0.050688323941064 
0.050687906323017 
0.050687467134875 
0.050686999722664 
0.050686498339854 
0.050685957636896 
0.050685372355087 
0.050684737127796 
0.050684046340101 
0.050683294020710 
0.050682473751465 
0.050681578585774 
0.050680600970600 
0.050679532668518 
0.050678364677421 
0.050677087146102 
0.050675689284292 
0.050674159266005 
0.050672484125097 
0.050670649642087 
0.050668640221274 
0.050666438757201 
0.050664026489532 
0.050661382845385 
0.050658485268146 
0.050655309031812 
0.050651827039893 
0.050648009607930 
0.050643824228736 
0.050639235319509 
0.050634203950100 
0.050628687551823 
0.050622639606406 
0.050616009314926 
0.050608741246899 
0.050600774970085 
0.050592044662102 
0.050582478705554 
0.050571999269116 
0.050560521877968 
0.050547954977992 
0.050534199499427 
0.050519148427136 
0.050502686386258 
0.050484689253916 
0.050465023809703 
0.050443547439916 
0.050420107912942 
0.050394543245671 
0.050366681683385 
0.050336341818025 
0.050303332871993 
0.050267455176560 
0.050228500875235 
0.050186254883016 
0.050140496131845 
0.050090999130756 
0.050037535865650 
0.049979878058242 
0.049917799796175 
0.049851080536471 
0.049779508472297 
0.049702884232343 
0.049621024902152 
0.049533768249137 
0.049440977130913 
0.049342543961591 
0.049238395126240 
0.049128495212372 
0.049012850915000 
0.048891514464324 
0.048764586423708 
0.048632217711176 
0.048494610710923 
0.048352019362414 
0.048204748143208 
0.048053149896895 
0.047897622497874 
0.047738604388477 
0.047576569068640 
0.047412018661703 
0.047245476719320 
0.047077480461597 
0.046908572673444 
0.046739293493120 
0.046570172333253 
0.046401720167822 
0.046234422401285 
0.046068732509232 
0.045905066605304 
0.045743799048850 
0.045585259164222 
0.045429729098272 
0.045277442800018 
0.045128586067777 
0.044983297576087 
0.044841670768963 
0.044703756487976 
0.044569566193697 
0.044439075636547 
0.044312228837280 
0.044188942246631 
0.044069108966719 
0.043952602931689 
0.043839282960619 
0.043728996610459 
0.043621583770312 
0.043516879950337 
0.043414719229369 
0.043314936835634 
0.043217371345427 
0.043121866495925 
0.043028272620768 
0.042936447730371 
0.042846258272349 
0.042757579619712 
0.042670296343934 
0.042584302335110 
0.042499500830783 
0.042415804408062 
0.042333134980398 
0.042251423822054 
0.042170611621732 
0.042090648544768 
0.042011494263699 
0.041933117902663 
0.041855497834560 
0.041778621272451 
0.041702483608772 
0.041627087476443 
0.041552441532699 
0.041478558996151 
0.041405455996392 
0.041333149819560 
0.041261657149164 
0.041190992407159 
0.041121166294591 
0.041052184615309 
0.040984047442374 
0.040916748658339 
0.040850275871408 
0.040784610682884 
0.040719729259994 
0.040655603153410 
0.040592200290720 
0.040529486074935 
0.040467424519619 
0.040405979357832 
0.040345115069870 
0.040284797783858 
0.040224996013453 
0.040165681208142 
0.040106828103711 
0.040048414873258 
0.039990423091585 
0.039932837537166 
0.039875645864615 
0.039818838185904 
0.039762406599835 
0.039706344706644 
0.039650647138843 
0.039595309131674 
0.039540326148164 
0.039485693565939 
0.039431406426418 
0.039377459242380 
0.039323845856998 
0.039270559346283 
0.039217591956869 
0.039164935071934 
0.039112579199284 
0.039060513976940 
0.039008728192752 
0.038957209815506 
0.038905946035602 
0.038854923313784 
0.038804127436556 
0.038753543576969 
0.038703156359473 
0.038652949927505 
0.038602908012577 
0.038553014003732 
0.038503251016475 
0.038453601960554 
0.038404049606305 
0.038354576649654 
0.038305165776211 
0.038255799725255 
0.038206461354684 
0.038157133708277 
0.038107800086712 
0.038058444123896 
0.038009049870089 
0.037959601883114 
0.037910085328717 
0.037860486090632 
0.037810790890416 
0.037760987416434 
0.037711064460573 
0.037661012060484 
0.037610821644235 
0.037560486173481 
0.037510000280503 
0.037459360393898 
0.037408564847341 
0.037357613965761 
0.037306510123435 
0.037255257769015 
0.037203863413270 
0.037152335576340 
0.037100684692519 
0.037048922972003 
0.036997064220454 
0.036945123618778 
0.036893117466960 
0.036841062897189 
0.036788977562665 
0.036736879309481 
0.036684785839589 
0.036632714373158 
0.036580681318573 
0.036528701957816 
0.036476790154204 
0.036424958088383 
0.036373216027255 
0.036321572129294 
0.036270032288596 
0.036218600019171 
0.036167276380594 
0.036116059946290 
0.036064946816534 
0.036013930679889 
0.035963002929208 
0.035912152841577 
0.035861367835569 
0.035810633823523 
0.035759935680860 
0.035709257857497 
0.035658585156945 
0.035607903704304 
0.035557202112732 
0.035506472836454 
0.035455713665607 
0.035404929275534 
0.035354132695847 
0.035303346523443 
0.035252603682706 
0.035201947549358 
0.035151431308996 
0.035101116512882 
0.035051070904819 
0.035001365699181 
0.034952072567542 
0.034903260624514 
0.034854993688781 
0.034807328039703 
0.034760310807647 
0.034713979045051 
0.034668359442766 
0.034623468595319 
0.034579313685446 
0.034535893450996 
0.034493199309527 
0.034451216539130 
0.034409925440551 
0.034369302430466 
0.034329321036007 
0.034289952775816 
0.034251167923387 
0.034212936155267 
0.034175227090853 
0.034138010732776 
0.034101257817988 
0.034064940089981 
0.034029030502383 
0.033993503363688 
0.033958334432211 
0.033923500969549 
0.033888981760014 
0.033854757102590 
0.033820808781209 
0.033787120018253 
0.033753675415525 
0.033720460886201 
0.033687463580722 
0.033654671809020 
0.033622074961053 
0.033589663427200 
0.033557428519781 
0.033525362396668 
0.033493457987732 
0.033461708924704 
0.033430109474859 
0.033398654478810 
0.033367339292612 
0.033336159734270 
0.033305112034691 
0.033274192793050 
0.033243398936488 
0.033212727684029 
0.033182176514538 
0.033151743138538 
0.033121425473651 
0.033091221623426 
0.033061129859254 
0.033031148605129 
0.033001276424899 
0.032971512011743 
0.032941854179538 
0.032912301855793 
0.032882854075862 
0.032853509978106 
0.032824268799733 
0.032795129873028 
0.032766092621721 
0.032737156557275 
0.032708321274885 
0.032679586449029 
0.032650951828435 
0.032622417230381 
0.032593982534269 
0.032565647674444 
0.032537412632308 
0.032509277427746 
0.032481242109959 
0.032453306747826 
0.032425471419891 
0.032397736204127 
0.032370101167631 
0.032342566356376 
0.032315131785195 
0.032287797428093 
0.032260563209062 
0.032233428993470 
0.032206394580151 
0.032179459694272 
0.032152623981041 
0.032125887000339 
0.032099248222294 
0.032072707023876 
0.032046262686521 
0.032019914394860 
0.031993661236568 
0.031967502203413 
0.031941436193546 
0.031915462015128 
0.031889578391366 
0.031863783967072 
0.031838077316833 
0.031812456954942 
0.031786921347163 
0.031761468924469 
0.031736098098815 
0.031710807280984 
0.031685594900523 
0.031660459427658 
0.031635399397010 
0.031610413432852 
0.031585500275436 
0.031560658807869 
0.031535888082806 
0.031511187348111 
0.031486556070550 
0.031461993956440 
0.031437500968223 
0.031413077335922 
0.031388723562588 
0.031364440423011 
0.031340228955284 
0.031316090445087 
0.031292026402977 
0.031268038535306 
0.031244128709768 
0.031220298916867 
0.031196551228812 
0.031172887757463 
0.031149310612960 
0.031125821864571 
0.031102423505119 
0.031079117420073 
0.031055905362107 
0.031032788931634 
0.031009769563468 
0.030986848519564 
0.030964026887476 
0.030941305584070 
0.030918685363812 
0.030896166830949 
0.030873750454808 
0.030851436587453 
0.030829225482969 
0.030807117317667 
0.030785112210578 
0.030763210243655 
0.030741411481155 
0.030719715987775 
0.030698123845117 
0.030676635166176 
0.030655250107564 
0.030633968879259 
0.030612791751711 
0.030591719060198 
0.030570751206406 
0.030549888657209 
0.030529131940769 
0.030508481640043 
0.030487938383938 
0.030467502836323 
0.030447175683229 
0.030426957618571 
0.030406849328769 
0.030386851476675 
0.030366964685219 
0.030347189521180 
0.030327526479480 
0.030307975968370 
0.030288538295824 
0.030269213657448 
0.030250002126097 
0.030230903643406 
0.030211918013321 
0.030193044897692 
0.030174283813937 
0.030155634134718 
0.030137095089536 
0.030118665768128 
0.030100345125510 
0.030082131988476 
0.030064025063389 
0.030046022945054 
0.030028124126479 
0.030010327009341 
0.029992629914971 
0.029975031095677 
0.029957528746256 
0.029940121015544 
0.029922806017869 
0.029905581844291 
0.029888446573518 
0.029871398282416 
0.029854435056016 
0.029837554996968 
0.029820756234359 
0.029804036931872 
0.029787395295215 
0.029770829578813 
0.029754338091728 
0.029737919202779 
0.029721571344879 
0.029705293018564 
0.029689082794729 
0.029672939316595 
0.029656861300907 
0.029640847538422 
0.029624896893689 
0.029609008304200 
0.029593180778930 
0.029577413396343 
0.029561705301910 
0.029546055705205 
0.029530463876643 
0.029514929143931 
0.029499450888280 
0.029484028540465 
0.029468661576772 
0.029453349514914 
0.029438091909934 
0.029422888350191 
0.029407738453426 
0.029392641862981 
0.029377598244177 
0.029362607280896 
0.029347668672376 
0.029332782130232 
0.029317947375721 
0.029303164137251 
0.029288432148124 
0.029273751144531 
0.029259120863771 
0.029244541042700 
0.029230011416380 
0.029215531716944 
0.029201101672632 
0.029186721007001 
0.029172389438294 
0.029158106678942 
0.029143872435193 
0.029129686406858 
0.029115548287140 
0.029101457762561 
0.029087414512950 
0.029073418211497 
0.029059468524857 
0.029045565113289 
0.029031707630834 
0.029017895725515 
0.029004129039555 
0.028990407209606 
0.028976729866987 
0.028963096637923 
0.028949507143788 
0.028935961001334 
0.028922457822923 
0.028908997216741 
0.028895578787392 
0.028882202134936 
0.028868866856239 
0.028855572544740 
0.028842318790609 
0.028829105180884 
0.028815931299583 
0.028802796727820 
0.028789701043882 
0.028776643823308 
0.028763624638943 
0.028750643060979 
0.028737698656976 
0.028724790991875 
0.028711919627992 
0.028699084124990 
0.028686284039851 
0.028673518926821 
0.028660788337342 
0.028648091819978 
0.028635428920312 
0.028622799180843 
0.028610202140860 
0.028597637336302 
0.028585104299609 
0.028572602559547 
0.028560131641031 
0.028547691064923 
0.028535280347817 
0.028522899001807 
0.028510546534239 
0.028498222447446 
0.028485926238461 
0.028473657398713 
0.028461415413704 
0.028449199762665 
0.028437009918182 
0.028424845345813 
0.028412705503666 
0.028400589841955 
0.028388497802534 
0.028376428818389 
0.028364382313110 
0.028352357700317 
0.028340354383061 
0.028328371753176 
0.028316409190592 
0.028304466062605 
0.028292541723093 
0.028280635511685 
0.028268746752868 
0.028256874755033 
0.028245018809461 
0.028233178189230 
0.028221352148044 
0.028209539918987 
0.028197740713177 
0.028185953718324 
0.028174178097182 
0.028162412985882 
0.028150657492143 
0.028138910693340 
0.028127171634427 
0.028115439325694 
0.028103712740350 
0.028091990811908 
0.028080272431368 
0.028068556444162 
0.028056841646855 
0.028045126783579 
0.028033410542164 
0.028021691549951 
0.028009968369269 
0.027998239492515 
0.027986503336849 
0.027974758238439 
0.027963002446236 
0.027951234115254 
0.027939451299310 
0.027927651943207 
0.027915833874329 
0.027903994793633 
0.027892132266040 
0.027880243710223 
0.027868326387837 
0.027856377392252 
0.027844393636900 
0.027832371843407 
0.027820308529751 
0.027808199998801 
0.027796042327725 
0.027783831358924 
0.027771562693375 
0.027759231687559 
0.027746833455481 
0.027734362877735 
0.027721814620070 
0.027709183164508 
0.027696462856707 
0.027683647973946 
0.027670732818740 
0.027657711843522 
0.027644579811966 
0.027631332001986 
0.027617964454053 
0.027604474265733 
0.027590859929033 
0.027577121701002 
0.027563261990149 
0.027549285732362 
0.027535200721259 
0.027521017851370 
0.027506751230629 
0.027492418123533 
0.027478038699345 
0.027463635580221 
0.027449233209251 
0.027434857083343 
0.027420532915110 
0.027406285797008 
0.027392139437972 
0.027378115528941 
0.027364233272721 
0.027350509090607 
0.027336956497585 
0.027323586122933 
0.027310405844590 
0.027297421003395 
0.027284634665621 
0.027272047907319 
0.027259660100251 
0.027247469185322 
0.027235471924777 
0.027223664128636 
0.027212040853903 
0.027200596577109 
0.027189325341995 
0.027178220884741 
0.027167276739366 
0.027156486325903 
0.027145843023742 
0.027135340232293 
0.027124971420841 
0.027114730169200 
0.027104610200540 
0.027094605407524 
0.027084709872763 
0.027074917884390 
0.027065223947467 
0.027055622791846 
0.027046109376967 
0.027036678894081 
0.027027326766260 
0.027018048646560 
0.027008840414621 
0.026999698171980 
0.026990618236331 
0.026981597134931 
0.026972631597340 
0.026963718547657 
0.026954855096386 
0.026946038532055 
0.026937266312698 
0.026928536057285 
0.026919845537180 
0.026911192667696 
0.026902575499790 
0.026893992211957 
0.026885441102351 
0.026876920581159 
0.026868429163259 
0.026859965461169 
0.026851528178306 
0.026843116102546 
0.026834728100111 
0.026826363109765 
0.026818020137310 
0.026809698250408 
0.026801396573675 
0.026793114284087 
0.026784850606647 
0.026776604810329 
0.026768376204279 
0.026760164134252 
0.026751967979294 
0.026743787148637 
0.026735621078807 
0.026727469230924 
0.026719331088199 
0.026711206153594 
0.026703093947651 
0.026694994006482 
0.026686905879889 
0.026678829129634 
0.026670763327825 
0.026662708055421 
0.026654662900857 
0.026646627458754 
0.026638601328749 
0.026630584114391 
0.026622575422139 
0.026614574860430 
0.026606582038827 
0.026598596567236 
0.026590618055183 
0.026582646111166 
0.026574680342058 
0.026566720352569 
0.026558765744765 
0.026550816117644 
0.026542871066752 
0.026534930183862 
0.026526993056698 
0.026519059268702 
0.026511128398857 
0.026503200021555 
0.026495273706508 
0.026487349018709 
0.026479425518445 
0.026471502761344 
0.026463580298478 
0.026455657676513 
0.026447734437892 
0.026439810121079 
0.026431884260836 
0.026423956388540 
0.026416026032558 
0.026408092718635 
0.026400155970343 
0.026392215309546 
0.026384270256904 
0.026376320332399 
0.026368365055886 
0.026360403947650 
0.026352436528989 
0.026344462322782 
0.026336480854073 
0.026328491650629 
0.026320494243487 
0.026312488167480 
0.026304472961719 
0.026296448170041 
0.026288413341410 
0.026280368030257 
0.026272311796763 
0.026264244207072 
0.026256164833434 
0.026248073254274 
0.026239969054191 
0.026231851823870 
0.026223721159935 
0.026215576664729 
0.026207417946039 
0.026199244616768 
0.026191056294567 
0.026182852601462 
0.026174633163454 
0.026166397610158 
0.026158145574463 
0.026149876692272 
0.026141590602323 
0.026133286946133 
0.026124965368086 
0.026116625515706 
0.026108267040133 
0.026099889596828 
0.026091492846556 
0.026083076456635 
0.026074640102514 
0.026066183469655 
0.026057706255770 
0.026049208173384 
0.026040688952744 
0.026032148345058 
0.026023586126045 
0.026015002099760 
0.026006396102679 
0.025997768007961 
0.025989117729863 
0.025980445228219 
0.025971750512908 
0.025963033648236 
0.025954294757134 
0.025945534025075 
0.025936751703619 
0.025927948113492 
0.025919123647101 
0.025910278770405 
0.025901414024073 
0.025892530023857 
0.025883627460150 
0.025874707096689 
0.025865769768408 
0.025856816378444 
0.025847847894336 
0.025838865343472 
0.025829869807850 
0.025820862418247 
0.025811844347891 
0.025802816805755 
0.025793781029576 
0.025784738278739 
0.025775689827119 
0.025766636956019 
0.025757580947290 
0.025748523076738 
0.025739464607897 
0.025730406786244 
0.025721350833897 
0.025712297944850 
0.025703249280762 
0.025694205967317 
0.025685169091148 
0.025676139697327 
0.025667118787383 
0.025658107317835 
0.025649106199202 
0.025640116295446 
0.025631138423811 
0.025622173355024 
0.025613221813797 
0.025604284479600 
0.025595361987672 
0.025586454930201 
0.025577563857680 
0.025568689280365 
0.025559831669836 
0.025550991460612 
0.025542169051809 
0.025533364808817 
0.025524579064978 
0.025515812123245 
0.025507064257820 
0.025498335715751 
0.025489626718483 
0.025480937463362 
0.025472268125072 
0.025463618857022 
0.025454989792667 
0.025446381046761 
0.025437792716555 
0.025429224882921 
0.025420677611424 
0.025412150953325 
0.025403644946528 
0.025395159616469 
0.025386694976954 
0.025378251030939 
0.025369827771261 
0.025361425181327 
0.025353043235751 
0.025344681900954 
0.025336341135722 
0.025328020891728 
0.025319721114015 
0.025311441741451 
0.025303182707149 
0.025294943938866 
0.025286725359362 
0.025278526886744 
0.025270348434789 
0.025262189913231 
0.025254051228046 
0.025245932281703 
0.025237832973407 
0.025229753199320 
0.025221692852768 
0.025213651824441 
0.025205630002566 
0.025197627273077 
0.025189643519778 
0.025181678624481 
0.025173732467148 
0.025165804926014 
0.025157895877711 
0.025150005197375 
0.025142132758748 
0.025134278434278 
0.025126442095208 
0.025118623611658 
0.025110822852704 
0.025103039686453 
0.025095273980107 
0.025087525600033 
0.025079794411816 
0.025072080280318 
0.025064383069732 
0.025056702643622 
0.025049038864980 
0.025041391596259 
0.025033760699415 
0.025026146035948 
0.025018547466929 
0.025010964853039 
0.025003398054596 
0.024995846931585 
0.024988311343680 
0.024980791150276 
0.024973286210506 
0.024965796383263 
0.024958321527225 
0.024950861500872 
0.024943416162499 
0.024935985370239 
0.024928568982077 
0.024921166855861 
0.024913778849322 
0.024906404820083 
0.024899044625669 
0.024891698123525 
0.024884365171020 
0.024877045625459 
0.024869739344096 
0.024862446184136 
0.024855166002750 
0.024847898657075 
0.024840644004228 
0.024833401901310 
0.024826172205407 
0.024818954773605 
0.024811749462985 
0.024804556130634 
0.024797374633648 
0.024790204829132 
0.024783046574205 
0.024775899726004 
0.024768764141684 
0.024761639678420 
0.024754526193407 
0.024747423543861 
0.024740331587022 
0.024733250180147 
0.024726179180513 
0.024719118445415 
0.024712067832163 
0.024705027198077 
0.024697996400488 
0.024690975296728 
0.024683963744130 
0.024676961600019 
0.024669968721707 
0.024662984966484 
0.024656010191613 
0.024649044254321 
0.024642087011784 
0.024635138321122 
0.024628198039388 
0.024621266023551 
0.024614342130484 
0.024607426216954 
0.024600518139600 
0.024593617754921 
0.024586724919256 
0.024579839488766 
0.024572961319413 
0.024566090266940 
0.024559226186846 
0.024552368934363 
0.024545518364432 
0.024538674331672 
0.024531836690355 
0.024525005294374 
0.024518179997211 
0.024511360651903 
0.024504547111008 
0.024497739226568 
0.024490936850067 
0.024484139832389 
0.024477348023782 
0.024470561273805 
0.024463779431281 
0.024457002344252 
0.024450229859922 
0.024443461824602 
0.024436698083657 
0.024429938481440 
0.024423182861235 
0.024416431065187 
0.024409682934233 
0.024402938308036 
0.024396197024903 
0.024389458921714 
0.024382723833833 
0.024375991595030 
0.024369262037389 
0.024362534991217 
0.024355810284950 
0.024349087745050 
0.024342367195902 
0.024335648459713 
0.024328931356390 
0.024322215703432 
0.024315501315808 
0.024308788005833 
0.024302075583035 
0.024295363854029 
0.024288652622376 
0.024281941688438 
0.024275230849238 
0.024268519898305 
0.024261808625517 
0.024255096816950 
0.024248384254705 
0.024241670716746 
0.024234955976731 
0.024228239803830 
0.024221521962557 
0.024214802212584 
0.024208080308561 
0.024201355999932 
0.024194629030750 
0.024187899139493 
0.024181166058879 
0.024174429515683 
0.024167689230558 
0.024160944917857 
0.024154196285465 
0.024147443034634 
0.024140684859827 
0.024133921448575 
0.024127152481343 
0.024120377631415 
0.024113596564795 
0.024106808940125 
0.024100014408635 
0.024093212614110 
0.024086403192893 
0.024079585773919 
0.024072759978795 
0.024065925421908 
0.024059081710593 
0.024052228445349 
0.024045365220106 
0.024038491622559 
0.024031607234569 
0.024024711632631 
0.024017804388424 
0.024010885069437 
0.024003953239685 
0.023997008460516 
0.023990050291508 
0.023983078291471 
0.023976092019540 
0.023969091036380 
0.023962074905488 
0.023955043194594 
0.023947995477169 
0.023940931334027 
0.023933850355012 
0.023926752140781 
0.023919636304650 
0.023912502474507 
0.023905350294779 
0.023898179428432 
0.023890989558979 
0.023883780392499 
0.023876551659625 
0.023869303117479 
0.023862034551548 
0.023854745777453 
0.023847436642598 
0.023840107027673 
0.023832756847983 
0.023825386054577 
0.023817994635160 
0.023810582614764 
0.023803150056165 
0.023795697060027 
0.023788223764767 
0.023780730346135 
0.023773217016506 
0.023765684023891 
0.023758131650672 
0.023750560212070 
0.023742970054382 
0.023735361552970 
0.023727735110075 
0.023720091152443 
0.023712430128808 
0.023704752507273 
0.023697058772596 
0.023689349423444 
0.023681624969617 
0.023673885929292 
0.023666132826310 
0.023658366187534 
0.023650586540288 
0.023642794409932 
0.023634990317543 
0.023627174777765 
0.023619348296801 
0.023611511370583 
0.023603664483098 
0.023595808104908 
0.023587942691823 
0.023580068683753 
0.023572186503733 
0.023564296557091 
0.023556399230780 
0.023548494892849 
0.023540583892042 
0.023532666557528 
0.023524743198731 
0.023516814105270 
0.023508879546985 
0.023500939774039 
0.023492995017093 
0.023485045487538 
0.023477091377778 
0.023469132861546 
0.023461170094268 
0.023453203213433 
0.023445232339000 
0.023437257573799 
0.023429279003956 
0.023421296699301 
0.023413310713791 
0.023405321085910 
0.023397327839071 
0.023389330981994 
0.023381330509076 
0.023373326400736 
0.023365318623746 
0.023357307131536 
0.023349291864474 
0.023341272750128 
0.023333249703497 
0.023325222627218 
0.023317191411752 
0.023309155935529 
0.023301116065084 
0.023293071655153 
0.023285022548747 
0.023276968577196 
0.023268909560168 
0.023260845305663 
0.023252775609971 
0.023244700257618 
0.023236619021271 
0.023228531661628 
0.023220437927274 
0.023212337554520 
0.023204230267216 
0.023196115776534 
0.023187993780736 
0.023179863964921 
0.023171726000742 
0.023163579546122 
0.023155424244931 
0.023147259726670 
0.023139085606125 
0.023130901483023 
0.023122706941675 
0.023114501550614 
0.023106284862246 
0.023098056412488 
0.023089815720436 
0.023081562288034 
0.023073295599778 
0.023065015122444 
0.023056720304859 
0.023048410577719 
0.023040085353467 
0.023031744026236 
0.023023385971882 
0.023015010548097 
0.023006617094644 
0.022998204933696 
0.022989773370320 
0.022981321693101 
0.022972849174930 
0.022964355073963 
0.022955838634760 
0.022947299089619 
0.022938735660108 
0.022930147558793 
0.022921533991170 
0.022912894157781 
0.022904227256513 
0.022895532485047 
0.022886809043435 
0.022878056136771 
0.022869272977893 
0.022860458790076 
0.022851612809637 
0.022842734288383 
0.022833822495807 
0.022824876720952 
0.022815896273830 
0.022806880486313 
0.022797828712370 
0.022788740327575 
0.022779614727773 
0.022770451326833 
0.022761249553404 
0.022752008846631 
0.022742728650779 
0.022733408408758 
0.022724047554552 
0.022714645504567 
0.022705201647968 
0.022695715336059 
0.022686185870808 
0.022676612492634 
0.022666994367598 
0.022657330574149 
0.022647620089640 
0.022637861776819 
0.022628054370586 
0.022618196465352 
0.022608286503404 
0.022598322764828 
0.022588303359649 
0.022578226223058 
0.022568089114835 
0.022557889624367 
0.022547625183026 
0.022537293086083 
0.022526890526779 
0.022516414645624 
0.022505862598364 
0.022495231646256 
0.022484519272093 
0.022473723324734 
0.022462842193288 
0.022451875009462 
0.022440821872629 
0.022429684086936 
0.022418464393687 
0.022407167176047 
0.022395798608415 
0.022384366721237 
0.022372881355433 
0.022361353989876 
0.022349797440066 
0.022338225443969 
0.022326652168185 
0.022315091680034 
0.022303557435631 
0.022292061829619 
0.022280615840407 
0.022269228788880 
0.022257908212363 
0.022246659842492 
0.022235487667056 
0.022224394052382 
0.022213379903267 
0.022202444840757 
0.022191587382543 
0.022180805115530 
0.022170094854392 
0.022159452783328 
0.022148874580793 
0.022138355528672 
0.022127890608449 
0.022117474587490 
0.022107102098837 
0.022096767717920 
0.022086466039490 
0.022076191757795 
0.022065939752611 
0.022055705183118 
0.022045483590752 
0.022035271010941 
0.022025064092055 
0.022014860217995 
0.022004657628599 
0.021994455529858 
0.021984254183952 
0.021974054968044 
0.021963860390886 
0.021953674058194 
0.021943500581470 
0.021933345430275 
0.021923214734252 
0.021913115047240 
0.021903053090620 
0.021893035495495 
0.021883068562975 
0.021873158058841 
0.021863309054008 
0.021853525816314 
0.021843811753596 
0.021834169403331 
0.021824600461003 
0.021815105837815 
0.021805685738171 
0.021796339748197 
0.021787066928028 
0.021777865902265 
0.021768734944685 
0.021759672054761 
0.021750675024736 
0.021741741496910 
0.021732869011431 
0.021724055045271 
0.021715297043321 
0.021706592442583 
0.021697938690511 
0.021689333258428 
0.021680773650900 
0.021672257411838 
0.021663782127985 
0.021655345430338 
0.021646944993985 
0.021638578536707 
0.021630243816673 
0.021621938629453 
0.021613660804536 
0.021605408201500 
0.021597178705931 
0.021588970225183 
0.021580780684001 
0.021572608020074 
0.021564450179510 
0.021556305112246 
0.021548170767392 
0.021540045088498 
0.021531926008717 
0.021523811445853 
0.021515699297272 
0.021507587434641 
0.021499473698477 
0.021491355892473 
0.021483231777586 
0.021475099065851 
0.021466955413913 
0.021458798416262 
0.021450625598149 
0.021442434408217 
0.021434222210828 
0.021425986278153 
0.021417723782071 
0.021409431785961 
0.021401107236539 
0.021392746955910 
0.021384347634096 
0.021375905822377 
0.021367417927894 
0.021358880210102 
0.021350288779810 
0.021341639601776 
0.021332928502030 
0.021324151181411 
0.021315303237095 
0.021306380194235 
0.021297377550198 
0.021288290834170 
0.021279115685152 
0.021269847951403 
0.021260483814163 
0.021251019937842 
0.021241453647598 
0.021231783133249 
0.021222007675590 
0.021212127887462 
0.021202145957457 
0.021192065879422 
0.021181893646638 
0.021171637386694 
0.021161307412848 
0.021150916170964 
0.021140478068493 
0.021130009183053 
0.021119526861550 
0.021109049234321 
0.021098594679753 
0.021088181281075 
0.021077826317174 
0.021067545823559 
0.021057354249299 
0.021047264223260 
0.021037286430555 
0.021027429589811 
0.021017700514717 
0.021008104239722 
0.020998644189158 
0.020989322370802 
0.020980139578005 
0.020971095588169 
0.020962189349005 
0.020953419147242 
0.020944782757034 
0.020936277567340 
0.020927900688880 
0.020919649042178 
0.020911519428681 
0.020903508587132 
0.020895613237398 
0.020887830113824 
0.020880155989989 
0.020872587696527 
0.020865122133439 
0.020857756278095 
0.020850487189929 
0.020843312012646 
0.020836227974592 
0.020829232387825 
0.020822322646281 
0.020815496223369 
0.020808750669221 
0.020802083607792 
0.020795492733935 
0.020788975810529 
0.020782530665745 
0.020776155190473 
0.020769847335932 
0.020763605111476 
0.020757426582588 
0.020751309869057 
0.020745253143328 
0.020739254629006 
0.020733312599494 
0.020727425376757 
0.020721591330191 
0.020715808875577 
0.020710076474116 
0.020704392631516 
0.020698755897138 
0.020693164863168 
0.020687618163832 
0.020682114474621 
0.020676652511533 
0.020671231030330 
0.020665848825787 
0.020660504730957 
0.020655197616421 
0.020649926389541 
0.020644689993708 
0.020639487407578 
0.020634317644314 
0.020629179750806 
0.020624072806899 
0.020618995924608 
0.020613948247330 
0.020608928949058 
0.020603937233585 
0.020598972333710 
0.020594033510448 
0.020589120052239 
0.020584231274156 
0.020579366517123 
0.020574525147135 
0.020569706554486 
0.020564910153006 
0.020560135379299 
0.020555381692002 
0.020550648571045 
0.020545935516928 
0.020541242050010 
0.020536567709803 
0.020531912054295 
0.020527274659268 
0.020522655117646 
0.020518053038852 
0.020513468048178 
0.020508899786173 
0.020504347908048 
0.020499812083093 
0.020495291994117 
0.020490787336893 
0.020486297819631 
0.020481823162457 
0.020477363096918 
0.020472917365492 
0.020468485721122 
0.020464067926761 
0.020459663754937 
0.020455272987327 
0.020450895414350 
0.020446530834775 
0.020442179055340 
0.020437839890391 
0.020433513161524 
0.020429198697257 
0.020424896332697 
0.020420605909234 
0.020416327274238 
0.020412060280777 
0.020407804787336 
0.020403560657559 
0.020399327759991 
0.020395105967842 
0.020390895158751 
0.020386695214568 
0.020382506021141 
0.020378327468115 
0.020374159448738 
0.020370001859678 
0.020365854600847 
0.020361717575236 
0.020357590688750 
0.020353473850063 
0.020349366970467 
0.020345269963742 
0.020341182746016 
0.020337105235647 
0.020333037353104 
0.020328979020855 
0.020324930163256 
0.020320890706457 
0.020316860578300 
0.020312839708234 
0.020308828027221 
0.020304825467666 
0.020300831963327 
0.020296847449253 
0.020292871861710 
0.020288905138114 
0.020284947216977 
0.020280998037839 
0.020277057541224 
0.020273125668580 
0.020269202362236 
0.020265287565351 
0.020261381221879 
0.020257483276521 
0.020253593674690 
0.020249712362478 
0.020245839286619 
0.020241974394460 
0.020238117633930 
0.020234268953515 
0.020230428302231 
0.020226595629600 
0.020222770885628 
0.020218954020785 
0.020215144985988 
0.020211343732576 
0.020207550212300 
0.020203764377307 
0.020199986180122 
0.020196215573639 
0.020192452511105 
0.020188696946113 
0.020184948832588 
0.020181208124780 
0.020177474777255 
0.020173748744885 
0.020170029982845 
0.020166318446600 
0.020162614091907 
0.020158916874804 
0.020155226751607 
0.020151543678904 
0.020147867613555 
0.020144198512685 
0.020140536333684 
0.020136881034200 
0.020133232572140 
0.020129590905669 
0.020125955993206 
0.020122327793422 
0.020118706265242 
0.020115091367841 
0.020111483060645 
0.020107881303329 
0.020104286055820 
0.020100697278291 
0.020097114931168 
0.020093538975124 
0.020089969371083 
0.020086406080217 
0.020082849063950 
0.020079298283956 
0.020075753702162 
0.020072215280743 
0.020068682982130 
0.020065156769006 
0.020061636604307 
0.020058122451223 
0.020054614273202 
0.020051112033945 
0.020047615697411 
0.020044125227815 
0.020040640589631 
0.020037161747593 
0.020033688666691 
0.020030221312179 
0.020026759649570 
0.020023303644637 
0.020019853263416 
0.020016408472207 
0.020012969237569 
0.020009535526329 
0.020006107305576 
0.020002684542661 
0.019999267205201 
0.019995855261080 
0.019992448678445 
0.019989047425707 
0.019985651471545 
0.019982260784902 
0.019978875334986 
0.019975495091272 
0.019972120023499 
0.019968750101673 
0.019965385296064 
0.019962025577206 
0.019958670915899 
0.019955321283208 
0.019951976650461 
0.019948636989250 
0.019945302271430 
0.019941972469117 
0.019938647554693 
0.019935327500797 
0.019932012280332 
0.019928701866461 
0.019925396232605 
0.019922095352443 
0.019918799199914 
0.019915507749213 
0.019912220974791 
0.019908938851354 
0.019905661353862 
0.019902388457528 
0.019899120137818 
0.019895856370448 
0.019892597131383 
0.019889342396840 
0.019886092143279 
0.019882846347410 
0.019879604986186 
0.019876368036803 
0.019873135476703 
0.019869907283565 
0.019866683435310 
0.019863463910096 
0.019860248686320 
0.019857037742612 
0.019853831057838 
0.019850628611095 
0.019847430381712 
0.019844236349248 
0.019841046493489 
0.019837860794448 
0.019834679232363 
0.019831501787694 
0.019828328441126 
0.019825159173561 
0.019821993966121 
0.019818832800144 
0.019815675657184 
0.019812522519009 
0.019809373367599 
0.019806228185142 
0.019803086954038 
0.019799949656891 
0.019796816276513 
0.019793686795918 
0.019790561198321 
0.019787439467139 
0.019784321585988 
0.019781207538677 
0.019778097309215 
0.019774990881802 
0.019771888240828 
0.019768789370876 
0.019765694256715 
0.019762602883303 
0.019759515235779 
0.019756431299469 
0.019753351059878 
0.019750274502693 
0.019747201613775 
0.019744132379166 
0.019741066785079 
0.019738004817902 
0.019734946464193 
0.019731891710681 
0.019728840544262 
0.019725792951998 
0.019722748921115 
0.019719708439003 
0.019716671493214 
0.019713638071457 
0.019710608161602 
0.019707581751672 
0.019704558829847 
0.019701539384460 
0.019698523403994 
0.019695510877084 
0.019692501792511 
0.019689496139203 
0.019686493906235 
0.019683495082823 
0.019680499658326 
0.019677507622245 
0.019674518964216 
0.019671533674016 
0.019668551741556 
0.019665573156881 
0.019662597910168 
0.019659625991729 
0.019656657392000 
0.019653692101549 
0.019650730111071 
0.019647771411384 
0.019644815993430 
0.019641863848276 
0.019638914967106 
0.019635969341226 
0.019633026962060 
0.019630087821147 
0.019627151910142 
0.019624219220815 
0.019621289745046 
0.019618363474828 
0.019615440402261 
0.019612520519557 
0.019609603819032 
0.019606690293108 
0.019603779934312 
0.019600872735273 
0.019597968688723 
0.019595067787492 
0.019592170024511 
0.019589275392806 
0.019586383885503 
0.019583495495820 
0.019580610217069 
0.019577728042657 
0.019574848966079 
0.019571972980922 
0.019569100080862 
0.019566230259661 
0.019563363511169 
0.019560499829319 
0.019557639208130 
0.019554781641702 
0.019551927124218 
0.019549075649939 
0.019546227213210 
0.019543381808447 
0.019540539430149 
0.019537700072887 
0.019534863731308 
0.019532030400132 
0.019529200074150 
0.019526372748227 
0.019523548417296 
0.019520727076359 
0.019517908720486 
0.019515093344814 
0.019512280944545 
0.019509471514947 
0.019506665051348 
0.019503861549143 
0.019501061003785 
0.019498263410788 
0.019495468765727 
0.019492677064233 
0.019489888301995 
0.019487102474759 
0.019484319578323 
0.019481539608543 
0.019478762561327 
0.019475988432634 
0.019473217218474 
0.019470448914910 
0.019467683518050 
0.019464921024052 
0.019462161429124 
0.019459404729516 
0.019456650921525 
0.019453900001492 
0.019451151965804 
0.019448406810887 
0.019445664533211 
0.019442925129284 
0.019440188595656 
0.019437454928917 
0.019434724125691 
0.019431996182642 
0.019429271096470 
0.019426548863909 
0.019423829481728 
0.019421112946730 
0.019418399255751 
0.019415688405657 
0.019412980393346 
0.019410275215748 
0.019407572869818 
0.019404873352543 
0.019402176660937 
0.019399482792041 
0.019396791742919 
0.019394103510664 
0.019391418092392 
0.019388735485242 
0.019386055686377 
0.019383378692980 
0.019380704502258 
0.019378033111437 
0.019375364517761 
0.019372698718496 
0.019370035710925 
0.019367375492347 
0.019364718060081 
0.019362063411459 
0.019359411543829 
0.019356762454554 
0.019354116141011 
0.019351472600589 
0.019348831830691 
0.019346193828730 
0.019343558592132 
0.019340926118332 
0.019338296404774 
0.019335669448912 
0.019333045248210 
0.019330423800136 
0.019327805102169 
0.019325189151791 
0.019322575946491 
0.019319965483764 
0.019317357761108 
0.019314752776027 
0.019312150526026 
0.019309551008614 
0.019306954221302 
0.019304360161601 
0.019301768827025 
0.019299180215088 
0.019296594323302 
0.019294011149179 
0.019291430690232 
0.019288852943967 
0.019286277907894 
0.019283705579514 
0.019281135956327 
0.019278569035831 
0.019276004815515 
0.019273443292867 
0.019270884465366 
0.019268328330488 
0.019265774885700 
0.019263224128463 
0.019260676056230 
0.019258130666446 
0.019255587956549 
0.019253047923966 
0.019250510566115 
0.019247975880405 
0.019245443864234 
0.019242914514990 
0.019240387830047 
0.019237863806773 
0.019235342442518 
0.019232823734624 
0.019230307680418 
0.019227794277215 
0.019225283522315 
0.019222775413005 
0.019220269946558 
0.019217767120231 
0.019215266931268 
0.019212769376896 
0.019210274454327 
0.019207782160756 
0.019205292493363 
0.019202805449310 
0.019200321025743 
0.019197839219790 
0.019195360028562 
0.019192883449151 
0.019190409478631 
0.019187938114058 
0.019185469352470 
0.019183003190884 
0.019180539626299 
0.019178078655693 
0.019175620276027 
0.019173164484238 
0.019170711277247 
0.019168260651950 
0.019165812605225 
0.019163367133929 
0.019160924234897 
0.019158483904942 
0.019156046140857 
0.019153610939412 
0.019151178297355 
0.019148748211413 
0.019146320678288 
0.019143895694663 
0.019141473257196 
0.019139053362523 
0.019136636007256 
0.019134221187986 
0.019131808901277 
0.019129399143674 
0.019126991911696 
0.019124587201838 
0.019122185010573 
0.019119785334349 
0.019117388169590 
0.019114993512696 
0.019112601360043 
0.019110211707984 
0.019107824552845 
0.019105439890931 
0.019103057718519 
0.019100678031864 
0.019098300827195 
0.019095926100718 
0.019093553848614 
0.019091184067038 
0.019088816752121 
0.019086451899970 
0.019084089506666 
0.019081729568266 
0.019079372080803 
0.019077017040284 
0.019074664442690 
0.019072314283981 
0.019069966560090 
0.019067621266923 
0.019065278400367 
0.019062937956278 
0.019060599930491 
0.019058264318817 
0.019055931117040 
0.019053600320921 
0.019051271926195 
0.019048945928575 
0.019046622323747 
0.019044301107375 
0.019041982275098 
0.019039665822530 
0.019037351745262 
0.019035040038859 
0.019032730698866 
0.019030423720799 
0.019028119100156 
0.019025816832407 
0.019023516913000 
0.019021219337360 
0.019018924100888 
0.019016631198963 
0.019014340626939 
0.019012052380148 
0.019009766453900 
0.019007482843482 
0.019005201544158 
0.019002922551169 
0.019000645859736 
0.018998371465054 
0.018996099362301 
0.018993829546630 
0.018991562013172 
0.018989296757039 
0.018987033773320 
0.018984773057083 
0.018982514603374 
0.018980258407221 
0.018978004463629 
0.018975752767584 
0.018973503314050 
0.018971256097972 
0.018969011114276 
0.018966768357866 
0.018964527823630 
0.018962289506432 
0.018960053401122 
0.018957819502526 
0.018955587805456 
0.018953358304701 
0.018951130995036 
0.018948905871216 
0.018946682927976 
0.018944462160037 
0.018942243562102 
0.018940027128853 
0.018937812854960 
0.018935600735073 
0.018933390763826 
0.018931182935838 
0.018928977245711 
0.018926773688031 
0.018924572257367 
0.018922372948277 
0.018920175755298 
0.018917980672958 
0.018915787695764 
0.018913596818215 
0.018911408034791 
0.018909221339959 
0.018907036728174 
0.018904854193877 
0.018902673731494 
0.018900495335440 
0.018898319000116 
0.018896144719911 
0.018893972489203 
0.018891802302356 
0.018889634153722 
0.018887468037644 
0.018885303948451 
0.018883141880464 
0.018880981827990 
0.018878823785327 
0.018876667746764 
0.018874513706579 
0.018872361659040 
0.018870211598405 
0.018868063518924 
0.018865917414837 
0.018863773280377 
0.018861631109767 
0.018859490897222 
0.018857352636950 
0.018855216323150 
0.018853081950015 
0.018850949511729 
0.018848819002472 
0.018846690416415 
0.018844563747723 
0.018842438990555 
0.018840316139066 
0.018838195187401 
0.018836076129704 
0.018833958960113 
0.018831843672759 
0.018829730261770 
0.018827618721271 
0.018825509045380 
0.018823401228213 
0.018821295263882 
0.018819191146496 
0.018817088870160 
0.018814988428978 
0.018812889817050 
0.018810793028474 
0.018808698057345 
0.018806604897758 
0.018804513543806 
0.018802423989578 
0.018800336229167 
0.018798250256660 
0.018796166066147 
0.018794083651716 
0.018792003007455 
0.018789924127452 
0.018787847005796 
0.018785771636575 
0.018783698013882 
0.018781626131806 
0.018779555984440 
0.018777487565877 
0.018775420870214 
0.018773355891549 
0.018771292623981 
0.018769231061613 
0.018767171198549 
0.018765113028899 
0.018763056546772 
0.018761001746284 
0.018758948621552 
0.018756897166698 
0.018754847375848 
0.018752799243133 
0.018750752762685 
0.018748707928646 
0.018746664735157 
0.018744623176369 
0.018742583246436 
0.018740544939517 
0.018738508249778 
0.018736473171390 
0.018734439698530 
0.018732407825383 
0.018730377546138 
0.018728348854992 
0.018726321746149 
0.018724296213819 
0.018722272252221 
0.018720249855580 
0.018718229018129 
0.018716209734110 
0.018714191997770 
0.018712175803368 
0.018710161145168 
0.018708148017444 
0.018706136414481 
0.018704126330568 
0.018702117760007 
0.018700110697107 
0.018698105136189 
0.018696101071580 
0.018694098497621 
0.018692097408659 
0.018690097799052 
0.018688099663171 
0.018686102995394 
0.018684107790111 
0.018682114041723 
0.018680121744641 
0.018678130893287 
0.018676141482096 
0.018674153505512 
0.018672166957991 
0.018670181834001 
0.018668198128022 
0.018666215834546 
0.018664234948076 
0.018662255463128 
0.018660277374230 
0.018658300675922 
0.018656325362757 
0.018654351429302 
0.018652378870133 
0.018650407679844 
0.018648437853038 
0.018646469384333 
0.018644502268359 
0.018642536499762 
0.018640572073198 
0.018638608983341 
0.018636647224873 
0.018634686792496 
0.018632727680922 
0.018630769884878 
0.018628813399105 
0.018626858218360 
0.018624904337412 
0.018622951751045 
0.018621000454060 
0.018619050441269 
0.018617101707501 
0.018615154247599 
0.018613208056423 
0.018611263128846 
0.018609319459755 
0.018607377044056 
0.018605435876666 
0.018603495952521 
0.018601557266571 
0.018599619813780 
0.018597683589131 
0.018595748587619 
0.018593814804259 
0.018591882234077 
0.018589950872119 
0.018588020713445 
0.018586091753131 
0.018584163986269 
0.018582237407969 
0.018580312013356 
0.018578387797570 
0.018576464755769 
0.018574542883128 
0.018572622174836 
0.018570702626101 
0.018568784232146 
0.018566866988212 
0.018564950889555 
0.018563035931450 
0.018561122109186 
0.018559209418070 
0.018557297853428 
0.018555387410599 
0.018553478084942 
0.018551569871832 
0.018549662766661 
0.018547756764837 
0.018545851861787 
0.018543948052954 
0.018542045333799 
0.018540143699799 
0.018538243146448 
0.018536343669260 
0.018534445263763 
0.018532547925504 
0.018530651650046 
0.018528756432973 
0.018526862269881 
0.018524969156387 
0.018523077088124 
0.018521186060744 
0.018519296069916 
0.018517407111323 
0.018515519180671 
0.018513632273679 
0.018511746386087 
0.018509861513649 
0.018507977652139 
0.018506094797348 
0.018504212945085 
0.018502332091175 
0.018500452231462 
0.018498573361807 
0.018496695478088 
0.018494818576201 
0.018492942652061 
0.018491067701598 
0.018489193720761 
0.018487320705516 
0.018485448651848 
0.018483577555758 
0.018481707413264 
0.018479838220404 
0.018477969973230 
0.018476102667816 
0.018474236300249 
0.018472370866636 
0.018470506363101 
0.018468642785786 
0.018466780130850 
0.018464918394469 
0.018463057572836 
0.018461197662163 
0.018459338658679 
0.018457480558629 
0.018455623358277 
0.018453767053903 
0.018451911641806 
0.018450057118301 
0.018448203479720 
0.018446350722413 
0.018444498842748 
0.018442647837108 
0.018440797701895 
0.018438948433528 
0.018437100028442 
0.018435252483091 
0.018433405793944 
0.018431559957488 
0.018429714970228 
0.018427870828684 
0.018426027529394 
0.018424185068914 
0.018422343443815 
0.018420502650685 
0.018418662686131 
0.018416823546775 
0.018414985229256 
0.018413147730230 
0.018411311046369 
0.018409475174363 
0.018407640110917 
0.018405805852755 
0.018403972396614 
0.018402139739252 
0.018400307877438 
0.018398476807964 
0.018396646527632 
0.018394817033265 
0.018392988321701 
0.018391160389792 
0.018389333234409 
0.018387506852440 
0.018385681240785 
0.018383856396364 
0.018382032316111 
0.018380208996978 
0.018378386435931 
0.018376564629953 
0.018374743576043 
0.018372923271214 
0.018371103712498 
0.018369284896940 
0.018367466821602 
0.018365649483562 
0.018363832879913 
0.018362017007764 
0.018360201864238 
0.018358387446477 
0.018356573751634 
0.018354760776881 
0.018352948519403 
0.018351136976402 
0.018349326145094 
0.018347516022712 
0.018345706606501 
0.018343897893725 
0.018342089881659 
0.018340282567597 
0.018338475948844 
0.018336670022724 
0.018334864786573 
0.018333060237742 
0.018331256373598 
0.018329453191522 
0.018327650688909 
0.018325848863170 
0.018324047711730 
0.018322247232029 
0.018320447421519 
0.018318648277670 
0.018316849797963 
0.018315051979896 
0.018313254820979 
0.018311458318738 
0.018309662470712 
0.018307867274455 
0.018306072727534 
0.018304278827531 
0.018302485572040 
0.018300692958672 
0.018298900985048 
0.018297109648807 
0.018295318947598 
0.018293528879085 
0.018291739440947 
0.018289950630874 
0.018288162446571 
0.018286374885756 
0.018284587946162 
0.018282801625532 
0.018281015921624 
0.018279230832211 
0.018277446355077 
0.018275662488018 
0.018273879228846 
0.018272096575385 
0.018270314525471 
0.018268533076952 
0.018266752227693 
0.018264971975567 
0.018263192318462 
0.018261413254279 
0.018259634780931 
0.018257856896343 
0.018256079598453 
0.018254302885212 
0.018252526754582 
0.018250751204539 
0.018248976233071 
0.018247201838176 
0.018245428017868 
0.018243654770169 
0.018241882093115 
0.018240109984755 
0.018238338443149 
0.018236567466368 
0.018234797052497 
0.018233027199630 
0.018231257905875 
0.018229489169350 
0.018227720988187 
0.018225953360526 
0.018224186284522 
0.018222419758339 
0.018220653780155 
0.018218888348156 
0.018217123460541 
0.018215359115521 
0.018213595311317 
0.018211832046162 
0.018210069318299 
0.018208307125982 
0.018206545467478 
0.018204784341063 
0.018203023745024 
0.018201263677658 
0.018199504137276 
0.018197745122196 
0.018195986630749 
0.018194228661276 
0.018192471212127 
0.018190714281664 
0.018188957868260 
0.018187201970297 
0.018185446586168 
0.018183691714276 
0.018181937353034 
0.018180183500866 
0.018178430156205 
0.018176677317495 
0.018174924983190 
0.018173173151753 
0.018171421821657 
0.018169670991386 
0.018167920659433 
0.018166170824301 
0.018164421484502 
0.018162672638558 
0.018160924285000 
0.018159176422371 
0.018157429049221 
0.018155682164110 
0.018153935765607 
0.018152189852291 
0.018150444422750 
0.018148699475581 
0.018146955009392 
0.018145211022797 
0.018143467514421 
0.018141724482897 
0.018139981926868 
0.018138239844987 
0.018136498235912 
0.018134757098314 
0.018133016430869 
0.018131276232266 
0.018129536501198 
0.018127797236370 
0.018126058436494 
0.018124320100292 
0.018122582226492 
0.018120844813832 
0.018119107861060 
0.018117371366928 
0.018115635330201 
0.018113899749648 
0.018112164624049 
0.018110429952192 
0.018108695732871 
0.018106961964890 
0.018105228647061 
0.018103495778201 
0.018101763357140 
0.018100031382711 
0.018098299853757 
0.018096568769129 
0.018094838127684 
0.018093107928289 
0.018091378169818 
0.018089648851149 
0.018087919971174 
0.018086191528786 
0.018084463522889 
0.018082735952394 
0.018081008816218 
0.018079282113288 
0.018077555842534 
0.018075830002897 
0.018074104593324 
0.018072379612768 
0.018070655060189 
0.018068930934556 
0.018067207234844 
0.018065483960033 
0.018063761109112 
0.018062038681076 
0.018060316674928 
0.018058595089677 
0.018056873924336 
0.018055153177928 
0.018053432849483 
0.018051712938034 
0.018049993442624 
0.018048274362300 
0.018046555696118 
0.018044837443136 
0.018043119602424 
0.018041402173053 
0.018039685154105 
0.018037968544663 
0.018036252343821 
0.018034536550675 
0.018032821164331 
0.018031106183898 
0.018029391608491 
0.018027677437234 
0.018025963669254 
0.018024250303684 
0.018022537339664 
0.018020824776338 
0.018019112612859 
0.018017400848381 
0.018015689482068 
0.018013978513087 
0.018012267940611 
0.018010557763820 
0.018008847981896 
0.018007138594031 
0.018005429599418 
0.018003720997259 
0.018002012786758 
0.018000304967128 
0.017998597537582 
0.017996890497344 
0.017995183845639 
0.017993477581699 
0.017991771704760 
0.017990066214064 
0.017988361108857 
0.017986656388390 
0.017984952051920 
0.017983248098708 
0.017981544528019 
0.017979841339125 
0.017978138531300 
0.017976436103826 
0.017974734055985 
0.017973032387069 
0.017971331096370 
0.017969630183187 
0.017967929646823 
0.017966229486585 
0.017964529701785 
0.017962830291739 
0.017961131255768 
0.017959432593195 
0.017957734303351 
0.017956036385568 
0.017954338839183 
0.017952641663539 
0.017950944857980 
0.017949248421857 
0.017947552354523 
0.017945856655335 
0.017944161323655 
0.017942466358850 
0.017940771760287 
0.017939077527341 
0.017937383659388 
0.017935690155809 
0.017933997015988 
0.017932304239314 
0.017930611825178 
0.017928919772977 
0.017927228082108 
0.017925536751975 
0.017923845781983 
0.017922155171542 
0.017920464920065 
0.017918775026967 
0.017917085491670 
0.017915396313595 
0.017913707492168 
0.017912019026820 
0.017910330916983 
0.017908643162093 
0.017906955761588 
0.017905268714912 
0.017903582021507 
0.017901895680825 
0.017900209692314 
0.017898524055429 
0.017896838769628 
0.017895153834370 
0.017893469249118 
0.017891785013337 
0.017890101126496 
0.017888417588065 
0.017886734397519 
0.017885051554334 
0.017883369057989 
0.017881686907965 
0.017880005103747 
0.017878323644822 
0.017876642530678 
0.017874961760808 
0.017873281334706 
0.017871601251867 
0.017869921511792 
0.017868242113980 
0.017866563057936 
0.017864884343165 
0.017863205969175 
0.017861527935477 
0.017859850241582 
0.017858172887005 
0.017856495871262 
0.017854819193872 
0.017853142854356 
0.017851466852235 
0.017849791187034 
0.017848115858280 
0.017846440865500 
0.017844766208225 
0.017843091885987 
0.017841417898319 
0.017839744244756 
0.017838070924836 
0.017836397938097 
0.017834725284080 
0.017833052962326 
0.017831380972380 
0.017829709313786 
0.017828037986091 
0.017826366988843 
0.017824696321591 
0.017823025983887 
0.017821355975282 
0.017819686295331 
0.017818016943588 
0.017816347919609 
0.017814679222952 
0.017813010853175 
0.017811342809839 
0.017809675092504 
0.017808007700732 
0.017806340634087 
0.017804673892133 
0.017803007474435 
0.017801341380558 
0.017799675610071 
0.017798010162541 
0.017796345037537 
0.017794680234629 
0.017793015753388 
0.017791351593385 
0.017789687754191 
0.017788024235381 
0.017786361036527 
0.017784698157203 
0.017783035596985 
0.017781373355448 
0.017779711432167 
0.017778049826720 
0.017776388538683 
0.017774727567634 
0.017773066913150 
0.017771406574810 
0.017769746552192 
0.017768086844875 
0.017766427452440 
0.017764768374464 
0.017763109610528 
0.017761451160213 
0.017759793023097 
0.017758135198762 
0.017756477686788 
0.017754820486754 
0.017753163598243 
0.017751507020834 
0.017749850754108 
0.017748194797645 
0.017746539151026 
0.017744883813831 
0.017743228785640 
0.017741574066033 
0.017739919654591 
0.017738265550892 
0.017736611754515 
0.017734958265041 
0.017733305082047 
0.017731652205112 
0.017729999633813 
0.017728347367728 
0.017726695406434 
0.017725043749508 
0.017723392396525 
0.017721741347061 
0.017720090600691 
0.017718440156989 
0.017716790015529 
0.017715140175883 
0.017713490637624 
0.017711841400323 
0.017710192463551 
0.017708543826879 
0.017706895489873 
0.017705247452104 
0.017703599713139 
0.017701952272544 
0.017700305129883 
0.017698658284723 
0.017697011736625 
0.017695365485154 
0.017693719529869 
0.017692073870330 
0.017690428506098 
0.017688783436730 
0.017687138661782 
0.017685494180810 
0.017683849993369 
0.017682206099009 
0.017680562497285 
0.017678919187745 
0.017677276169938 
0.017675633443412 
0.017673991007712 
0.017672348862383 
0.017670707006968 
0.017669065441008 
0.017667424164042 
0.017665783175609 
0.017664142475246 
0.017662502062486 
0.017660861936864 
0.017659222097911 
0.017657582545156 
0.017655943278126 
0.017654304296348 
0.017652665599347 
0.017651027186643 
0.017649389057758 
0.017647751212209 
0.017646113649514 
0.017644476369186 
0.017642839370738 
0.017641202653679 
0.017639566217519 
0.017637930061762 
0.017636294185913 
0.017634658589472 
0.017633023271940 
0.017631388232814 
0.017629753471587 
0.017628118987753 
0.017626484780802 
0.017624850850220 
0.017623217195494 
0.017621583816107 
0.017619950711537 
0.017618317881263 
0.017616685324761 
0.017615053041503 
0.017613421030958 
0.017611789292594 
0.017610157825876 
0.017608526630265 
0.017606895705222 
0.017605265050201 
0.017603634664657 
0.017602004548041 
0.017600374699800 
0.017598745119379 
0.017597115806221 
0.017595486759764 
0.017593857979444 
0.017592229464695 
0.017590601214946 
0.017588973229624 
0.017587345508153 
0.017585718049954 
0.017584090854443 
0.017582463921035 
0.017580837249141 
0.017579210838168 
0.017577584687521 
0.017575958796600 
0.017574333164803 
0.017572707791524 
0.017571082676153 
0.017569457818079 
0.017567833216683 
0.017566208871346 
0.017564584781445 
0.017562960946352 
0.017561337365437 
0.017559714038064 
0.017558090963596 
0.017556468141391 
0.017554845570803 
0.017553223251182 
0.017551601181874 
0.017549979362223 
0.017548357791566 
0.017546736469239 
0.017545115394572 
0.017543494566892 
0.017541873985521 
0.017540253649779 
0.017538633558978 
0.017537013712431 
0.017535394109442 
0.017533774749313 
0.017532155631342 
0.017530536754822 
0.017528918119041 
0.017527299723286 
0.017525681566834 
0.017524063648963 
0.017522445968942 
0.017520828526039 
0.017519211319517 
0.017517594348631 
0.017515977612635 
0.017514361110778 
0.017512744842303 
0.017511128806448 
0.017509513002447 
0.017507897429531 
0.017506282086922 
0.017504666973842 
0.017503052089503 
0.017501437433116 
0.017499823003885 
0.017498208801010 
0.017496594823685 
0.017494981071101 
0.017493367542440 
0.017491754236883 
0.017490141153603 
0.017488528291769 
0.017486915650544 
0.017485303229086 
0.017483691026548 
0.017482079042077 
0.017480467274815 
0.017478855723899 
0.017477244388458 
0.017475633267619 
0.017474022360501 
0.017472411666218 
0.017470801183879 
0.017469190912585 
0.017467580851435 
0.017465970999518 
0.017464361355920 
0.017462751919722 
0.017461142689995 
0.017459533665807 
0.017457924846220 
0.017456316230290 
0.017454707817066 
0.017453099605590 
0.017451491594900 
0.017449883784026 
0.017448276171994 
0.017446668757821 
0.017445061540520 
0.017443454519096 
0.017441847692548 
0.017440241059868 
0.017438634620044 
0.017437028372053 
0.017435422314871 
0.017433816447461 
0.017432210768785 
0.017430605277796 
0.017428999973438 
0.017427394854652 
0.017425789920370 
0.017424185169517 
0.017422580601012 
0.017420976213766 
0.017419372006684 
0.017417767978664 
0.017416164128594 
0.017414560455358 
0.017412956957833 
0.017411353634885 
0.017409750485377 
0.017408147508162 
0.017406544702085 
0.017404942065987 
0.017403339598696 
0.017401737299039 
0.017400135165829 
0.017398533197876 
0.017396931393979 
0.017395329752931 
0.017393728273517 
0.017392126954514 
0.017390525794691 
0.017388924792808 
0.017387323947618 
0.017385723257866 
0.017384122722287 
0.017382522339611 
0.017380922108557 
0.017379322027836 
0.017377722096152 
0.017376122312199 
0.017374522674664 
0.017372923182223 
0.017371323833546 
0.017369724627293 
0.017368125562115 
0.017366526636654 
0.017364927849545 
0.017363329199412 
0.017361730684871 
0.017360132304528 
0.017358534056981 
0.017356935940819 
0.017355337954620 
0.017353740096953 
0.017352142366381 
0.017350544761452 
0.017348947280709 
0.017347349922683 
0.017345752685897 
0.017344155568862 
0.017342558570082 
0.017340961688049 
0.017339364921245 
0.017337768268145 
0.017336171727209 
0.017334575296892 
0.017332978975634 
0.017331382761869 
0.017329786654017 
0.017328190650491 
0.017326594749691 
0.017324998950006 
0.017323403249817 
0.017321807647491 
0.017320212141387 
0.017318616729852 
0.017317021411222 
0.017315426183820 
0.017313831045962 
0.017312235995950 
0.017310641032074 
0.017309046152614 
0.017307451355839 
0.017305856640006 
0.017304262003358 
0.017302667444130 
0.017301072960543 
0.017299478550806 
0.017297884213117 
0.017296289945660 
0.017294695746609 
0.017293101614125 
0.017291507546356 
0.017289913541438 
0.017288319597494 
0.017286725712635 
0.017285131884958 
0.017283538112548 
0.017281944393477 
0.017280350725804 
0.017278757107573 
0.017277163536819 
0.017275570011558 
0.017273976529797 
0.017272383089526 
0.017270789688725 
0.017269196325356 
0.017267602997369 
0.017266009702701 
0.017264416439273 
0.017262823204992 
0.017261229997751 
0.017259636815428 
0.017258043655887 
0.017256450516977 
0.017254857396532 
0.017253264292369 
0.017251671202293 
0.017250078124092 
0.017248485055538 
0.017246891994388 
0.017245298938384 
0.017243705885251 
0.017242112832698 
0.017240519778420 
0.017238926720092 
0.017237333655375 
0.017235740581913 
0.017234147497333 
0.017232554399246 
0.017230961285244 
0.017229368152904 
0.017227774999784 
0.017226181823426 
0.017224588621351 
0.017222995391067 
0.017221402130061 
0.017219808835802 
0.017218215505740 
0.017216622137310 
0.017215028727923 
0.017213435274975 
0.017211841775843 
0.017210248227881 
0.017208654628428 
0.017207060974801 
0.017205467264297 
0.017203873494195 
0.017202279661751 
0.017200685764203 
0.017199091798768 
0.017197497762640 
0.017195903652995 
0.017194309466985 
0.017192715201743 
0.017191120854379 
0.017189526421981 
0.017187931901616 
0.017186337290327 
0.017184742585136 
0.017183147783041 
0.017181552881018 
0.017179957876019 
0.017178362764972 
0.017176767544782 
0.017175172212331 
0.017173576764475 
0.017171981198045 
0.017170385509849 
0.017168789696669 
0.017167193755262 
0.017165597682359 
0.017164001474664 
0.017162405128856 
0.017160808641589 
0.017159212009488 
0.017157615229150 
0.017156018297147 
0.017154421210023 
0.017152823964293 
0.017151226556443 
0.017149628982933 
0.017148031240191 
0.017146433324616 
0.017144835232580 
0.017143236960422 
0.017141638504453 
0.017140039860950 
0.017138441026162 
0.017136841996305 
0.017135242767564 
0.017133643336091 
0.017132043698005 
0.017130443849393 
0.017128843786308 
0.017127243504768 
0.017125643000759 
0.017124042270231 
0.017122441309098 
0.017120840113240 
0.017119238678501 
0.017117637000686 
0.017116035075566 
0.017114432898873 
0.017112830466302 
0.017111227773507 
0.017109624816107 
0.017108021589680 
0.017106418089761 
0.017104814311850 
0.017103210251401 
0.017101605903830 
0.017100001264508 
0.017098396328766 
0.017096791091890 
0.017095185549123 
0.017093579695663 
0.017091973526662 
0.017090367037228 
0.017088760222422 
0.017087153077258 
0.017085545596703 
0.017083937775674 
0.017082329609041 
0.017080721091622 
0.017079112218187 
0.017077502983454 
0.017075893382088 
0.017074283408703 
0.017072673057859 
0.017071062324060 
0.017069451201759 
0.017067839685349 
0.017066227769169 
0.017064615447500 
0.017063002714565 
0.017061389564525 
0.017059775991485 
0.017058161989486 
0.017056547552508 
0.017054932674468 
0.017053317349219 
0.017051701570549 
0.017050085332180 
0.017048468627767 
0.017046851450898 
0.017045233795090 
0.017043615653790 
0.017041997020375 
0.017040377888148 
0.017038758250340 
0.017037138100104 
0.017035517430521 
0.017033896234590 
0.017032274505236 
0.017030652235299 
0.017029029417541 
0.017027406044640 
0.017025782109191 
0.017024157603702 
0.017022532520594 
0.017020906852199 
0.017019280590761 
0.017017653728430 
0.017016026257263 
0.017014398169224 
0.017012769456177 
0.017011140109891 
0.017009510122031 
0.017007879484165 
0.017006248187752 
0.017004616224149 
0.017002983584603 
0.017001350260254 
0.016999716242126 
0.016998081521134 
0.016996446088074 
0.016994809933626 
0.016993173048346 
0.016991535422671 
0.016989897046912 
0.016988257911252 
0.016986618005745 
0.016984977320311 
0.016983335844736 
0.016981693568669 
0.016980050481616 
0.016978406572944 
0.016976761831869 
0.016975116247462 
0.016973469808638 
0.016971822504160 
0.016970174322632 
0.016968525252495 
0.016966875282024 
0.016965224399329 
0.016963572592345 
0.016961919848831 
0.016960266156369 
0.016958611502354 
0.016956955873998 
0.016955299258317 
0.016953641642135 
0.016951983012073 
0.016950323354551 
0.016948662655778 
0.016947000901748 
0.016945338078239 
0.016943674170806 
0.016942009164772 
0.016940343045230 
0.016938675797031 
0.016937007404784 
0.016935337852844 
0.016933667125313 
0.016931995206027 
0.016930322078557 
0.016928647726195 
0.016926972131954 
0.016925295278556 
0.016923617148427 
0.016921937723691 
0.016920256986161 
0.016918574917330 
0.016916891498365 
0.016915206710099 
0.016913520533019 
0.016911832947262 
0.016910143932601 
0.016908453468439 
0.016906761533798 
0.016905068107311 
0.016903373167204 
0.016901676691296 
0.016899978656982 
0.016898279041218 
0.016896577820516 
0.016894874970929 
0.016893170468036 
0.016891464286931 
0.016889756402210 
0.016888046787952 
0.016886335417712 
0.016884622264498 
0.016882907300758 
0.016881190498366 
0.016879471828602 
0.016877751262135 
0.016876028769003 
0.016874304318598 
0.016872577879641 
0.016870849420165 
0.016869118907493 
0.016867386308213 
0.016865651588158 
0.016863914712381 
0.016862175645128 
0.016860434349815 
0.016858690788998 
0.016856944924346 
0.016855196716610 
0.016853446125595 
0.016851693110124 
0.016849937628009 
0.016848179636012 
0.016846419089810 
0.016844655943957 
0.016842890151845 
0.016841121665660 
0.016839350436343 
0.016837576413537 
0.016835799545548 
0.016834019779289 
0.016832237060230 
0.016830451332346 
0.016828662538053 
0.016826870618156 
0.016825075511781 
0.016823277156310 
0.016821475487312 
0.016819670438472 
0.016817861941511 
0.016816049926110 
0.016814234319821 
0.016812415047983 
0.016810592033624 
0.016808765197365 
0.016806934457318 
0.016805099728971 
0.016803260925080 
0.016801417955543 
0.016799570727270 
0.016797719144051 
0.016795863106413 
0.016794002511466 
0.016792137252742 
0.016790267220028 
0.016788392299187 
0.016786512371962 
0.016784627315780 
0.016782737003536 
0.016780841303363 
0.016778940078392 
0.016777033186499 
0.016775120480023 
0.016773201805487 
0.016771277003277 
0.016769345907320 
0.016767408344732 
0.016765464135439 
0.016763513091781 
0.016761555018084 
0.016759589710201 
0.016757616955029 
0.016755636529981 
0.016753648202434 
0.016751651729125 
0.016749646855511 
0.016747633315085 
0.016745610828636 
0.016743579103460 
0.016741537832509 
0.016739486693482 
0.016737425347848 
0.016735353439789 
0.016733270595080 
0.016731176419868 
0.016729070499373 
0.016726952396491 
0.016724821650289 
0.016722677774398 
0.016720520255284 
0.016718348550404 
0.016716162086226 
0.016713960256128 
0.016711742418151 
0.016709507892618 
0.016707255959622 
0.016704985856375 
0.016702696774439 
0.016700387856855 
0.016698058195181 
0.016695706826500 
0.016693332730422 
0.016690934826170 
0.016688511969834 
0.016686062951911 
0.016683586495304 
0.016681081253975 
0.016678545812520 
0.016675978686990 
0.016673378327375 
0.016670743122248 
0.016668071406186 
0.016665361470675 
0.016662611579370 
0.016659819988637 
0.016656984974449 
0.016654104866719 
0.016651178092152 
0.016648203226541 
0.016645179057127 
0.016642104655130 
0.016638979457758 
0.016635803357931 
0.016632576798603 
0.016629300866985 
0.016625977382373 
0.016622608969845 
0.016619199111226 
0.016615752164672 
0.016612273345424 
0.016608768662795 
0.016605244812195 
0.016601709025547 
0.016598168888140 
0.016594632133965 
0.016591106434096 
0.016587599193304 
0.016584117368693 
0.016580667321047 
0.016577254705479 
0.016573884403627 
0.016570560495665 
0.016567286267400 
0.016564064245835 
0.016560896255792 
0.016557783490321 
0.016554726588421 
0.016551725714722 
0.016548780637066 
0.016545890799139 
0.016543055386376 
0.016540273384230 
0.016537543628557 
0.016534864848321 
0.016532235701138 
0.016529654802335 
0.016527120748303 
0.016524632134893 
0.016522187571632 
0.016519785692412 
0.016517425163286 
0.016515104687902 
0.016512823011042 
0.016510578920659 
0.016508371248740 
0.016506198871275 
0.016504060707546 
0.016501955718940 
0.016499882907404 
0.016497841313687 
0.016495830015444 
0.016493848125281 
0.016491894788793 
0.016489969182639 
0.016488070512676 
0.016486198012189 
0.016484350940209 
0.016482528579948 
0.016480730237339 
0.016478955239691 
0.016477202934456 
0.016475472688096 
0.016473763885057 
0.016472075926833 
0.016470408231126 
0.016468760231078 
0.016467131374585 
0.016465521123676 
0.016463928953956 
0.016462354354103 
0.016460796825412 
0.016459255881386 
0.016457731047371 
0.016456221860210 
0.016454727867946 
0.016453248629536 
0.016451783714595 
0.016450332703161 
0.016448895185468 
0.016447470761743 
0.016446059042009 
0.016444659645902 
0.016443272202492 
0.016441896350113 
0.016440531736201 
0.016439178017134 
0.016437834858074 
0.016436501932817 
0.016435178923643 
0.016433865521164 
0.016432561424177 
0.016431266339523 
0.016429979981934 
0.016428702073892 
0.016427432345484 
0.016426170534259 
0.016424916385080 
0.016423669649982 
0.016422430088032 
0.016421197465180 
0.016419971554121 
0.016418752134147 
0.016417538991013 
0.016416331916787 
0.016415130709714 
0.016413935174079 
0.016412745120060 
0.016411560363597 
0.016410380726251 
0.016409206035072 
0.016408036122461 
0.016406870826038 
0.016405709988513 
0.016404553457552 
0.016403401085652 
0.016402252730012 
0.016401108252410 
0.016399967519081 
0.016398830400591 
0.016397696771724 
0.016396566511361 
0.016395439502367 
0.016394315631476 
0.016393194789183 
0.016392076869634 
0.016390961770517 
0.016389849392963 
0.016388739641439 
0.016387632423651 
0.016386527650445 
0.016385425235711 
0.016384325096291 
0.016383227151887 
0.016382131324974 
0.016381037540708 
0.016379945726848 
0.016378855813669 
0.016377767733882 
0.016376681422560 
0.016375596817054 
0.016374513856926 
0.016373432483872 
0.016372352641656 
0.016371274276036 
0.016370197334705 
0.016369121767219 
0.016368047524940 
0.016366974560972 
0.016365902830102 
0.016364832288746 
0.016363762894890 
0.016362694608037 
0.016361627389153 
0.016360561200621 
0.016359496006188 
0.016358431770918 
0.016357368461146 
0.016356306044435 
0.016355244489529 
0.016354183766315 
0.016353123845782 
0.016352064699979 
0.016351006301979 
0.016349948625843 
0.016348891646582 
0.016347835340128 
0.016346779683293 
0.016345724653744 
0.016344670229966 
0.016343616391240 
0.016342563117605 
0.016341510389836 
0.016340458189416 
0.016339406498509 
0.016338355299935 
0.016337304577145 
0.016336254314201 
0.016335204495750 
0.016334155107001 
0.016333106133709 
0.016332057562150 
0.016331009379105 
0.016329961571836 
0.016328914128075 
0.016327867036000 
0.016326820284222 
0.016325773861766 
0.016324727758058 
0.016323681962907 
0.016322636466493 
0.016321591259352 
0.016320546332359 
0.016319501676724 
0.016318457283967 
0.016317413145918 
0.016316369254695 
0.016315325602700 
0.016314282182606 
0.016313238987345 
0.016312196010100 
0.016311153244293 
0.016310110683580 
0.016309068321836 
0.016308026153152 
0.016306984171823 
0.016305942372341 
0.016304900749389 
0.016303859297832 
0.016302818012709 
0.016301776889228 
0.016300735922757 
0.016299695108824 
0.016298654443100 
0.016297613921404 
0.016296573539690 
0.016295533294046 
0.016294493180686 
0.016293453195946 
0.016292413336280 
0.016291373598254 
0.016290333978542 
0.016289294473921 
0.016288255081269 
0.016287215797558 
0.016286176619855 
0.016285137545311 
0.016284098571164 
0.016283059694733 
0.016282020913414 
0.016280982224679 
0.016279943626071 
0.016278905115202 
0.016277866689750 
0.016276828347457 
0.016275790086123 
0.016274751903611 
0.016273713797836 
0.016272675766769 
0.016271637808430 
0.016270599920890 
0.016269562102268 
0.016268524350726 
0.016267486664471 
0.016266449041750 
0.016265411480852 
0.016264373980103 
0.016263336537865 
0.016262299152535 
0.016261261822545 
0.016260224546358 
0.016259187322467 
0.016258150149395 
0.016257113025693 
0.016256075949939 
0.016255038920736 
0.016254001936712 
0.016252964996519 
0.016251928098830 
0.016250891242340 
0.016249854425764 
0.016248817647838 
0.016247780907313 
0.016246744202962 
0.016245707533571 
0.016244670897944 
0.016243634294900 
0.016242597723271 
0.016241561181906 
0.016240524669663 
0.016239488185414 
0.016238451728045 
0.016237415296449 
0.016236378889532 
0.016235342506209 
0.016234306145405 
0.016233269806054 
0.016232233487095 
0.016231197187480 
0.016230160906165 
0.016229124642112 
0.016228088394291 
0.016227052161679 
0.016226015943255 
0.016224979738006 
0.016223943544922 
0.016222907362998 
0.016221871191233 
0.016220835028628 
0.016219798874188 
0.016218762726923 
0.016217726585841 
0.016216690449956 
0.016215654318282 
0.016214618189834 
0.016213582063629 
0.016212545938685 
0.016211509814022 
0.016210473688656 
0.016209437561607 
0.016208401431893 
0.016207365298533 
0.016206329160543 
0.016205293016940 
0.016204256866739 
0.016203220708953 
0.016202184542595 
0.016201148366673 
0.016200112180196 
0.016199075982168 
0.016198039771593 
0.016197003547470 
0.016195967308795 
0.016194931054563 
0.016193894783762 
0.016192858495379 
0.016191822188396 
0.016190785861792 
0.016189749514539 
0.016188713145608 
0.016187676753962 
0.016186640338561 
0.016185603898359 
0.016184567432307 
0.016183530939346 
0.016182494418414 
0.016181457868445 
0.016180421288362 
0.016179384677085 
0.016178348033528 
0.016177311356596 
0.016176274645187 
0.016175237898195 
0.016174201114504 
0.016173164292990 
0.016172127432523 
0.016171090531963 
0.016170053590165 
0.016169016605972 
0.016167979578221 
0.016166942505738 
0.016165905387343 
0.016164868221842 
0.016163831008037 
0.016162793744716 
0.016161756430659 
0.016160719064636 
0.016159681645405 
0.016158644171715 
0.016157606642304 
0.016156569055897 
0.016155531411210 
0.016154493706946 
0.016153455941796 
0.016152418114440 
0.016151380223543 
0.016150342267761 
0.016149304245734 
0.016148266156089 
0.016147227997442 
0.016146189768391 
0.016145151467525 
0.016144113093413 
0.016143074644613 
0.016142036119668 
0.016140997517103 
0.016139958835429 
0.016138920073140 
0.016137881228716 
0.016136842300618 
0.016135803287289 
0.016134764187157 
0.016133724998631 
0.016132685720101 
0.016131646349941 
0.016130606886502 
0.016129567328119 
0.016128527673107 
0.016127487919757 
0.016126448066344 
0.016125408111119 
0.016124368052312 
0.016123327888132 
0.016122287616764 
0.016121247236371 
0.016120206745091 
0.016119166141039 
0.016118125422307 
0.016117084586959 
0.016116043633035 
0.016115002558548 
0.016113961361485 
0.016112920039804 
0.016111878591439 
0.016110837014289 
0.016109795306231 
0.016108753465105 
0.016107711488726 
0.016106669374874 
0.016105627121300 
0.016104584725719 
0.016103542185816 
0.016102499499238 
0.016101456663601 
0.016100413676483 
0.016099370535424 
0.016098327237929 
0.016097283781464 
0.016096240163455 
0.016095196381288 
0.016094152432307 
0.016093108313817 
0.016092064023076 
0.016091019557300 
0.016089974913660 
0.016088930089279 
0.016087885081233 
0.016086839886552 
0.016085794502213 
0.016084748925143 
0.016083703152218 
0.016082657180258 
0.016081611006031 
0.016080564626246 
0.016079518037556 
0.016078471236555 
0.016077424219776 
0.016076376983690 
0.016075329524703 
0.016074281839158 
0.016073233923329 
0.016072185773422 
0.016071137385572 
0.016070088755843 
0.016069039880222 
0.016067990754623 
0.016066941374879 
0.016065891736745 
0.016064841835890 
0.016063791667901 
0.016062741228278 
0.016061690512431 
0.016060639515677 
0.016059588233239 
0.016058536660245 
0.016057484791720 
0.016056432622590 
0.016055380147673 
0.016054327361680 
0.016053274259209 
0.016052220834746 
0.016051167082656 
0.016050112997186 
0.016049058572455 
0.016048003802455 
0.016046948681048 
0.016045893201955 
0.016044837358761 
0.016043781144906 
0.016042724553679 
0.016041667578219 
0.016040610211505 
0.016039552446354 
0.016038494275417 
0.016037435691170 
0.016036376685913 
0.016035317251761 
0.016034257380640 
0.016033197064281 
0.016032136294214 
0.016031075061759 
0.016030013358025 
0.016028951173896 
0.016027888500029 
0.016026825326845 
0.016025761644521 
0.016024697442982 
0.016023632711892 
0.016022567440647 
0.016021501618365 
0.016020435233877 
0.016019368275715 
0.016018300732104 
0.016017232590955 
0.016016163839844 
0.016015094466012 
0.016014024456345 
0.016012953797364 
0.016011882475215 
0.016010810475650 
0.016009737784018 
0.016008664385248 
0.016007590263834 
0.016006515403818 
0.016005439788777 
0.016004363401801 
0.016003286225480 
0.016002208241881 
0.016001129432529 
0.016000049778391 
0.015998969259849 
0.015997887856678 
0.015996805548029 
0.015995722312397 
0.015994638127599 
0.015993552970748 
0.015992466818225 
0.015991379645649 
0.015990291427846 
0.015989202138819 
0.015988111751714 
0.015987020238786 
0.015985927571360 
0.015984833719797 
0.015983738653450 
0.015982642340627 
0.015981544748541 
0.015980445843271 
0.015979345589709 
0.015978243951513 
0.015977140891054 
0.015976036369357 
0.015974930346050 
0.015973822779299 
0.015972713625746 
0.015971602840442 
0.015970490376778 
0.015969376186412 
0.015968260219195 
0.015967142423084 
0.015966022744069 
0.015964901126073 
0.015963777510872 
0.015962651837987 
0.015961524044591 
0.015960394065404 
0.015959261832575 
0.015958127275572 
0.015956990321058 
0.015955850892769 
0.015954708911373 
0.015953564294341 
0.015952416955795 
0.015951266806360 
0.015950113753007 
0.015948957698888 
0.015947798543165 
0.015946636180834 
0.015945470502535 
0.015944301394368 
0.015943128737687 
0.015941952408900 
0.015940772279251 
0.015939588214607 
0.015938400075226 
0.015937207715532 
0.015936010983873 
0.015934809722281 
0.015933603766230 
0.015932392944381 
0.015931177078338 
0.015929955982394 
0.015928729463280 
0.015927497319924 
0.015926259343204 
0.015925015315722 
0.015923765011577 
0.015922508196161 
0.015921244625971 
0.015919974048444 
0.015918696201819 
0.015917410815034 
0.015916117607662 
0.015914816289895 
0.015913506562581 
0.015912188117326 
0.015910860636658 
0.015909523794287 
0.015908177255444 
0.015906820677325 
0.015905453709648 
0.015904075995333 
0.015902687171320 
0.015901286869529 
0.015899874717982 
0.015898450342090 
0.015897013366116 
0.015895563414824 
0.015894100115319 
0.015892623099072 
0.015891132004148 
0.015889626477611 
0.015888106178119 
0.015886570778671 
0.015885019969521 
0.015883453461193 
0.015881870987610 
0.015880272309262 
0.015878657216399 
0.015877025532182 
0.015875377115754 
0.015873711865161 
0.015872029720068 
0.015870330664218 
0.015868614727555 
0.015866881987970 
0.015865132572612 
0.015863366658707 
0.015861584473866 
0.015859786295839 
0.015857972451706 
0.015856143316503 
0.015854299311289 
0.015852440900691 
0.015850568589952 
0.015848682921538 
0.015846784471368 
0.015844873844730 
0.015842951671965 
0.015841018603990 
0.015839075307742 
0.015837122461634 
0.015835160751073 
0.015833190864130 
0.015831213487404 
0.015829229302154 
0.015827238980717 
0.015825243183258 
0.015823242554874 
0.015821237723055 
0.015819229295519 
0.015817217858403 
0.015815203974812 
0.015813188183696 
0.015811170999050 
0.015809152909396 
0.015807134377531 
0.015805115840515 
0.015803097709857 
0.015801080371891 
0.015799064188300 
0.015797049496761 
0.015795036611706 
0.015793025825158 
0.015791017407620 
0.015789011609028 
0.015787008659712 
0.015785008771381 
0.015783012138115 
0.015781018937336 
0.015779029330781 
0.015777043465441 
0.015775061474474 
0.015773083478095 
0.015771109584421 
0.015769139890287 
0.015767174482020 
0.015765213436174 
0.015763256820232 
0.015761304693263 
0.015759357106539 
0.015757414104126 
0.015755475723426 
0.015753541995695 
0.015751612946518 
0.015749688596261 
0.015747768960486 
0.015745854050344 
0.015743943872932 
0.015742038431637 
0.015740137726441 
0.015738241754214 
0.015736350508985 
0.015734463982190 
0.015732582162901 
0.015730705038042 
0.015728832592583 
0.015726964809727 
0.015725101671078 
0.015723243156790 
0.015721389245721 
0.015719539915557 
0.015717695142939 
0.015715854903573 
0.015714019172336 
0.015712187923369 
0.015710361130167 
0.015708538765658 
0.015706720802278 
0.015704907212040 
0.015703097966593 
0.015701293037285 
0.015699492395210 
0.015697696011259 
0.015695903856163 
0.015694115900534 
0.015692332114899 
0.015690552469738 
0.015688776935509 
0.015687005482678 
0.015685238081747 
0.015683474703270 
0.015681715317878 
0.015679959896296 
0.015678208409359 
0.015676460828029 
0.015674717123406 
0.015672977266737 
0.015671241229434 
0.015669508983074 
0.015667780499414 
0.015666055750395 
0.015664334708146 
0.015662617344993 
0.015660903633460 
0.015659193546273 
0.015657487056364 
0.015655784136872 
0.015654084761145 
0.015652388902739 
0.015650696535424 
0.015649007633176 
0.015647322170184 
0.015645640120846 
0.015643961459768 
0.015642286161763 
0.015640614201851 
0.015638945555255 
0.015637280197400 
0.015635618103913 
0.015633959250618 
0.015632303613532 
0.015630651168870 
0.015629001893034 
0.015627355762615 
0.015625712754389 
0.015624072845315 
0.015622436012533 
0.015620802233358 
0.015619171485279 
0.015617543745959 
0.015615918993228 
0.015614297205081 
0.015612678359678 
0.015611062435338 
0.015609449410538 
0.015607839263911 
0.015606231974242 
0.015604627520464 
0.015603025881660 
0.015601427037057 
0.015599830966024 
0.015598237648070 
0.015596647062842 
0.015595059190123 
0.015593474009830 
0.015591891502011 
0.015590311646841 
0.015588734424627 
0.015587159815797 
0.015585587800906 
0.015584018360629 
0.015582451475762 
0.015580887127219 
0.015579325296032 
0.015577765963347 
0.015576209110427 
0.015574654718644 
0.015573102769484 
0.015571553244542 
0.015570006125523 
0.015568461394239 
0.015566919032609 
0.015565379022657 
0.015563841346514 
0.015562305986412 
0.015560772924688 
0.015559242143780 
0.015557713626229 
0.015556187354675 
0.015554663311857 
0.015553141480617 
0.015551621843893 
0.015550104384721 
0.015548589086237 
0.015547075931671 
0.015545564904352 
0.015544055987704 
0.015542549165249 
0.015541044420602 
0.015539541737475 
0.015538041099673 
0.015536542491098 
0.015535045895745 
0.015533551297703 
0.015532058681156 
0.015530568030381 
0.015529079329748 
0.015527592563722 
0.015526107716860 
0.015524624773813 
0.015523143719324 
0.015521664538231 
0.015520187215463 
0.015518711736043 
0.015517238085085 
0.015515766247798 
0.015514296209483 
0.015512827955533 
0.015511361471435 
0.015509896742766 
0.015508433755198 
0.015506972494495 
0.015505512946514 
0.015504055097204 
0.015502598932605 
0.015501144438853 
0.015499691602174 
0.015498240408887 
0.015496790845405 
0.015495342898232 
0.015493896553965 
0.015492451799293 
0.015491008620999 
0.015489567005958 
0.015488126941137 
0.015486688413595 
0.015485251410486 
0.015483815919052 
0.015482381926633 
0.015480949420657 
0.015479518388646 
0.015478088818215 
0.015476660697071 
0.015475234013012 
0.015473808753929 
0.015472384907805 
0.015470962462716 
0.015469541406828 
0.015468121728401 
0.015466703415785 
0.015465286457422 
0.015463870841848 
0.015462456557687 
0.015461043593655 
0.015459631938562 
0.015458221581307 
0.015456812510878 
0.015455404716358 
0.015453998186919 
0.015452592911821 
0.015451188880418 
0.015449786082152 
0.015448384506556 
0.015446984143252 
0.015445584981952 
0.015444187012459 
0.015442790224662 
0.015441394608541 
0.015440000154165 
0.015438606851690 
0.015437214691362 
0.015435823663515 
0.015434433758570 
0.015433044967034 
0.015431657279506 
0.015430270686667 
0.015428885179288 
0.015427500748226 
0.015426117384424 
0.015424735078909 
0.015423353822797 
0.015421973607289 
0.015420594423667 
0.015419216263303 
0.015417839117651 
0.015416462978248 
0.015415087836718 
0.015413713684766 
0.015412340514180 
0.015410968316833 
0.015409597084679 
0.015408226809754 
0.015406857484177 
0.015405489100147 
0.015404121649945 
0.015402755125933 
0.015401389520553 
0.015400024826327 
0.015398661035857 
0.015397298141824 
0.015395936136988 
0.015394575014187 
0.015393214766339 
0.015391855386437 
0.015390496867554 
0.015389139202840 
0.015387782385519 
0.015386426408893 
0.015385071266340 
0.015383716951314 
0.015382363457343 
0.015381010778030 
0.015379658907051 
0.015378307838159 
0.015376957565177 
0.015375608082004 
0.015374259382609 
0.015372911461036 
0.015371564311398 
0.015370217927881 
0.015368872304741 
0.015367527436308 
0.015366183316977 
0.015364839941216 
0.015363497303563 
0.015362155398621 
0.015360814221066 
0.015359473765640 
0.015358134027153 
0.015356795000482 
0.015355456680571 
0.015354119062430 
0.015352782141136 
0.015351445911831 
0.015350110369723 
0.015348775510084 
0.015347441328249 
0.015346107819619 
0.015344774979659 
0.015343442803895 
0.015342111287916 
0.015340780427375 
0.015339450217986 
0.015338120655523 
0.015336791735823 
0.015335463454782 
0.015334135808358 
0.015332808792568 
0.015331482403487 
0.015330156637251 
0.015328831490054 
0.015327506958147 
0.015326183037840 
0.015324859725499 
0.015323537017549 
0.015322214910470 
0.015320893400798 
0.015319572485125 
0.015318252160099 
0.015316932422422 
0.015315613268851 
0.015314294696197 
0.015312976701324 
0.015311659281151 
0.015310342432648 
0.015309026152838 
0.015307710438797 
0.015306395287652 
0.015305080696582 
0.015303766662816 
0.015302453183634 
0.015301140256367 
0.015299827878394 
0.015298516047145 
0.015297204760099 
0.015295894014782 
0.015294583808770 
0.015293274139685 
0.015291965005200 
0.015290656403031 
0.015289348330944 
0.015288040786750 
0.015286733768305 
0.015285427273512 
0.015284121300319 
0.015282815846720 
0.015281510910751 
0.015280206490495 
0.015278902584077 
0.015277599189665 
0.015276296305473 
0.015274993929754 
0.015273692060807 
0.015272390696969 
0.015271089836623 
0.015269789478190 
0.015268489620135 
0.015267190260960 
0.015265891399210 
0.015264593033469 
0.015263295162361 
0.015261997784550 
0.015260700898736 
0.015259404503661 
0.015258108598103 
0.015256813180879 
0.015255518250844 
0.015254223806888 
0.015252929847941 
0.015251636372968 
0.015250343380969 
0.015249050870982 
0.015247758842080 
0.015246467293371 
0.015245176223997 
0.015243885633138 
0.015242595520004 
0.015241305883842 
0.015240016723931 
0.015238728039584 
0.015237439830148 
0.015236152095002 
0.015234864833556 
0.015233578045254 
0.015232291729572 
0.015231005886015 
0.015229720514122 
0.015228435613462 
0.015227151183634 
0.015225867224268 
0.015224583735023 
0.015223300715589 
0.015222018165684 
0.015220736085057 
0.015219454473483 
0.015218173330769 
0.015216892656747 
0.015215612451279 
0.015214332714254 
0.015213053445587 
0.015211774645223 
0.015210496313132 
0.015209218449309 
0.015207941053778 
0.015206664126588 
0.015205387667813 
0.015204111677553 
0.015202836155932 
0.015201561103100 
0.015200286519232 
0.015199012404525 
0.015197738759203 
0.015196465583511 
0.015195192877719 
0.015193920642119 
0.015192648877028 
0.015191377582784 
0.015190106759747 
0.015188836408300 
0.015187566528847 
0.015186297121815 
0.015185028187652 
0.015183759726825 
0.015182491739825 
0.015181224227160 
0.015179957189362 
0.015178690626981 
0.015177424540586 
0.015176158930767 
0.015174893798132 
0.015173629143310 
0.015172364966947 
0.015171101269707 
0.015169838052275 
0.015168575315351 
0.015167313059655 
0.015166051285923 
0.015164789994908 
0.015163529187383 
0.015162268864134 
0.015161009025965 
0.015159749673698 
0.015158490808169 
0.015157232430230 
0.015155974540749 
0.015154717140609 
0.015153460230710 
0.015152203811964 
0.015150947885300 
0.015149692451660 
0.015148437512000 
0.015147183067291 
0.015145929118519 
0.015144675666679 
0.015143422712784 
0.015142170257858 
0.015140918302937 
0.015139666849072 
0.015138415897324 
0.015137165448767 
0.015135915504489 
0.015134666065584 
0.015133417133165 
0.015132168708350 
0.015130920792272 
0.015129673386072 
0.015128426490905 
0.015127180107934 
0.015125934238331 
0.015124688883281 
0.015123444043978 
0.015122199721623 
0.015120955917430 
0.015119712632620 
0.015118469868424 
0.015117227626080 
0.015115985906836 
0.015114744711949 
0.015113504042682 
0.015112263900307 
0.015111024286104 
0.015109785201360 
0.015108546647370 
0.015107308625436 
0.015106071136865 
0.015104834182974 
0.015103597765084 
0.015102361884522 
0.015101126542625 
0.015099891740731 
0.015098657480187 
0.015097423762344 
0.015096190588558 
0.015094957960193 
0.015093725878615 
0.015092494345196 
0.015091263361311 
0.015090032928344 
0.015088803047677 
0.015087573720701 
0.015086344948809 
0.015085116733397 
0.015083889075866 
0.015082661977619 
0.015081435440064 
0.015080209464609 
0.015078984052668 
0.015077759205655 
0.015076534924990 
0.015075311212091 
0.015074088068381 
0.015072865495284 
0.015071643494226 
0.015070422066633 
0.015069201213936 
0.015067980937565 
0.015066761238950 
0.015065542119524 
0.015064323580721 
0.015063105623973 
0.015061888250715 
0.015060671462382 
0.015059455260407 
0.015058239646227 
0.015057024621275 
0.015055810186985 
0.015054596344791 
0.015053383096126 
0.015052170442422 
0.015050958385111 
0.015049746925623 
0.015048536065386 
0.015047325805829 
0.015046116148377 
0.015044907094455 
0.015043698645485 
0.015042490802889 
0.015041283568085 
0.015040076942488 
0.015038870927513 
0.015037665524572 
0.015036460735072 
0.015035256560421 
0.015034053002021 
0.015032850061272 
0.015031647739570 
0.015030446038310 
0.015029244958880 
0.015028044502669 
0.015026844671058 
0.015025645465425 
0.015024446887147 
0.015023248937593 
0.015022051618131 
0.015020854930122 
0.015019658874924 
0.015018463453890 
0.015017268668369 
0.015016074519705 
0.015014881009235 
0.015013688138295 
0.015012495908212 
0.015011304320309 
0.015010113375905 
0.015008923076311 
0.015007733422834 
0.015006544416776 
0.015005356059431 
0.015004168352088 
0.015002981296032 
0.015001794892538 
0.015000609142879 
0.014999424048317 
0.014998239610111 
0.014997055829513 
0.014995872707767 
0.014994690246112 
0.014993508445778 
0.014992327307991 
0.014991146833966 
0.014989967024916 
0.014988787882041 
0.014987609406539 
0.014986431599598 
0.014985254462397 
0.014984077996111 
0.014982902201906 
0.014981727080938 
0.014980552634359 
0.014979378863310 
0.014978205768926 
0.014977033352333 
0.014975861614649 
0.014974690556983 
0.014973520180439 
0.014972350486108 
0.014971181475076 
0.014970013148419 
0.014968845507205 
0.014967678552493 
0.014966512285333 
0.014965346706768 
0.014964181817829 
0.014963017619542 
0.014961854112921 
0.014960691298972 
0.014959529178693 
0.014958367753070 
0.014957207023083 
0.014956046989700 
0.014954887653882 
0.014953729016580 
0.014952571078734 
0.014951413841277 
0.014950257305131 
0.014949101471208 
0.014947946340411 
0.014946791913634 
0.014945638191760 
0.014944485175663 
0.014943332866208 
0.014942181264248 
0.014941030370628 
0.014939880186181 
0.014938730711733 
0.014937581948098 
0.014936433896079 
0.014935286556472 
0.014934139930060 
0.014932994017617 
0.014931848819907 
0.014930704337683 
0.014929560571688 
0.014928417522656 
0.014927275191308 
0.014926133578358 
0.014924992684506 
0.014923852510445 
0.014922713056855 
0.014921574324406 
0.014920436313759 
0.014919299025564 
0.014918162460459 
0.014917026619072 
0.014915891502022 
0.014914757109916 
0.014913623443351 
0.014912490502913 
0.014911358289176 
0.014910226802707 
0.014909096044059 
0.014907966013775 
0.014906836712389 
0.014905708140422 
0.014904580298387 
0.014903453186782 
0.014902326806099 
0.014901201156818 
0.014900076239405 
0.014898952054319 
0.014897828602007 
0.014896705882906 
0.014895583897440 
0.014894462646025 
0.014893342129065 
0.014892222346952 
0.014891103300070 
0.014889984988790 
0.014888867413473 
0.014887750574470 
0.014886634472120 
0.014885519106751 
0.014884404478683 
0.014883290588222 
0.014882177435665 
0.014881065021298 
0.014879953345397 
0.014878842408225 
0.014877732210038 
0.014876622751078 
0.014875514031578 
0.014874406051759 
0.014873298811834 
0.014872192312004 
0.014871086552457 
0.014869981533375 
0.014868877254925 
0.014867773717268 
0.014866670920550 
0.014865568864910 
0.014864467550473 
0.014863366977358 
0.014862267145670 
0.014861168055505 
0.014860069706948 
0.014858972100074 
0.014857875234949 
0.014856779111626 
0.014855683730149 
0.014854589090552 
0.014853495192859 
0.014852402037083 
0.014851309623228 
0.014850217951285 
0.014849127021239 
0.014848036833061 
0.014846947386714 
0.014845858682152 
0.014844770719316 
0.014843683498139 
0.014842597018545 
0.014841511280444 
0.014840426283742 
0.014839342028330 
0.014838258514092 
0.014837175740902 
0.014836093708622 
0.014835012417107 
0.014833931866201 
0.014832852055740 
0.014831772985547 
0.014830694655439 
0.014829617065221 
0.014828540214691 
0.014827464103634 
0.014826388731829 
0.014825314099044 
0.014824240205037 
0.014823167049559 
0.014822094632350 
0.014821022953141 
0.014819952011654 
0.014818881807602 
0.014817812340688 
0.014816743610608 
0.014815675617047 
0.014814608359682 
0.014813541838181 
0.014812476052204 
0.014811411001399 
0.014810346685408 
0.014809283103865 
0.014808220256394 
0.014807158142609 
0.014806096762117 
0.014805036114517 
0.014803976199398 
0.014802917016341 
0.014801858564920 
0.014800800844699 
0.014799743855234 
0.014798687596072 
0.014797632066753 
0.014796577266810 
0.014795523195765 
0.014794469853134 
0.014793417238423 
0.014792365351132 
0.014791314190752 
0.014790263756767 
0.014789214048653 
0.014788165065876 
0.014787116807898 
0.014786069274170 
0.014785022464138 
0.014783976377237 
0.014782931012900 
0.014781886370546 
0.014780842449590 
0.014779799249442 
0.014778756769499 
0.014777715009155 
0.014776673967796 
0.014775633644799 
0.014774594039536 
0.014773555151371 
0.014772516979661 
0.014771479523756 
0.014770442782999 
0.014769406756726 
0.014768371444267 
0.014767336844945 
0.014766302958075 
0.014765269782966 
0.014764237318922 
0.014763205565239 
0.014762174521206 
0.014761144186106 
0.014760114559216 
0.014759085639806 
0.014758057427141 
0.014757029920477 
0.014756003119068 
0.014754977022158 
0.014753951628986 
0.014752926938787 
0.014751902950787 
0.014750879664207 
0.014749857078264 
0.014748835192166 
0.014747814005119 
0.014746793516319 
0.014745773724960 
0.014744754630228 
0.014743736231304 
0.014742718527364 
0.014741701517579 
0.014740685201113 
0.014739669577125 
0.014738654644770 
0.014737640403198 
0.014736626851550 
0.014735613988966 
0.014734601814579 
0.014733590327518 
0.014732579526905 
0.014731569411859 
0.014730559981494 
0.014729551234917 
0.014728543171233 
0.014727535789541 
0.014726529088934 
0.014725523068503 
0.014724517727332 
0.014723513064502 
0.014722509079088 
0.014721505770162 
0.014720503136791 
0.014719501178038 
0.014718499892961 
0.014717499280614 
0.014716499340048 
0.014715500070306 
0.014714501470432 
0.014713503539462 
0.014712506276431 
0.014711509680367 
0.014710513750296 
0.014709518485240 
0.014708523884216 
0.014707529946239 
0.014706536670320 
0.014705544055463 
0.014704552100674 
0.014703560804950 
0.014702570167289 
0.014701580186681 
0.014700590862117 
0.014699602192581 
0.014698614177056 
0.014697626814521 
0.014696640103951 
0.014695654044318 
0.014694668634592 
0.014693683873738 
0.014692699760719 
0.014691716294496 
0.014690733474024 
0.014689751298259 
0.014688769766151 
0.014687788876647 
0.014686808628694 
0.014685829021234 
0.014684850053206 
0.014683871723548 
0.014682894031195 
0.014681916975077 
0.014680940554124 
0.014679964767263 
0.014678989613418 
0.014678015091510 
0.014677041200460 
0.014676067939185 
0.014675095306598 
0.014674123301613 
0.014673151923139 
0.014672181170085 
0.014671211041356 
0.014670241535857 
0.014669272652489 
0.014668304390151 
0.014667336747742 
0.014666369724156 
