1.000000000000000 
0.483048463221214 
0.479041639976147 
0.478695692536285 
0.478524817674182 
0.478378544383804 
0.478227592575057 
0.478060616692091 
0.477870572992759 
0.477651463248170 
0.477397260355493 
0.477101449358963 
0.476756779817911 
0.476355105706775 
0.475887272859668 
0.475343044183122 
0.474711066115051 
0.473978886937943 
0.473133041946070 
0.472159222992244 
0.471042550471053 
0.469767963757935 
0.468320740785822 
0.466687148162151 
0.464855209731538 
0.462815564164900 
0.460562362352646 
0.458094135575584 
0.455414549151573 
0.452532947643604 
0.449464600671087 
0.446230575497943 
0.442857194194420 
0.439375076736873 
0.435817821565717 
0.432220424379553 
0.428617575830883 
0.425042001320178 
0.421523005458627 
0.418085358104789 
0.414748611526143 
0.411526877909594 
0.408429035532009 
0.405459282937158 
0.402617931892108 
0.399902323094457 
0.397307758047838 
0.394828357536478 
0.392457775554306 
0.390189717795003 
0.388018241299889 
0.385937849144403 
0.383943433193550 
0.382030142886200 
0.380193256943606 
0.378428110238509 
0.376730093556129 
0.375094714156276 
0.373517687892078 
0.371995030116708 
0.370523119467010 
0.369098720989199 
0.367718968124974 
0.366381313102596 
0.365083460411276 
0.363823298322873 
0.362598840246242 
0.361408182916244 
0.360249483643097 
0.359120955083344 
0.358020873618511 
0.356947596360204 
0.355899581724197 
0.354875409068657 
0.353873793785364 
0.352893595296401 
0.351933816563771 
0.350993594919199 
0.350072185189401 
0.349168937095815 
0.348283269583152 
0.347414644947084 
0.346562545355065 
0.345726453677709 
0.344905839659665 
0.344100151574621 
0.343308812803621 
0.342531222339404 
0.341766758055785 
0.341014781632915 
0.340274644213491 
0.339545692102780 
0.338827272057845 
0.338118735905178 
0.337419444368482 
0.336728770082305 
0.336046099822761 
0.335370836016961 
0.334702397610063 
0.334040220382610 
0.333383756826607 
0.332732475708268 
0.332085861466861 
0.331443413618174 
0.330804646342037 
0.330169088430219 
0.329536283748879 
0.328905792325256 
0.328277192100746 
0.327650081303382 
0.327024081287167 
0.326398839572318 
0.325774032711885 
0.325149368522875 
0.324524587171873 
0.323899460612088 
0.323273789939487 
0.322647400367057 
0.322020133690863 
0.321391838311240 
0.320762357045725 
0.320131513105708 
0.319499094707477 
0.318864838889024 
0.318228415294999 
0.317589411131617 
0.316947319434768 
0.316301534615554 
0.315651362428404 
0.314996056405367 
0.314334898870016 
0.313667348592175 
0.312993270222959 
0.312313228639089 
0.311628766637708 
0.310942515347830 
0.310257991371184 
0.309579073371229 
0.308909350257105 
0.308251615622863 
0.307607673724129 
0.306978436211332 
0.306364174269080 
0.305764785005438 
0.305179986085875 
0.304609415932063 
0.304052660721063 
0.303509246052216 
0.302978625298024 
0.302460180569078 
0.301953237785776 
0.301457090049153 
0.300971022541395 
0.300494334300748 
0.300026354766025 
0.299566454810711 
0.299114052946793 
0.298668617725536 
0.298229667374276 
0.297796767573456 
0.297369528098676 
0.296947598875671 
0.296530665841044 
0.296118446874074 
0.295710687965362 
0.295307159713639 
0.294907654189327 
0.294511982168119 
0.294119970715953 
0.293731461094756 
0.293346306953079 
0.292964372765105 
0.292585532483341 
0.292209668373758 
0.291836670006015 
0.291466433375342 
0.291098860136347 
0.290733856932201 
0.290371334805440 
0.290011208678840 
0.289653396896712 
0.289297820818399 
0.288944404456990 
0.288593074157148 
0.288243758306755 
0.287896387077646 
0.287550892191243 
0.287207206705249 
0.286865264817971 
0.286525001687021 
0.286186353259476 
0.285849256110639 
0.285513647288768 
0.285179464163176 
0.284846644273191 
0.284515125175494 
0.284184844287326 
0.283855738723073 
0.283527745121610 
0.283200799461771 
0.282874836863127 
0.282549791369227 
0.282225595710211 
0.281902181041727 
0.281579476656959 
0.281257409668666 
0.280935904658408 
0.280614883290734 
0.280294263891048 
0.279973960987758 
0.279653884821919 
0.279333940831795 
0.279014029125837 
0.278694043966266 
0.278373873297464 
0.278053398369551 
0.277732493528515 
0.277411026270013 
0.277088857683755 
0.276765843446073 
0.276441835543828 
0.276116684922812 
0.275790245232702 
0.275462377769046 
0.275132957571609 
0.274801880417776 
0.274469070162537 
0.274134485571234 
0.273798125556285 
0.273460031675562 
0.273120286970254 
0.272779010730598 
0.272436349484024 
0.272092465208760 
0.271747522269348 
0.271401674702955 
0.271055055245508 
0.270707766991316 
0.270359878006618 
0.270011418725350 
0.269662381634126 
0.269312722616033 
0.268962363330437 
0.268611194100314 
0.268259076906921 
0.267905848219791 
0.267551321504679 
0.267195289358006 
0.266837525333002 
0.266477785680331 
0.266115811463012 
0.265751331862628 
0.265384070001529 
0.265013753255292 
0.264640130713389 
0.264263000860308 
0.263882252077253 
0.263497916258713 
0.263110230767077 
0.262719696225017 
0.262327109942424 
0.261933552805937 
0.261540317016667 
0.261148782769831 
0.260760273750910 
0.260375930343163 
0.259996629971070 
0.259622963345995 
0.259255256496524 
0.258893619459844 
0.258538003257627 
0.258188252625774 
0.257844148419615 
0.257505438367240 
0.257171857481829 
0.256843140462449 
0.256519028474915 
0.256199272325662 
0.255883633535698 
0.255571884345690 
0.255263807298607 
0.254959194763955 
0.254657848576099 
0.254359579839319 
0.254064208884931 
0.253771565334136 
0.253481488211443 
0.253193826057589 
0.252908437001534 
0.252625188763792 
0.252343958575580 
0.252064633008689 
0.251787107719106 
0.251511287113015 
0.251237083947433 
0.250964418879482 
0.250693219978642 
0.250423422215847 
0.250154966941913 
0.249887801366246 
