1.000000000000000 
0.050843794071593 
0.050720885765338 
0.050706430004387 
0.050700876833884 
0.050697988339027 
0.050696235730634 
0.050695065788195 
0.050694231331030 
0.050693606091100 
0.050693119303143 
0.050692728495113 
0.050692406774798 
0.050692136355981 
0.050691905036739 
0.050691704180098 
0.050691527504649 
0.050691370332943 
0.050691229109059 
0.050691101079991 
0.050690984079779 
0.050690876379842 
0.050690776583043 
0.050690683547254 
0.050690596329270 
0.050690514142994 
0.050690436327813 
0.050690362324370 
0.050690291655769 
0.050690223912847 
0.050690158742503 
0.050690095838373 
0.050690034933303 
0.050689975793240 
0.050689918212224 
0.050689862008264 
0.050689807019914 
0.050689753103420 
0.050689700130322 
0.050689647985436 
0.050689596565140 
0.050689545775920 
0.050689495533121 
0.050689445759885 
0.050689396386226 
0.050689347348233 
0.050689298587389 
0.050689250049959 
0.050689201686477 
0.050689153451281 
0.050689105302112 
0.050689057199762 
0.050689009107758 
0.050688960992090 
0.050688912820962 
0.050688864564577 
0.050688816194942 
0.050688767685695 
0.050688719011951 
0.050688670150162 
0.050688621077995 
0.050688571774216 
0.050688522218595 
0.050688472391810 
0.050688422275366 
0.050688371851521 
0.050688321103220 
0.050688270014030 
0.050688218568085 
0.050688166750040 
0.050688114545016 
0.050688061938565 
0.050688008916625 
0.050687955465491 
0.050687901571776 
0.050687847222383 
0.050687792404479 
0.050687737105468 
0.050687681312966 
0.050687625014783 
0.050687568198897 
0.050687510853441 
0.050687452966683 
0.050687394527008 
0.050687335522908 
0.050687275942961 
0.050687215775825 
0.050687155010221 
0.050687093634922 
0.050687031638743 
0.050686969010534 
0.050686905739163 
0.050686841813515 
0.050686777222476 
0.050686711954934 
0.050686645999762 
0.050686579345817 
0.050686511981931 
0.050686443896904 
0.050686375079500 
0.050686305518438 
0.050686235202390 
0.050686164119972 
0.050686092259741 
0.050686019610190 
0.050685946159742 
0.050685871896746 
0.050685796809472 
0.050685720886110 
0.050685644114760 
0.050685566483433 
0.050685487980044 
0.050685408592411 
0.050685328308246 
0.050685247115159 
0.050685165000649 
0.050685081952101 
0.050684997956784 
0.050684913001848 
0.050684827074319 
0.050684740161095 
0.050684652248948 
0.050684563324515 
0.050684473374297 
0.050684382384657 
0.050684290341814 
0.050684197231845 
0.050684103040676 
0.050684007754085 
0.050683911357692 
0.050683813836963 
0.050683715177204 
0.050683615363557 
0.050683514380999 
0.050683412214336 
0.050683308848206 
0.050683204267070 
0.050683098455212 
0.050682991396736 
0.050682883075561 
0.050682773475422 
0.050682662579864 
0.050682550372238 
0.050682436835702 
0.050682321953214 
0.050682205707533 
0.050682088081211 
0.050681969056595 
0.050681848615821 
0.050681726740811 
0.050681603413270 
0.050681478614686 
0.050681352326321 
0.050681224529214 
0.050681095204172 
0.050680964331772 
0.050680831892355 
0.050680697866022 
0.050680562232632 
0.050680424971801 
0.050680286062893 
0.050680145485022 
0.050680003217046 
0.050679859237562 
0.050679713524907 
0.050679566057151 
0.050679416812094 
0.050679265767264 
0.050679112899911 
0.050678958187004 
0.050678801605230 
0.050678643130987 
0.050678482740380 
0.050678320409221 
0.050678156113021 
0.050677989826987 
0.050677821526022 
0.050677651184714 
0.050677478777339 
0.050677304277851 
0.050677127659884 
0.050676948896740 
0.050676767961394 
0.050676584826483 
0.050676399464301 
0.050676211846803 
0.050676021945590 
0.050675829731913 
0.050675635176662 
0.050675438250368 
0.050675238923191 
0.050675037164924 
0.050674832944978 
0.050674626232389 
0.050674416995801 
0.050674205203472 
0.050673990823261 
0.050673773822628 
0.050673554168628 
0.050673331827902 
0.050673106766679 
0.050672878950763 
0.050672648345535 
0.050672414915943 
0.050672178626496 
0.050671939441263 
0.050671697323865 
0.050671452237467 
0.050671204144776 
0.050670953008035 
0.050670698789015 
0.050670441449012 
0.050670180948837 
0.050669917248815 
0.050669650308776 
0.050669380088049 
0.050669106545456 
0.050668829639308 
0.050668549327395 
0.050668265566982 
0.050667978314803 
0.050667687527051 
0.050667393159377 
0.050667095166877 
0.050666793504092 
0.050666488124996 
0.050666178982990 
0.050665866030896 
0.050665549220952 
0.050665228504801 
0.050664903833486 
0.050664575157441 
0.050664242426486 
0.050663905589818 
0.050663564596005 
0.050663219392977 
0.050662869928017 
0.050662516147756 
0.050662157998165 
0.050661795424544 
0.050661428371518 
0.050661056783026 
0.050660680602313 
0.050660299771924 
0.050659914233693 
0.050659523928736 
0.050659128797443 
0.050658728779466 
0.050658323813715 
0.050657913838345 
0.050657498790751 
0.050657078607555 
0.050656653224601 
0.050656222576940 
0.050655786598828 
0.050655345223711 
0.050654898384217 
0.050654446012149 
0.050653988038471 
0.050653524393300 
0.050653055005898 
0.050652579804661 
0.050652098717106 
0.050651611669864 
0.050651118588670 
0.050650619398351 
0.050650114022814 
0.050649602385041 
0.050649084407072 
0.050648560009996 
0.050648029113944 
0.050647491638073 
0.050646947500557 
0.050646396618575 
0.050645838908301 
0.050645274284892 
0.050644702662474 
0.050644123954136 
0.050643538071912 
0.050642944926772 
0.050642344428611 
0.050641736486235 
0.050641121007349 
0.050640497898546 
0.050639867065293 
0.050639228411921 
0.050638581841607 
0.050637927256368 
0.050637264557042 
0.050636593643281 
0.050635914413532 
0.050635226765028 
0.050634530593772 
0.050633825794524 
0.050633112260791 
0.050632389884808 
0.050631658557527 
0.050630918168603 
0.050630168606380 
0.050629409757875 
0.050628641508767 
0.050627863743381 
0.050627076344672 
0.050626279194213 
0.050625472172179 
0.050624655157332 
0.050623828027007 
0.050622990657097 
0.050622142922036 
0.050621284694785 
0.050620415846820 
0.050619536248108 
0.050618645767101 
0.050617744270714 
0.050616831624313 
0.050615907691696 
0.050614972335078 
0.050614025415078 
0.050613066790696 
0.050612096319305 
0.050611113856628 
0.050610119256726 
0.050609112371978 
0.050608093053066 
0.050607061148958 
0.050606016506892 
0.050604958972357 
0.050603888389080 
0.050602804599002 
0.050601707442269 
0.050600596757208 
0.050599472380313 
0.050598334146227 
0.050597181887725 
0.050596015435695 
0.050594834619121 
0.050593639265066 
0.050592429198653 
0.050591204243050 
0.050589964219446 
0.050588708947039 
0.050587438243018 
0.050586151922539 
0.050584849798714 
0.050583531682586 
0.050582197383119 
0.050580846707170 
0.050579479459481 
0.050578095442652 
0.050576694457128 
0.050575276301178 
0.050573840770878 
0.050572387660093 
0.050570916760457 
0.050569427861356 
0.050567920749909 
0.050566395210949 
0.050564851027007 
0.050563287978292 
0.050561705842672 
0.050560104395657 
0.050558483410380 
0.050556842657581 
0.050555181905585 
0.050553500920288 
0.050551799465134 
0.050550077301103 
0.050548334186690 
0.050546569877885 
0.050544784128162 
0.050542976688452 
0.050541147307134 
0.050539295730015 
0.050537421700309 
0.050535524958626 
0.050533605242950 
0.050531662288624 
0.050529695828335 
0.050527705592096 
0.050525691307227 
0.050523652698345 
0.050521589487342 
0.050519501393373 
0.050517388132838 
0.050515249419371 
0.050513084963818 
0.050510894474229 
0.050508677655839 
0.050506434211055 
0.050504163839445 
0.050501866237717 
0.050499541099715 
0.050497188116398 
0.050494806975830 
0.050492397363170 
0.050489958960656 
0.050487491447598 
0.050484994500359 
0.050482467792355 
0.050479910994033 
0.050477323772870 
0.050474705793360 
0.050472056717002 
0.050469376202296 
0.050466663904733 
0.050463919476788 
0.050461142567910 
0.050458332824518 
0.050455489889996 
0.050452613404686 
0.050449703005879 
0.050446758327821 
0.050443779001698 
0.050440764655641 
0.050437714914719 
0.050434629400940 
0.050431507733250 
0.050428349527531 
0.050425154396600 
0.050421921950217 
0.050418651795079 
0.050415343534828 
0.050411996770053 
0.050408611098294 
0.050405186114048 
0.050401721408774 
0.050398216570904 
0.050394671185844 
0.050391084835990 
0.050387457100735 
0.050383787556478 
0.050380075776641 
0.050376321331675 
0.050372523789082 
0.050368682713422 
0.050364797666336 
0.050360868206561 
0.050356893889945 
0.050352874269473 
0.050348808895282 
0.050344697314687 
0.050340539072204 
0.050336333709571 
0.050332080765778 
0.050327779777093 
0.050323430277090 
0.050319031796677 
0.050314583864133 
0.050310086005135 
0.050305537742793 
0.050300938597691 
0.050296288087916 
0.050291585729102 
0.050286831034469 
0.050282023514865 
0.050277162678808 
0.050272248032532 
0.050267279080032 
0.050262255323116 
0.050257176261451 
0.050252041392615 
0.050246850212152 
0.050241602213627 
0.050236296888682 
0.050230933727094 
0.050225512216837 
0.050220031844143 
0.050214492093567 
0.050208892448053 
0.050203232389002 
0.050197511396339 
0.050191728948592 
0.050185884522957 
0.050179977595380 
0.050174007640633 
0.050167974132393 
0.050161876543323 
0.050155714345159 
0.050149487008794 
0.050143194004366 
0.050136834801347 
0.050130408868640 
0.050123915674666 
0.050117354687466 
0.050110725374800 
0.050104027204244 
0.050097259643295 
0.050090422159477 
0.050083514220447 
0.050076535294105 
0.050069484848707 
0.050062362352976 
0.050055167276223 
0.050047899088458 
0.050040557260520 
0.050033141264191 
0.050025650572327 
0.050018084658982 
0.050010442999541 
0.050002725070845 
0.049994930351333 
0.049987058321172 
0.049979108462398 
0.049971080259057 
0.049962973197344 
0.049954786765750 
0.049946520455212 
0.049938173759254 
0.049929746174146 
0.049921237199053 
0.049912646336189 
0.049903973090979 
0.049895216972211 
0.049886377492205 
0.049877454166970 
0.049868446516371 
0.049859354064297 
0.049850176338827 
0.049840912872404 
0.049831563202003 
0.049822126869309 
0.049812603420888 
0.049802992408371 
0.049793293388625 
0.049783505923939 
0.049773629582203 
0.049763663937094 
0.049753608568256 
0.049743463061491 
0.049733227008944 
0.049722900009291 
0.049712481667929 
0.049701971597167 
0.049691369416417 
0.049680674752387 
0.049669887239274 
0.049659006518960 
0.049648032241202 
0.049636964063834 
0.049625801652958 
0.049614544683142 
0.049603192837620 
0.049591745808484 
0.049580203296882 
0.049568565013222 
0.049556830677359 
0.049545000018803 
0.049533072776918 
0.049521048701093 
0.049508927550967 
0.049496709096615 
0.049484393118746 
0.049471979408893 
0.049459467769612 
0.049446858014671 
0.049434149969244 
0.049421343470100 
0.049408438365797 
0.049395434516863 
0.049382331795990 
0.049369130088213 
0.049355829291097 
0.049342429314919 
0.049328930082844 
0.049315331531104 
0.049301633609175 
0.049287836279946 
0.049273939519893 
0.049259943319245 
0.049245847682149 
0.049231652626832 
0.049217358185759 
0.049202964405793 
0.049188471348342 
0.049173879089514 
0.049159187720257 
0.049144397346507 
0.049129508089322 
0.049114520085019 
0.049099433485304 
0.049084248457398 
0.049068965184158 
0.049053583864197 
0.049038104711997 
0.049022527958015 
0.049006853848789 
0.048991082647035 
0.048975214631743 
0.048959250098266 
0.048943189358400 
0.048927032740464 
0.048910780589374 
0.048894433266710 
0.048877991150774 
0.048861454636649 
0.048844824136245 
0.048828100078349 
0.048811282908655 
0.048794373089800 
0.048777371101389 
0.048760277440010 
0.048743092619250 
0.048725817169698 
0.048708451638949 
0.048690996591587 
0.048673452609179 
0.048655820290250 
0.048638100250255 
0.048620293121545 
0.048602399553322 
0.048584420211592 
0.048566355779109 
0.048548206955308 
0.048529974456238 
0.048511659014480 
0.048493261379065 
0.048474782315380 
0.048456222605066 
0.048437583045915 
0.048418864451749 
0.048400067652303 
0.048381193493095 
0.048362242835286 
0.048343216555538 
0.048324115545863 
0.048304940713461 
0.048285692980559 
0.048266373284231 
0.048246982576226 
0.048227521822770 
0.048207992004378 
0.048188394115653 
0.048168729165069 
0.048148998174764 
0.048129202180311 
0.048109342230493 
0.048089419387061 
0.048069434724496 
0.048049389329756 
0.048029284302023 
0.048009120752438 
0.047988899803832 
0.047968622590453 
0.047948290257684 
0.047927903961758 
0.047907464869461 
0.047886974157841 
0.047866433013896 
0.047845842634272 
0.047825204224943 
0.047804519000897 
0.047783788185807 
0.047763013011706 
0.047742194718651 
0.047721334554384 
0.047700433773993 
0.047679493639563 
0.047658515419826 
0.047637500389810 
0.047616449830476 
0.047595365028363 
0.047574247275221 
0.047553097867644 
0.047531918106700 
0.047510709297562 
0.047489472749129 
0.047468209773653 
0.047446921686360 
0.047425609805064 
0.047404275449796 
0.047382919942412 
0.047361544606210 
0.047340150765549 
0.047318739745460 
0.047297312871262 
0.047275871468173 
0.047254416860926 
0.047232950373382 
0.047211473328147 
0.047189987046181 
0.047168492846422 
0.047146992045394 
0.047125485956836 
0.047103975891311 
0.047082463155838 
0.047060949053507 
0.047039434883112 
0.047017921938775 
0.046996411509578 
0.046974904879196 
0.046953403325538 
0.046931908120381 
0.046910420529017 
0.046888941809902 
0.046867473214300 
0.046846015985948 
0.046824571360706 
0.046803140566226 
0.046781724821617 
0.046760325337122 
0.046738943313792 
0.046717579943170 
0.046696236406981 
0.046674913876823 
0.046653613513867 
0.046632336468566 
0.046611083880358 
0.046589856877391 
0.046568656576241 
0.046547484081643 
0.046526340486225 
0.046505226870255 
0.046484144301384 
0.046463093834409 
0.046442076511026 
0.046421093359609 
0.046400145394983 
0.046379233618206 
0.046358359016362 
0.046337522562360 
0.046316725214741 
0.046295967917487 
0.046275251599847 
0.046254577176161 
0.046233945545699 
0.046213357592504 
0.046192814185245 
0.046172316177071 
0.046151864405484 
0.046131459692211 
0.046111102843087 
0.046090794647944 
0.046070535880511 
0.046050327298318 
0.046030169642612 
0.046010063638278 
0.045990009993765 
0.045970009401027 
0.045950062535464 
0.045930170055878 
0.045910332604430 
0.045890550806608 
0.045870825271202 
0.045851156590286 
0.045831545339208 
0.045811992076586 
0.045792497344314 
0.045773061667571 
0.045753685554842 
0.045734369497937 
0.045715113972034 
0.045695919435707 
0.045676786330979 
0.045657715083370 
0.045638706101957 
0.045619759779440 
0.045600876492210 
0.045582056600433 
0.045563300448124 
0.045544608363245 
0.045525980657793 
0.045507417627905 
0.045488919553963 
0.045470486700704 
0.045452119317338 
0.045433817637669 
0.045415581880223 
0.045397412248374 
0.045379308930489 
0.045361272100061 
0.045343301915855 
0.045325398522059 
0.045307562048437 
0.045289792610486 
0.045272090309591 
0.045254455233198 
0.045236887454976 
0.045219387034988 
0.045201954019868 
0.045184588442995 
0.045167290324675 
0.045150059672321 
0.045132896480639 
0.045115800731816 
0.045098772395711 
0.045081811430041 
0.045064917780579 
0.045048091381350 
0.045031332154823 
0.045014640012115 
0.044998014853184 
0.044981456567038 
0.044964965031927 
0.044948540115555 
0.044932181675278 
0.044915889558307 
0.044899663601917 
0.044883503633650 
0.044867409471518 
0.044851380924211 
0.044835417791301 
0.044819519863447 
0.044803686922599 
0.044787918742206 
0.044772215087415 
0.044756575715277 
0.044741000374951 
0.044725488807903 
0.044710040748107 
0.044694655922249 
0.044679334049920 
0.044664074843819 
0.044648878009946 
0.044633743247799 
0.044618670250566 
0.044603658705318 
0.044588708293199 
0.044573818689618 
0.044558989564429 
0.044544220582126 
0.044529511402017 
0.044514861678414 
0.044500271060806 
0.044485739194041 
0.044471265718499 
0.044456850270268 
0.044442492481314 
0.044428191979649 
0.044413948389501 
0.044399761331477 
0.044385630422726 
0.044371555277098 
0.044357535505304 
0.044343570715070 
0.044329660511294 
0.044315804496191 
0.044302002269446 
0.044288253428359 
0.044274557567989 
0.044260914281295 
0.044247323159278 
0.044233783791113 
0.044220295764286 
0.044206858664729 
0.044193472076944 
0.044180135584135 
0.044166848768331 
0.044153611210511 
0.044140422490720 
0.044127282188194 
0.044114189881471 
0.044101145148506 
0.044088147566785 
0.044075196713430 
0.044062292165312 
0.044049433499153 
0.044036620291627 
0.044023852119470 
0.044011128559566 
0.043998449189056 
0.043985813585428 
0.043973221326608 
0.043960671991057 
0.043948165157858 
0.043935700406801 
0.043923277318471 
0.043910895474334 
0.043898554456818 
0.043886253849391 
0.043873993236642 
0.043861772204360 
0.043849590339606 
0.043837447230790 
0.043825342467741 
0.043813275641781 
0.043801246345790 
0.043789254174278 
0.043777298723449 
0.043765379591266 
0.043753496377516 
0.043741648683870 
0.043729836113946 
0.043718058273365 
0.043706314769812 
0.043694605213092 
0.043682929215184 
0.043671286390295 
0.043659676354915 
0.043648098727865 
0.043636553130350 
0.043625039186006 
0.043613556520950 
0.043602104763821 
0.043590683545830 
0.043579292500805 
0.043567931265228 
0.043556599478279 
0.043545296781878 
0.043534022820723 
0.043522777242325 
0.043511559697048 
0.043500369838144 
0.043489207321781 
0.043478071807084 
0.043466962956164 
0.043455880434145 
0.043444823909194 
0.043433793052554 
0.043422787538564 
0.043411807044686 
0.043400851251532 
0.043389919842883 
0.043379012505712 
0.043368128930205 
0.043357268809777 
0.043346431841094 
0.043335617724085 
0.043324826161959 
0.043314056861219 
0.043303309531672 
0.043292583886444 
0.043281879641985 
0.043271196518082 
0.043260534237860 
0.043249892527796 
0.043239271117715 
0.043228669740799 
0.043218088133584 
0.043207526035965 
0.043196983191191 
0.043186459345865 
0.043175954249940 
0.043165467656713 
0.043154999322821 
0.043144549008228 
0.043134116476225 
0.043123701493411 
0.043113303829686 
0.043102923258240 
0.043092559555533 
0.043082212501289 
0.043071881878467 
0.043061567473257 
0.043051269075051 
0.043040986476430 
0.043030719473136 
0.043020467864058 
0.043010231451203 
0.043000010039673 
0.042989803437641 
0.042979611456325 
0.042969433909957 
0.042959270615760 
0.042949121393917 
0.042938986067540 
0.042928864462642 
0.042918756408101 
0.042908661735632 
0.042898580279757 
0.042888511877761 
0.042878456369669 
0.042868413598205 
0.042858383408759 
0.042848365649352 
0.042838360170598 
0.042828366825670 
0.042818385470261 
0.042808415962548 
0.042798458163155 
0.042788511935116 
0.042778577143835 
0.042768653657055 
0.042758741344810 
0.042748840079397 
0.042738949735335 
0.042729070189325 
0.042719201320217 
0.042709343008972 
0.042699495138624 
0.042689657594244 
0.042679830262906 
0.042670013033649 
0.042660205797444 
0.042650408447159 
0.042640620877525 
0.042630842985101 
0.042621074668245 
0.042611315827080 
0.042601566363462 
0.042591826180951 
0.042582095184783 
0.042572373281837 
0.042562660380611 
0.042552956391195 
0.042543261225240 
0.042533574795943 
0.042523897018012 
0.042514227807653 
0.042504567082538 
0.042494914761796 
0.042485270765983 
0.042475635017070 
0.042466007438422 
0.042456387954786 
0.042446776492269 
0.042437172978333 
0.042427577341774 
0.042417989512718 
0.042408409422603 
0.042398837004175 
0.042389272191481 
0.042379714919856 
0.042370165125923 
0.042360622747586 
0.042351087724027 
0.042341559995703 
0.042332039504346 
0.042322526192962 
0.042313020005832 
0.042303520888513 
0.042294028787842 
0.042284543651940 
0.042275065430214 
0.042265594073368 
0.042256129533403 
0.042246671763628 
0.042237220718670 
0.042227776354478 
0.042218338628333 
0.042208907498866 
0.042199482926057 
0.042190064871254 
0.042180653297185 
0.042171248167964 
0.042161849449112 
0.042152457107564 
0.042143071111686 
0.042133691431286 
0.042124318037629 
0.042114950903453 
0.042105590002980 
0.042096235311932 
0.042086886807543 
0.042077544468578 
0.042068208275342 
0.042058878209696 
0.042049554255069 
0.042040236396476 
0.042030924620526 
0.042021618915435 
0.042012319271043 
0.042003025678818 
0.041993738131875 
0.041984456624982 
0.041975181154570 
0.041965911718744 
0.041956648317291 
0.041947390951688 
0.041938139625107 
0.041928894342424 
0.041919655110221 
0.041910421936793 
0.041901194832149 
0.041891973808018 
0.041882758877842 
0.041873550056788 
0.041864347361735 
0.041855150811280 
0.041845960425731 
0.041836776227103 
0.041827598239112 
0.041818426487168 
0.041809260998368 
0.041800101801483 
0.041790948926952 
0.041781802406865 
0.041772662274952 
0.041763528566566 
0.041754401318671 
0.041745280569819 
0.041736166360135 
0.041727058731295 
0.041717957726503 
0.041708863390473 
0.041699775769397 
0.041690694910929 
0.041681620864146 
0.041672553679530 
0.041663493408936 
0.041654440105558 
0.041645393823897 
0.041636354619733 
0.041627322550083 
0.041618297673171 
0.041609280048388 
0.041600269736255 
0.041591266798384 
0.041582271297437 
0.041573283297083 
0.041564302861960 
0.041555330057629 
0.041546364950527 
0.041537407607928 
0.041528458097891 
0.041519516489216 
0.041510582851397 
0.041501657254570 
0.041492739769468 
0.041483830467369 
0.041474929420046 
0.041466036699714 
0.041457152378983 
0.041448276530802 
0.041439409228407 
0.041430550545271 
0.041421700555048 
0.041412859331520 
0.041404026948545 
0.041395203480001 
0.041386388999735 
0.041377583581507 
0.041368787298935 
0.041360000225443 
0.041351222434208 
0.041342453998102 
0.041333694989643 
0.041324945480941 
0.041316205543643 
0.041307475248879 
0.041298754667216 
0.041290043868600 
0.041281342922307 
0.041272651896892 
0.041263970860140 
0.041255299879014 
0.041246639019607 
0.041237988347096 
0.041229347925691 
0.041220717818590 
0.041212098087935 
0.041203488794764 
0.041194889998970 
0.041186301759253 
0.041177724133085 
0.041169157176666 
0.041160600944880 
0.041152055491264 
0.041143520867963 
0.041134997125699 
0.041126484313732 
0.041117982479832 
0.041109491670234 
0.041101011929621 
0.041092543301084 
0.041084085826096 
0.041075639544486 
0.041067204494410 
0.041058780712327 
0.041050368232977 
0.041041967089355 
0.041033577312697 
0.041025198932453 
0.041016831976274 
0.041008476469993 
0.041000132437613 
0.040991799901288 
0.040983478881316 
0.040975169396126 
0.040966871462266 
0.040958585094401 
0.040950310305299 
0.040942047105832 
0.040933795504967 
0.040925555509768 
0.040917327125391 
0.040909110355085 
0.040900905200195 
0.040892711660164 
0.040884529732534 
0.040876359412958 
0.040868200695198 
0.040860053571140 
0.040851918030798 
0.040843794062327 
0.040835681652033 
0.040827580784385 
0.040819491442029 
0.040811413605802 
0.040803347254749 
0.040795292366137 
0.040787248915474 
0.040779216876529 
0.040771196221349 
0.040763186920278 
0.040755188941983 
0.040747202253473 
0.040739226820121 
0.040731262605687 
0.040723309572348 
0.040715367680715 
0.040707436889865 
0.040699517157364 
0.040691608439295 
0.040683710690285 
0.040675823863535 
0.040667947910846 
0.040660082782648 
0.040652228428035 
0.040644384794787 
0.040636551829405 
0.040628729477144 
0.040620917682039 
0.040613116386939 
0.040605325533539 
0.040597545062412 
0.040589774913043 
0.040582015023857 
0.040574265332255 
0.040566525774649 
0.040558796286489 
0.040551076802303 
0.040543367255724 
0.040535667579532 
0.040527977705675 
0.040520297565316 
0.040512627088856 
0.040504966205973 
0.040497314845658 
0.040489672936240 
0.040482040405427 
0.040474417180338 
0.040466803187533 
0.040459198353051 
0.040451602602440 
0.040444015860792 
0.040436438052775 
0.040428869102666 
0.040421308934383 
0.040413757471519 
0.040406214637376 
0.040398680354990 
0.040391154547173 
0.040383637136537 
0.040376128045530 
0.040368627196465 
0.040361134511553 
0.040353649912931 
0.040346173322698 
0.040338704662940 
0.040331243855763 
0.040323790823322 
0.040316345487855 
0.040308907771702 
0.040301477597347 
0.040294054887437 
0.040286639564816 
0.040279231552551 
0.040271830773962 
0.040264437152646 
0.040257050612510 
0.040249671077790 
0.040242298473087 
0.040234932723389 
0.040227573754094 
0.040220221491042 
0.040212875860534 
0.040205536789365 
0.040198204204839 
0.040190878034803 
0.040183558207663 
0.040176244652413 
0.040168937298656 
0.040161636076625 
0.040154340917210 
0.040147051751977 
0.040139768513190 
0.040132491133831 
0.040125219547623 
0.040117953689051 
0.040110693493378 
0.040103438896667 
0.040096189835800 
0.040088946248497 
0.040081708073331 
0.040074475249751 
0.040067247718091 
0.040060025419595 
0.040052808296428 
0.040045596291693 
0.040038389349442 
0.040031187414698 
0.040023990433465 
0.040016798352737 
0.040009611120518 
0.040002428685828 
0.039995250998720 
0.039988078010285 
0.039980909672666 
0.039973745939068 
0.039966586763765 
0.039959432102109 
0.039952281910538 
0.039945136146582 
0.039937994768871 
0.039930857737142 
0.039923725012237 
0.039916596556116 
0.039909472331857 
0.039902352303657 
0.039895236436837 
0.039888124697842 
0.039881017054244 
0.039873913474739 
0.039866813929149 
0.039859718388419 
0.039852626824618 
0.039845539210929 
0.039838455521655 
0.039831375732210 
0.039824299819113 
0.039817227759984 
0.039810159533540 
0.039803095119583 
0.039796034498997 
0.039788977653739 
0.039781924566827 
0.039774875222332 
0.039767829605370 
0.039760787702088 
0.039753749499655 
0.039746714986248 
0.039739684151038 
0.039732656984180 
0.039725633476799 
0.039718613620971 
0.039711597409714 
0.039704584836966 
0.039697575897577 
0.039690570587284 
0.039683568902700 
0.039676570841295 
0.039669576401377 
0.039662585582073 
0.039655598383314 
0.039648614805812 
0.039641634851045 
0.039634658521230 
0.039627685819312 
0.039620716748938 
0.039613751314437 
0.039606789520800 
0.039599831373661 
0.039592876879272 
0.039585926044483 
0.039578978876725 
0.039572035383980 
0.039565095574766 
0.039558159458112 
0.039551227043539 
0.039544298341036 
0.039537373361036 
0.039530452114399 
0.039523534612388 
0.039516620866647 
0.039509710889178 
0.039502804692322 
0.039495902288735 
0.039489003691371 
0.039482108913454 
0.039475217968463 
0.039468330870108 
0.039461447632311 
0.039454568269181 
0.039447692795002 
0.039440821224206 
0.039433953571357 
0.039427089851127 
0.039420230078283 
0.039413374267663 
0.039406522434159 
0.039399674592701 
0.039392830758234 
0.039385990945706 
0.039379155170045 
0.039372323446147 
0.039365495788856 
0.039358672212949 
0.039351852733118 
0.039345037363960 
0.039338226119954 
0.039331419015453 
0.039324616064663 
0.039317817281636 
0.039311022680249 
0.039304232274197 
0.039297446076977 
0.039290664101874 
0.039283886361950 
0.039277112870035 
0.039270343638711 
0.039263578680304 
0.039256818006869 
0.039250061630186 
0.039243309561747 
0.039236561812743 
0.039229818394061 
0.039223079316270 
0.039216344589615 
0.039209614224008 
0.039202888229019 
0.039196166613874 
0.039189449387438 
0.039182736558217 
0.039176028134351 
0.039169324123601 
0.039162624533347 
0.039155929370587 
0.039149238641925 
0.039142552353569 
0.039135870511328 
0.039129193120605 
0.039122520186392 
0.039115851713272 
0.039109187705411 
0.039102528166554 
0.039095873100028 
0.039089222508730 
0.039082576395137 
0.039075934761291 
0.039069297608808 
0.039062664938869 
0.039056036752222 
0.039049413049184 
0.039042793829632 
0.039036179093009 
0.039029568838324 
0.039022963064147 
0.039016361768614 
0.039009764949423 
0.039003172603839 
0.038996584728689 
0.038990001320369 
0.038983422374844 
0.038976847887643 
0.038970277853868 
0.038963712268194 
0.038957151124866 
0.038950594417708 
0.038944042140120 
0.038937494285083 
0.038930950845162 
0.038924411812502 
0.038917877178843 
0.038911346935510 
0.038904821073427 
0.038898299583112 
0.038891782454684 
0.038885269677868 
0.038878761241996 
0.038872257136009 
0.038865757348467 
0.038859261867548 
0.038852770681052 
0.038846283776407 
0.038839801140675 
0.038833322760551 
0.038826848622373 
0.038820378712122 
0.038813913015432 
0.038807451517587 
0.038800994203535 
0.038794541057887 
0.038788092064920 
0.038781647208589 
0.038775206472527 
0.038768769840052 
0.038762337294171 
0.038755908817585 
0.038749484392698 
0.038743064001618 
0.038736647626162 
0.038730235247867 
0.038723826847991 
0.038717422407518 
0.038711021907165 
0.038704625327390 
0.038698232648394 
0.038691843850125 
0.038685458912290 
0.038679077814356 
0.038672700535557 
0.038666327054897 
0.038659957351162 
0.038653591402917 
0.038647229188521 
0.038640870686124 
0.038634515873678 
0.038628164728943 
0.038621817229490 
0.038615473352706 
0.038609133075801 
0.038602796375817 
0.038596463229627 
0.038590133613945 
0.038583807505330 
0.038577484880190 
0.038571165714793 
0.038564849985265 
0.038558537667599 
0.038552228737664 
0.038545923171202 
0.038539620943838 
0.038533322031087 
0.038527026408358 
0.038520734050954 
0.038514444934083 
0.038508159032861 
0.038501876322319 
0.038495596777401 
0.038489320372979 
0.038483047083848 
0.038476776884738 
0.038470509750314 
0.038464245655183 
0.038457984573897 
0.038451726480958 
0.038445471350825 
0.038439219157912 
0.038432969876598 
0.038426723481230 
0.038420479946124 
0.038414239245573 
0.038408001353849 
0.038401766245206 
0.038395533893885 
0.038389304274118 
0.038383077360132 
0.038376853126150 
0.038370631546398 
0.038364412595105 
0.038358196246509 
0.038351982474859 
0.038345771254419 
0.038339562559468 
0.038333356364311 
0.038327152643271 
0.038320951370699 
0.038314752520978 
0.038308556068519 
0.038302361987771 
0.038296170253217 
0.038289980839384 
0.038283793720835 
0.038277608872184 
0.038271426268087 
0.038265245883251 
0.038259067692434 
0.038252891670448 
0.038246717792158 
0.038240546032488 
0.038234376366420 
0.038228208768997 
0.038222043215324 
0.038215879680569 
0.038209718139969 
0.038203558568824 
0.038197400942506 
0.038191245236453 
0.038185091426177 
0.038178939487263 
0.038172789395365 
0.038166641126216 
0.038160494655624 
0.038154349959472 
0.038148207013720 
0.038142065794410 
0.038135926277659 
0.038129788439664 
0.038123652256707 
0.038117517705145 
0.038111384761421 
0.038105253402058 
0.038099123603662 
0.038092995342921 
0.038086868596609 
0.038080743341580 
0.038074619554775 
0.038068497213216 
0.038062376294012 
0.038056256774352 
0.038050138631514 
0.038044021842855 
0.038037906385821 
0.038031792237938 
0.038025679376817 
0.038019567780153 
0.038013457425725 
0.038007348291392 
0.038001240355099 
0.037995133594870 
0.037989027988815 
0.037982923515120 
0.037976820152058 
0.037970717877978 
0.037964616671310 
0.037958516510563 
0.037952417374326 
0.037946319241264 
0.037940222090120 
0.037934125899715 
0.037928030648944 
0.037921936316776 
0.037915842882257 
0.037909750324505 
0.037903658622710 
0.037897567756133 
0.037891477704109 
0.037885388446038 
0.037879299961391 
0.037873212229709 
0.037867125230596 
0.037861038943724 
0.037854953348828 
0.037848868425709 
0.037842784154228 
0.037836700514308 
0.037830617485934 
0.037824535049148 
0.037818453184052 
0.037812371870803 
0.037806291089614 
0.037800210820754 
0.037794131044543 
0.037788051741355 
0.037781972891613 
0.037775894475792 
0.037769816474414 
0.037763738868047 
0.037757661637306 
0.037751584762850 
0.037745508225384 
0.037739432005649 
0.037733356084435 
0.037727280442563 
0.037721205060899 
0.037715129920342 
0.037709055001829 
0.037702980286328 
0.037696905754845 
0.037690831388412 
0.037684757168098 
0.037678683074996 
0.037672609090228 
0.037666535194945 
0.037660461370322 
0.037654387597558 
0.037648313857873 
0.037642240132514 
0.037636166402744 
0.037630092649846 
0.037624018855123 
0.037617944999893 
0.037611871065489 
0.037605797033261 
0.037599722884571 
0.037593648600792 
0.037587574163310 
0.037581499553521 
0.037575424752828 
0.037569349742643 
0.037563274504384 
0.037557199019476 
0.037551123269347 
0.037545047235428 
0.037538970899156 
0.037532894241965 
0.037526817245294 
0.037520739890580 
0.037514662159257 
0.037508584032759 
0.037502505492518 
0.037496426519959 
0.037490347096507 
0.037484267203577 
0.037478186822582 
0.037472105934925 
0.037466024522003 
0.037459942565205 
0.037453860045912 
0.037447776945493 
0.037441693245310 
0.037435608926713 
0.037429523971042 
0.037423438359625 
0.037417352073777 
0.037411265094802 
0.037405177403992 
0.037399088982625 
0.037392999811964 
0.037386909873264 
0.037380819147759 
0.037374727616675 
0.037368635261222 
0.037362542062592 
0.037356448001970 
0.037350353060520 
0.037344257219395 
0.037338160459735 
0.037332062762662 
0.037325964109286 
0.037319864480705 
0.037313763858000 
0.037307662222241 
0.037301559554482 
0.037295455835768 
0.037289351047130 
0.037283245169586 
0.037277138184144 
0.037271030071799 
0.037264920813539 
0.037258810390338 
0.037252698783165 
0.037246585972977 
0.037240471940725 
0.037234356667353 
0.037228240133798 
0.037222122320991 
0.037216003209861 
0.037209882781330 
0.037203761016322 
0.037197637895756 
0.037191513400551 
0.037185387511627 
0.037179260209906 
0.037173131476314 
0.037167001291778 
0.037160869637234 
0.037154736493623 
0.037148601841894 
0.037142465663007 
0.037136327937930 
0.037130188647646 
0.037124047773151 
0.037117905295455 
0.037111761195588 
0.037105615454595 
0.037099468053543 
0.037093318973521 
0.037087168195640 
0.037081015701039 
0.037074861470879 
0.037068705486353 
0.037062547728685 
0.037056388179129 
0.037050226818973 
0.037044063629542 
0.037037898592197 
0.037031731688342 
0.037025562899418 
0.037019392206913 
0.037013219592357 
0.037007045037331 
0.037000868523460 
0.036994690032424 
0.036988509545954 
0.036982327045838 
0.036976142513918 
0.036969955932096 
0.036963767282335 
0.036957576546660 
0.036951383707161 
0.036945188745994 
0.036938991645385 
0.036932792387626 
0.036926590955086 
0.036920387330204 
0.036914181495498 
0.036907973433560 
0.036901763127065 
0.036895550558766 
0.036889335711502 
0.036883118568193 
0.036876899111848 
0.036870677325563 
0.036864453192521 
0.036858226696000 
0.036851997819367 
0.036845766546084 
0.036839532859710 
0.036833296743897 
0.036827058182399 
0.036820817159066 
0.036814573657852 
0.036808327662807 
0.036802079158090 
0.036795828127960 
0.036789574556782 
0.036783318429026 
0.036777059729269 
0.036770798442195 
0.036764534552594 
0.036758268045369 
0.036751998905529 
0.036745727118194 
0.036739452668595 
0.036733175542070 
0.036726895724072 
0.036720613200163 
0.036714327956018 
0.036708039977421 
0.036701749250268 
0.036695455760569 
0.036689159494441 
0.036682860438116 
0.036676558577934 
0.036670253900345 
0.036663946391914 
0.036657636039309 
0.036651322829311 
0.036645006748807 
0.036638687784795 
0.036632365924377 
0.036626041154763 
0.036619713463266 
0.036613382837308 
0.036607049264408 
0.036600712732194 
0.036594373228391 
0.036588030740827 
0.036581685257429 
0.036575336766219 
0.036568985255321 
0.036562630712953 
0.036556273127423 
0.036549912487140 
0.036543548780598 
0.036537181996388 
0.036530812123185 
0.036524439149756 
0.036518063064955 
0.036511683857720 
0.036505301517077 
0.036498916032130 
0.036492527392074 
0.036486135586178 
0.036479740603796 
0.036473342434361 
0.036466941067385 
0.036460536492457 
0.036454128699247 
0.036447717677499 
0.036441303417036 
0.036434885907758 
0.036428465139640 
0.036422041102737 
0.036415613787177 
0.036409183183170 
0.036402749281002 
0.036396312071038 
0.036389871543725 
0.036383427689588 
0.036376980499240 
0.036370529963375 
0.036364076072779 
0.036357618818322 
0.036351158190970 
0.036344694181786 
0.036338226781929 
0.036331755982660 
0.036325281775352 
0.036318804151485 
0.036312323102658 
0.036305838620592 
0.036299350697135 
0.036292859324271 
0.036286364494124 
0.036279866198967 
0.036273364431230 
0.036266859183509 
0.036260350448572 
0.036253838219370 
0.036247322489051 
0.036240803250966 
0.036234280498680 
0.036227754225991 
0.036221224426932 
0.036214691095796 
0.036208154227141 
0.036201613815808 
0.036195069856941 
0.036188522345994 
0.036181971278758 
0.036175416651371 
0.036168858460344 
0.036162296702573 
0.036155731375365 
0.036149162476457 
0.036142590004036 
0.036136013956768 
0.036129434333814 
0.036122851134859 
0.036116264360136 
0.036109674010454 
0.036103080087224 
0.036096482592485 
0.036089881528935 
0.036083276899960 
0.036076668709664 
0.036070056962900 
0.036063441665303 
0.036056822823323 
0.036050200444254 
0.036043574536277 
0.036036945108486 
0.036030312170927 
0.036023675734635 
0.036017035811670 
0.036010392415155 
0.036003745559310 
0.035997095259494 
0.035990441532246 
0.035983784395314 
0.035977123867705 
0.035970459969718 
0.035963792722984 
0.035957122150508 
0.035950448276705 
0.035943771127442 
0.035937090730076 
0.035930407113490 
0.035923720308138 
0.035917030346074 
0.035910337260998 
0.035903641088282 
0.035896941865020 
0.035890239630046 
0.035883534423981 
0.035876826289260 
0.035870115270161 
0.035863401412838 
0.035856684765351 
0.035849965377687 
0.035843243301788 
0.035836518591574 
0.035829791302964 
0.035823061493894 
0.035816329224333 
0.035809594556299 
0.035802857553868 
0.035796118283186 
0.035789376812471 
0.035782633212025 
0.035775887554224 
0.035769139913524 
0.035762390366453 
0.035755638991601 
0.035748885869613 
0.035742131083168 
0.035735374716968 
0.035728616857711 
0.035721857594070 
0.035715097016665 
0.035708335218029 
0.035701572292576 
0.035694808336564 
0.035688043448048 
0.035681277726848 
0.035674511274486 
0.035667744194148 
0.035660976590625 
0.035654208570255 
0.035647440240868 
0.035640671711722 
0.035633903093436 
0.035627134497929 
0.035620366038344 
0.035613597828981 
0.035606829985222 
0.035600062623456 
0.035593295861003 
0.035586529816034 
0.035579764607496 
0.035573000355024 
0.035566237178867 
0.035559475199803 
0.035552714539059 
0.035545955318223 
0.035539197659172 
0.035532441683979 
0.035525687514840 
0.035518935273989 
0.035512185083620 
0.035505437065806 
0.035498691342427 
0.035491948035089 
0.035485207265052 
0.035478469153157 
0.035471733819760 
0.035465001384660 
0.035458271967035 
0.035451545685382 
0.035444822657451 
0.035438103000196 
0.035431386829715 
0.035424674261202 
0.035417965408897 
0.035411260386044 
0.035404559304849 
0.035397862276441 
0.035391169410838 
0.035384480816918 
0.035377796602391 
0.035371116873772 
0.035364441736365 
0.035357771294244 
0.035351105650238 
0.035344444905925 
0.035337789161620 
0.035331138516378 
0.035324493067988 
0.035317852912978 
0.035311218146624 
0.035304588862952 
0.035297965154757 
0.035291347113612 
0.035284734829890 
0.035278128392779 
0.035271527890307 
0.035264933409362 
0.035258345035723 
0.035251762854086 
0.035245186948089 
0.035238617400350 
0.035232054292494 
0.035225497705191 
0.035218947718184 
0.035212404410331 
0.035205867859638 
0.035199338143292 
0.035192815337703 
0.035186299518537 
0.035179790760755 
0.035173289138647 
0.035166794725866 
0.035160307595471 
0.035153827819952 
0.035147355471268 
0.035140890620876 
0.035134433339770 
0.035127983698497 
0.035121541767199 
0.035115107615631 
0.035108681313184 
0.035102262928915 
0.035095852531560 
0.035089450189556 
0.035083055971057 
0.035076669943943 
0.035070292175839 
0.035063922734117 
0.035057561685906 
0.035051209098095 
0.035044865037331 
0.035038529570023 
0.035032202762335 
0.035025884680177 
0.035019575389200 
0.035013274954784 
0.035006983442018 
0.035000700915693 
0.034994427440274 
0.034988163079883 
0.034981907898274 
0.034975661958810 
0.034969425324431 
0.034963198057627 
0.034956980220405 
0.034950771874260 
0.034944573080132 
0.034938383898378 
0.034932204388732 
0.034926034610262 
0.034919874621337 
0.034913724479582 
0.034907584241839 
0.034901453964124 
0.034895333701585 
0.034889223508461 
0.034883123438039 
0.034877033542607 
0.034870953873423 
0.034864884480658 
0.034858825413369 
0.034852776719447 
0.034846738445586 
0.034840710637236 
0.034834693338569 
0.034828686592443 
0.034822690440363 
0.034816704922445 
0.034810730077392 
0.034804765942450 
0.034798812553384 
0.034792869944452 
0.034786938148373 
0.034781017196303 
0.034775107117816 
0.034769207940876 
0.034763319691819 
0.034757442395342 
0.034751576074476 
0.034745720750579 
0.034739876443326 
0.034734043170688 
0.034728220948939 
0.034722409792637 
0.034716609714624 
0.034710820726023 
0.034705042836241 
0.034699276052961 
0.034693520382154 
0.034687775828077 
0.034682042393282 
0.034676320078623 
0.034670608883265 
0.034664908804692 
0.034659219838727 
0.034653541979535 
0.034647875219647 
0.034642219549969 
0.034636574959808 
0.034630941436878 
0.034625318967335 
0.034619707535783 
0.034614107125307 
0.034608517717489 
0.034602939292434 
0.034597371828794 
0.034591815303795 
0.034586269693257 
0.034580734971626 
0.034575211112003 
0.034569698086162 
0.034564195864588 
0.034558704416501 
0.034553223709882 
0.034547753711509 
0.034542294386983 
0.034536845700756 
0.034531407616162 
0.034525980095451 
0.034520563099813 
0.034515156589411 
0.034509760523415 
0.034504374860025 
0.034498999556508 
0.034493634569224 
0.034488279853656 
0.034482935364446 
0.034477601055417 
0.034472276879608 
0.034466962789302 
0.034461658736056 
0.034456364670727 
0.034451080543504 
0.034445806303937 
0.034440541900963 
0.034435287282937 
0.034430042397654 
0.034424807192384 
0.034419581613891 
0.034414365608466 
0.034409159121949 
0.034403962099758 
0.034398774486912 
0.034393596228056 
0.034388427267487 
0.034383267549178 
0.034378117016800 
0.034372975613746 
0.034367843283156 
0.034362719967936 
0.034357605610782 
0.034352500154202 
0.034347403540535 
0.034342315711974 
0.034337236610582 
0.034332166178318 
0.034327104357050 
0.034322051088579 
0.034317006314652 
0.034311969976984 
0.034306942017276 
0.034301922377228 
0.034296910998557 
0.034291907823015 
0.034286912792403 
0.034281925848588 
0.034276946933514 
0.034271975989219 
0.034267012957851 
0.034262057781677 
0.034257110403098 
0.034252170764664 
0.034247238809082 
0.034242314479230 
0.034237397718172 
0.034232488469161 
0.034227586675657 
0.034222692281335 
0.034217805230093 
0.034212925466064 
0.034208052933625 
0.034203187577405 
0.034198329342293 
0.034193478173448 
0.034188634016306 
0.034183796816586 
0.034178966520301 
0.034174143073760 
0.034169326423578 
0.034164516516682 
0.034159713300315 
0.034154916722044 
0.034150126729764 
0.034145343271702 
0.034140566296425 
0.034135795752842 
0.034131031590209 
0.034126273758132 
0.034121522206574 
0.034116776885855 
0.034112037746658 
0.034107304740029 
0.034102577817381 
0.034097856930499 
0.034093142031542 
0.034088433073040 
0.034083730007903 
0.034079032789417 
0.034074341371251 
0.034069655707455 
0.034064975752459 
0.034060301461080 
0.034055632788519 
0.034050969690363 
0.034046312122583 
0.034041660041540 
0.034037013403979 
0.034032372167035 
0.034027736288224 
0.034023105725456 
0.034018480437023 
0.034013860381602 
0.034009245518260 
0.034004635806445 
0.034000031205991 
0.033995431677113 
0.033990837180411 
0.033986247676864 
0.033981663127830 
0.033977083495049 
0.033972508740636 
0.033967938827081 
0.033963373717249 
0.033958813374378 
0.033954257762075 
0.033949706844318 
0.033945160585453 
0.033940618950187 
0.033936081903595 
0.033931549411110 
0.033927021438526 
0.033922497951992 
0.033917978918014 
0.033913464303450 
0.033908954075506 
0.033904448201738 
0.033899946650048 
0.033895449388680 
0.033890956386216 
0.033886467611582 
0.033881983034034 
0.033877502623163 
0.033873026348890 
0.033868554181466 
0.033864086091462 
0.033859622049778 
0.033855162027628 
0.033850705996547 
0.033846253928381 
0.033841805795291 
0.033837361569744 
0.033832921224514 
0.033828484732679 
0.033824052067617 
0.033819623203004 
0.033815198112810 
0.033810776771299 
0.033806359153023 
0.033801945232820 
0.033797534985814 
0.033793128387407 
0.033788725413282 
0.033784326039395 
0.033779930241977 
0.033775537997526 
0.033771149282809 
0.033766764074857 
0.033762382350961 
0.033758004088674 
0.033753629265800 
0.033749257860400 
0.033744889850787 
0.033740525215515 
0.033736163933390 
0.033731805983457 
0.033727451345001 
0.033723099997544 
0.033718751920843 
0.033714407094886 
0.033710065499891 
0.033705727116300 
0.033701391924783 
0.033697059906229 
0.033692731041744 
0.033688405312653 
0.033684082700492 
0.033679763187012 
0.033675446754169 
0.033671133384127 
0.033666823059254 
0.033662515762118 
0.033658211475487 
0.033653910182325 
0.033649611865791 
0.033645316509234 
0.033641024096194 
0.033636734610398 
0.033632448035758 
0.033628164356367 
0.033623883556502 
0.033619605620613 
0.033615330533329 
0.033611058279453 
0.033606788843960 
0.033602522211991 
0.033598258368857 
0.033593997300035 
0.033589738991163 
0.033585483428041 
0.033581230596626 
0.033576980483037 
0.033572733073541 
0.033568488354565 
0.033564246312683 
0.033560006934617 
0.033555770207240 
0.033551536117567 
0.033547304652759 
0.033543075800116 
0.033538849547079 
0.033534625881227 
0.033530404790276 
0.033526186262073 
0.033521970284601 
0.033517756845974 
0.033513545934432 
0.033509337538344 
0.033505131646206 
0.033500928246637 
0.033496727328377 
0.033492528880291 
0.033488332891358 
0.033484139350679 
0.033479948247468 
0.033475759571056 
0.033471573310885 
0.033467389456510 
0.033463207997595 
0.033459028923913 
0.033454852225345 
0.033450677891875 
0.033446505913594 
0.033442336280695 
0.033438168983472 
0.033434004012319 
0.033429841357731 
0.033425681010296 
0.033421522960702 
0.033417367199730 
0.033413213718255 
0.033409062507243 
0.033404913557754 
0.033400766860934 
0.033396622408021 
0.033392480190337 
0.033388340199293 
0.033384202426383 
0.033380066863184 
0.033375933501359 
0.033371802332650 
0.033367673348879 
0.033363546541948 
0.033359421903838 
0.033355299426606 
0.033351179102384 
0.033347060923381 
0.033342944881879 
0.033338830970232 
0.033334719180868 
0.033330609506284 
0.033326501939047 
0.033322396471794 
0.033318293097230 
0.033314191808123 
0.033310092597314 
0.033305995457703 
0.033301900382258 
0.033297807364007 
0.033293716396044 
0.033289627471522 
0.033285540583655 
0.033281455725717 
0.033277372891040 
0.033273292073017 
0.033269213265095 
0.033265136460779 
0.033261061653629 
0.033256988837260 
0.033252918005342 
0.033248849151597 
0.033244782269800 
0.033240717353776 
0.033236654397404 
0.033232593394612 
0.033228534339377 
0.033224477225724 
0.033220422047729 
0.033216368799512 
0.033212317475241 
0.033208268069132 
0.033204220575442 
0.033200174988478 
0.033196131302586 
0.033192089512157 
0.033188049611627 
0.033184011595471 
0.033179975458207 
0.033175941194393 
0.033171908798628 
0.033167878265551 
0.033163849589838 
0.033159822766206 
0.033155797789407 
0.033151774654232 
0.033147753355510 
0.033143733888103 
0.033139716246912 
0.033135700426871 
0.033131686422946 
0.033127674230144 
0.033123663843500 
0.033119655258083 
0.033115648468994 
0.033111643471369 
0.033107640260371 
0.033103638831198 
0.033099639179077 
0.033095641299264 
0.033091645187046 
0.033087650837738 
0.033083658246685 
0.033079667409258 
0.033075678320861 
0.033071690976918 
0.033067705372887 
0.033063721504246 
0.033059739366504 
0.033055758955194 
0.033051780265875 
0.033047803294128 
0.033043828035564 
0.033039854485812 
0.033035882640530 
0.033031912495397 
0.033027944046114 
0.033023977288406 
0.033020012218021 
0.033016048830728 
0.033012087122318 
0.033008127088604 
0.033004168725418 
0.033000212028614 
0.032996256994067 
0.032992303617671 
0.032988351895340 
0.032984401823009 
0.032980453396629 
0.032976506612172 
0.032972561465628 
0.032968617953007 
0.032964676070335 
0.032960735813655 
0.032956797179032 
0.032952860162542 
0.032948924760283 
0.032944990968367 
0.032941058782926 
0.032937128200104 
0.032933199216064 
0.032929271826983 
0.032925346029057 
0.032921421818493 
0.032917499191517 
0.032913578144367 
0.032909658673299 
0.032905740774581 
0.032901824444497 
0.032897909679346 
0.032893996475440 
0.032890084829105 
0.032886174736680 
0.032882266194520 
0.032878359198993 
0.032874453746480 
0.032870549833374 
0.032866647456082 
0.032862746611026 
0.032858847294639 
0.032854949503366 
0.032851053233666 
0.032847158482010 
0.032843265244883 
0.032839373518781 
0.032835483300212 
0.032831594585697 
0.032827707371769 
0.032823821654972 
0.032819937431865 
0.032816054699015 
0.032812173453004 
0.032808293690424 
0.032804415407880 
0.032800538601988 
0.032796663269376 
0.032792789406683 
0.032788917010561 
0.032785046077671 
0.032781176604690 
0.032777308588303 
0.032773442025207 
0.032769576912111 
0.032765713245737 
0.032761851022817 
0.032757990240095 
0.032754130894327 
0.032750272982279 
0.032746416500732 
0.032742561446475 
0.032738707816310 
0.032734855607054 
0.032731004815530 
0.032727155438578 
0.032723307473047 
0.032719460915800 
0.032715615763708 
0.032711772013661 
0.032707929662555 
0.032704088707301 
0.032700249144823 
0.032696410972055 
0.032692574185945 
0.032688738783455 
0.032684904761557 
0.032681072117238 
0.032677240847497 
0.032673410949346 
0.032669582419811 
0.032665755255930 
0.032661929454756 
0.032658105013354 
0.032654281928804 
0.032650460198198 
0.032646639818645 
0.032642820787265 
0.032639003101193 
0.032635186757581 
0.032631371753593 
0.032627558086407 
0.032623745753218 
0.032619934751236 
0.032616125077684 
0.032612316729803 
0.032608509704847 
0.032604704000088 
0.032600899612813 
0.032597096540326 
0.032593294779945 
0.032589494329007 
0.032585695184865 
0.032581897344888 
0.032578100806463 
0.032574305566992 
0.032570511623899 
0.032566718974623 
0.032562927616620 
0.032559137547365 
0.032555348764352 
0.032551561265094 
0.032547775047120 
0.032543990107981 
0.032540206445247 
0.032536424056505 
0.032532642939364 
0.032528863091453 
0.032525084510419 
0.032521307193931 
0.032517531139679 
0.032513756345372 
0.032509982808743 
0.032506210527542 
0.032502439499546 
0.032498669722549 
0.032494901194370 
0.032491133912849 
0.032487367875850 
0.032483603081258 
0.032479839526981 
0.032476077210951 
0.032472316131125 
0.032468556285482 
0.032464797672024 
0.032461040288780 
0.032457284133803 
0.032453529205168 
0.032449775500978 
0.032446023019361 
0.032442271758469 
0.032438521716481 
0.032434772891602 
0.032431025282063 
0.032427278886122 
0.032423533702062 
0.032419789728196 
0.032416046962861 
0.032412305404424 
0.032408565051279 
0.032404825901848 
0.032401087954581 
0.032397351207957 
0.032393615660483 
0.032389881310695 
0.032386148157160 
0.032382416198472 
0.032378685433256 
0.032374955860166 
0.032371227477886 
0.032367500285133 
0.032363774280652 
0.032360049463219 
0.032356325831642 
0.032352603384759 
0.032348882121439 
0.032345162040586 
0.032341443141132 
0.032337725422043 
0.032334008882316 
0.032330293520982 
0.032326579337104 
0.032322866329778 
0.032319154498132 
0.032315443841329 
0.032311734358562 
0.032308026049061 
0.032304318912090 
0.032300612946943 
0.032296908152952 
0.032293204529481 
0.032289502075929 
0.032285800791729 
0.032282100676350 
0.032278401729294 
0.032274703950099 
0.032271007338338 
0.032267311893618 
0.032263617615583 
0.032259924503911 
0.032256232558316 
0.032252541778546 
0.032248852164390 
0.032245163715666 
0.032241476432231 
0.032237790313977 
0.032234105360835 
0.032230421572767 
0.032226738949775 
0.032223057491896 
0.032219377199202 
0.032215698071804 
0.032212020109846 
0.032208343313510 
0.032204667683014 
0.032200993218612 
0.032197319920595 
0.032193647789291 
0.032189976825062 
0.032186307028307 
0.032182638399462 
0.032178970938999 
0.032175304647426 
0.032171639525287 
0.032167975573162 
0.032164312791667 
0.032160651181453 
0.032156990743210 
0.032153331477658 
0.032149673385559 
0.032146016467706 
0.032142360724929 
0.032138706158094 
0.032135052768102 
0.032131400555885 
0.032127749522416 
0.032124099668699 
0.032120450995773 
0.032116803504713 
0.032113157196625 
0.032109512072653 
0.032105868133970 
0.032102225381787 
0.032098583817346 
0.032094943441923 
0.032091304256825 
0.032087666263395 
0.032084029463006 
0.032080393857063 
0.032076759447004 
0.032073126234298 
0.032069494220446 
0.032065863406979 
0.032062233795459 
0.032058605387477 
0.032054978184657 
0.032051352188652 
0.032047727401143 
0.032044103823841 
0.032040481458484 
0.032036860306842 
0.032033240370708 
0.032029621651906 
0.032026004152288 
0.032022387873730 
0.032018772818136 
0.032015158987435 
0.032011546383584 
0.032007935008560 
0.032004324864369 
0.032000715953042 
0.031997108276629 
0.031993501837208 
0.031989896636878 
0.031986292677760 
0.031982689961996 
0.031979088491754 
0.031975488269216 
0.031971889296590 
0.031968291576102 
0.031964695109997 
0.031961099900537 
0.031957505950007 
0.031953913260705 
0.031950321834949 
0.031946731675073 
0.031943142783427 
0.031939555162377 
0.031935968814302 
0.031932383741598 
0.031928799946672 
0.031925217431948 
0.031921636199859 
0.031918056252851 
0.031914477593384 
0.031910900223924 
0.031907324146950 
0.031903749364952 
0.031900175880427 
0.031896603695878 
0.031893032813821 
0.031889463236775 
0.031885894967266 
0.031882328007827 
0.031878762360996 
0.031875198029313 
0.031871635015325 
0.031868073321580 
0.031864512950629 
0.031860953905024 
0.031857396187322 
0.031853839800074 
0.031850284745837 
0.031846731027162 
0.031843178646602 
0.031839627606707 
0.031836077910022 
0.031832529559090 
0.031828982556451 
0.031825436904636 
0.031821892606175 
0.031818349663588 
0.031814808079390 
0.031811267856088 
0.031807728996179 
0.031804191502153 
0.031800655376489 
0.031797120621655 
0.031793587240108 
0.031790055234295 
0.031786524606648 
0.031782995359586 
0.031779467495516 
0.031775941016828 
0.031772415925898 
0.031768892225084 
0.031765369916732 
0.031761849003164 
0.031758329486690 
0.031754811369597 
0.031751294654154 
0.031747779342612 
0.031744265437197 
0.031740752940116 
0.031737241853555 
0.031733732179675 
0.031730223920614 
0.031726717078487 
0.031723211655382 
0.031719707653365 
0.031716205074473 
0.031712703920716 
0.031709204194080 
0.031705705896520 
0.031702209029963 
0.031698713596305 
0.031695219597417 
0.031691727035135 
0.031688235911265 
0.031684746227581 
0.031681257985826 
0.031677771187708 
0.031674285834903 
0.031670801929052 
0.031667319471759 
0.031663838464597 
0.031660358909100 
0.031656880806765 
0.031653404159056 
0.031649928967393 
0.031646455233161 
0.031642982957707 
0.031639512142337 
0.031636042788317 
0.031632574896872 
0.031629108469187 
0.031625643506405 
0.031622180009627 
0.031618717979909 
0.031615257418266 
0.031611798325669 
0.031608340703044 
0.031604884551272 
0.031601429871189 
0.031597976663585 
0.031594524929202 
0.031591074668738 
0.031587625882842 
0.031584178572116 
0.031580732737110 
0.031577288378330 
0.031573845496230 
0.031570404091214 
0.031566964163638 
0.031563525713804 
0.031560088741964 
0.031556653248319 
0.031553219233018 
0.031549786696155 
0.031546355637775 
0.031542926057865 
0.031539497956362 
0.031536071333144 
0.031532646188039 
0.031529222520818 
0.031525800331194 
0.031522379618828 
0.031518960383322 
0.031515542624220 
0.031512126341011 
0.031508711533125 
0.031505298199935 
0.031501886340754 
0.031498475954837 
0.031495067041379 
0.031491659599516 
0.031488253628322 
0.031484849126812 
0.031481446093941 
0.031478044528601 
0.031474644429623 
0.031471245795775 
0.031467848625763 
0.031464452918231 
0.031461058671758 
0.031457665884862 
0.031454274555994 
0.031450884683544 
0.031447496265834 
0.031444109301122 
0.031440723787601 
0.031437339723398 
0.031433957106574 
0.031430575935122 
0.031427196206970 
0.031423817919978 
0.031420441071937 
0.031417065660572 
0.031413691683537 
0.031410319138420 
0.031406948022738 
0.031403578333939 
0.031400210069400 
0.031396843226428 
0.031393477802262 
0.031390113794066 
0.031386751198935 
0.031383390013892 
0.031380030235885 
0.031376671861794 
0.031373314888423 
0.031369959312502 
0.031366605130689 
0.031363252339569 
0.031359900935649 
0.031356550915363 
0.031353202275069 
0.031349855011050 
0.031346509119512 
0.031343164596586 
0.031339821438323 
0.031336479640701 
0.031333139199615 
0.031329800110886 
0.031326462370253 
0.031323125973380 
0.031319790915846 
0.031316457193155 
0.031313124800727 
0.031309793733904 
0.031306463987944 
0.031303135558026 
0.031299808439243 
0.031296482626608 
0.031293158115051 
0.031289834899417 
0.031286512974467 
0.031283192334877 
0.031279872975240 
0.031276554890061 
0.031273238073758 
0.031269922520667 
0.031266608225031 
0.031263295181009 
0.031259983382670 
0.031256672823996 
0.031253363498877 
0.031250055401114 
0.031246748524420 
0.031243442862414 
0.031240138408625 
0.031236835156488 
0.031233533099348 
0.031230232230455 
0.031226932542964 
0.031223634029939 
0.031220336684345 
0.031217040499053 
0.031213745466837 
0.031210451580376 
0.031207158832249 
0.031203867214937 
0.031200576720823 
0.031197287342190 
0.031193999071222 
0.031190711900000 
0.031187425820503 
0.031184140824611 
0.031180856904098 
0.031177574050635 
0.031174292255792 
0.031171011511028 
0.031167731807700 
0.031164453137058 
0.031161175490246 
0.031157898858297 
0.031154623232139 
0.031151348602587 
0.031148074960349 
0.031144802296021 
0.031141530600087 
0.031138259862918 
0.031134990074775 
0.031131721225801 
0.031128453306029 
0.031125186305371 
0.031121920213629 
0.031118655020485 
0.031115390715501 
0.031112127288125 
0.031108864727685 
0.031105603023388 
0.031102342164320 
0.031099082139447 
0.031095822937611 
0.031092564547534 
0.031089306957811 
0.031086050156915 
0.031082794133193 
0.031079538874867 
0.031076284370032 
0.031073030606654 
0.031069777572575 
0.031066525255507 
0.031063273643030 
0.031060022722596 
0.031056772481528 
0.031053522907017 
0.031050273986120 
0.031047025705766 
0.031043778052746 
0.031040531013722 
0.031037284575220 
0.031034038723631 
0.031030793445214 
0.031027548726089 
0.031024304552243 
0.031021060909526 
0.031017817783652 
0.031014575160196 
0.031011333024601 
0.031008091362168 
0.031004850158063 
0.031001609397314 
0.030998369064812 
0.030995129145311 
0.030991889623426 
0.030988650483637 
0.030985411710283 
0.030982173287572 
0.030978935199569 
0.030975697430207 
0.030972459963283 
0.030969222782456 
0.030965985871254 
0.030962749213068 
0.030959512791159 
0.030956276588653 
0.030953040588547 
0.030949804773707 
0.030946569126870 
0.030943333630646 
0.030940098267519 
0.030936863019849 
0.030933627869873 
0.030930392799707 
0.030927157791348 
0.030923922826677 
0.030920687887462 
0.030917452955356 
0.030914218011906 
0.030910983038552 
0.030907748016629 
0.030904512927373 
0.030901277751926 
0.030898042471334 
0.030894807066554 
0.030891571518458 
0.030888335807840 
0.030885099915415 
0.030881863821827 
0.030878627507655 
0.030875390953414 
0.030872154139568 
0.030868917046529 
0.030865679654664 
0.030862441944306 
0.030859203895757 
0.030855965489296 
0.030852726705187 
0.030849487523686 
0.030846247925048 
0.030843007889541 
0.030839767397447 
0.030836526429077 
0.030833284964780 
0.030830042984951 
0.030826800470042 
0.030823557400575 
0.030820313757153 
0.030817069520469 
0.030813824671320 
0.030810579190621 
0.030807333059420 
0.030804086258904 
0.030800838770424 
0.030797590575500 
0.030794341655844 
0.030791091993370 
0.030787841570215 
0.030784590368753 
0.030781338371613 
0.030778085561699 
0.030774831922207 
0.030771577436644 
0.030768322088848 
0.030765065863009 
0.030761808743691 
0.030758550715849 
0.030755291764860 
0.030752031876534 
0.030748771037149 
0.030745509233466 
0.030742246452758 
0.030738982682835 
0.030735717912068 
0.030732452129417 
0.030729185324455 
0.030725917487399 
0.030722648609137 
0.030719378681252 
0.030716107696056 
0.030712835646619 
0.030709562526796 
0.030706288331259 
0.030703013055526 
0.030699736695995 
0.030696459249973 
0.030693180715706 
0.030689901092416 
0.030686620380328 
0.030683338580707 
0.030680055695883 
0.030676771729295 
0.030673486685510 
0.030670200570267 
0.030666913390505 
0.030663625154391 
0.030660335871362 
0.030657045552148 
0.030653754208808 
0.030650461854759 
0.030647168504811 
0.030643874175190 
0.030640578883576 
0.030637282649123 
0.030633985492496 
0.030630687435892 
0.030627388503069 
0.030624088719368 
0.030620788111743 
0.030617486708781 
0.030614184540721 
0.030610881639478 
0.030607578038659 
0.030604273773586 
0.030600968881302 
0.030597663400594 
0.030594357372000 
0.030591050837821 
0.030587743842128 
0.030584436430770 
0.030581128651376 
0.030577820553357 
0.030574512187906 
0.030571203607996 
0.030567894868372 
0.030564586025546 
0.030561277137785 
0.030557968265097 
0.030554659469220 
0.030551350813596 
0.030548042363359 
0.030544734185304 
0.030541426347865 
0.030538118921085 
0.030534811976581 
0.030531505587516 
0.030528199828554 
0.030524894775827 
0.030521590506887 
0.030518287100664 
0.030514984637417 
0.030511683198683 
0.030508382867229 
0.030505083726987 
0.030501785863006 
0.030498489361391 
0.030495194309236 
0.030491900794564 
0.030488608906263 
0.030485318734014 
0.030482030368226 
0.030478743899964 
0.030475459420876 
0.030472177023120 
0.030468896799294 
0.030465618842352 
0.030462343245536 
0.030459070102295 
0.030455799506210 
0.030452531550915 
0.030449266330015 
0.030446003937018 
0.030442744465249 
0.030439488007774 
0.030436234657326 
0.030432984506223 
0.030429737646298 
0.030426494168821 
0.030423254164426 
0.030420017723036 
0.030416784933794 
0.030413555884995 
0.030410330664009 
0.030407109357223 
0.030403892049973 
0.030400678826480 
0.030397469769786 
0.030394264961702 
0.030391064482745 
0.030387868412084 
0.030384676827488 
0.030381489805279 
0.030378307420277 
0.030375129745764 
0.030371956853431 
0.030368788813347 
0.030365625693914 
0.030362467561837 
0.030359314482089 
0.030356166517882 
0.030353023730639 
0.030349886179969 
0.030346753923647 
0.030343627017589 
0.030340505515843 
0.030337389470568 
0.030334278932025 
0.030331173948564 
0.030328074566622 
0.030324980830714 
0.030321892783430 
0.030318810465438 
0.030315733915483 
0.030312663170392 
0.030309598265077 
0.030306539232547 
0.030303486103916 
0.030300438908414 
0.030297397673400 
0.030294362424379 
0.030291333185014 
0.030288309977152 
0.030285292820834 
0.030282281734324 
0.030279276734127 
0.030276277835012 
0.030273285050040 
0.030270298390586 
0.030267317866368 
0.030264343485475 
0.030261375254393 
0.030258413178036 
0.030255457259776 
0.030252507501472 
0.030249563903503 
0.030246626464801 
0.030243695182878 
0.030240770053865 
0.030237851072539 
0.030234938232363 
0.030232031525512 
0.030229130942909 
0.030226236474265 
0.030223348108103 
0.030220465831798 
0.030217589631608 
0.030214719492712 
0.030211855399237 
0.030208997334298 
0.030206145280026 
0.030203299217607 
0.030200459127306 
0.030197624988511 
0.030194796779755 
0.030191974478754 
0.030189158062438 
0.030186347506979 
0.030183542787825 
0.030180743879731 
0.030177950756785 
0.030175163392440 
0.030172381759545 
0.030169605830369 
0.030166835576634 
0.030164070969539 
0.030161311979787 
0.030158558577616 
0.030155810732819 
0.030153068414772 
0.030150331592461 
0.030147600234503 
0.030144874309169 
0.030142153784415 
0.030139438627893 
0.030136728806984 
0.030134024288809 
0.030131325040261 
0.030128631028017 
0.030125942218563 
0.030123258578209 
0.030120580073111 
0.030117906669290 
0.030115238332645 
0.030112575028974 
0.030109916723991 
0.030107263383339 
0.030104614972610 
0.030101971457356 
0.030099332803104 
0.030096698975373 
0.030094069939685 
0.030091445661579 
0.030088826106624 
0.030086211240432 
0.030083601028666 
0.030080995437054 
0.030078394431403 
0.030075797977603 
0.030073206041641 
0.030070618589609 
0.030068035587716 
0.030065457002293 
0.030062882799804 
0.030060312946853 
0.030057747410191 
0.030055186156724 
0.030052629153523 
0.030050076367825 
0.030047527767042 
0.030044983318769 
0.030042442990787 
0.030039906751069 
0.030037374567783 
0.030034846409303 
0.030032322244207 
0.030029802041283 
0.030027285769534 
0.030024773398183 
0.030022264896673 
0.030019760234673 
0.030017259382079 
0.030014762309018 
0.030012268985851 
0.030009779383174 
0.030007293471819 
0.030004811222861 
0.030002332607614 
0.029999857597635 
0.029997386164726 
0.029994918280934 
0.029992453918553 
0.029989993050125 
0.029987535648437 
0.029985081686529 
0.029982631137687 
0.029980183975449 
0.029977740173600 
0.029975299706176 
0.029972862547464 
0.029970428671997 
0.029967998054561 
0.029965570670189 
0.029963146494161 
0.029960725502008 
0.029958307669504 
0.029955892972673 
0.029953481387783 
0.029951072891345 
0.029948667460116 
0.029946265071093 
0.029943865701516 
0.029941469328864 
0.029939075930856 
0.029936685485446 
0.029934297970828 
0.029931913365427 
0.029929531647902 
0.029927152797145 
0.029924776792277 
0.029922403612647 
0.029920033237832 
0.029917665647633 
0.029915300822076 
0.029912938741405 
0.029910579386087 
0.029908222736809 
0.029905868774470 
0.029903517480185 
0.029901168835281 
0.029898822821297 
0.029896479419979 
0.029894138613282 
0.029891800383365 
0.029889464712589 
0.029887131583516 
0.029884800978910 
0.029882472881728 
0.029880147275125 
0.029877824142448 
0.029875503467236 
0.029873185233217 
0.029870869424304 
0.029868556024599 
0.029866245018385 
0.029863936390127 
0.029861630124470 
0.029859326206234 
0.029857024620418 
0.029854725352191 
0.029852428386895 
0.029850133710043 
0.029847841307314 
0.029845551164552 
0.029843263267768 
0.029840977603131 
0.029838694156972 
0.029836412915782 
0.029834133866205 
0.029831856995040 
0.029829582289241 
0.029827309735909 
0.029825039322299 
0.029822771035808 
0.029820504863981 
0.029818240794506 
0.029815978815212 
0.029813718914071 
0.029811461079189 
0.029809205298812 
0.029806951561319 
0.029804699855222 
0.029802450169168 
0.029800202491927 
0.029797956812404 
0.029795713119627 
0.029793471402751 
0.029791231651051 
0.029788993853928 
0.029786758000900 
0.029784524081606 
0.029782292085799 
0.029780062003351 
0.029777833824247 
0.029775607538584 
0.029773383136570 
0.029771160608525 
0.029768939944874 
0.029766721136152 
0.029764504172997 
0.029762289046151 
0.029760075746463 
0.029757864264877 
0.029755654592443 
0.029753446720305 
0.029751240639708 
0.029749036341991 
0.029746833818588 
0.029744633061028 
0.029742434060930 
0.029740236810007 
0.029738041300060 
0.029735847522980 
0.029733655470744 
0.029731465135416 
0.029729276509146 
0.029727089584168 
0.029724904352796 
0.029722720807432 
0.029720538940553 
0.029718358744718 
0.029716180212565 
0.029714003336809 
0.029711828110242 
0.029709654525730 
0.029707482576215 
0.029705312254713 
0.029703143554312 
0.029700976468170 
0.029698810989517 
0.029696647111653 
0.029694484827947 
0.029692324131833 
0.029690165016815 
0.029688007476463 
0.029685851504409 
0.029683697094352 
0.029681544240055 
0.029679392935342 
0.029677243174097 
0.029675094950269 
0.029672948257862 
0.029670803090946 
0.029668659443644 
0.029666517310137 
0.029664376684665 
0.029662237561525 
0.029660099935065 
0.029657963799692 
0.029655829149865 
0.029653695980098 
0.029651564284953 
0.029649434059050 
0.029647305297056 
0.029645177993690 
0.029643052143720 
0.029640927741964 
0.029638804783286 
0.029636683262601 
0.029634563174871 
0.029632444515102 
0.029630327278348 
0.029628211459707 
0.029626097054324 
0.029623984057385 
0.029621872464122 
0.029619762269810 
0.029617653469765 
0.029615546059345 
0.029613440033951 
0.029611335389023 
0.029609232120042 
0.029607130222528 
0.029605029692042 
0.029602930524182 
0.029600832714584 
0.029598736258924 
0.029596641152911 
0.029594547392295 
0.029592454972860 
0.029590363890427 
0.029588274140849 
0.029586185720018 
0.029584098623859 
0.029582012848330 
0.029579928389423 
0.029577845243162 
0.029575763405607 
0.029573682872846 
0.029571603641001 
0.029569525706225 
0.029567449064703 
0.029565373712649 
0.029563299646307 
0.029561226861953 
0.029559155355890 
0.029557085124450 
0.029555016163997 
0.029552948470919 
0.029550882041635 
0.029548816872590 
0.029546752960256 
0.029544690301133 
0.029542628891748 
0.029540568728652 
0.029538509808424 
0.029536452127666 
0.029534395683008 
0.029532340471104 
0.029530286488632 
0.029528233732294 
0.029526182198817 
0.029524131884951 
0.029522082787469 
0.029520034903169 
0.029517988228870 
0.029515942761413 
0.029513898497662 
0.029511855434504 
0.029509813568847 
0.029507772897619 
0.029505733417771 
0.029503695126273 
0.029501658020117 
0.029499622096315 
0.029497587351899 
0.029495553783921 
0.029493521389453 
0.029491490165585 
0.029489460109428 
0.029487431218110 
0.029485403488779 
0.029483376918602 
0.029481351504760 
0.029479327244459 
0.029477304134916 
0.029475282173370 
0.029473261357075 
0.029471241683303 
0.029469223149343 
0.029467205752500 
0.029465189490097 
0.029463174359472 
0.029461160357977 
0.029459147482986 
0.029457135731883 
0.029455125102069 
0.029453115590962 
0.029451107195994 
0.029449099914612 
0.029447093744277 
0.029445088682466 
0.029443084726671 
0.029441081874395 
0.029439080123159 
0.029437079470496 
0.029435079913953 
0.029433081451090 
0.029431084079481 
0.029429087796716 
0.029427092600391 
0.029425098488124 
0.029423105457539 
0.029421113506275 
0.029419122631984 
0.029417132832331 
0.029415144104991 
0.029413156447653 
0.029411169858016 
0.029409184333795 
0.029407199872712 
0.029405216472501 
0.029403234130912 
0.029401252845702 
0.029399272614639 
0.029397293435505 
0.029395315306091 
0.029393338224199 
0.029391362187642 
0.029389387194242 
0.029387413241835 
0.029385440328264 
0.029383468451383 
0.029381497609056 
0.029379527799159 
0.029377559019575 
0.029375591268198 
0.029373624542931 
0.029371658841689 
0.029369694162394 
0.029367730502977 
0.029365767861380 
0.029363806235553 
0.029361845623452 
0.029359886023051 
0.029357927432324 
0.029355969849257 
0.029354013271845 
0.029352057698093 
0.029350103126010 
0.029348149553616 
0.029346196978940 
0.029344245400018 
0.029342294814896 
0.029340345221624 
0.029338396618264 
0.029336449002884 
0.029334502373560 
0.029332556728375 
0.029330612065422 
0.029328668382798 
0.029326725678611 
0.029324783950973 
0.029322843198006 
0.029320903417839 
0.029318964608606 
0.029317026768449 
0.029315089895519 
0.029313153987972 
0.029311219043970 
0.029309285061684 
0.029307352039292 
0.029305419974976 
0.029303488866925 
0.029301558713338 
0.029299629512415 
0.029297701262368 
0.029295773961411 
0.029293847607767 
0.029291922199664 
0.029289997735337 
0.029288074213025 
0.029286151630975 
0.029284229987440 
0.029282309280678 
0.029280389508954 
0.029278470670536 
0.029276552763702 
0.029274635786732 
0.029272719737913 
0.029270804615539 
0.029268890417908 
0.029266977143323 
0.029265064790093 
0.029263153356533 
0.029261242840962 
0.029259333241706 
0.029257424557096 
0.029255516785466 
0.029253609925158 
0.029251703974517 
0.029249798931895 
0.029247894795646 
0.029245991564132 
0.029244089235719 
0.029242187808777 
0.029240287281681 
0.029238387652812 
0.029236488920555 
0.029234591083299 
0.029232694139439 
0.029230798087373 
0.029228902925505 
0.029227008652244 
0.029225115266002 
0.029223222765195 
0.029221331148246 
0.029219440413580 
0.029217550559627 
0.029215661584823 
0.029213773487605 
0.029211886266417 
0.029209999919707 
0.029208114445925 
0.029206229843528 
0.029204346110974 
0.029202463246728 
0.029200581249259 
0.029198700117036 
0.029196819848538 
0.029194940442242 
0.029193061896634 
0.029191184210202 
0.029189307381435 
0.029187431408830 
0.029185556290887 
0.029183682026106 
0.029181808612997 
0.029179936050069 
0.029178064335836 
0.029176193468816 
0.029174323447530 
0.029172454270503 
0.029170585936265 
0.029168718443346 
0.029166851790284 
0.029164985975616 
0.029163120997886 
0.029161256855641 
0.029159393547429 
0.029157531071804 
0.029155669427321 
0.029153808612542 
0.029151948626028 
0.029150089466347 
0.029148231132068 
0.029146373621765 
0.029144516934012 
0.029142661067391 
0.029140806020483 
0.029138951791875 
0.029137098380156 
0.029135245783918 
0.029133394001756 
0.029131543032269 
0.029129692874058 
0.029127843525728 
0.029125994985888 
0.029124147253146 
0.029122300326118 
0.029120454203420 
0.029118608883672 
0.029116764365496 
0.029114920647518 
0.029113077728368 
0.029111235606674 
0.029109394281073 
0.029107553750202 
0.029105714012701 
0.029103875067212 
0.029102036912383 
0.029100199546860 
0.029098362969296 
0.029096527178345 
0.029094692172663 
0.029092857950911 
0.029091024511750 
0.029089191853847 
0.029087359975869 
0.029085528876486 
0.029083698554372 
0.029081869008202 
0.029080040236655 
0.029078212238413 
0.029076385012159 
0.029074558556580 
0.029072732870364 
0.029070907952203 
0.029069083800793 
0.029067260414828 
0.029065437793009 
0.029063615934038 
0.029061794836618 
0.029059974499457 
0.029058154921264 
0.029056336100751 
0.029054518036633 
0.029052700727626 
0.029050884172450 
0.029049068369826 
0.029047253318479 
0.029045439017136 
0.029043625464524 
0.029041812659377 
0.029040000600427 
0.029038189286412 
0.029036378716069 
0.029034568888140 
0.029032759801367 
0.029030951454497 
0.029029143846278 
0.029027336975461 
0.029025530840797 
0.029023725441041 
0.029021920774952 
0.029020116841289 
0.029018313638814 
0.029016511166290 
0.029014709422485 
0.029012908406167 
0.029011108116106 
0.029009308551077 
0.029007509709855 
0.029005711591218 
0.029003914193945 
0.029002117516818 
0.029000321558623 
0.028998526318145 
0.028996731794173 
0.028994937985499 
0.028993144890915 
0.028991352509217 
0.028989560839202 
0.028987769879669 
0.028985979629422 
0.028984190087262 
0.028982401251998 
0.028980613122436 
0.028978825697387 
0.028977038975664 
0.028975252956081 
0.028973467637455 
0.028971683018605 
0.028969899098351 
0.028968115875518 
0.028966333348929 
0.028964551517411 
0.028962770379795 
0.028960989934912 
0.028959210181594 
0.028957431118678 
0.028955652745001 
0.028953875059402 
0.028952098060724 
0.028950321747810 
0.028948546119504 
0.028946771174656 
0.028944996912115 
0.028943223330733 
0.028941450429363 
0.028939678206862 
0.028937906662087 
0.028936135793898 
0.028934365601157 
0.028932596082728 
0.028930827237476 
0.028929059064270 
0.028927291561978 
0.028925524729475 
0.028923758565632 
0.028921993069325 
0.028920228239433 
0.028918464074836 
0.028916700574414 
0.028914937737051 
0.028913175561633 
0.028911414047047 
0.028909653192183 
0.028907892995932 
0.028906133457187 
0.028904374574844 
0.028902616347801 
0.028900858774956 
0.028899101855210 
0.028897345587466 
0.028895589970630 
0.028893835003608 
0.028892080685308 
0.028890327014643 
0.028888573990524 
0.028886821611865 
0.028885069877584 
0.028883318786598 
0.028881568337828 
0.028879818530197 
0.028878069362626 
0.028876320834043 
0.028874572943376 
0.028872825689555 
0.028871079071510 
0.028869333088176 
0.028867587738487 
0.028865843021381 
0.028864098935797 
0.028862355480676 
0.028860612654960 
0.028858870457596 
0.028857128887527 
0.028855387943705 
0.028853647625078 
0.028851907930599 
0.028850168859222 
0.028848430409902 
0.028846692581598 
0.028844955373270 
0.028843218783877 
0.028841482812385 
0.028839747457757 
0.028838012718961 
0.028836278594966 
0.028834545084742 
0.028832812187261 
0.028831079901499 
0.028829348226431 
0.028827617161034 
0.028825886704291 
0.028824156855180 
0.028822427612687 
0.028820698975796 
0.028818970943495 
0.028817243514771 
0.028815516688618 
0.028813790464026 
0.028812064839991 
0.028810339815507 
0.028808615389574 
0.028806891561191 
0.028805168329361 
0.028803445693086 
0.028801723651371 
0.028800002203224 
0.028798281347653 
0.028796561083669 
0.028794841410285 
0.028793122326515 
0.028791403831375 
0.028789685923883 
0.028787968603059 
0.028786251867923 
0.028784535717500 
0.028782820150814 
0.028781105166892 
0.028779390764763 
0.028777676943457 
0.028775963702006 
0.028774251039445 
0.028772538954809 
0.028770827447135 
0.028769116515463 
0.028767406158835 
0.028765696376292 
0.028763987166879 
0.028762278529644 
0.028760570463634 
0.028758862967898 
0.028757156041490 
0.028755449683461 
0.028753743892868 
0.028752038668767 
0.028750334010217 
0.028748629916279 
0.028746926386015 
0.028745223418489 
0.028743521012768 
0.028741819167917 
0.028740117883008 
0.028738417157109 
0.028736716989296 
0.028735017378642 
0.028733318324223 
0.028731619825118 
0.028729921880406 
0.028728224489170 
0.028726527650491 
0.028724831363455 
0.028723135627149 
0.028721440440662 
0.028719745803083 
0.028718051713504 
0.028716358171020 
0.028714665174726 
0.028712972723718 
0.028711280817096 
0.028709589453960 
0.028707898633413 
0.028706208354558 
0.028704518616501 
0.028702829418350 
0.028701140759214 
0.028699452638204 
0.028697765054432 
0.028696078007012 
0.028694391495062 
0.028692705517698 
0.028691020074039 
0.028689335163207 
0.028687650784326 
0.028685966936518 
0.028684283618911 
0.028682600830631 
0.028680918570811 
0.028679236838578 
0.028677555633068 
0.028675874953415 
0.028674194798755 
0.028672515168225 
0.028670836060968 
0.028669157476121 
0.028667479412830 
0.028665801870238 
0.028664124847493 
0.028662448343742 
0.028660772358134 
0.028659096889822 
0.028657421937958 
0.028655747501697 
0.028654073580195 
0.028652400172611 
0.028650727278103 
0.028649054895833 
0.028647383024964 
0.028645711664660 
0.028644040814088 
0.028642370472415 
0.028640700638812 
0.028639031312448 
0.028637362492496 
0.028635694178131 
0.028634026368530 
0.028632359062868 
0.028630692260327 
0.028629025960086 
0.028627360161328 
0.028625694863237 
0.028624030064997 
0.028622365765797 
0.028620701964825 
0.028619038661273 
0.028617375854330 
0.028615713543193 
0.028614051727055 
0.028612390405112 
0.028610729576564 
0.028609069240611 
0.028607409396453 
0.028605750043294 
0.028604091180338 
0.028602432806792 
0.028600774921862 
0.028599117524760 
0.028597460614694 
0.028595804190877 
0.028594148252524 
0.028592492798850 
0.028590837829071 
0.028589183342406 
0.028587529338076 
0.028585875815300 
0.028584222773304 
0.028582570211311 
0.028580918128547 
0.028579266524240 
0.028577615397619 
0.028575964747914 
0.028574314574358 
0.028572664876183 
0.028571015652626 
0.028569366902922 
0.028567718626310 
0.028566070822028 
0.028564423489318 
0.028562776627422 
0.028561130235584 
0.028559484313050 
0.028557838859066 
0.028556193872879 
0.028554549353740 
0.028552905300900 
0.028551261713612 
0.028549618591129 
0.028547975932706 
0.028546333737600 
0.028544692005069 
0.028543050734374 
0.028541409924775 
0.028539769575533 
0.028538129685913 
0.028536490255180 
0.028534851282601 
0.028533212767444 
0.028531574708976 
0.028529937106470 
0.028528299959197 
0.028526663266431 
0.028525027027445 
0.028523391241517 
0.028521755907923 
0.028520121025942 
0.028518486594853 
0.028516852613939 
0.028515219082482 
0.028513585999765 
0.028511953365075 
0.028510321177697 
0.028508689436920 
0.028507058142032 
0.028505427292323 
0.028503796887086 
0.028502166925613 
0.028500537407198 
0.028498908331138 
0.028497279696727 
0.028495651503265 
0.028494023750051 
0.028492396436385 
0.028490769561567 
0.028489143124902 
0.028487517125693 
0.028485891563245 
0.028484266436866 
0.028482641745861 
0.028481017489541 
0.028479393667215 
0.028477770278194 
0.028476147321790 
0.028474524797318 
0.028472902704090 
0.028471281041424 
0.028469659808636 
0.028468039005043 
0.028466418629966 
0.028464798682723 
0.028463179162638 
0.028461560069031 
0.028459941401226 
0.028458323158549 
0.028456705340324 
0.028455087945878 
0.028453470974540 
0.028451854425638 
0.028450238298501 
0.028448622592462 
0.028447007306851 
0.028445392441002 
0.028443777994249 
0.028442163965927 
0.028440550355373 
0.028438937161921 
0.028437324384911 
0.028435712023682 
0.028434100077574 
0.028432488545927 
0.028430877428084 
0.028429266723387 
0.028427656431181 
0.028426046550809 
0.028424437081617 
0.028422828022953 
0.028421219374163 
0.028419611134594 
0.028418003303598 
0.028416395880524 
0.028414788864723 
0.028413182255547 
0.028411576052347 
0.028409970254479 
0.028408364861296 
0.028406759872153 
0.028405155286408 
0.028403551103416 
0.028401947322534 
0.028400343943122 
0.028398740964538 
0.028397138386143 
0.028395536207298 
0.028393934427363 
0.028392333045703 
0.028390732061678 
0.028389131474654 
0.028387531283994 
0.028385931489064 
0.028384332089229 
0.028382733083858 
0.028381134472316 
0.028379536253971 
0.028377938428193 
0.028376340994351 
0.028374743951814 
0.028373147299954 
0.028371551038141 
0.028369955165748 
0.028368359682147 
0.028366764586711 
0.028365169878814 
0.028363575557830 
0.028361981623135 
0.028360388074102 
0.028358794910109 
0.028357202130533 
0.028355609734749 
0.028354017722137 
0.028352426092073 
0.028350834843937 
0.028349243977107 
0.028347653490964 
0.028346063384888 
0.028344473658259 
0.028342884310459 
0.028341295340868 
0.028339706748870 
0.028338118533845 
0.028336530695178 
0.028334943232251 
0.028333356144449 
0.028331769431155 
0.028330183091753 
0.028328597125629 
0.028327011532168 
0.028325426310755 
0.028323841460776 
0.028322256981618 
0.028320672872666 
0.028319089133308 
0.028317505762931 
0.028315922760923 
0.028314340126671 
0.028312757859563 
0.028311175958988 
0.028309594424333 
0.028308013254989 
0.028306432450342 
0.028304852009785 
0.028303271932704 
0.028301692218492 
0.028300112866535 
0.028298533876227 
0.028296955246956 
0.028295376978112 
0.028293799069086 
0.028292221519269 
0.028290644328051 
0.028289067494825 
0.028287491018979 
0.028285914899906 
0.028284339136997 
0.028282763729643 
0.028281188677236 
0.028279613979165 
0.028278039634824 
0.028276465643605 
0.028274892004897 
0.028273318718092 
0.028271745782584 
0.028270173197761 
0.028268600963017 
0.028267029077742 
0.028265457541329 
0.028263886353167 
0.028262315512649 
0.028260745019167 
0.028259174872110 
0.028257605070870 
0.028256035614838 
0.028254466503406 
0.028252897735962 
0.028251329311898 
0.028249761230605 
0.028248193491472 
0.028246626093890 
0.028245059037250 
0.028243492320939 
0.028241925944348 
0.028240359906866 
0.028238794207882 
0.028237228846785 
0.028235663822963 
0.028234099135806 
0.028232534784700 
0.028230970769035 
0.028229407088196 
0.028227843741571 
0.028226280728548 
0.028224718048512 
0.028223155700850 
0.028221593684948 
0.028220032000191 
0.028218470645965 
0.028216909621654 
0.028215348926642 
0.028213788560313 
0.028212228522051 
0.028210668811240 
0.028209109427262 
0.028207550369499 
0.028205991637332 
0.028204433230143 
0.028202875147314 
0.028201317388224 
0.028199759952253 
0.028198202838781 
0.028196646047186 
0.028195089576847 
0.028193533427141 
0.028191977597446 
0.028190422087138 
0.028188866895594 
0.028187312022187 
0.028185757466295 
0.028184203227291 
0.028182649304548 
0.028181095697439 
0.028179542405337 
0.028177989427613 
0.028176436763640 
0.028174884412785 
0.028173332374421 
0.028171780647915 
0.028170229232637 
0.028168678127952 
0.028167127333229 
0.028165576847832 
0.028164026671128 
0.028162476802481 
0.028160927241255 
0.028159377986812 
0.028157829038515 
0.028156280395725 
0.028154732057803 
0.028153184024108 
0.028151636294000 
0.028150088866836 
0.028148541741974 
0.028146994918770 
0.028145448396579 
0.028143902174756 
0.028142356252654 
0.028140810629626 
0.028139265305023 
0.028137720278197 
0.028136175548497 
0.028134631115273 
0.028133086977871 
0.028131543135640 
0.028129999587925 
0.028128456334071 
0.028126913373420 
0.028125370705318 
0.028123828329105 
0.028122286244122 
0.028120744449710 
0.028119202945207 
0.028117661729949 
0.028116120803275 
0.028114580164518 
0.028113039813015 
0.028111499748096 
0.028109959969095 
0.028108420475342 
0.028106881266167 
0.028105342340899 
0.028103803698865 
0.028102265339390 
0.028100727261801 
0.028099189465421 
0.028097651949572 
0.028096114713576 
0.028094577756753 
0.028093041078421 
0.028091504677899 
0.028089968554501 
0.028088432707544 
0.028086897136342 
0.028085361840205 
0.028083826818446 
0.028082292070375 
0.028080757595299 
0.028079223392526 
0.028077689461361 
0.028076155801109 
0.028074622411073 
0.028073089290554 
0.028071556438853 
0.028070023855267 
0.028068491539096 
0.028066959489634 
0.028065427706176 
0.028063896188014 
0.028062364934442 
0.028060833944748 
0.028059303218221 
0.028057772754149 
0.028056242551817 
0.028054712610509 
0.028053182929507 
0.028051653508094 
0.028050124345547 
0.028048595441147 
0.028047066794167 
0.028045538403884 
0.028044010269572 
0.028042482390501 
0.028040954765941 
0.028039427395162 
0.028037900277430 
0.028036373412009 
0.028034846798164 
0.028033320435157 
0.028031794322247 
0.028030268458694 
0.028028742843754 
0.028027217476683 
0.028025692356733 
0.028024167483158 
0.028022642855207 
0.028021118472128 
0.028019594333170 
0.028018070437574 
0.028016546784586 
0.028015023373446 
0.028013500203395 
0.028011977273670 
0.028010454583506 
0.028008932132139 
0.028007409918800 
0.028005887942721 
0.028004366203130 
0.028002844699254 
0.028001323430318 
0.027999802395545 
0.027998281594158 
0.027996761025374 
0.027995240688412 
0.027993720582487 
0.027992200706815 
0.027990681060606 
0.027989161643069 
0.027987642453415 
0.027986123490848 
0.027984604754573 
0.027983086243792 
0.027981567957705 
0.027980049895511 
0.027978532056405 
0.027977014439583 
0.027975497044237 
0.027973979869555 
0.027972462914728 
0.027970946178942 
0.027969429661380 
0.027967913361224 
0.027966397277657 
0.027964881409854 
0.027963365756992 
0.027961850318247 
0.027960335092788 
0.027958820079786 
0.027957305278408 
0.027955790687822 
0.027954276307189 
0.027952762135670 
0.027951248172427 
0.027949734416614 
0.027948220867389 
0.027946707523903 
0.027945194385305 
0.027943681450747 
0.027942168719373 
0.027940656190328 
0.027939143862753 
0.027937631735789 
0.027936119808573 
0.027934608080240 
0.027933096549923 
0.027931585216754 
0.027930074079860 
0.027928563138367 
0.027927052391401 
0.027925541838083 
0.027924031477533 
0.027922521308867 
0.027921011331201 
0.027919501543647 
0.027917991945317 
0.027916482535317 
0.027914973312755 
0.027913464276732 
0.027911955426351 
0.027910446760711 
0.027908938278907 
0.027907429980034 
0.027905921863184 
0.027904413927446 
0.027902906171907 
0.027901398595651 
0.027899891197762 
0.027898383977319 
0.027896876933399 
0.027895370065077 
0.027893863371428 
0.027892356851519 
0.027890850504420 
0.027889344329195 
0.027887838324909 
0.027886332490620 
0.027884826825388 
0.027883321328267 
0.027881815998311 
0.027880310834572 
0.027878805836097 
0.027877301001931 
0.027875796331118 
0.027874291822699 
0.027872787475711 
0.027871283289192 
0.027869779262173 
0.027868275393686 
0.027866771682759 
0.027865268128417 
0.027863764729684 
0.027862261485579 
0.027860758395122 
0.027859255457326 
0.027857752671207 
0.027856250035773 
0.027854747550033 
0.027853245212991 
0.027851743023650 
0.027850240981010 
0.027848739084068 
0.027847237331819 
0.027845735723256 
0.027844234257368 
0.027842732933141 
0.027841231749560 
0.027839730705606 
0.027838229800260 
0.027836729032495 
0.027835228401288 
0.027833727905607 
0.027832227544423 
0.027830727316699 
0.027829227221401 
0.027827727257487 
0.027826227423916 
0.027824727719642 
0.027823228143618 
0.027821728694792 
0.027820229372113 
0.027818730174523 
0.027817231100965 
0.027815732150377 
0.027814233321694 
0.027812734613849 
0.027811236025774 
0.027809737556397 
0.027808239204641 
0.027806740969429 
0.027805242849680 
0.027803744844310 
0.027802246952234 
0.027800749172363 
0.027799251503605 
0.027797753944864 
0.027796256495044 
0.027794759153045 
0.027793261917763 
0.027791764788092 
0.027790267762925 
0.027788770841148 
0.027787274021649 
0.027785777303310 
0.027784280685010 
0.027782784165626 
0.027781287744034 
0.027779791419103 
0.027778295189704 
0.027776799054700 
0.027775303012956 
0.027773807063330 
0.027772311204680 
0.027770815435859 
0.027769319755720 
0.027767824163110 
0.027766328656873 
0.027764833235853 
0.027763337898889 
0.027761842644817 
0.027760347472471 
0.027758852380682 
0.027757357368277 
0.027755862434080 
0.027754367576914 
0.027752872795596 
0.027751378088944 
0.027749883455769 
0.027748388894882 
0.027746894405088 
0.027745399985193 
0.027743905633996 
0.027742411350296 
0.027740917132886 
0.027739422980560 
0.027737928892106 
0.027736434866309 
0.027734940901952 
0.027733446997813 
0.027731953152672 
0.027730459365300 
0.027728965634467 
0.027727471958942 
0.027725978337489 
0.027724484768868 
0.027722991251838 
0.027721497785155 
0.027720004367570 
0.027718510997831 
0.027717017674686 
0.027715524396876 
0.027714031163140 
0.027712537972217 
0.027711044822838 
0.027709551713735 
0.027708058643634 
0.027706565611260 
0.027705072615333 
0.027703579654571 
0.027702086727690 
0.027700593833399 
0.027699100970408 
0.027697608137421 
0.027696115333142 
0.027694622556269 
0.027693129805497 
0.027691637079520 
0.027690144377026 
0.027688651696702 
0.027687159037231 
0.027685666397294 
0.027684173775566 
0.027682681170722 
0.027681188581433 
0.027679696006365 
0.027678203444183 
0.027676710893548 
0.027675218353118 
0.027673725821548 
0.027672233297488 
0.027670740779589 
0.027669248266494 
0.027667755756845 
0.027666263249283 
0.027664770742443 
0.027663278234957 
0.027661785725454 
0.027660293212563 
0.027658800694905 
0.027657308171102 
0.027655815639769 
0.027654323099522 
0.027652830548970 
0.027651337986722 
0.027649845411382 
0.027648352821553 
0.027646860215833 
0.027645367592816 
0.027643874951097 
0.027642382289263 
0.027640889605902 
0.027639396899597 
0.027637904168929 
0.027636411412474 
0.027634918628808 
0.027633425816502 
0.027631932974125 
0.027630440100242 
0.027628947193417 
0.027627454252209 
0.027625961275175 
0.027624468260869 
0.027622975207844 
0.027621482114648 
0.027619988979828 
0.027618495801924 
0.027617002579480 
0.027615509311032 
0.027614015995116 
0.027612522630265 
0.027611029215008 
0.027609535747872 
0.027608042227384 
0.027606548652064 
0.027605055020435 
0.027603561331012 
0.027602067582312 
0.027600573772848 
0.027599079901129 
0.027597585965666 
0.027596091964963 
0.027594597897526 
0.027593103761856 
0.027591609556453 
0.027590115279816 
0.027588620930440 
0.027587126506820 
0.027585632007449 
0.027584137430818 
0.027582642775415 
0.027581148039727 
0.027579653222241 
0.027578158321442 
0.027576663335812 
0.027575168263833 
0.027573673103985 
0.027572177854749 
0.027570682514601 
0.027569187082020 
0.027567691555481 
0.027566195933460 
0.027564700214432 
0.027563204396870 
0.027561708479249 
0.027560212460040 
0.027558716337717 
0.027557220110753 
0.027555723777619 
0.027554227336789 
0.027552730786732 
0.027551234125923 
0.027549737352836 
0.027548240465942 
0.027546743463715 
0.027545246344629 
0.027543749107162 
0.027542251749788 
0.027540754270986 
0.027539256669233 
0.027537758943010 
0.027536261090798 
0.027534763111081 
0.027533265002343 
0.027531766763072 
0.027530268391758 
0.027528769886891 
0.027527271246965 
0.027525772470478 
0.027524273555928 
0.027522774501819 
0.027521275306657 
0.027519775968951 
0.027518276487213 
0.027516776859961 
