1.000000000000000 
0.176554558692833 
0.175979296469775 
0.175938768094169 
0.175922766944318 
0.175912911220593 
0.175905306158316 
0.175898622435210 
0.175892271943105 
0.175885942766848 
0.175879443515748 
0.175872640913806 
0.175865431264885 
0.175857725996222 
0.175849443676189 
0.175840505249228 
0.175830830966816 
0.175820338252198 
0.175808940093712 
0.175796543740243 
0.175783049566502 
0.175768350027746 
0.175752328653324 
0.175734859046197 
0.175715803866588 
0.175695013785033 
0.175672326395024 
0.175647565079002 
0.175620537824387 
0.175591035988872 
0.175558833016699 
0.175523683110185 
0.175485319863552 
0.175443454869215 
0.175397776310149 
0.175347947555936 
0.175293605784506 
0.175234360656607 
0.175169793075518 
0.175099454070593 
0.175022863849698 
0.174939511072467 
0.174848852403401 
0.174750312410924 
0.174643283885340 
0.174527128654910 
0.174401178984462 
0.174264739644683 
0.174117090741829 
0.173957491396480 
0.173785184355435 
0.173599401612127 
0.173399371097495 
0.173184324484245 
0.172953506122574 
0.172706183094231 
0.172441656334341 
0.172159272726908 
0.171858438031233 
0.171538630443669 
0.171199414544172 
0.170840455322226 
0.170461531924839 
0.170062550723916 
0.169643557265003 
0.169204746638179 
0.168746471808402 
0.168269249460215 
0.167773762952762 
0.167260862046729 
0.166731559154637 
0.166187021977555 
0.165628562520344 
0.165057622617760 
0.164475756247168 
0.163884609041314 
0.163285895537365 
0.162681374797570 
0.162072825105510 
0.161462018475225 
0.160850695706783 
0.160240542682399 
0.159633168526164 
0.159030086154280 
0.158432695629306 
0.157842270609627 
0.157259948062174 
0.156686721288962 
0.156123436211484 
0.155570790764560 
0.155029337174762 
0.154499486838037 
0.153981517466353 
0.153475582142543 
0.152981719904970 
0.152499867477419 
0.152029871763577 
0.151571502738528 
0.151124466390959 
0.150688417398847 
0.150262971257934 
0.149847715625746 
0.149442220693551 
0.149046048452542 
0.148658760776213 
0.148279926294530 
0.147909126083282 
0.147545958230168 
0.147190041365078 
0.146841017254902 
0.146498552563868 
0.146162339871719 
0.145832098027872 
0.145507571904404 
0.145188531598442 
0.144874771128305 
0.144566106669263 
0.144262374384000 
0.143963427917921 
0.143669135647452 
0.143379377786421 
0.143094043467805 
0.142813027922389 
0.142536229870550 
0.142263549228328 
0.141994885205697 
0.141730134846268 
0.141469192026878 
0.141211946905983 
0.140958285784478 
0.140708091323277 
0.140461243049751 
0.140217618080002 
0.139977091984981 
0.139739539734565 
0.139504836663184 
0.139272859411971 
0.139043486814215 
0.138816600702018 
0.138592086621596 
0.138369834452199 
0.138149738928878 
0.137931700072540 
0.137715623531975 
0.137501420842572 
0.137289009605487 
0.137078313589754 
0.136869262758745 
0.136661793221672 
0.136455847110933 
0.136251372386970 
0.136048322573867 
0.135846656431096 
0.135646337569198 
0.135447334019471 
0.135249617769718 
0.135053164279314 
0.134857951987354 
0.134663961827215 
0.134471176759702 
0.134279581335135 
0.134089161292542 
0.133899903201740 
0.133711794151770 
0.133524821487079 
0.133338972591029 
0.133154234714989 
0.132970594850211 
0.132788039639080 
0.132606555321908 
0.132426127715288 
0.132246742217952 
0.132068383840148 
0.131891037252572 
0.131714686850987 
0.131539316832716 
0.131364911281249 
0.131191454255276 
0.131018929878528 
0.130847322426938 
0.130676616409828 
0.130506796642083 
0.130337848304628 
0.130169756990976 
0.130002508738159 
0.129836090040937 
0.129670487848892 
0.129505689546659 
0.129341682918236 
0.129178456096947 
0.129015997503166 
0.128854295772334 
0.128693339676118 
0.128533118039679 
0.128373619658054 
0.128214833214494 
0.128056747203380 
0.127899349859993 
0.127742629098979 
0.127586572462987 
0.127431167082456 
0.127276399647145 
0.127122256389627 
0.126968723080621 
0.126815785035807 
0.126663427133540 
0.126511633842745 
0.126360389260191 
0.126209677156266 
0.126059481028394 
0.125909784161208 
0.125760569692597 
0.125611820684818 
0.125463520199794 
0.125315651377798 
0.125168197518645 
0.125021142164540 
0.124874469183659 
0.124728162853490 
0.124582207942926 
0.124436589792015 
0.124291294388260 
0.124146308438272 
0.124001619433633 
0.123857215709783 
0.123713086496834 
0.123569221961276 
0.123425613237687 
0.123282252449715 
0.123139132719811 
0.122996248167402 
0.122853593895470 
0.122711165965744 
0.122568961362967 
0.122426977948956 
0.122285214407388 
0.122143670180420 
0.122002345398416 
0.121861240804158 
0.121720357672949 
0.121579697730073 
0.121439263067016 
0.121299056057815 
0.121159079276799 
0.121019335418897 
0.120879827223521 
0.120740557402981 
0.120601528576149 
0.120462743208063 
0.120324203555959 
0.120185911622151 
0.120047869114049 
0.119910077411501 
0.119772537541582 
0.119635250160846 
0.119498215544986 
0.119361433585810 
0.119224903795325 
0.119088625316700 
0.118952596941827 
0.118816817135101 
0.118681284063037 
0.118545995629243 
0.118410949514253 
0.118276143219618 
0.118141574115659 
0.118007239492160 
0.117873136611289 
0.117739262761913 
0.117605615314470 
0.117472191775499 
0.117338989840852 
0.117206007446653 
0.117073242816967 
0.116940694507205 
0.116808361442266 
0.116676242948490 
0.116544338778503 
0.116412649128176 
0.116281174644979 
0.116149916427156 
0.116018876013288 
0.115888055361958 
0.115757456821389 
0.115627083089133 
0.115496937161968 
0.115367022276416 
0.115237341840336 
0.115107899356226 
0.114978698336933 
0.114849742214561 
0.114721034243371 
0.114592577397526 
0.114464374264504 
0.114336426934961 
0.114208736889791 
0.114081304885073 
0.113954130835504 
0.113827213696868 
0.113700551348023 
0.113574140472867 
0.113447976442726 
0.113322053199689 
0.113196363141557 
0.113070897009324 
0.112945643778530 
0.112820590556460 
0.112695722488067 
0.112571022674758 
0.112446472111949 
0.112322049653544 
0.112197732014556 
0.112073493826751 
0.111949307766857 
0.111825144781933 
0.111700974442069 
0.111576765455315 
0.111452486382630 
0.111328106588992 
0.111203597457734 
0.111078933874729 
0.110954095953701 
0.110829070922610 
0.110703855026662 
0.110578455237454 
0.110452890509186 
0.110327192317267 
0.110201404274127 
0.110075580748395 
0.109949784596710 
0.109824084305698 
0.109698550975793 
0.109573255611934 
0.109448267105622 
0.109323651124630 
0.109199469922674 
0.109075782897041 
0.108952647597085 
0.108830120837539 
0.108708259593827 
0.108587121435836 
0.108466764369182 
0.108347246075520 
0.108228622653468 
0.108110947041760 
0.107994267345523 
0.107878625283568 
0.107764054936308 
0.107650581913530 
0.107538222993965 
0.107426986227503 
0.107316871444467 
0.107207871087905 
0.107099971273003 
0.106993152979091 
0.106887393289329 
0.106782666607274 
0.106678945794787 
0.106576203190383 
0.106474411480302 
0.106373544405938 
0.106273577301034 
0.106174487460389 
0.106076254348934 
0.105978859665864 
0.105882287283235 
0.105786523081638 
0.105691554707435 
0.105597371276421 
0.105503963047727 
0.105411321089556 
0.105319436955156 
0.105228302383737 
0.105137909036979 
0.105048248277942 
0.104959310995605 
0.104871087475228 
0.104783567312406 
0.104696739366888 
0.104610591751159 
0.104525111848205 
0.104440286352752 
0.104356101330469 
0.104272542290065 
0.104189594263795 
0.104107241892523 
0.104025469512175 
0.103944261239046 
0.103863601052024 
0.103783472870280 
0.103703860625524 
0.103624748328175 
0.103546120127227 
0.103467960363768 
0.103390253618338 
0.103312984752446 
0.103236138944658 
0.103159701721781 
0.103083658985626 
0.103007997035962 
0.102932702590150 
0.102857762800032 
0.102783165266547 
0.102708898052554 
0.102634949694269 
0.102561309211690 
0.102487966118304 
0.102414910430342 
0.102342132675741 
0.102269623902975 
0.102197375689762 
0.102125380151672 
0.102053629950548 
0.101982118302596 
0.101910838985964 
0.101839786347537 
0.101768955308675 
0.101698341369544 
0.101627940611693 
0.101557749698491 
0.101487765873060 
0.101417986953362 
0.101348411324099 
0.101279037925165 
0.101209866236452 
0.101140896258857 
0.101072128491485 
0.101003563905063 
0.100935203911766 
0.100867050331668 
0.100799105356191 
0.100731371508987 
0.100663851604740 
0.100596548706470 
0.100529466081930 
0.100462607159689 
0.100395975485559 
0.100329574679911 
0.100263408396457 
0.100197480282985 
0.100131793944489 
0.100066352909039 
0.100001160596675 
0.099936220291538 
0.099871535117329 
0.099807108016171 
0.099742941730842 
0.099679038790289 
0.099615401498312 
0.099552031925220 
0.099488931902273 
0.099426103018674 
0.099363546620868 
0.099301263813900 
0.099239255464581 
0.099177522206221 
0.099116064444679 
0.099054882365538 
0.098993975942156 
0.098933344944436 
0.098872988948133 
0.098812907344527 
0.098753099350352 
0.098693564017837 
0.098634300244770 
0.098575306784496 
0.098516582255757 
0.098458125152345 
0.098399933852485 
0.098342006627932 
0.098284341652741 
0.098226937011684 
0.098169790708308 
0.098112900672625 
0.098056264768411 
0.097999880800139 
0.097943746519526 
0.097887859631721 
0.097832217801113 
0.097776818656808 
0.097721659797751 
0.097666738797512 
0.097612053208780 
0.097557600567529 
0.097503378396904 
0.097449384210838 
0.097395615517398 
0.097342069821884 
0.097288744629697 
0.097235637448980 
0.097182745793058 
0.097130067182670 
0.097077599148020 
0.097025339230662 
0.096973284985203 
0.096921433980873 
0.096869783802935 
0.096818332053974 
0.096767076355049 
0.096716014346738 
0.096665143690063 
0.096614462067326 
0.096563967182837 
0.096513656763564 
0.096463528559694 
0.096413580345125 
0.096363809917876 
0.096314215100442 
0.096264793740086 
0.096215543709066 
0.096166462904826 
0.096117549250120 
0.096068800693106 
0.096020215207395 
0.095971790792056 
0.095923525471595 
0.095875417295896 
0.095827464340137 
0.095779664704674 
0.095732016514903 
0.095684517921103 
0.095637167098253 
0.095589962245830 
0.095542901587598 
0.095495983371367 
0.095449205868759 
0.095402567374937 
0.095356066208346 
0.095309700710427 
0.095263469245329 
0.095217370199617 
0.095171401981964 
0.095125563022842 
0.095079851774209 
0.095034266709191 
0.094988806321760 
0.094943469126400 
0.094898253657792 
0.094853158470471 
0.094808182138505 
0.094763323255153 
0.094718580432538 
0.094673952301316 
0.094629437510333 
0.094585034726301 
0.094540742633464 
0.094496559933267 
0.094452485344028 
0.094408517600608 
0.094364655454085 
0.094320897671436 
0.094277243035205 
0.094233690343193 
0.094190238408135 
0.094146886057387 
0.094103632132610 
0.094060475489468 
0.094017414997309 
0.093974449538873 
0.093931578009979 
0.093888799319235 
0.093846112387733 
0.093803516148759 
0.093761009547503 
0.093718591540766 
0.093676261096678 
0.093634017194410 
0.093591858823896 
0.093549784985551 
0.093507794689996 
0.093465886957786 
0.093424060819131 
0.093382315313629 
0.093340649490001 
0.093299062405819 
0.093257553127240 
0.093216120728746 
0.093174764292883 
0.093133482909995 
0.093092275677966 
0.093051141701960 
0.093010080094169 
0.092969089973543 
0.092928170465546 
0.092887320701886 
0.092846539820273 
0.092805826964146 
0.092765181282426 
0.092724601929252 
0.092684088063728 
0.092643638849655 
0.092603253455276 
0.092562931053010 
0.092522670819189 
0.092482471933787 
0.092442333580157 
0.092402254944755 
0.092362235216862 
0.092322273588314 
0.092282369253214 
0.092242521407646 
0.092202729249388 
0.092162991977617 
0.092123308792605 
0.092083678895417 
0.092044101487598 
0.092004575770854 
0.091965100946731 
0.091925676216277 
0.091886300779707 
0.091846973836052 
0.091807694582799 
0.091768462215529 
0.091729275927536 
0.091690134909438 
0.091651038348779 
0.091611985429618 
0.091572975332096 
0.091534007232006 
0.091495080300337 
0.091456193702798 
0.091417346599340 
0.091378538143647 
0.091339767482620 
0.091301033755829 
0.091262336094955 
0.091223673623206 
0.091185045454710 
0.091146450693881 
0.091107888434768 
0.091069357760369 
0.091030857741917 
0.090992387438142 
0.090953945894496 
0.090915532142345 
0.090877145198134 
0.090838784062502 
0.090800447719372 
0.090762135134994 
0.090723845256947 
0.090685577013098 
0.090647329310515 
0.090609101034330 
0.090570891046563 
0.090532698184872 
0.090494521261278 
0.090456359060809 
0.090418210340107 
0.090380073825962 
0.090341948213793 
0.090303832166066 
0.090265724310645 
0.090227623239096 
0.090189527504901 
0.090151435621631 
0.090113346061047 
0.090075257251141 
0.090037167574118 
0.089999075364317 
0.089960978906095 
0.089922876431640 
0.089884766118773 
0.089846646088691 
0.089808514403713 
0.089770369065002 
0.089732208010303 
0.089694029111703 
0.089655830173435 
0.089617608929762 
0.089579363042949 
0.089541090101379 
0.089502787617833 
0.089464453027988 
0.089426083689170 
0.089387676879437 
0.089349229797030 
0.089310739560271 
0.089272203207990 
0.089233617700545 
0.089194979921542 
0.089156286680333 
0.089117534715410 
0.089078720698788 
0.089039841241489 
0.089000892900254 
0.088961872185566 
0.088922775571126 
0.088883599504855 
0.088844340421541 
0.088804994757181 
0.088765558965099 
0.088726029533855 
0.088686403006941 
0.088646676004237 
0.088606845245126 
0.088566907573121 
0.088526859981831 
0.088486699641969 
0.088446423929111 
0.088406030451784 
0.088365517079436 
0.088324881969776 
0.088284123594891 
0.088243240765558 
0.088202232653090 
0.088161098808088 
0.088119839175463 
0.088078454105150 
0.088036944357971 
0.087995311106229 
0.087953555928672 
0.087911680799653 
0.087869688072397 
0.087827580456469 
0.087785360989681 
0.087743033004804 
0.087700600091610 
0.087658066054856 
0.087615434868933 
0.087572710629942 
0.087529897506015 
0.087486999686668 
0.087444021331981 
0.087400966522295 
0.087357839209088 
0.087314643167551 
0.087271381951292 
0.087228058849481 
0.087184676846619 
0.087141238584985 
0.087097746329725 
0.087054201936418 
0.087010606820875 
0.086966961930817 
0.086923267719047 
0.086879524117624 
0.086835730512540 
0.086791885718321 
0.086747987951971 
0.086704034805653 
0.086660023217468 
0.086615949439709 
0.086571809003974 
0.086527596682536 
0.086483306445421 
0.086438931412740 
0.086394463801929 
0.086349894869776 
0.086305214849424 
0.086260412882989 
0.086215476951128 
0.086170393801863 
0.086125148882359 
0.086079726279352 
0.086034108676601 
0.085988277341507 
0.085942212157950 
0.085895891728838 
0.085849293579905 
0.085802394505773 
0.085755171109626 
0.085707600597385 
0.085659661893056 
0.085611337138792 
0.085562613624147 
0.085513486144775 
0.085463959713863 
0.085414052437000 
0.085363798223829 
0.085313248877713 
0.085262475028340 
0.085211565410508 
0.085160624184759 
0.085109766330073 
0.085059111536483 
0.085008777360933 
0.084958872566769 
0.084909491495854 
0.084860710061226 
0.084812583598911 
0.084765146490623 
0.084718413239909 
0.084672380575922 
0.084627030153790 
0.084582331481788 
0.084538244796311 
0.084494723698980 
0.084451717450856 
0.084409172880576 
0.084367035906489 
0.084325252700018 
0.084283770532526 
0.084242538354186 
0.084201507153946 
0.084160630146795 
0.084119862829850 
0.084079162943416 
0.084038490367978 
0.083997806983242 
0.083957076511468 
0.083916264364179 
0.083875337509121 
0.083834264373016 
0.083793014794849 
0.083751560044351 
0.083709872920296 
0.083667927943221 
0.083625701656412 
0.083583173047105 
0.083540324095822 
0.083497140455008 
0.083453612247686 
0.083409734962439 
0.083365510402689 
0.083320947627410 
0.083276063799519 
0.083230884841515 
0.083185445790534 
0.083139790752069 
0.083093972376778 
0.083048050828075 
0.083002092265031 
0.082956166926299 
0.082910346954277 
0.082864704133252 
0.082819307723205 
0.082774222551492 
0.082729507483012 
0.082685214335743 
0.082641387253853 
0.082598062504302 
0.082555268630601 
0.082513026880682 
0.082471351822916 
0.082430252071583 
0.082389731056307 
0.082349787785619 
0.082310417570044 
0.082271612683386 
0.082233362951478 
0.082195656265363 
0.082158479021177 
0.082121816492145 
0.082085653139798 
0.082049972872056 
0.082014759255726 
0.081979995690391 
0.081945665549963 
0.081911752297292 
0.081878239576467 
0.081845111286687 
0.081812351640906 
0.081779945211931 
0.081747876968127 
0.081716132300533 
0.081684697042862 
0.081653557485554 
0.081622700384913 
0.081592112968115 
0.081561782934777 
0.081531698455654 
0.081501848168939 
0.081472221174557 
0.081442807026811 
0.081413595725657 
0.081384577706851 
0.081355743831200 
0.081327085373081 
0.081298594008405 
0.081270261802154 
0.081242081195610 
0.081214044993386 
0.081186146350352 
0.081158378758532 
0.081130736034026 
0.081103212304055 
0.081075801994136 
0.081048499815453 
0.081021300752469 
0.080994200050791 
0.080967193205321 
0.080940275948732 
0.080913444240250 
0.080886694254796 
0.080860022372469 
0.080833425168390 
0.080806899402906 
0.080780442012167 
0.080754050099060 
0.080727720924514 
0.080701451899161 
0.080675240575350 
0.080649084639522 
0.080622981904913 
0.080596930304609 
0.080570927884910 
0.080544972799026 
0.080519063301074 
0.080493197740373 
0.080467374556029 
0.080441592271801 
0.080415849491222 
0.080390144892991 
0.080364477226605 
0.080338845308221 
0.080313248016755 
0.080287684290187 
0.080262153122076 
0.080236653558271 
0.080211184693805 
0.080185745669975 
0.080160335671575 
0.080134953924306 
0.080109599692324 
0.080084272275947 
0.080058971009479 
0.080033695259177 
0.080008444421335 
0.079983217920485 
0.079958015207705 
0.079932835759022 
0.079907679073933 
0.079882544673989 
0.079857432101489 
0.079832340918242 
0.079807270704408 
0.079782221057410 
0.079757191590913 
0.079732181933869 
0.079707191729620 
0.079682220635052 
0.079657268319816 
0.079632334465573 
0.079607418765316 
0.079582520922705 
0.079557640651468 
0.079532777674826 
0.079507931724955 
0.079483102542484 
0.079458289876027 
0.079433493481734 
0.079408713122888 
0.079383948569505 
0.079359199597976 
0.079334465990722 
0.079309747535878 
0.079285044026987 
0.079260355262720 
0.079235681046612 
0.079211021186809 
0.079186375495843 
0.079161743790400 
0.079137125891127 
0.079112521622429 
0.079087930812290 
0.079063353292103 
0.079038788896508 
0.079014237463243 
0.078989698832994 
0.078965172849270 
0.078940659358271 
0.078916158208769 
0.078891669252000 
0.078867192341553 
0.078842727333274 
0.078818274085167 
0.078793832457309 
0.078769402311765 
0.078744983512509 
0.078720575925345 
0.078696179417841 
0.078671793859256 
0.078647419120481 
0.078623055073975 
0.078598701593707 
0.078574358555105 
0.078550025835000 
0.078525703311580 
0.078501390864340 
0.078477088374038 
0.078452795722653 
0.078428512793345 
0.078404239470414 
0.078379975639263 
0.078355721186367 
0.078331475999231 
0.078307239966365 
0.078283012977249 
0.078258794922301 
0.078234585692855 
0.078210385181128 
0.078186193280196 
0.078162009883964 
0.078137834887148 
0.078113668185248 
0.078089509674523 
0.078065359251975 
0.078041216815319 
0.078017082262969 
0.077992955494017 
0.077968836408213 
0.077944724905944 
0.077920620888218 
0.077896524256645 
0.077872434913423 
0.077848352761316 
0.077824277703642 
0.077800209644253 
0.077776148487523 
0.077752094138335 
0.077728046502055 
0.077704005484533 
0.077679970992074 
0.077655942931434 
0.077631921209803 
0.077607905734791 
0.077583896414415 
0.077559893157086 
0.077535895871598 
0.077511904467114 
0.077487918853151 
0.077463938939570 
0.077439964636568 
0.077415995854660 
0.077392032504666 
0.077368074497708 
0.077344121745189 
0.077320174158786 
0.077296231650440 
0.077272294132342 
0.077248361516921 
0.077224433716834 
0.077200510644959 
0.077176592214375 
0.077152678338360 
0.077128768930373 
0.077104863904048 
0.077080963173179 
0.077057066651711 
0.077033174253734 
0.077009285893460 
0.076985401485223 
0.076961520943462 
0.076937644182714 
0.076913771117597 
0.076889901662807 
0.076866035733099 
0.076842173243281 
0.076818314108197 
0.076794458242723 
0.076770605561749 
0.076746755980170 
0.076722909412876 
0.076699065774735 
0.076675224980586 
0.076651386945222 
0.076627551583385 
0.076603718809744 
0.076579888538892 
0.076556060685323 
0.076532235163430 
0.076508411887481 
0.076484590771614 
0.076460771729817 
0.076436954675922 
0.076413139523579 
0.076389326186256 
0.076365514577211 
0.076341704609484 
0.076317896195885 
0.076294089248968 
0.076270283681025 
0.076246479404065 
0.076222676329799 
0.076198874369619 
0.076175073434590 
0.076151273435421 
0.076127474282458 
0.076103675885654 
0.076079878154560 
0.076056080998298 
0.076032284325548 
0.076008488044521 
0.075984692062942 
0.075960896288026 
0.075937100626460 
0.075913304984376 
0.075889509267329 
0.075865713380272 
0.075841917227536 
0.075818120712794 
0.075794323739051 
0.075770526208602 
0.075746728023013 
0.075722929083089 
0.075699129288845 
0.075675328539479 
0.075651526733336 
0.075627723767878 
0.075603919539653 
0.075580113944256 
0.075556306876300 
0.075532498229374 
0.075508687896006 
0.075484875767629 
0.075461061734537 
0.075437245685840 
0.075413427509431 
0.075389607091931 
0.075365784318652 
0.075341959073540 
0.075318131239138 
0.075294300696521 
0.075270467325258 
0.075246631003345 
0.075222791607156 
0.075198949011380 
0.075175103088963 
0.075151253711045 
0.075127400746891 
0.075103544063827 
0.075079683527171 
0.075055819000151 
0.075031950343838 
0.075008077417064 
0.074984200076339 
0.074960318175764 
0.074936431566948 
0.074912540098909 
0.074888643617981 
0.074864741967713 
0.074840834988766 
0.074816922518801 
0.074793004392370 
0.074769080440794 
0.074745150492041 
0.074721214370598 
0.074697271897337 
0.074673322889373 
0.074649367159921 
0.074625404518136 
0.074601434768963 
0.074577457712962 
0.074553473146134 
0.074529480859742 
0.074505480640115 
0.074481472268448 
0.074457455520595 
0.074433430166843 
0.074409395971682 
0.074385352693566 
0.074361300084651 
0.074337237890536 
0.074313165849973 
0.074289083694577 
0.074264991148514 
0.074240887928169 
0.074216773741807 
0.074192648289208 
0.074168511261283 
0.074144362339673 
0.074120201196323 
0.074096027493029 
0.074071840880970 
0.074047641000201 
0.074023427479124 
0.073999199933932 
0.073974957968011 
0.073950701171309 
0.073926429119677 
0.073902141374158 
0.073877837480238 
0.073853516967049 
0.073829179346528 
0.073804824112514 
0.073780450739794 
0.073756058683086 
0.073731647375951 
0.073707216229645 
0.073682764631884 
0.073658291945527 
0.073633797507174 
0.073609280625669 
0.073584740580486 
0.073560176620022 
0.073535587959751 
0.073510973780259 
0.073486333225125 
0.073461665398659 
0.073436969363461 
0.073412244137811 
0.073387488692853 
0.073362701949569 
0.073337882775522 
0.073313029981350 
0.073288142316980 
0.073263218467557 
0.073238257049046 
0.073213256603487 
0.073188215593878 
0.073163132398644 
0.073138005305672 
0.073112832505872 
0.073087612086217 
0.073062342022247 
0.073037020169971 
0.073011644257158 
0.072986211873946 
0.072960720462770 
0.072935167307540 
0.072909549522088 
0.072883864037829 
0.072858107590680 
0.072832276707235 
0.072806367690275 
0.072780376603702 
0.072754299257062 
0.072728131189898 
0.072701867656262 
0.072675503609838 
0.072649033690343 
0.072622452212001 
0.072595753155246 
0.072568930163067 
0.072541976543865 
0.072514885283157 
0.072487649067077 
0.072460260321257 
0.072432711269437 
0.072404994016907 
0.072377100664608 
0.072349023460280 
0.072320754993267 
0.072292288439232 
0.072263617859772 
0.072234738559394 
0.072205647498146 
0.072176343752109 
0.072146829005900 
0.072117108051649 
0.072087189258630 
0.072057084968405 
0.072026811764455 
0.071996390565144 
0.071965846496946 
0.071935208521869 
0.071904508817839 
0.071873781940072 
0.071843063819812 
0.071812390678398 
0.071781797944834 
0.071751319261808 
0.071720985649620 
0.071690824873636 
0.071660861034024 
0.071631114371618 
0.071601601264617 
0.071572334378959 
0.071543322930674 
0.071514573019768 
0.071486088000392 
0.071457868859206 
0.071429914581479 
0.071402222491441 
0.071374788559232 
0.071347607671256 
0.071320673863872 
0.071293980522411 
0.071267520548642 
0.071241286500359 
0.071215270706817 
0.071189465363601 
0.071163862610143 
0.071138454592778 
0.071113233515730 
0.071088191682148 
0.071063321526872 
0.071038615642377 
0.071014066799056 
0.070989667960822 
0.070965412296786 
0.070941293189695 
0.070917304241650 
0.070893439277547 
0.070869692346618 
0.070846057722375 
0.070822529901241 
0.070799103600048 
0.070775773752644 
0.070752535505731 
0.070729384214094 
0.070706315435331 
0.070683324924210 
0.070660408626706 
0.070637562673837 
0.070614783375331 
0.070592067213215 
0.070569410835344 
0.070546811048943 
0.070524264814166 
0.070501769237745 
0.070479321566704 
0.070456919182210 
0.070434559593543 
0.070412240432211 
0.070389959446234 
0.070367714494573 
0.070345503541760 
0.070323324652681 
0.070301175987547 
0.070279055797051 
0.070256962417702 
0.070234894267336 
0.070212849840815 
0.070190827705889 
0.070168826499242 
0.070146844922697 
0.070124881739589 
0.070102935771297 
0.070081005893925 
0.070059091035138 
0.070037190171137 
0.070015302323774 
0.069993426557796 
0.069971561978217 
0.069949707727812 
0.069927862984726 
0.069906026960189 
0.069884198896346 
0.069862378064171 
0.069840563761490 
0.069818755311086 
0.069796952058886 
0.069775153372234 
0.069753358638238 
0.069731567262176 
0.069709778665988 
0.069687992286814 
0.069666207575593 
0.069644423995721 
0.069622641021753 
0.069600858138152 
0.069579074838083 
0.069557290622244 
0.069535504997731 
0.069513717476935 
0.069491927576472 
0.069470134816127 
0.069448338717840 
0.069426538804683 
0.069404734599878 
0.069382925625815 
0.069361111403076 
0.069339291449479 
0.069317465279109 
0.069295632401361 
0.069273792319972 
0.069251944532055 
0.069230088527106 
0.069208223786025 
0.069186349780090 
0.069164465969936 
0.069142571804489 
0.069120666719888 
0.069098750138368 
0.069076821467101 
0.069054880097008 
0.069032925401514 
0.069010956735258 
0.068988973432744 
0.068966974806929 
0.068944960147746 
0.068922928720548 
0.068900879764471 
0.068878812490709 
0.068856726080685 
0.068834619684125 
0.068812492417003 
0.068790343359373 
0.068768171553049 
0.068745975999145 
0.068723755655447 
0.068701509433611 
0.068679236196168 
0.068656934753317 
0.068634603859496 
0.068612242209706 
0.068589848435569 
0.068567421101098 
0.068544958698156 
0.068522459641581 
0.068499922263948 
0.068477344809932 
0.068454725430268 
0.068432062175250 
0.068409352987753 
0.068386595695745 
0.068363788004268 
0.068340927486839 
0.068318011576277 
0.068295037554911 
0.068272002544189 
0.068248903493661 
0.068225737169385 
0.068202500141786 
0.068179188773052 
0.068155799204186 
0.068132327341884 
0.068108768845504 
0.068085119114451 
0.068061373276450 
0.068037526177329 
0.068013572373102 
0.067989506125425 
0.067965321401734 
0.067941011881781 
0.067916570972676 
0.067891991835014 
0.067867267423255 
0.067842390544051 
0.067817353936849 
0.067792150381548 
0.067766772838376 
0.067741214625138 
0.067715469636473 
0.067689532608472 
0.067663399429709 
0.067637067496017 
0.067610536101293 
0.067583806849956 
0.067556884069012 
0.067529775189704 
0.067502491061756 
0.067475046159060 
0.067447458636266 
0.067419750202514 
0.067391945792314 
0.067364073033296 
0.067336161533594 
0.067308242034167 
0.067280345488823 
0.067252502143570 
0.067224740685458 
0.067197087519708 
0.067169566215619 
0.067142197140235 
0.067114997278082 
0.067087980218599 
0.067061156281786 
0.067034532747300 
0.067008114152073 
0.066981902624840 
0.066955898231552 
0.066930099311854 
0.066904502792966 
0.066879104472602 
0.066853899266849 
0.066828881422129 
0.066804044692578 
0.066779382485546 
0.066754887978699 
0.066730554212488 
0.066706374161742 
0.066682340789895 
0.066658447089078 
0.066634686108899 
0.066611050976352 
0.066587534908938 
0.066564131222734 
0.066540833336848 
0.066517634775429 
0.066494529168189 
0.066471510250191 
0.066448571861505 
0.066425707947206 
0.066402912558055 
0.066380179852152 
0.066357504097736 
0.066334879677242 
0.066312301092705 
0.066289762972489 
0.066267260079337 
0.066244787319626 
0.066222339753716 
0.066199912607223 
0.066177501282995 
0.066155101373553 
0.066132708673691 
0.066110319192936 
0.066087929167506 
0.066065535071407 
0.066043133626294 
0.066020721809718 
0.065998296861391 
0.065975856287154 
0.065953397860318 
0.065930919620174 
0.065908419867444 
0.065885897156614 
0.065863350285078 
0.065840778279187 
0.065818180377313 
0.065795556010161 
0.065772904778625 
0.065750226429519 
0.065727520829596 
0.065704787938274 
0.065682027779498 
0.065659240413188 
0.065636425906681 
0.065613584306551 
0.065590715611151 
0.065567819744153 
0.065544896529351 
0.065521945666874 
0.065498966710946 
0.065475959049284 
0.065452921884142 
0.065429854215030 
0.065406754823074 
0.065383622257022 
0.065360454820859 
0.065337250563062 
0.065314007267556 
0.065290722446487 
0.065267393335016 
0.065244016888462 
0.065220589782217 
0.065197108415064 
0.065173568916673 
0.065149967160300 
0.065126298781950 
0.065102559207538 
0.065078743689881 
0.065054847357629 
0.065030865278530 
0.065006792539612 
0.064982624346925 
0.064958356147434 
0.064933983775186 
0.064909503623130 
0.064884912840646 
0.064860209554970 
0.064835393112078 
0.064810464329472 
0.064785425749603 
0.064760281878847 
0.064735039393585 
0.064709707292513 
0.064684296973881 
0.064658822218353 
0.064633299063285 
0.064607745562103 
0.064582181432717 
0.064556627609971 
0.064531105727505 
0.064505637562167 
0.064480244478010 
0.064454946906184 
0.064429763891991 
0.064404712732078 
0.064379808714638 
0.064355064965381 
0.064330492393180 
0.064306099722727 
0.064281893597477 
0.064257878734685 
0.064234058114745 
0.064210433188977 
0.064187004092701 
0.064163769853417 
0.064140728586834 
0.064117877676055 
0.064095213931354 
0.064072733729636 
0.064050433133857 
0.064028307993508 
0.064006354027731 
0.063984566892943 
0.063962942236872 
0.063941475740906 
0.063920163152540 
0.063899000309525 
0.063877983157184 
0.063857107760151 
0.063836370309619 
0.063815767127027 
0.063795294664981 
0.063774949506024 
0.063754728359826 
0.063734628059214 
0.063714645555395 
0.063694777912663 
0.063675022302811 
0.063655375999416 
0.063635836372142 
0.063616400881160 
0.063597067071750 
0.063577832569150 
0.063558695073670 
0.063539652356114 
0.063520702253495 
0.063501842665068 
0.063483071548650 
0.063464386917249 
0.063445786835952 
0.063427269419094 
0.063408832827656 
0.063390475266911 
0.063372194984260 
0.063353990267273 
0.063335859441905 
0.063317800870863 
0.063299812952130 
0.063281894117598 
0.063264042831835 
0.063246257590940 
0.063228536921492 
0.063210879379584 
0.063193283549914 
0.063175748044947 
0.063158271504123 
0.063140852593113 
0.063123490003115 
0.063106182450175 
0.063088928674545 
0.063071727440061 
0.063054577533535 
0.063037477764171 
0.063020426962988 
0.063003423982256 
0.062986467694935 
0.062969556994124 
0.062952690792514 
0.062935868021839 
0.062919087632334 
0.062902348592187 
0.062885649886990 
0.062868990519198 
0.062852369507573 
0.062835785886627 
0.062819238706071 
0.062802727030247 
0.062786249937561 
0.062769806519913 
0.062753395882118 
0.062737017141321 
0.062720669426406 
0.062704351877402 
0.062688063644874 
0.062671803889315 
0.062655571780524 
0.062639366496976 
0.062623187225189 
0.062607033159071 
0.062590903499268 
0.062574797452490 
0.062558714230836 
0.062542653051097 
0.062526613134054 
0.062510593703753 
0.062494593986775 
0.062478613211478 
0.062462650607235 
0.062446705403636 
0.062430776829687 
0.062414864112974 
0.062398966478815 
0.062383083149372 
0.062367213342751 
0.062351356272066 
0.062335511144470 
0.062319677160156 
0.062303853511318 
0.062288039381084 
0.062272233942391 
0.062256436356827 
0.062240645773427 
0.062224861327406 
0.062209082138851 
0.062193307311348 
0.062177535930539 
0.062161767062631 
0.062145999752809 
0.062130233023593 
0.062114465873101 
0.062098697273227 
0.062082926167723 
0.062067151470189 
0.062051372061946 
0.062035586789799 
0.062019794463682 
0.062003993854168 
0.061988183689851 
0.061972362654569 
0.061956529384490 
0.061940682465015 
0.061924820427527 
0.061908941745948 
0.061893044833103 
0.061877128036894 
0.061861189636247 
0.061845227836860 
0.061829240766701 
0.061813226471290 
0.061797182908730 
0.061781107944490 
0.061764999345936 
0.061748854776625 
0.061732671790333 
0.061716447824851 
0.061700180195550 
0.061683866088738 
0.061667502554818 
0.061651086501308 
0.061634614685738 
0.061618083708510 
0.061601490005764 
0.061584829842367 
0.061568099305116 
0.061551294296288 
0.061534410527724 
0.061517443515594 
0.061500388576106 
0.061483240822408 
0.061465995162978 
0.061448646301876 
0.061431188741229 
0.061413616786408 
0.061395924554403 
0.061378105985901 
0.061360154861685 
0.061342064823944 
0.061323829403123 
0.061305442050933 
0.061286896180133 
0.061268185211586 
0.061249302629037 
0.061230242041873 
0.061210997255948 
0.061191562352251 
0.061171931772918 
0.061152100413668 
0.061132063721343 
0.061111817794748 
0.061091359486533 
0.061070686503402 
0.061049797501550 
0.061028692173930 
0.061007371325800 
0.060985836935037 
0.060964092193903 
0.060942141529465 
0.060919990600459 
0.060897646269321 
0.060875116549074 
0.060852410525862 
0.060829538259014 
0.060806510661537 
0.060783339364786 
0.060760036571685 
0.060736614903283 
0.060713087243459 
0.060689466586448 
0.060665765891418 
0.060641997947682 
0.060618175253407 
0.060594309909854 
0.060570413532338 
0.060546497178359 
0.060522571292648 
0.060498645668329 
0.060474729422933 
0.060450830987760 
0.060426958108813 
0.060403117857556 
0.060379316649694 
0.060355560270295 
0.060331853903682 
0.060308202166729 
0.060284609144323 
0.060261078425985 
0.060237613142793 
0.060214216003923 
0.060190889332292 
0.060167635098888 
0.060144454955518 
0.060121350265765 
0.060098322134068 
0.060075371432856 
0.060052498827745 
0.060029704800827 
0.060006989672123 
0.059984353619277 
0.059961796695586 
0.059939318846459 
0.059916919924422 
0.059894599702769 
0.059872357887936 
0.059850194130742 
0.059828108036538 
0.059806099174382 
0.059784167085314 
0.059762311289795 
0.059740531294387 
0.059718826597740 
0.059697196695932 
0.059675641087226 
0.059654159276284 
0.059632750777883 
0.059611415120183 
0.059590151847568 
0.059568960523104 
0.059547840730642 
0.059526792076599 
0.059505814191428 
0.059484906730824 
0.059464069376668 
0.059443301837739 
0.059422603850216 
0.059401975177979 
0.059381415612732 
0.059360924973963 
0.059340503108753 
0.059320149891447 
0.059299865223207 
0.059279649031447 
0.059259501269177 
0.059239421914242 
0.059219410968501 
0.059199468456915 
0.059179594426592 
0.059159788945763 
0.059140052102720 
0.059120384004711 
0.059100784776811 
0.059081254560751 
0.059061793513744 
0.059042401807291 
0.059023079625964 
0.059003827166209 
0.058984644635125 
0.058965532249263 
0.058946490233422 
0.058927518819465 
0.058908618245140 
0.058889788752922 
0.058871030588881 
0.058852344001557 
0.058833729240878 
0.058815186557085 
0.058796716199705 
0.058778318416536 
0.058759993452675 
0.058741741549570 
0.058723562944115 
0.058705457867768 
0.058687426545715 
0.058669469196060 
0.058651586029057 
0.058633777246380 
0.058616043040422 
0.058598383593640 
0.058580799077933 
0.058563289654051 
0.058545855471055 
0.058528496665801 
0.058511213362462 
0.058494005672095 
0.058476873692235 
0.058459817506525 
0.058442837184382 
0.058425932780700 
0.058409104335582 
0.058392351874110 
0.058375675406136 
0.058359074926122 
0.058342550412993 
0.058326101830034 
0.058309729124804 
0.058293432229093 
0.058277211058885 
0.058261065514374 
0.058244995479984 
0.058229000824425 
0.058213081400764 
0.058197237046537 
0.058181467583860 
0.058165772819576 
0.058150152545423 
0.058134606538210 
0.058119134560024 
0.058103736358447 
0.058088411666789 
0.058073160204348 
0.058057981676667 
0.058042875775818 
0.058027842180698 
0.058012880557328 
0.057997990559175 
0.057983171827480 
0.057968423991584 
0.057953746669288 
0.057939139467194 
0.057924601981069 
0.057910133796215 
0.057895734487831 
0.057881403621399 
0.057867140753056 
0.057852945429982 
0.057838817190786 
0.057824755565886 
0.057810760077908 
0.057796830242065 
0.057782965566549 
0.057769165552923 
0.057755429696498 
0.057741757486724 
0.057728148407571 
0.057714601937907 
0.057701117551868 
0.057687694719240 
0.057674332905814 
0.057661031573755 
0.057647790181959 
0.057634608186399 
0.057621485040476 
0.057608420195354 
0.057595413100292 
0.057582463202974 
0.057569569949822 
0.057556732786311 
0.057543951157273 
0.057531224507191 
0.057518552280487 
0.057505933921808 
0.057493368876287 
0.057480856589823 
0.057468396509322 
0.057455988082955 
0.057443630760390 
0.057431323993030 
0.057419067234231 
0.057406859939518 
0.057394701566790 
0.057382591576517 
0.057370529431934 
0.057358514599216 
0.057346546547657 
0.057334624749831 
0.057322748681751 
0.057310917823017 
0.057299131656961 
0.057287389670777 
0.057275691355649 
0.057264036206872 
0.057252423723963 
0.057240853410765 
0.057229324775546 
0.057217837331092 
0.057206390594790 
0.057194984088706 
0.057183617339661 
0.057172289879291 
0.057161001244113 
0.057149750975577 
0.057138538620115 
0.057127363729186 
0.057116225859315 
0.057105124572122 
0.057094059434355 
0.057083030017913 
0.057072035899866 
0.057061076662466 
0.057050151893163 
0.057039261184611 
0.057028404134667 
0.057017580346396 
0.057006789428063 
0.056996030993123 
0.056985304660221 
0.056974610053166 
0.056963946800918 
0.056953314537574 
0.056942712902339 
0.056932141539504 
0.056921600098420 
0.056911088233467 
0.056900605604022 
0.056890151874430 
0.056879726713962 
0.056869329796785 
0.056858960801919 
0.056848619413197 
0.056838305319228 
0.056828018213349 
0.056817757793581 
0.056807523762588 
0.056797315827628 
0.056787133700505 
0.056776977097522 
0.056766845739435 
0.056756739351397 
0.056746657662915 
0.056736600407793 
0.056726567324085 
0.056716558154042 
0.056706572644061 
0.056696610544631 
0.056686671610280 
0.056676755599526 
0.056666862274818 
0.056656991402492 
0.056647142752708 
0.056637316099404 
0.056627511220241 
0.056617727896549 
0.056607965913277 
0.056598225058936 
0.056588505125551 
0.056578805908607 
0.056569127206998 
0.056559468822975 
0.056549830562093 
0.056540212233163 
0.056530613648198 
0.056521034622367 
0.056511474973942 
0.056501934524250 
0.056492413097621 
0.056482910521346 
0.056473426625622 
0.056463961243509 
0.056454514210881 
0.056445085366381 
0.056435674551371 
0.056426281609890 
0.056416906388611 
0.056407548736790 
0.056398208506228 
0.056388885551226 
0.056379579728538 
0.056370290897337 
0.056361018919164 
0.056351763657895 
0.056342524979695 
0.056333302752979 
0.056324096848377 
0.056314907138687 
0.056305733498842 
0.056296575805873 
0.056287433938869 
0.056278307778941 
0.056269197209186 
0.056260102114655 
0.056251022382309 
0.056241957900995 
0.056232908561405 
0.056223874256045 
0.056214854879203 
0.056205850326917 
0.056196860496941 
0.056187885288714 
0.056178924603330 
0.056169978343510 
0.056161046413570 
0.056152128719391 
0.056143225168391 
0.056134335669499 
0.056125460133125 
0.056116598471132 
0.056107750596812 
0.056098916424857 
0.056090095871337 
0.056081288853669 
0.056072495290595 
0.056063715102162 
0.056054948209688 
0.056046194535750 
0.056037454004149 
0.056028726539896 
0.056020012069189 
0.056011310519384 
0.056002621818983 
0.055993945897605 
0.055985282685970 
0.055976632115876 
0.055967994120182 
0.055959368632784 
0.055950755588601 
0.055942154923551 
0.055933566574536 
0.055924990479423 
0.055916426577024 
0.055907874807083 
0.055899335110254 
0.055890807428087 
0.055882291703010 
0.055873787878314 
0.055865295898137 
0.055856815707447 
0.055848347252028 
0.055839890478465 
0.055831445334127 
0.055823011767156 
0.055814589726452 
0.055806179161654 
0.055797780023137 
0.055789392261986 
0.055781015829993 
0.055772650679637 
0.055764296764079 
0.055755954037140 
0.055747622453296 
0.055739301967666 
0.055730992535994 
0.055722694114646 
0.055714406660592 
0.055706130131397 
0.055697864485214 
0.055689609680766 
0.055681365677342 
0.055673132434785 
0.055664909913478 
0.055656698074341 
0.055648496878816 
0.055640306288860 
0.055632126266935 
0.055623956775999 
0.055615797779497 
0.055607649241353 
0.055599511125960 
0.055591383398172 
0.055583266023297 
0.055575158967087 
0.055567062195732 
0.055558975675850 
0.055550899374482 
0.055542833259080 
0.055534777297505 
0.055526731458019 
0.055518695709272 
0.055510670020304 
0.055502654360529 
0.055494648699737 
0.055486653008080 
0.055478667256069 
0.055470691414571 
0.055462725454794 
0.055454769348292 
0.055446823066947 
0.055438886582975 
0.055430959868911 
0.055423042897607 
0.055415135642229 
0.055407238076247 
0.055399350173431 
0.055391471907848 
0.055383603253855 
0.055375744186093 
0.055367894679484 
0.055360054709227 
0.055352224250788 
0.055344403279902 
0.055336591772564 
0.055328789705027 
0.055320997053796 
0.055313213795623 
0.055305439907503 
0.055297675366674 
0.055289920150607 
0.055282174237005 
0.055274437603800 
0.055266710229145 
0.055258992091414 
0.055251283169198 
0.055243583441299 
0.055235892886729 
0.055228211484703 
0.055220539214641 
0.055212876056159 
0.055205221989067 
0.055197576993371 
0.055189941049261 
0.055182314137113 
0.055174696237488 
0.055167087331122 
0.055159487398929 
0.055151896421998 
0.055144314381584 
0.055136741259113 
0.055129177036173 
0.055121621694515 
0.055114075216049 
0.055106537582841 
0.055099008777109 
0.055091488781227 
0.055083977577713 
0.055076475149233 
0.055068981478596 
0.055061496548753 
0.055054020342794 
0.055046552843946 
0.055039094035570 
0.055031643901159 
0.055024202424336 
0.055016769588850 
0.055009345378581 
0.055001929777529 
0.054994522769814 
0.054987124339679 
0.054979734471481 
0.054972353149698 
0.054964980358917 
0.054957616083838 
0.054950260309272 
0.054942913020138 
0.054935574201461 
0.054928243838372 
0.054920921916103 
0.054913608419988 
0.054906303335460 
0.054899006648053 
0.054891718343394 
0.054884438407206 
0.054877166825305 
0.054869903583599 
0.054862648668088 
0.054855402064857 
0.054848163760081 
0.054840933740021 
0.054833711991019 
0.054826498499505 
0.054819293251989 
0.054812096235059 
0.054804907435384 
0.054797726839711 
0.054790554434863 
0.054783390207739 
0.054776234145310 
0.054769086234623 
0.054761946462795 
0.054754814817011 
0.054747691284531 
0.054740575852677 
0.054733468508842 
0.054726369240484 
0.054719278035126 
0.054712194880354 
0.054705119763818 
0.054698052673230 
0.054690993596361 
0.054683942521043 
0.054676899435166 
0.054669864326679 
0.054662837183587 
0.054655817993952 
0.054648806745890 
0.054641803427572 
0.054634808027220 
0.054627820533113 
0.054620840933577 
0.054613869216989 
0.054606905371780 
0.054599949386426 
0.054593001249454 
0.054586060949435 
0.054579128474990 
0.054572203814785 
0.054565286957530 
0.054558377891981 
0.054551476606937 
0.054544583091241 
0.054537697333774 
0.054530819323465 
0.054523949049280 
0.054517086500226 
0.054510231665350 
0.054503384533736 
0.054496545094510 
0.054489713336831 
0.054482889249901 
0.054476072822951 
0.054469264045254 
0.054462462906116 
0.054455669394878 
0.054448883500915 
0.054442105213633 
0.054435334522476 
0.054428571416916 
0.054421815886458 
0.054415067920641 
0.054408327509031 
0.054401594641226 
0.054394869306856 
0.054388151495576 
0.054381441197073 
0.054374738401061 
0.054368043097284 
0.054361355275509 
0.054354674925535 
0.054348002037184 
0.054341336600306 
0.054334678604776 
0.054328028040494 
0.054321384897385 
0.054314749165398 
0.054308120834506 
0.054301499894707 
0.054294886336022 
0.054288280148491 
0.054281681322181 
0.054275089847180 
0.054268505713595 
0.054261928911558 
0.054255359431221 
0.054248797262754 
0.054242242396349 
0.054235694822220 
0.054229154530596 
0.054222621511729 
0.054216095755889 
0.054209577253364 
0.054203065994461 
0.054196561969504 
0.054190065168834 
0.054183575582813 
0.054177093201816 
0.054170618016237 
0.054164150016486 
0.054157689192989 
0.054151235536188 
0.054144789036540 
0.054138349684520 
0.054131917470615 
0.054125492385329 
0.054119074419178 
0.054112663562696 
0.054106259806430 
0.054099863140938 
0.054093473556796 
0.054087091044590 
0.054080715594922 
0.054074347198404 
0.054067985845663 
0.054061631527339 
0.054055284234082 
0.054048943956555 
0.054042610685435 
0.054036284411407 
0.054029965125170 
0.054023652817435 
0.054017347478922 
0.054011049100363 
0.054004757672500 
0.053998473186088 
0.053992195631889 
0.053985925000678 
0.053979661283238 
0.053973404470363 
0.053967154552857 
0.053960911521531 
0.053954675367210 
0.053948446080725 
0.053942223652915 
0.053936008074631 
0.053929799336731 
0.053923597430083 
0.053917402345562 
0.053911214074052 
0.053905032606444 
0.053898857933639 
0.053892690046545 
0.053886528936078 
0.053880374593161 
0.053874227008726 
0.053868086173710 
0.053861952079061 
0.053855824715730 
0.053849704074679 
0.053843590146873 
0.053837482923288 
0.053831382394902 
0.053825288552706 
0.053819201387690 
0.053813120890856 
0.053807047053211 
0.053800979865768 
0.053794919319544 
0.053788865405565 
0.053782818114862 
0.053776777438472 
0.053770743367437 
0.053764715892805 
0.053758695005630 
0.053752680696971 
0.053746672957893 
0.053740671779466 
0.053734677152765 
0.053728689068871 
0.053722707518869 
0.053716732493848 
0.053710763984906 
0.053704801983143 
0.053698846479664 
0.053692897465580 
0.053686954932003 
0.053681018870055 
0.053675089270860 
0.053669166125546 
0.053663249425245 
0.053657339161095 
0.053651435324237 
0.053645537905818 
0.053639646896989 
0.053633762288903 
0.053627884072720 
0.053622012239601 
0.053616146780714 
0.053610287687228 
0.053604434950319 
0.053598588561166 
0.053592748510951 
0.053586914790859 
0.053581087392081 
0.053575266305811 
0.053569451523247 
0.053563643035589 
0.053557840834043 
0.053552044909816 
0.053546255254121 
0.053540471858174 
0.053534694713192 
0.053528923810400 
0.053523159141022 
0.053517400696289 
0.053511648467433 
0.053505902445690 
0.053500162622300 
0.053494428988506 
0.053488701535553 
0.053482980254691 
0.053477265137174 
0.053471556174255 
0.053465853357197 
0.053460156677259 
0.053454466125709 
0.053448781693814 
0.053443103372847 
0.053437431154083 
0.053431765028799 
0.053426104988278 
0.053420451023803 
0.053414803126661 
0.053409161288145 
0.053403525499546 
0.053397895752163 
0.053392272037294 
0.053386654346243 
0.053381042670317 
0.053375437000822 
0.053369837329071 
0.053364243646380 
0.053358655944067 
0.053353074213452 
0.053347498445859 
0.053341928632616 
0.053336364765053 
0.053330806834502 
0.053325254832300 
0.053319708749787 
0.053314168578303 
0.053308634309195 
0.053303105933810 
0.053297583443501 
0.053292066829621 
0.053286556083527 
0.053281051196580 
0.053275552160144 
0.053270058965584 
0.053264571604271 
0.053259090067576 
0.053253614346876 
0.053248144433549 
0.053242680318978 
0.053237221994546 
0.053231769451642 
0.053226322681658 
0.053220881675987 
0.053215446426027 
0.053210016923178 
0.053204593158845 
0.053199175124433 
0.053193762811354 
0.053188356211020 
0.053182955314848 
0.053177560114258 
0.053172170600673 
0.053166786765518 
0.053161408600223 
0.053156036096221 
0.053150669244948 
0.053145308037844 
0.053139952466351 
0.053134602521915 
0.053129258195985 
0.053123919480015 
0.053118586365460 
0.053113258843780 
0.053107936906439 
0.053102620544901 
0.053097309750638 
0.053092004515123 
0.053086704829833 
0.053081410686248 
0.053076122075853 
0.053070838990134 
0.053065561420583 
0.053060289358694 
0.053055022795967 
0.053049761723903 
0.053044506134008 
0.053039256017790 
0.053034011366764 
0.053028772172447 
0.053023538426358 
0.053018310120021 
0.053013087244967 
0.053007869792725 
0.053002657754833 
0.052997451122830 
0.052992249888258 
0.052987054042667 
0.052981863577608 
0.052976678484635 
0.052971498755308 
0.052966324381191 
0.052961155353851 
0.052955991664860 
0.052950833305793 
0.052945680268230 
0.052940532543754 
0.052935390123955 
0.052930253000423 
0.052925121164757 
0.052919994608555 
0.052914873323423 
0.052909757300969 
0.052904646532809 
0.052899541010559 
0.052894440725842 
0.052889345670284 
0.052884255835516 
0.052879171213173 
0.052874091794897 
0.052869017572330 
0.052863948537122 
0.052858884680926 
0.052853825995401 
0.052848772472209 
0.052843724103018 
0.052838680879499 
0.052833642793328 
0.052828609836189 
0.052823581999766 
0.052818559275751 
0.052813541655838 
0.052808529131728 
0.052803521695127 
0.052798519337745 
0.052793522051298 
0.052788529827504 
0.052783542658088 
0.052778560534782 
0.052773583449319 
0.052768611393440 
0.052763644358890 
0.052758682337419 
0.052753725320783 
0.052748773300741 
0.052743826269060 
0.052738884217509 
0.052733947137865 
0.052729015021911 
0.052724087861431 
0.052719165648218 
0.052714248374070 
0.052709336030788 
0.052704428610182 
0.052699526104063 
0.052694628504253 
0.052689735802574 
0.052684847990856 
0.052679965060935 
0.052675087004653 
0.052670213813856 
0.052665345480395 
0.052660481996129 
0.052655623352922 
0.052650769542642 
0.052645920557165 
0.052641076388372 
0.052636237028148 
0.052631402468387 
0.052626572700986 
0.052621747717850 
0.052616927510888 
0.052612112072017 
0.052607301393158 
0.052602495466240 
0.052597694283195 
0.052592897835965 
0.052588106116493 
0.052583319116734 
0.052578536828645 
0.052573759244191 
0.052568986355340 
0.052564218154072 
0.052559454632367 
0.052554695782216 
0.052549941595614 
0.052545192064563 
0.052540447183807 
0.052535706942620 
0.052530971333023 
0.052526240347043 
0.052521513976715 
0.052516792214078 
0.052512075051178 
0.052507362480069 
0.052502654492810 
0.052497951081466 
0.052493252238113 
0.052488557954827 
0.052483868223696 
0.052479183036811 
0.052474502386272 
0.052469826264187 
0.052465154662665 
0.052460487573828 
0.052455824989803 
0.052451166902721 
0.052446513304724 
0.052441864187958 
0.052437219544576 
0.052432579366740 
0.052427943646618 
0.052423312376384 
0.052418685548220 
0.052414063154313 
0.052409445186862 
0.052404831638067 
0.052400222500139 
0.052395617765294 
0.052391017425758 
0.052386421473760 
0.052381829901542 
0.052377242701346 
0.052372659865427 
0.052368081386044 
0.052363507255467 
0.052358937465968 
0.052354372009831 
0.052349810879346 
0.052345254066807 
0.052340701564521 
0.052336153364798 
0.052331609459959 
0.052327069842330 
0.052322534504245 
0.052318003438046 
0.052313476636081 
0.052308954090708 
0.052304435794291 
0.052299921739202 
0.052295411917821 
0.052290906322535 
0.052286404945739 
0.052281907779835 
0.052277414817234 
0.052272926050354 
0.052268441471621 
0.052263961073468 
0.052259484848336 
0.052255012788676 
0.052250544886944 
0.052246081135604 
0.052241621527131 
0.052237166054004 
0.052232714708712 
0.052228267483752 
0.052223824371629 
0.052219385364855 
0.052214950455949 
0.052210519637443 
0.052206092901871 
0.052201670241779 
0.052197251649718 
0.052192837118251 
0.052188426639946 
0.052184020207381 
0.052179617813140 
0.052175219449818 
0.052170825110014 
0.052166434786341 
0.052162048471415 
0.052157666157864 
0.052153287838322 
0.052148913505432 
0.052144543151844 
0.052140176770219 
0.052135814353225 
0.052131455893538 
0.052127101383843 
0.052122750816833 
0.052118404185208 
0.052114061481681 
0.052109722698968 
0.052105387829795 
0.052101056866900 
0.052096729803026 
0.052092406630924 
0.052088087343355 
0.052083771933091 
0.052079460392908 
0.052075152715592 
0.052070848893939 
0.052066548920753 
0.052062252788847 
0.052057960491040 
0.052053672020163 
0.052049387369055 
0.052045106530563 
0.052040829497541 
0.052036556262856 
0.052032286819379 
0.052028021159993 
0.052023759277589 
0.052019501165067 
0.052015246815333 
0.052010996221307 
0.052006749375913 
0.052002506272088 
0.051998266902773 
0.051994031260922 
0.051989799339496 
0.051985571131465 
0.051981346629810 
0.051977125827516 
0.051972908717584 
0.051968695293016 
0.051964485546829 
0.051960279472047 
0.051956077061702 
0.051951878308838 
0.051947683206503 
0.051943491747759 
0.051939303925674 
0.051935119733327 
0.051930939163803 
0.051926762210200 
0.051922588865623 
0.051918419123186 
0.051914252976012 
0.051910090417234 
0.051905931439994 
0.051901776037442 
0.051897624202739 
0.051893475929053 
0.051889331209563 
0.051885190037456 
0.051881052405929 
0.051876918308187 
0.051872787737447 
0.051868660686931 
0.051864537149874 
0.051860417119518 
0.051856300589115 
0.051852187551927 
0.051848078001224 
0.051843971930287 
0.051839869332403 
0.051835770200872 
0.051831674529000 
0.051827582310106 
0.051823493537516 
0.051819408204565 
0.051815326304598 
0.051811247830971 
0.051807172777045 
0.051803101136195 
0.051799032901804 
0.051794968067262 
0.051790906625972 
0.051786848571344 
0.051782793896799 
0.051778742595765 
0.051774694661681 
0.051770650087997 
0.051766608868170 
0.051762570995667 
0.051758536463965 
0.051754505266549 
0.051750477396916 
0.051746452848571 
0.051742431615029 
0.051738413689813 
0.051734399066457 
0.051730387738505 
0.051726379699509 
0.051722374943030 
0.051718373462640 
0.051714375251922 
0.051710380304465 
0.051706388613870 
0.051702400173746 
0.051698414977713 
0.051694433019399 
0.051690454292444 
0.051686478790494 
0.051682506507209 
0.051678537436254 
0.051674571571306 
0.051670608906052 
0.051666649434187 
0.051662693149418 
0.051658740045458 
0.051654790116033 
0.051650843354877 
0.051646899755735 
0.051642959312357 
0.051639022018510 
0.051635087867966 
0.051631156854505 
0.051627228971921 
0.051623304214016 
0.051619382574599 
0.051615464047493 
0.051611548626527 
0.051607636305542 
0.051603727078388 
0.051599820938924 
0.051595917881019 
0.051592017898552 
0.051588120985412 
0.051584227135496 
0.051580336342713 
0.051576448600979 
0.051572563904221 
0.051568682246377 
0.051564803621392 
0.051560928023224 
0.051557055445836 
0.051553185883205 
0.051549319329317 
0.051545455778165 
0.051541595223755 
0.051537737660099 
0.051533883081223 
0.051530031481160 
0.051526182853952 
0.051522337193653 
0.051518494494325 
0.051514654750041 
0.051510817954881 
0.051506984102939 
0.051503153188315 
0.051499325205119 
0.051495500147473 
0.051491678009507 
0.051487858785362 
0.051484042469186 
0.051480229055140 
0.051476418537391 
0.051472610910120 
0.051468806167515 
0.051465004303772 
0.051461205313102 
0.051457409189719 
0.051453615927853 
0.051449825521740 
0.051446037965627 
0.051442253253769 
0.051438471380433 
0.051434692339894 
0.051430916126438 
0.051427142734359 
0.051423372157962 
0.051419604391560 
0.051415839429479 
0.051412077266052 
0.051408317895623 
0.051404561312542 
0.051400807511175 
0.051397056485893 
0.051393308231077 
0.051389562741120 
0.051385820010423 
0.051382080033396 
0.051378342804459 
0.051374608318044 
0.051370876568590 
0.051367147550545 
0.051363421258371 
0.051359697686535 
0.051355976829515 
0.051352258681799 
0.051348543237886 
0.051344830492282 
0.051341120439505 
0.051337413074079 
0.051333708390543 
0.051330006383440 
0.051326307047328 
0.051322610376769 
0.051318916366339 
0.051315225010623 
0.051311536304213 
0.051307850241711 
0.051304166817734 
0.051300486026900 
0.051296807863845 
0.051293132323207 
0.051289459399639 
0.051285789087801 
0.051282121382363 
0.051278456278005 
0.051274793769417 
0.051271133851297 
0.051267476518353 
0.051263821765304 
0.051260169586876 
0.051256519977808 
0.051252872932843 
0.051249228446741 
0.051245586514264 
0.051241947130189 
0.051238310289300 
0.051234675986390 
0.051231044216264 
0.051227414973734 
0.051223788253623 
0.051220164050762 
0.051216542359991 
0.051212923176164 
0.051209306494138 
0.051205692308785 
0.051202080614983 
0.051198471407620 
0.051194864681594 
0.051191260431813 
0.051187658653193 
0.051184059340661 
0.051180462489152 
0.051176868093610 
0.051173276148991 
0.051169686650258 
0.051166099592383 
0.051162514970350 
0.051158932779150 
0.051155353013783 
0.051151775669262 
0.051148200740604 
0.051144628222840 
0.051141058111008 
0.051137490400155 
0.051133925085339 
0.051130362161625 
0.051126801624090 
0.051123243467818 
0.051119687687904 
0.051116134279450 
0.051112583237571 
0.051109034557387 
0.051105488234030 
0.051101944262640 
0.051098402638367 
0.051094863356370 
0.051091326411817 
0.051087791799885 
0.051084259515761 
0.051080729554640 
0.051077201911728 
0.051073676582237 
0.051070153561393 
0.051066632844426 
0.051063114426579 
0.051059598303101 
0.051056084469254 
0.051052572920305 
0.051049063651532 
0.051045556658224 
0.051042051935676 
0.051038549479193 
0.051035049284089 
0.051031551345689 
0.051028055659325 
0.051024562220337 
0.051021071024078 
0.051017582065905 
0.051014095341189 
0.051010610845307 
0.051007128573645 
0.051003648521599 
0.051000170684573 
0.050996695057982 
0.050993221637248 
0.050989750417803 
0.050986281395086 
0.050982814564548 
0.050979349921646 
0.050975887461850 
0.050972427180633 
0.050968969073481 
0.050965513135888 
0.050962059363357 
0.050958607751401 
0.050955158295540 
0.050951710991302 
0.050948265834226 
0.050944822819860 
0.050941381943759 
0.050937943201489 
0.050934506588622 
0.050931072100741 
0.050927639733438 
0.050924209482311 
0.050920781342970 
0.050917355311032 
0.050913931382123 
0.050910509551879 
0.050907089815943 
0.050903672169966 
0.050900256609610 
0.050896843130545 
0.050893431728449 
0.050890022399009 
0.050886615137921 
0.050883209940890 
0.050879806803627 
0.050876405721855 
0.050873006691304 
0.050869609707713 
0.050866214766829 
0.050862821864407 
0.050859430996214 
0.050856042158021 
0.050852655345610 
0.050849270554772 
0.050845887781305 
0.050842507021017 
0.050839128269722 
0.050835751523246 
0.050832376777421 
0.050829004028088 
0.050825633271096 
0.050822264502305 
0.050818897717580 
0.050815532912796 
0.050812170083836 
0.050808809226592 
0.050805450336965 
0.050802093410863 
0.050798738444202 
0.050795385432909 
0.050792034372915 
0.050788685260164 
0.050785338090605 
0.050781992860198 
0.050778649564908 
0.050775308200711 
0.050771968763589 
0.050768631249537 
0.050765295654551 
0.050761961974642 
0.050758630205824 
0.050755300344124 
0.050751972385573 
0.050748646326213 
0.050745322162092 
0.050741999889268 
0.050738679503806 
0.050735361001780 
0.050732044379271 
0.050728729632370 
0.050725416757175 
0.050722105749790 
0.050718796606331 
0.050715489322920 
0.050712183895686 
0.050708880320769 
0.050705578594314 
0.050702278712476 
0.050698980671417 
0.050695684467307 
0.050692390096325 
0.050689097554658 
0.050685806838499 
0.050682517944051 
0.050679230867523 
0.050675945605134 
0.050672662153110 
0.050669380507685 
0.050666100665100 
0.050662822621605 
0.050659546373458 
0.050656271916924 
0.050652999248276 
0.050649728363794 
0.050646459259769 
0.050643191932496 
0.050639926378281 
0.050636662593433 
0.050633400574276 
0.050630140317135 
0.050626881818346 
0.050623625074253 
0.050620370081206 
0.050617116835563 
0.050613865333691 
0.050610615571964 
0.050607367546764 
0.050604121254479 
0.050600876691507 
0.050597633854251 
0.050594392739125 
0.050591153342547 
0.050587915660945 
0.050584679690754 
0.050581445428416 
0.050578212870381 
0.050574982013107 
0.050571752853058 
0.050568525386708 
0.050565299610535 
0.050562075521028 
0.050558853114681 
0.050555632387998 
0.050552413337486 
0.050549195959665 
0.050545980251059 
0.050542766208199 
0.050539553827625 
0.050536343105885 
0.050533134039531 
0.050529926625127 
0.050526720859240 
0.050523516738448 
0.050520314259332 
0.050517113418485 
0.050513914212505 
0.050510716637996 
0.050507520691573 
0.050504326369853 
0.050501133669465 
0.050497942587044 
0.050494753119230 
0.050491565262672 
0.050488379014027 
0.050485194369957 
0.050482011327134 
0.050478829882233 
0.050475650031941 
0.050472471772948 
0.050469295101953 
0.050466120015663 
0.050462946510790 
0.050459774584054 
0.050456604232183 
0.050453435451910 
0.050450268239977 
0.050447102593132 
0.050443938508130 
0.050440775981732 
0.050437615010709 
0.050434455591836 
0.050431297721896 
0.050428141397681 
0.050424986615985 
0.050421833373614 
0.050418681667377 
0.050415531494093 
0.050412382850585 
0.050409235733686 
0.050406090140234 
0.050402946067072 
0.050399803511053 
0.050396662469037 
0.050393522937889 
0.050390384914479 
0.050387248395687 
0.050384113378399 
0.050380979859508 
0.050377847835913 
0.050374717304519 
0.050371588262239 
0.050368460705993 
0.050365334632706 
0.050362210039311 
0.050359086922747 
0.050355965279960 
0.050352845107902 
0.050349726403534 
0.050346609163820 
0.050343493385732 
0.050340379066250 
0.050337266202360 
0.050334154791051 
0.050331044829325 
0.050327936314185 
0.050324829242643 
0.050321723611716 
0.050318619418431 
0.050315516659816 
0.050312415332911 
0.050309315434757 
0.050306216962407 
0.050303119912917 
0.050300024283349 
0.050296930070773 
0.050293837272265 
0.050290745884907 
0.050287655905788 
0.050284567332002 
0.050281480160652 
0.050278394388843 
0.050275310013690 
0.050272227032314 
0.050269145441840 
0.050266065239401 
0.050262986422137 
0.050259908987191 
0.050256832931716 
0.050253758252868 
0.050250684947812 
0.050247613013718 
0.050244542447761 
0.050241473247124 
0.050238405408995 
0.050235338930568 
0.050232273809044 
0.050229210041631 
0.050226147625539 
0.050223086557990 
0.050220026836206 
0.050216968457420 
0.050213911418867 
0.050210855717792 
0.050207801351444 
0.050204748317077 
0.050201696611952 
0.050198646233336 
0.050195597178504 
0.050192549444731 
0.050189503029306 
0.050186457929517 
0.050183414142661 
0.050180371666042 
0.050177330496966 
0.050174290632750 
0.050171252070713 
0.050168214808181 
0.050165178842486 
0.050162144170965 
0.050159110790962 
0.050156078699827 
0.050153047894914 
0.050150018373584 
0.050146990133205 
0.050143963171147 
0.050140937484789 
0.050137913071515 
0.050134889928716 
0.050131868053784 
0.050128847444122 
0.050125828097137 
0.050122810010239 
0.050119793180848 
0.050116777606386 
0.050113763284283 
0.050110750211972 
0.050107738386897 
0.050104727806500 
0.050101718468234 
0.050098710369556 
0.050095703507928 
0.050092697880819 
0.050089693485701 
0.050086690320056 
0.050083688381366 
0.050080687667121 
0.050077688174818 
0.050074689901957 
0.050071692846045 
0.050068697004594 
0.050065702375121 
0.050062708955148 
0.050059716742204 
0.050056725733822 
0.050053735927541 
0.050050747320906 
0.050047759911465 
0.050044773696773 
0.050041788674392 
0.050038804841886 
0.050035822196826 
0.050032840736789 
0.050029860459355 
0.050026881362112 
0.050023903442650 
0.050020926698567 
0.050017951127467 
0.050014976726956 
0.050012003494646 
0.050009031428156 
0.050006060525109 
0.050003090783134 
0.050000122199863 
0.049997154772935 
0.049994188499994 
0.049991223378689 
0.049988259406674 
0.049985296581607 
0.049982334901153 
0.049979374362980 
0.049976414964764 
0.049973456704184 
0.049970499578922 
0.049967543586670 
0.049964588725121 
0.049961634991974 
0.049958682384934 
0.049955730901710 
0.049952780540017 
0.049949831297573 
0.049946883172103 
0.049943936161336 
0.049940990263005 
0.049938045474849 
0.049935101794613 
0.049932159220045 
0.049929217748898 
0.049926277378931 
0.049923338107907 
0.049920399933594 
0.049917462853765 
0.049914526866196 
0.049911591968673 
0.049908658158980 
0.049905725434910 
0.049902793794259 
0.049899863234831 
0.049896933754431 
0.049894005350868 
0.049891078021961 
0.049888151765528 
0.049885226579395 
0.049882302461392 
0.049879379409354 
0.049876457421118 
0.049873536494530 
0.049870616627437 
0.049867697817693 
0.049864780063154 
0.049861863361685 
0.049858947711151 
0.049856033109423 
0.049853119554378 
0.049850207043896 
0.049847295575863 
0.049844385148167 
0.049841475758704 
0.049838567405371 
0.049835660086073 
0.049832753798716 
0.049829848541213 
0.049826944311481 
0.049824041107440 
0.049821138927015 
0.049818237768138 
0.049815337628742 
0.049812438506766 
0.049809540400153 
0.049806643306851 
0.049803747224812 
0.049800852151992 
0.049797958086352 
0.049795065025857 
0.049792172968476 
0.049789281912183 
0.049786391854955 
0.049783502794776 
0.049780614729632 
0.049777727657513 
0.049774841576416 
0.049771956484338 
0.049769072379285 
0.049766189259263 
0.049763307122286 
0.049760425966368 
0.049757545789532 
0.049754666589801 
0.049751788365205 
0.049748911113777 
0.049746034833553 
0.049743159522576 
0.049740285178891 
0.049737411800547 
0.049734539385600 
0.049731667932105 
0.049728797438127 
0.049725927901730 
0.049723059320984 
0.049720191693965 
0.049717325018750 
0.049714459293423 
0.049711594516068 
0.049708730684777 
0.049705867797644 
0.049703005852769 
0.049700144848252 
0.049697284782200 
0.049694425652725 
0.049691567457940 
0.049688710195964 
0.049685853864920 
0.049682998462932 
0.049680143988132 
0.049677290438654 
0.049674437812635 
0.049671586108217 
0.049668735323546 
0.049665885456772 
0.049663036506049 
0.049660188469532 
0.049657341345385 
0.049654495131772 
0.049651649826862 
0.049648805428826 
0.049645961935843 
0.049643119346091 
0.049640277657756 
0.049637436869024 
0.049634596978088 
0.049631757983142 
0.049628919882386 
0.049626082674024 
0.049623246356260 
0.049620410927305 
0.049617576385374 
0.049614742728683 
0.049611909955456 
0.049609078063915 
0.049606247052290 
0.049603416918813 
0.049600587661720 
0.049597759279252 
0.049594931769651 
0.049592105131163 
0.049589279362039 
0.049586454460534 
0.049583630424904 
0.049580807253412 
0.049577984944321 
0.049575163495901 
0.049572342906423 
0.049569523174162 
0.049566704297398 
0.049563886274413 
0.049561069103493 
0.049558252782927 
0.049555437311009 
0.049552622686033 
0.049549808906302 
0.049546995970118 
0.049544183875788 
0.049541372621622 
0.049538562205934 
0.049535752627042 
0.049532943883264 
0.049530135972926 
0.049527328894356 
0.049524522645883 
0.049521717225842 
0.049518912632571 
0.049516108864409 
0.049513305919702 
0.049510503796798 
0.049507702494045 
0.049504902009801 
0.049502102342421 
0.049499303490266 
0.049496505451702 
0.049493708225094 
0.049490911808814 
0.049488116201236 
0.049485321400737 
0.049482527405698 
0.049479734214502 
0.049476941825536 
0.049474150237191 
0.049471359447859 
0.049468569455938 
0.049465780259828 
0.049462991857930 
0.049460204248652 
0.049457417430403 
0.049454631401596 
0.049451846160645 
0.049449061705970 
0.049446278035993 
0.049443495149139 
0.049440713043836 
0.049437931718516 
0.049435151171612 
0.049432371401563 
0.049429592406809 
0.049426814185793 
0.049424036736963 
0.049421260058768 
0.049418484149661 
0.049415709008098 
0.049412934632538 
0.049410161021443 
0.049407388173277 
0.049404616086509 
0.049401844759611 
0.049399074191054 
0.049396304379317 
0.049393535322880 
0.049390767020225 
0.049387999469839 
0.049385232670210 
0.049382466619829 
0.049379701317192 
0.049376936760796 
0.049374172949141 
0.049371409880731 
0.049368647554073 
0.049365885967674 
0.049363125120049 
0.049360365009710 
0.049357605635178 
0.049354846994970 
0.049352089087613 
0.049349331911631 
0.049346575465554 
0.049343819747915 
0.049341064757247 
0.049338310492089 
0.049335556950980 
0.049332804132464 
0.049330052035088 
0.049327300657399 
0.049324549997950 
0.049321800055295 
0.049319050827991 
0.049316302314598 
0.049313554513677 
0.049310807423796 
0.049308061043520 
0.049305315371422 
0.049302570406075 
0.049299826146054 
0.049297082589939 
0.049294339736311 
0.049291597583754 
0.049288856130855 
0.049286115376204 
0.049283375318392 
0.049280635956014 
0.049277897287668 
0.049275159311955 
0.049272422027475 
0.049269685432835 
0.049266949526643 
0.049264214307509 
0.049261479774046 
0.049258745924869 
0.049256012758598 
0.049253280273852 
0.049250548469255 
0.049247817343432 
0.049245086895013 
0.049242357122628 
0.049239628024910 
0.049236899600496 
0.049234171848024 
0.049231444766135 
0.049228718353473 
0.049225992608683 
0.049223267530415 
0.049220543117318 
0.049217819368047 
0.049215096281257 
0.049212373855606 
0.049209652089757 
0.049206930982370 
0.049204210532113 
0.049201490737653 
0.049198771597661 
0.049196053110809 
0.049193335275774 
0.049190618091231 
0.049187901555862 
0.049185185668351 
0.049182470427379 
0.049179755831636 
0.049177041879811 
0.049174328570595 
0.049171615902682 
0.049168903874771 
0.049166192485559 
0.049163481733747 
0.049160771618039 
0.049158062137141 
0.049155353289761 
0.049152645074610 
0.049149937490400 
0.049147230535846 
0.049144524209665 
0.049141818510577 
0.049139113437305 
0.049136408988571 
0.049133705163103 
0.049131001959628 
0.049128299376878 
0.049125597413585 
0.049122896068485 
0.049120195340316 
0.049117495227816 
0.049114795729728 
0.049112096844795 
0.049109398571764 
0.049106700909383 
0.049104003856403 
0.049101307411577 
0.049098611573658 
0.049095916341405 
0.049093221713578 
0.049090527688935 
0.049087834266242 
0.049085141444264 
0.049082449221768 
0.049079757597524 
0.049077066570304 
0.049074376138882 
0.049071686302035 
0.049068997058539 
0.049066308407176 
0.049063620346728 
0.049060932875979 
0.049058245993715 
0.049055559698725 
0.049052873989800 
0.049050188865731 
0.049047504325314 
0.049044820367344 
0.049042136990622 
0.049039454193947 
0.049036771976121 
0.049034090335950 
0.049031409272240 
0.049028728783799 
0.049026048869439 
0.049023369527972 
0.049020690758212 
0.049018012558976 
0.049015334929081 
0.049012657867350 
0.049009981372603 
0.049007305443666 
0.049004630079363 
0.049001955278524 
0.048999281039978 
0.048996607362558 
0.048993934245096 
0.048991261686429 
0.048988589685395 
0.048985918240833 
0.048983247351584 
0.048980577016491 
0.048977907234400 
0.048975238004157 
0.048972569324611 
0.048969901194614 
0.048967233613017 
0.048964566578675 
0.048961900090443 
0.048959234147181 
0.048956568747747 
0.048953903891004 
0.048951239575815 
0.048948575801044 
0.048945912565560 
0.048943249868231 
0.048940587707927 
0.048937926083520 
0.048935264993886 
0.048932604437899 
0.048929944414438 
0.048927284922382 
0.048924625960612 
0.048921967528010 
0.048919309623462 
0.048916652245853 
0.048913995394073 
0.048911339067010 
0.048908683263556 
0.048906027982604 
0.048903373223049 
0.048900718983788 
0.048898065263719 
0.048895412061742 
0.048892759376759 
0.048890107207673 
0.048887455553388 
0.048884804412812 
0.048882153784851 
0.048879503668419 
0.048876854062423 
0.048874204965779 
0.048871556377402 
0.048868908296207 
0.048866260721112 
0.048863613651038 
0.048860967084905 
0.048858321021637 
0.048855675460157 
0.048853030399393 
0.048850385838270 
0.048847741775720 
0.048845098210673 
0.048842455142060 
0.048839812568816 
0.048837170489877 
0.048834528904178 
0.048831887810661 
0.048829247208261 
0.048826607095925 
0.048823967472593 
0.048821328337212 
0.048818689688725 
0.048816051526082 
0.048813413848232 
0.048810776654126 
0.048808139942715 
0.048805503712954 
0.048802867963797 
0.048800232694202 
0.048797597903127 
0.048794963589530 
0.048792329752373 
0.048789696390620 
0.048787063503233 
0.048784431089178 
0.048781799147423 
0.048779167676934 
0.048776536676683 
0.048773906145641 
0.048771276082780 
0.048768646487073 
0.048766017357498 
0.048763388693029 
0.048760760492647 
0.048758132755329 
0.048755505480058 
0.048752878665816 
0.048750252311586 
0.048747626416354 
0.048745000979106 
0.048742375998830 
0.048739751474515 
0.048737127405153 
0.048734503789734 
0.048731880627253 
0.048729257916704 
0.048726635657082 
0.048724013847386 
0.048721392486614 
0.048718771573765 
0.048716151107841 
0.048713531087845 
0.048710911512781 
0.048708292381653 
0.048705673693468 
0.048703055447235 
0.048700437641961 
0.048697820276658 
0.048695203350336 
0.048692586862009 
0.048689970810690 
0.048687355195396 
0.048684740015142 
0.048682125268948 
0.048679510955831 
0.048676897074812 
0.048674283624912 
0.048671670605156 
0.048669058014565 
0.048666445852167 
0.048663834116987 
0.048661222808053 
0.048658611924393 
0.048656001465039 
0.048653391429021 
0.048650781815371 
0.048648172623123 
0.048645563851313 
0.048642955498976 
0.048640347565149 
0.048637740048871 
0.048635132949180 
0.048632526265119 
0.048629919995728 
0.048627314140050 
0.048624708697130 
0.048622103666013 
0.048619499045745 
0.048616894835374 
0.048614291033948 
0.048611687640518 
0.048609084654133 
0.048606482073845 
0.048603879898709 
0.048601278127777 
0.048598676760106 
0.048596075794752 
0.048593475230771 
0.048590875067222 
0.048588275303166 
0.048585675937663 
0.048583076969773 
0.048580478398561 
0.048577880223091 
0.048575282442425 
0.048572685055632 
0.048570088061777 
0.048567491459929 
0.048564895249157 
0.048562299428531 
0.048559703997122 
0.048557108954001 
0.048554514298244 
0.048551920028922 
0.048549326145112 
0.048546732645889 
0.048544139530332 
0.048541546797517 
0.048538954446524 
0.048536362476434 
0.048533770886327 
0.048531179675285 
0.048528588842391 
0.048525998386731 
0.048523408307387 
0.048520818603447 
0.048518229273997 
0.048515640318125 
0.048513051734920 
0.048510463523471 
0.048507875682870 
0.048505288212207 
0.048502701110576 
0.048500114377069 
0.048497528010781 
0.048494942010807 
0.048492356376243 
0.048489771106187 
0.048487186199737 
0.048484601655991 
0.048482017474049 
0.048479433653012 
0.048476850191981 
0.048474267090059 
0.048471684346348 
0.048469101959954 
0.048466519929981 
0.048463938255534 
0.048461356935722 
0.048458775969651 
0.048456195356429 
0.048453615095166 
0.048451035184973 
0.048448455624960 
0.048445876414238 
0.048443297551920 
0.048440719037120 
0.048438140868953 
0.048435563046533 
0.048432985568975 
0.048430408435398 
0.048427831644918 
0.048425255196652 
0.048422679089722 
0.048420103323246 
0.048417527896345 
0.048414952808141 
0.048412378057755 
0.048409803644311 
0.048407229566931 
0.048404655824742 
0.048402082416869 
0.048399509342436 
0.048396936600571 
0.048394364190401 
0.048391792111055 
0.048389220361662 
0.048386648941351 
0.048384077849253 
0.048381507084500 
0.048378936646221 
0.048376366533552 
0.048373796745625 
0.048371227281573 
0.048368658140532 
0.048366089321638 
0.048363520824025 
0.048360952646832 
0.048358384789195 
0.048355817250253 
0.048353250029145 
0.048350683125011 
0.048348116536990 
0.048345550264223 
0.048342984305853 
0.048340418661021 
0.048337853328870 
0.048335288308545 
0.048332723599188 
0.048330159199945 
0.048327595109961 
0.048325031328384 
0.048322467854358 
0.048319904687032 
0.048317341825554 
0.048314779269072 
0.048312217016735 
0.048309655067695 
0.048307093421099 
0.048304532076101 
0.048301971031851 
0.048299410287502 
0.048296849842207 
0.048294289695119 
0.048291729845393 
0.048289170292182 
0.048286611034641 
0.048284052071928 
0.048281493403198 
0.048278935027608 
0.048276376944316 
0.048273819152479 
0.048271261651256 
0.048268704439806 
0.048266147517289 
0.048263590882865 
0.048261034535695 
0.048258478474940 
0.048255922699761 
0.048253367209322 
0.048250812002785 
0.048248257079313 
0.048245702438072 
0.048243148078223 
0.048240593998933 
0.048238040199367 
0.048235486678690 
0.048232933436070 
0.048230380470672 
0.048227827781666 
0.048225275368218 
0.048222723229496 
0.048220171364670 
0.048217619772909 
0.048215068453382 
0.048212517405259 
0.048209966627712 
0.048207416119912 
0.048204865881029 
0.048202315910237 
0.048199766206707 
0.048197216769612 
0.048194667598126 
0.048192118691423 
0.048189570048677 
0.048187021669062 
0.048184473551753 
0.048181925695925 
0.048179378100756 
0.048176830765420 
0.048174283689095 
0.048171736870958 
0.048169190310186 
0.048166644005957 
0.048164097957450 
0.048161552163843 
0.048159006624314 
0.048156461338044 
0.048153916304212 
0.048151371521998 
0.048148826990584 
0.048146282709149 
0.048143738676875 
0.048141194892944 
0.048138651356538 
0.048136108066838 
0.048133565023028 
0.048131022224291 
0.048128479669809 
0.048125937358767 
0.048123395290349 
0.048120853463739 
0.048118311878120 
0.048115770532680 
0.048113229426602 
0.048110688559072 
0.048108147929277 
0.048105607536402 
0.048103067379634 
0.048100527458160 
0.048097987771166 
0.048095448317840 
0.048092909097370 
0.048090370108943 
0.048087831351749 
0.048085292824975 
0.048082754527810 
0.048080216459442 
0.048077678619063 
0.048075141005859 
0.048072603619023 
0.048070066457743 
0.048067529521210 
0.048064992808614 
0.048062456319147 
0.048059920051998 
0.048057384006360 
0.048054848181425 
0.048052312576382 
0.048049777190425 
0.048047242022745 
0.048044707072535 
0.048042172338988 
0.048039637821295 
0.048037103518651 
0.048034569430247 
0.048032035555278 
0.048029501892937 
0.048026968442417 
0.048024435202913 
0.048021902173619 
0.048019369353729 
0.048016836742437 
0.048014304338937 
0.048011772142424 
0.048009240152095 
0.048006708367143 
0.048004176786763 
0.048001645410151 
0.047999114236504 
0.047996583265015 
0.047994052494880 
0.047991521925297 
0.047988991555461 
0.047986461384568 
0.047983931411814 
0.047981401636396 
0.047978872057509 
0.047976342674352 
0.047973813486120 
0.047971284492010 
0.047968755691220 
0.047966227082946 
0.047963698666386 
0.047961170440736 
0.047958642405195 
0.047956114558959 
0.047953586901226 
0.047951059431193 
0.047948532148058 
0.047946005051019 
0.047943478139273 
0.047940951412018 
0.047938424868453 
0.047935898507774 
0.047933372329180 
0.047930846331869 
0.047928320515038 
0.047925794877887 
0.047923269419612 
0.047920744139412 
0.047918219036486 
0.047915694110030 
0.047913169359245 
0.047910644783327 
0.047908120381475 
0.047905596152887 
0.047903072096762 
0.047900548212297 
0.047898024498690 
0.047895500955140 
0.047892977580846 
0.047890454375005 
0.047887931336815 
0.047885408465475 
0.047882885760182 
0.047880363220135 
0.047877840844532 
0.047875318632570 
0.047872796583448 
0.047870274696362 
0.047867752970512 
0.047865231405095 
0.047862709999309 
0.047860188752351 
0.047857667663419 
0.047855146731711 
0.047852625956423 
0.047850105336753 
0.047847584871899 
0.047845064561058 
0.047842544403427 
0.047840024398202 
0.047837504544581 
0.047834984841761 
0.047832465288938 
0.047829945885308 
0.047827426630069 
0.047824907522417 
0.047822388561548 
0.047819869746657 
0.047817351076942 
0.047814832551598 
0.047812314169819 
0.047809795930803 
0.047807277833745 
0.047804759877840 
0.047802242062282 
0.047799724386268 
0.047797206848991 
0.047794689449647 
0.047792172187430 
0.047789655061534 
0.047787138071154 
0.047784621215483 
0.047782104493715 
0.047779587905044 
0.047777071448663 
0.047774555123766 
0.047772038929545 
0.047769522865193 
0.047767006929903 
0.047764491122867 
0.047761975443279 
0.047759459890328 
0.047756944463206 
0.047754429161107 
0.047751913983221 
0.047749398928739 
0.047746883996851 
0.047744369186749 
0.047741854497622 
0.047739339928661 
0.047736825479055 
0.047734311147995 
0.047731796934668 
0.047729282838265 
0.047726768857975 
0.047724254992985 
0.047721741242484 
0.047719227605659 
0.047716714081699 
0.047714200669790 
0.047711687369120 
0.047709174178877 
0.047706661098244 
0.047704148126411 
0.047701635262560 
0.047699122505880 
0.047696609855554 
0.047694097310767 
0.047691584870705 
0.047689072534551 
0.047686560301489 
0.047684048170702 
0.047681536141375 
0.047679024212690 
0.047676512383828 
0.047674000653974 
0.047671489022307 
0.047668977488011 
0.047666466050265 
0.047663954708250 
0.047661443461147 
0.047658932308135 
0.047656421248395 
0.047653910281104 
0.047651399405442 
0.047648888620589 
0.047646377925720 
0.047643867320014 
0.047641356802649 
0.047638846372800 
0.047636336029644 
0.047633825772358 
0.047631315600115 
0.047628805512092 
0.047626295507462 
0.047623785585401 
0.047621275745082 
0.047618765985678 
0.047616256306361 
0.047613746706305 
0.047611237184682 
0.047608727740661 
0.047606218373416 
0.047603709082115 
0.047601199865929 
0.047598690724028 
0.047596181655580 
0.047593672659754 
0.047591163735719 
0.047588654882640 
0.047586146099687 
0.047583637386024 
0.047581128740819 
0.047578620163237 
0.047576111652442 
0.047573603207599 
0.047571094827872 
0.047568586512425 
0.047566078260420 
0.047563570071019 
0.047561061943385 
0.047558553876678 
0.047556045870059 
0.047553537922688 
0.047551030033724 
0.047548522202327 
0.047546014427655 
0.047543506708866 
0.047540999045116 
0.047538491435563 
0.047535983879362 
0.047533476375669 
0.047530968923639 
0.047528461522425 
0.047525954171182 
0.047523446869062 
0.047520939615218 
0.047518432408802 
0.047515925248963 
0.047513418134854 
0.047510911065623 
0.047508404040420 
0.047505897058394 
0.047503390118692 
0.047500883220461 
0.047498376362848 
0.047495869544999 
0.047493362766059 
0.047490856025173 
0.047488349321484 
0.047485842654135 
0.047483336022268 
0.047480829425027 
0.047478322861552 
0.047475816330982 
0.047473309832458 
0.047470803365119 
0.047468296928102 
0.047465790520545 
0.047463284141586 
0.047460777790359 
0.047458271466000 
0.047455765167644 
0.047453258894425 
0.047450752645474 
0.047448246419926 
0.047445740216911 
0.047443234035559 
0.047440727875001 
0.047438221734366 
0.047435715612783 
0.047433209509378 
0.047430703423278 
0.047428197353611 
0.047425691299500 
0.047423185260069 
0.047420679234444 
0.047418173221746 
0.047415667221096 
0.047413161231618 
0.047410655252429 
0.047408149282650 
0.047405643321400 
0.047403137367796 
0.047400631420955 
0.047398125479992 
0.047395619544023 
0.047393113612162 
0.047390607683523 
0.047388101757218 
0.047385595832358 
0.047383089908054 
0.047380583983416 
0.047378078057553 
0.047375572129573 
0.047373066198582 
0.047370560263686 
0.047368054323993 
0.047365548378604 
0.047363042426624 
0.047360536467155 
0.047358030499299 
0.047355524522155 
0.047353018534824 
0.047350512536404 
0.047348006525992 
0.047345500502686 
0.047342994465580 
0.047340488413769 
0.047337982346348 
0.047335476262408 
0.047332970161042 
0.047330464041339 
0.047327957902391 
0.047325451743284 
0.047322945563106 
0.047320439360945 
0.047317933135886 
0.047315426887013 
0.047312920613410 
0.047310414314159 
0.047307907988340 
0.047305401635036 
0.047302895253324 
0.047300388842282 
0.047297882400989 
0.047295375928518 
0.047292869423946 
0.047290362886346 
0.047287856314791 
0.047285349708351 
0.047282843066099 
0.047280336387101 
0.047277829670428 
0.047275322915145 
0.047272816120319 
0.047270309285014 
0.047267802408293 
0.047265295489220 
0.047262788526854 
0.047260281520257 
0.047257774468487 
0.047255267370601 
0.047252760225656 
0.047250253032707 
0.047247745790808 
0.047245238499013 
0.047242731156373 
0.047240223761937 
0.047237716314756 
0.047235208813877 
0.047232701258346 
0.047230193647209 
0.047227685979511 
0.047225178254293 
0.047222670470599 
0.047220162627467 
0.047217654723938 
0.047215146759048 
0.047212638731835 
0.047210130641333 
0.047207622486576 
0.047205114266597 
0.047202605980427 
0.047200097627096 
0.047197589205633 
0.047195080715064 
0.047192572154417 
0.047190063522713 
0.047187554818978 
0.047185046042232 
0.047182537191497 
0.047180028265791 
0.047177519264132 
0.047175010185535 
0.047172501029017 
0.047169991793590 
0.047167482478266 
0.047164973082055 
0.047162463603968 
0.047159954043011 
0.047157444398190 
0.047154934668512 
0.047152424852977 
0.047149914950590 
0.047147404960349 
0.047144894881254 
0.047142384712302 
0.047139874452489 
0.047137364100809 
0.047134853656256 
0.047132343117820 
0.047129832484492 
0.047127321755259 
0.047124810929108 
0.047122300005025 
0.047119788981992 
0.047117277858993 
0.047114766635008 
0.047112255309015 
0.047109743879993 
0.047107232346915 
0.047104720708757 
0.047102208964491 
0.047099697113089 
0.047097185153518 
0.047094673084748 
0.047092160905743 
0.047089648615468 
0.047087136212886 
0.047084623696957 
0.047082111066642 
0.047079598320898 
0.047077085458679 
0.047074572478942 
0.047072059380637 
0.047069546162718 
0.047067032824131 
0.047064519363825 
0.047062005780745 
0.047059492073835 
0.047056978242037 
0.047054464284292 
0.047051950199537 
0.047049435986710 
0.047046921644746 
0.047044407172579 
0.047041892569138 
0.047039377833355 
0.047036862964156 
0.047034347960467 
0.047031832821212 
0.047029317545314 
0.047026802131694 
0.047024286579269 
0.047021770886956 
0.047019255053670 
0.047016739078324 
0.047014222959828 
0.047011706697092 
0.047009190289022 
0.047006673734523 
0.047004157032500 
0.047001640181852 
0.046999123181481 
0.046996606030281 
0.046994088727150 
0.046991571270980 
0.046989053660663 
0.046986535895087 
0.046984017973142 
0.046981499893711 
0.046978981655677 
0.046976463257922 
0.046973944699326 
0.046971425978764 
0.046968907095113 
0.046966388047246 
0.046963868834032 
0.046961349454341 
0.046958829907039 
0.046956310190991 
0.046953790305060 
0.046951270248105 
0.046948750018985 
0.046946229616554 
0.046943709039668 
0.046941188287177 
0.046938667357932 
0.046936146250779 
0.046933624964562 
0.046931103498126 
0.046928581850310 
0.046926060019952 
0.046923538005888 
0.046921015806953 
0.046918493421977 
0.046915970849789 
0.046913448089218 
0.046910925139085 
0.046908401998215 
0.046905878665428 
0.046903355139539 
0.046900831419365 
0.046898307503718 
0.046895783391409 
0.046893259081246 
0.046890734572035 
0.046888209862578 
0.046885684951677 
0.046883159838130 
0.046880634520732 
0.046878108998277 
0.046875583269557 
0.046873057333360 
0.046870531188471 
0.046868004833675 
0.046865478267752 
0.046862951489481 
0.046860424497637 
0.046857897290995 
0.046855369868325 
0.046852842228394 
0.046850314369970 
0.046847786291815 
0.046845257992689 
0.046842729471350 
0.046840200726555 
0.046837671757054 
0.046835142561598 
0.046832613138934 
0.046830083487807 
0.046827553606958 
0.046825023495127 
0.046822493151051 
0.046819962573461 
0.046817431761091 
0.046814900712668 
0.046812369426917 
0.046809837902561 
0.046807306138320 
0.046804774132910 
0.046802241885045 
0.046799709393438 
0.046797176656797 
0.046794643673826 
0.046792110443231 
0.046789576963708 
0.046787043233955 
0.046784509252668 
0.046781975018536 
0.046779440530248 
0.046776905786489 
0.046774370785940 
0.046771835527282 
0.046769300009190 
0.046766764230338 
0.046764228189395 
0.046761691885028 
0.046759155315902 
0.046756618480678 
0.046754081378013 
0.046751544006562 
0.046749006364976 
0.046746468451904 
0.046743930265991 
0.046741391805880 
0.046738853070208 
0.046736314057614 
0.046733774766727 
0.046731235196178 
0.046728695344593 
0.046726155210594 
0.046723614792801 
0.046721074089831 
0.046718533100296 
0.046715991822806 
0.046713450255966 
0.046710908398380 
0.046708366248648 
0.046705823805365 
0.046703281067124 
0.046700738032514 
0.046698194700123 
0.046695651068531 
0.046693107136317 
0.046690562902057 
0.046688018364323 
0.046685473521684 
0.046682928372704 
0.046680382915944 
0.046677837149963 
0.046675291073314 
0.046672744684548 
0.046670197982212 
0.046667650964849 
0.046665103630998 
0.046662555979197 
0.046660008007976 
0.046657459715865 
0.046654911101388 
0.046652362163067 
0.046649812899418 
0.046647263308955 
0.046644713390187 
0.046642163141621 
0.046639612561759 
0.046637061649099 
0.046634510402134 
0.046631958819355 
0.046629406899250 
0.046626854640299 
0.046624302040983 
0.046621749099774 
0.046619195815145 
0.046616642185560 
0.046614088209484 
0.046611533885373 
0.046608979211684 
0.046606424186866 
0.046603868809365 
0.046601313077622 
0.046598756990078 
0.046596200545163 
0.046593643741309 
0.046591086576940 
0.046588529050478 
0.046585971160338 
0.046583412904935 
0.046580854282674 
0.046578295291962 
0.046575735931197 
0.046573176198774 
0.046570616093083 
0.046568055612512 
0.046565494755441 
0.046562933520249 
0.046560371905309 
0.046557809908989 
0.046555247529651 
0.046552684765657 
0.046550121615360 
0.046547558077111 
0.046544994149255 
0.046542429830134 
0.046539865118083 
0.046537300011434 
0.046534734508513 
0.046532168607644 
0.046529602307142 
0.046527035605322 
0.046524468500490 
0.046521900990949 
0.046519333074997 
0.046516764750928 
0.046514196017029 
0.046511626871584 
0.046509057312872 
0.046506487339165 
0.046503916948732 
0.046501346139836 
0.046498774910735 
0.046496203259683 
0.046493631184927 
0.046491058684711 
0.046488485757271 
0.046485912400842 
0.046483338613648 
0.046480764393913 
0.046478189739855 
0.046475614649683 
0.046473039121604 
0.046470463153819 
0.046467886744522 
0.046465309891906 
0.046462732594152 
0.046460154849441 
0.046457576655946 
0.046454998011835 
0.046452418915270 
0.046449839364408 
0.046447259357402 
0.046444678892394 
0.046442097967527 
0.046439516580933 
0.046436934730741 
0.046434352415074 
0.046431769632050 
0.046429186379778 
0.046426602656364 
0.046424018459907 
0.046421433788500 
0.046418848640231 
0.046416263013182 
0.046413676905427 
0.046411090315035 
0.046408503240071 
0.046405915678591 
0.046403327628646 
0.046400739088280 
0.046398150055533 
0.046395560528436 
0.046392970505016 
0.046390379983292 
0.046387788961277 
0.046385197436979 
0.046382605408397 
0.046380012873527 
0.046377419830354 
0.046374826276861 
0.046372232211023 
0.046369637630806 
0.046367042534171 
0.046364446919074 
0.046361850783462 
0.046359254125276 
0.046356656942451 
0.046354059232913 
0.046351460994585 
0.046348862225379 
0.046346262923202 
0.046343663085953 
0.046341062711526 
0.046338461797806 
0.046335860342672 
0.046333258343995 
0.046330655799640 
0.046328052707464 
0.046325449065316 
0.046322844871039 
0.046320240122469 
0.046317634817433 
0.046315028953752 
0.046312422529239 
0.046309815541698 
0.046307207988928 
0.046304599868719 
0.046301991178855 
0.046299381917110 
0.046296772081251 
0.046294161669039 
0.046291550678223 
0.046288939106551 
0.046286326951755 
0.046283714211566 
0.046281100883702 
0.046278486965876 
0.046275872455792 
0.046273257351145 
0.046270641649624 
0.046268025348908 
0.046265408446668 
0.046262790940567 
0.046260172828259 
0.046257554107392 
0.046254934775602 
0.046252314830518 
0.046249694269762 
0.046247073090944 
0.046244451291670 
0.046241828869532 
0.046239205822117 
0.046236582147002 
0.046233957841755 
0.046231332903936 
0.046228707331095 
0.046226081120772 
0.046223454270502 
0.046220826777805 
0.046218198640197 
0.046215569855182 
0.046212940420255 
0.046210310332902 
0.046207679590600 
0.046205048190817 
0.046202416131009 
0.046199783408626 
0.046197150021104 
0.046194515965874 
0.046191881240354 
0.046189245841953 
0.046186609768070 
0.046183973016095 
0.046181335583408 
0.046178697467378 
0.046176058665364 
0.046173419174714 
0.046170778992769 
0.046168138116856 
0.046165496544294 
0.046162854272390 
0.046160211298441 
0.046157567619736 
0.046154923233548 
0.046152278137144 
0.046149632327780 
0.046146985802698 
0.046144338559132 
0.046141690594302 
0.046139041905422 
0.046136392489690 
0.046133742344296 
0.046131091466416 
0.046128439853217 
0.046125787501854 
0.046123134409471 
