1.000000000000000 
0.837616263566386 
0.821409809365275 
0.818161652311038 
0.816755892705490 
0.815704593404479 
0.814694211635556 
0.813622846353746 
0.812440696673497 
0.811114034444578 
0.809614840582618 
0.807917334689910 
0.805996840764628 
0.803829642829580 
0.801393357585584 
0.798667621628476 
0.795634977690767 
0.792281868257344 
0.788599647137350 
0.784585517428279 
0.780243306170872 
0.775583995679076 
0.770625949534121 
0.765394795429054 
0.759922953683893 
0.754248825356598 
0.748415674773367 
0.742470257552530 
0.736461258420571 
0.730437615606039 
0.724446821322683 
0.718533299055477 
0.712736963710193 
0.707092065201617 
0.701626396760247 
0.696360916801074 
0.691309791612212 
0.686480821267723 
0.681876169986197 
0.677493292515504 
0.673325937433988 
0.669365119916119 
0.665599985922855 
0.662018526835620 
0.658608135600337 
0.655356016704673 
0.652249472715418 
0.649276093782032 
0.646423876966079 
0.643681300688105 
0.641037375836700 
0.638481689354146 
0.636004449584510 
0.633596536881240 
0.631249558880502 
0.628955907525484 
0.626708813939865 
0.624502397088388 
0.622331702152599 
0.620192723471235 
0.618082403489341 
0.615998594134176 
0.613939964808403 
0.611905848058522 
0.609896032139952 
0.607910532179778 
0.605949384695275 
0.604012503608038 
0.602099612257758 
0.600210239668201 
0.598343755212232 
0.596499418126713 
0.594676429706195 
0.592873985365568 
0.591091325199840 
0.589327777432644 
0.587582785699942 
0.585855913084873 
0.584146823012924 
0.582455245735459 
0.580780944798854 
0.579123698024636 
0.577483302095962 
0.575859600957810 
0.574252529046112 
0.572662153876841 
0.571088700625047 
0.569532544356587 
0.567994162817403 
0.566474052955593 
0.564972625604035 
0.563490101089528 
0.562026429269158 
0.560581248980045 
0.559153888148185 
0.557743394033852 
0.556348578257945 
0.554968063276770 
0.553600322380459 
0.552243710514525 
0.550896486506758 
0.549556828612621 
0.548222845464883 
0.546892584329826 
0.545564038539053 
0.544235156333516 
0.542903854271711 
0.541568039966829 
0.540225651377821 
0.538874723171441 
0.537513494208240 
0.536140572132002 
0.534755167490036 
0.533357395014336 
0.531948608765561 
0.530531693528140 
0.529111195403270 
0.527693173039524 
0.526284715426099 
0.524893192891656 
0.523525424180480 
0.522186979836063 
0.520881776561973 
0.519611996443692 
0.518378262175828 
0.517179955425021 
0.516015574486079 
0.514883061797834 
0.513780067747875 
0.512704143267308 
0.511652868454710 
0.510623930549448 
0.509615165344641 
0.508624574224616 
0.507650326142695 
0.506690750995302 
0.505744328466636 
0.504809674664447 
0.503885527711744 
0.502970732784780 
0.502064226758483 
0.501165022516108 
0.500272193014642 
0.499384855321221 
0.498502155029647 
0.497623251735823 
0.496747306624347 
0.495873473744285 
0.495000897298364 
0.494128718304156 
0.493256095310876 
0.492382245253461 
0.491506511255892 
0.490628462573523 
0.489748025075827 
0.488865625880055 
0.487982313896319 
0.487099799377829 
0.486220359588965 
0.485346598368015 
0.484481111112807 
0.483626152861858 
0.482783402511024 
0.481953867154533 
0.481137913604849 
0.480335380742800 
0.479545722707652 
0.478768147026609 
0.478001729304658 
0.477245499219066 
0.476498499823703 
0.475759825090409 
0.475028641124746 
0.474304195940190 
0.473585821780842 
0.472872933069781 
0.472165022243171 
0.471461655032289 
0.470762466164162 
0.470067155945436 
0.469375487761230 
0.468687286165655 
0.468002434987803 
0.467320874761759 
0.466642598840062 
0.465967647765495 
0.465296101811219 
0.464628071967909 
0.463963689960013 
0.463303098034719 
0.462646439261460 
0.461993848936634 
0.461345447473438 
0.460701334941162 
0.460061587251225 
0.459426253887774 
0.458795357038738 
0.458168891975750 
0.457546828531429 
0.456929113512420 
0.456315673858288 
0.455706420314622 
0.455101251345400 
0.454500056982005 
0.453902722310717 
0.453309130349711 
0.452719164164067 
0.452132708205220 
0.451549649019536 
0.450969875619582 
0.450393279918474 
0.449819757663006 
0.449249210243422 
0.448681547594919 
0.448116692137863 
0.447554583350473 
0.446995182185804 
0.446438474244054 
0.445884470546517 
0.445333205075266 
0.444784728980186 
0.444239102350221 
0.443696385344347 
0.443156630880121 
0.442619880754494 
0.442086166094104 
0.441555511725273 
0.441027942831148 
0.440503491481272 
0.439982200520443 
0.439464122991628 
0.438949316635479 
0.438437834666137 
0.437929715356017 
0.437424973405519 
0.436923595443057 
0.436425540615359 
0.435930745701626 
0.435439133065054 
0.434950619287921 
0.434465122477675 
0.433982566796887 
0.433502883562507 
0.433026009104526 
0.432551880300039 
0.432080429142658 
0.431611577763699 
0.431145235003532 
0.430681295078258 
0.430219638302577 
0.429760133389258 
0.429302640630860 
0.428847015263278 
0.428393110439052 
0.427940779418466 
0.427489876759279 
0.427040258424984 
0.426591780834288 
0.426144298949973 
0.425697663563079 
0.425251717971927 
0.424806294282800 
0.424361209563893 
0.423916262062240 
0.423471227644542 
0.423025856554456 
0.422579870502373 
0.422132960032761 
0.421684782060261 
0.421234957437048 
0.420783068415019 
0.420328655901614 
0.419871216486266 
0.419410199355423 
0.418945003457542 
0.418474975695426 
0.417999411624635 
0.417517561283261 
0.417028644549616 
0.416531882898056 
0.416026557248876 
0.415512103348824 
0.414988253375016 
0.414455219760231 
0.413913890217795 
0.413365966991611 
0.412813962688234 
0.412260994088966 
0.411710401346377 
0.411165312589654 
0.410628300055157 
0.410101214473740 
0.409585193237844 
0.409080778753677 
0.408588075293844 
0.408106895371060 
0.407636874114533 
0.407177549021628 
0.406728411274388 
0.406288936911428 
0.405858605076167 
0.405436908566630 
0.405023360041834 
0.404617495835497 
0.404218878401762 
0.403827097868533 
0.403441772884818 
0.403062550822199 
0.402689107356618 
0.402321145468697 
0.401958393930199 
0.401600605374296 
0.401247554069428 
0.400899033526988 
0.400554854070973 
0.400214840484803 
0.399878829829194 
0.399546669498703 
0.399218215557004 
0.398893331364944 
0.398571886493541 
0.398253755897608 
0.397938819314906 
0.397626960850603 
0.397318068705966 
0.397012035012955 
0.396708755740959 
0.396408130647829 
0.396110063253268 
0.395814460818371 
0.395521234320096 
0.395230298413692 
0.394941571379493 
0.394654975053149 
0.394370434740296 
0.394087879117972 
0.393807240125998 
0.393528452851846 
0.393251455412577 
0.392976188837195 
0.392702596952183 
0.392430626272429 
0.392160225898860 
0.391891347423370 
0.391623944840768 
0.391357974466692 
0.391093394859823 
0.390830166746239 
0.390568252943416 
0.390307618281396 
0.390048229518768 
0.389790055251621 
0.389533065814250 
0.389277233171319 
0.389022530802032 
0.388768933577959 
0.388516417636941 
0.388264960256223 
0.388014539728467 
0.387765135244294 
0.387516726784943 
0.387269295028112 
0.387022821269261 
0.386777287359886 
0.386532675663266 
0.386288969027242 
0.386046150772871 
0.385804204696969 
0.385563115086237 
0.385322866740267 
0.385083445000686 
0.384844835783712 
0.384607025613646 
0.384370001655055 
0.384133751741760 
0.383898264401152 
0.383663528872683 
0.383429535119762 
0.383196273834640 
0.382963736436094 
0.382731915060020 
0.382500802543191 
0.382270392400571 
0.382040678796681 
0.381811656511528 
0.381583320901626 
0.381355667856582 
0.381128693751701 
0.380902395396969 
0.380676769982774 
0.380451815022635 
0.380227528293201 
0.380003907771814 
0.379780951571977 
0.379558657877094 
0.379337024873023 
0.379116050680047 
0.378895733285059 
0.378676070474806 
0.378457059771266 
0.378238698370195 
0.378020983084031 
0.377803910290286 
0.377587475886526 
0.377371675252908 
0.377156503223124 
0.376941954064360 
0.376728021466685 
0.376514698542014 
0.376301977832509 
0.376089851328089 
0.375878310492430 
0.375667346296657 
0.375456949259750 
0.375247109494606 
0.375037816758507 
0.374829060506840 
0.374620829948056 
0.374413114102585 
0.374205901856383 
0.373999182016665 
0.373792943364405 
0.373587174703702 
0.373381864907401 
0.373177002958364 
0.372972577986049 
0.372768579298089 
0.372564996406800 
0.372361819050541 
0.372159037210091 
0.371956641120204 
0.371754621276686 
0.371552968439331 
0.371351673631187 
0.371150728134648 
0.370950123484888 
0.370749851461191 
0.370549904076747 
0.370350273567446 
0.370150952380182 
0.369951933161139 
0.369753208744471 
0.369554772141728 
0.369356616532252 
0.369158735254736 
0.368961121800028 
0.368763769805105 
0.368566673048146 
0.368369825444453 
0.368173221042921 
0.367976854022693 
0.367780718689529 
0.367584809471406 
0.367389120912802 
0.367193647667109 
0.366998384486603 
0.366803326209423 
0.366608467743044 
0.366413804043718 
0.366219330091539 
0.366025040860738 
0.365830931284995 
0.365636996217609 
0.365443230386539 
0.365249628344342 
0.365056184413308 
0.364862892626021 
0.364669746661818 
0.364476739779640 
0.364283864747778 
0.364091113771121 
0.363898478416458 
0.363705949536323 
0.363513517191829 
0.363321170574786 
0.363128897929231 
0.362936686472348 
0.362744522314527 
0.362552390378079 
0.362360274313878 
0.362168156414959 
0.361976017525831 
0.361783836946006 
0.361591592325977 
0.361399259553582 
0.361206812628498 
0.361014223522195 
0.360821462014470 
0.360628495532875 
0.360435288933712 
0.360241804277252 
0.360048000565173 
0.359853833440935 
0.359659254847776 
0.359464212638495 
0.359268650130484 
0.359072505598634 
0.358875711697806 
0.358678194805452 
0.358479874273651 
0.358280661578403 
0.358080459352471 
0.357879160286498 
0.357676645881901 
0.357472785038442 
0.357267432460315 
0.357060426868381 
0.356851589014856 
0.356640719514161 
0.356427596535247 
0.356211973455712 
0.355993576670249 
0.355772103895932 
0.355547223553178 
0.355318576160252 
0.355085779204991 
0.354848437601869 
0.354606162768388 
0.354358603873261 
0.354105494941190 
0.353846719782104 
0.353582392102893 
0.353312939841554 
0.353039172241721 
0.352762300826889 
0.352483889309487 
0.352205727208518 
0.351929651218402 
0.351657360539916 
0.351390273067078 
0.351129449137370 
0.350875582710251 
0.350629041071026 
0.350389928763498 
0.350158155887548 
0.349933498876637 
0.349715648945491 
0.349504247932111 
0.349298913427598 
0.349099255699009 
0.348904888726827 
0.348715437203670 
0.348530540840031 
0.348349856903637 
0.348173061606717 
0.347999850738332 
0.347829939795187 
0.347663063772490 
0.347498976718990 
0.347337451125206 
0.347178277192499 
0.347021262017432 
0.346866228717851 
0.346713015521635 
0.346561474835431 
0.346411472307791 
0.346262885898938 
0.346115604967262 
0.345969529380997 
0.345824568661839 
0.345680641165797 
0.345537673305242 
0.345395598814938 
0.345254358063757 
0.345113897412848 
0.344974168620312 
0.344835128291665 
0.344696737374995 
0.344558960699081 
0.344421766552676 
0.344285126302653 
0.344149014048763 
0.344013406312576 
0.343878281758094 
0.343743620941668 
0.343609406088767 
0.343475620895310 
0.343342250351354 
0.343209280585028 
0.343076698724787 
0.342944492778127 
0.342812651525115 
0.342681164425167 
0.342550021535705 
0.342419213441384 
0.342288731192777 
0.342158566253490 
0.342028710454776 
0.341899155956867 
0.341769895216258 
0.341640920958357 
0.341512226154908 
0.341383804005689 
0.341255647924054 
0.341127751525918 
0.341000108621822 
0.340872713211784 
0.340745559482581 
0.340618641807268 
0.340491954746574 
0.340365493052002 
0.340239251670329 
0.340113225749270 
0.339987410644080 
0.339861801924786 
0.339736395383842 
0.339611187043925 
0.339486173165593 
0.339361350254570 
0.339236715068381 
0.339112264622068 
0.338987996192775 
0.338863907322945 
0.338739995821953 
0.338616259765976 
0.338492697495972 
0.338369307613648 
0.338246088975404 
0.338123040684175 
0.338000162079281 
0.337877452724321 
0.337754912393282 
0.337632541055044 
0.337510338856494 
0.337388306104540 
0.337266443247288 
0.337144750854703 
0.337023229599075 
0.336901880235587 
0.336780703583320 
0.336659700506938 
0.336538871899333 
0.336418218665444 
0.336297741707421 
0.336177441911277 
0.336057320135089 
0.335937377198853 
0.335817613875929 
0.335698030886089 
0.335578628890083 
0.335459408485633 
0.335340370204733 
0.335221514512136 
0.335102841804880 
0.334984352412698 
0.334866046599199 
0.334747924563665 
0.334629986443321 
0.334512232316002 
0.334394662203097 
0.334277276072675 
0.334160073842750 
0.334043055384613 
0.333926220526202 
0.333809569055500 
0.333693100723930 
0.333576815249764 
0.333460712321550 
0.333344791601585 
0.333229052729446 
0.333113495325617 
0.332998118995229 
0.332882923331943 
0.332767907922015 
0.332653072348527 
0.332538416195859 
0.332423939054330 
0.332309640525075 
0.332195520225117 
0.332081577792607 
0.331967812892224 
0.331854225220663 
0.331740814512191 
0.331627580544164 
0.331514523142471 
0.331401642186790 
0.331288937615580 
0.331176409430678 
0.331064057701424 
0.330951882568197 
0.330839884245215 
0.330728063022532 
0.330616419267088 
0.330504953422715 
0.330393666009047 
0.330282557619187 
0.330171628916144 
0.330060880627944 
0.329950313541436 
0.329839928494783 
0.329729726368693 
0.329619708076418 
0.329509874552662 
0.329400226741482 
0.329290765583330 
0.329181492001422 
0.329072406887591 
0.328963511087850 
0.328854805387841 
0.328746290498412 
0.328637967041517 
0.328529835536637 
0.328421896387920 
0.328314149872215 
0.328206596128139 
0.328099235146318 
0.327992066760906 
0.327885090642446 
0.327778306292112 
0.327671713037384 
0.327565310029110 
0.327459096239965 
0.327353070464228 
0.327247231318808 
0.327141577245467 
0.327036106514120 
0.326930817227108 
0.326825707324373 
0.326720774589388 
0.326616016655766 
0.326511431014429 
0.326407015021249 
0.326302765905082 
0.326198680776081 
0.326094756634265 
0.325990990378213 
0.325887378813895 
0.325783918663555 
0.325680606574607 
0.325577439128528 
0.325474412849728 
0.325371524214343 
0.325268769658987 
0.325166145589435 
0.325063648389215 
0.324961274428152 
0.324859020070809 
0.324756881684883 
0.324654855649536 
0.324552938363652 
0.324451126254044 
0.324349415783612 
0.324247803459436 
0.324146285840815 
0.324044859547254 
0.323943521266369 
0.323842267761719 
0.323741095880542 
0.323640002561378 
0.323538984841536 
0.323438039864419 
0.323337164886646 
0.323236357284912 
0.323135614562606 
0.323034934356073 
0.322934314440542 
0.322833752735582 
0.322733247310128 
0.322632796386939 
0.322532398346474 
0.322432051730118 
0.322331755242698 
0.322231507754233 
0.322131308300885 
0.322031156085026 
0.321931050474438 
0.321830991000557 
0.321730977355778 
0.321631009389779 
0.321531087104898 
0.321431210650528 
0.321331380316586 
0.321231596526091 
0.321131859826868 
0.321032170882466 
0.320932530462360 
0.320832939431510 
0.320733398739362 
0.320633909408416 
0.320534472522434 
0.320435089214421 
0.320335760654484 
0.320236488037671 
0.320137272571896 
0.320038115466070 
0.319939017918535 
0.319839981105854 
0.319741006172080 
0.319642094218551 
0.319543246294285 
0.319444463387009 
0.319345746414847 
0.319247096218742 
0.319148513555563 
0.319049999091953 
0.318951553398890 
0.318853176946949 
0.318754870102262 
0.318656633123137 
0.318558466157324 
0.318460369239868 
0.318362342291554 
0.318264385117871 
0.318166497408489 
0.318068678737189 
0.317970928562226 
0.317873246227082 
0.317775630961586 
0.317678081883355 
0.317580597999536 
0.317483178208816 
0.317385821303691 
0.317288525972937 
0.317191290804298 
0.317094114287340 
0.316996994816485 
0.316899930694159 
0.316802920134095 
0.316705961264734 
0.316609052132726 
0.316512190706523 
0.316415374880032 
0.316318602476344 
0.316221871251486 
0.316125178898242 
0.316028523049971 
0.315931901284450 
0.315835311127721 
0.315738750057920 
0.315642215509091 
0.315545704874958 
0.315449215512658 
0.315352744746399 
0.315256289871066 
0.315159848155703 
0.315063416846932 
0.314966993172207 
0.314870574342964 
0.314774157557597 
0.314677740004249 
0.314581318863433 
0.314484891310395 
0.314388454517276 
0.314292005654974 
0.314195541894729 
0.314099060409373 
0.314002558374250 
0.313906032967725 
0.313809481371314 
0.313712900769332 
0.313616288348088 
0.313519641294542 
0.313422956794416 
0.313326232029718 
0.313229464175616 
0.313132650396659 
0.313035787842286 
0.312938873641576 
0.312841904897227 
0.312744878678696 
0.312647792014488 
0.312550641883529 
0.312453425205628 
0.312356138830935 
0.312258779528428 
0.312161343973327 
0.312063828733462 
0.311966230254499 
0.311868544844052 
0.311770768654568 
0.311672897665023 
0.311574927661306 
0.311476854215281 
0.311378672662457 
0.311280378078168 
0.311181965252214 
0.311083428661824 
0.310984762442855 
0.310885960359050 
0.310787015769232 
0.310687921592193 
0.310588670269103 
0.310489253723162 
0.310389663316189 
0.310289889801827 
0.310189923274973 
0.310089753117003 
0.309989367936283 
0.309888755503433 
0.309787902680700 
0.309686795344762 
0.309585418302174 
0.309483755196602 
0.309381788406897 
0.309279498934942 
0.309176866282166 
0.309073868313429 
0.308970481106976 
0.308866678788970 
0.308762433351138 
0.308657714449886 
0.308552489185314 
0.308446721858511 
0.308340373705662 
0.308233402607662 
0.308125762774315 
0.308017404402748 
0.307908273310516 
0.307798310545048 
0.307687451972881 
0.307575627854307 
0.307462762412395 
0.307348773409342 
0.307233571748607 
0.307117061128035 
0.306999137777726 
0.306879690326502 
0.306758599852634 
0.306635740187376 
0.306510978545262 
0.306384176610977 
0.306255192113263 
0.306123881052438 
0.305990100635867 
0.305853712981993 
0.305714589592656 
0.305572616512736 
0.305427699991766 
0.305279772342901 
0.305128797578544 
0.304974776314003 
0.304817749399902 
0.304657799793722 
0.304495052320279 
0.304329671186336 
0.304161855370331 
0.303991832253867 
0.303819850047062 
0.303646169651788 
0.303471056596644 
0.303294773582429 
0.303117574029906 
0.302939696859141 
0.302761362581357 
0.302582770667488 
0.302404098078120 
0.302225498794164 
0.302047104169270 
0.301869023926351 
0.301691347626792 
0.301514146472606 
0.301337475305231 
0.301161374697528 
0.300985873050891 
0.300810988628230 
0.300636731469984 
0.300463105154694 
0.300290108378343 
0.300117736337422 
0.299945981909966 
0.299774836636432 
0.299604291508446 
0.299434337578406 
0.299264966406360 
0.299096170363012 
0.298927942809002 
0.298760278170885 
0.298593171933759 
0.298426620569286 
0.298260621416145 
0.298095172527932 
0.297930272501258 
0.297765920294498 
0.297602115045433 
0.297438855893951 
0.297276141814178 
0.297113971458859 
0.296952343017535 
0.296791254089212 
0.296630701569482 
0.296470681551651 
0.296311189241263 
0.296152218883270 
0.295993763701203 
0.295835815847762 
0.295678366366355 
0.295521405163222 
0.295364920989886 
0.295208901435650 
0.295053332929802 
0.294898200753181 
0.294743489058526 
0.294589180898914 
0.294435258263386 
0.294281702118645 
0.294128492455590 
0.293975608339170 
0.293823027960095 
0.293670728686734 
0.293518687115577 
0.293366879118681 
0.293215279886563 
0.293063863965170 
0.292912605285695 
0.292761477186166 
0.292610452424001 
0.292459503178770 
0.292308601044693 
0.292157717012459 
0.292006821440049 
0.291855884012262 
0.291704873688599 
0.291553758639076 
0.291402506167259 
0.291251082619637 
0.291099453280013 
0.290947582247243 
0.290795432294067 
0.290642964704320 
0.290490139085137 
0.290336913150134 
0.290183242468898 
0.290029080177320 
0.289874376642652 
0.289719079076307 
0.289563131086642 
0.289406472163094 
0.289249037082063 
0.289090755224015 
0.288931549790151 
0.288771336905963 
0.288610024597930 
0.288447511628846 
0.288283686177103 
0.288118424346256 
0.287951588494571 
0.287783025381688 
0.287612564144085 
0.287440014137223 
0.287265162727580 
0.287087773192975 
0.286907583010716 
0.286724303001976 
0.286537618084789 
0.286347190794816 
0.286152669276924 
0.285953702097061 
0.285749962825766 
0.285541187537165 
0.285327227462974 
0.285108116046879 
0.284884143686650 
0.284655924885885 
0.284424434484045 
0.284190988298474 
0.283957154897737 
0.283724608576212 
0.283494957847870 
0.283269593918122 
0.283049593265472 
0.282835685393725 
0.282628275196342 
0.282427498494763 
0.282233289483359 
0.282045445071926 
0.281863678384099 
0.281687659190580 
0.281517042232294 
0.281351485715694 
0.281190662477917 
0.281034266011060 
0.280882013061168 
0.280733644056769 
0.280588922241761 
0.280447632100022 
0.280309577452954 
0.280174579468601 
0.280042474724846 
0.279913113405994 
0.279786357671148 
0.279662080207255 
0.279540162964198 
0.279420496060408 
0.279302976842980 
0.279187509084486 
0.279074002298545 
0.278962371157199 
0.278852534994591 
0.278744417383182 
0.278637945770593 
0.278533051166839 
0.278429667873375 
0.278327733246874 
0.278227187491799 
0.278127973477040 
0.278030036572749 
0.277933324504221 
0.277837787220309 
0.277743376774348 
0.277650047215901 
0.277557754491968 
0.277466456356505 
0.277376112287263 
0.277286683409135 
0.277198132423216 
0.277110423540969 
0.277023522422878 
0.276937396121070 
0.276852013025442 
0.276767342812861 
0.276683356399088 
0.276600025893101 
0.276517324553525 
0.276435226746990 
0.276353707908183 
0.276272744501471 
0.276192313983983 
0.276112394770044 
0.276032966196946 
0.275954008491978 
0.275875502740722 
0.275797430856593 
0.275719775551642 
0.275642520308605 
0.275565649354236 
0.275489147633887 
0.275413000787379 
0.275337195126128 
0.275261717611500 
0.275186555834402 
0.275111697996033 
0.275037132889732 
0.274962849883898 
0.274888838905837 
0.274815090426468 
0.274741595445793 
0.274668345478943 
0.274595332542721 
0.274522549142469 
0.274449988259092 
0.274377643336118 
0.274305508266597 
0.274233577379703 
0.274161845426883 
0.274090307567422 
0.274018959353292 
0.273947796713191 
0.273876815935673 
0.273806013651336 
0.273735386814041 
0.273664932681145 
0.273594648792823 
0.273524532950521 
0.273454583194681 
0.273384797781839 
0.273315175161291 
0.273245713951507 
0.273176412916493 
0.273107270942327 
0.273038287014115 
0.272969460193579 
0.272900789597483 
0.272832274377151 
0.272763913699239 
0.272695706727924 
0.272627652608684 
0.272559750453761 
0.272491999329381 
0.272424398244821 
0.272356946143284 
0.272289641894640 
0.272222484289934 
0.272155472037645 
0.272088603761581 
0.272021878000346 
0.271955293208227 
0.271888847757410 
0.271822539941384 
0.271756367979398 
0.271690330021857 
0.271624424156492 
0.271558648415234 
0.271493000781609 
0.271427479198594 
0.271362081576798 
0.271296805802878 
0.271231649748100 
0.271166611276961 
0.271101688255789 
0.271036878561264 
0.270972180088782 
0.270907590760600 
0.270843108533737 
0.270778731407532 
0.270714457430873 
0.270650284708982 
0.270586211409796 
0.270522235769850 
0.270458356099657 
0.270394570788568 
0.270330878309046 
0.270267277220399 
0.270203766171888 
0.270140343905285 
0.270077009256783 
0.270013761158348 
0.269950598638462 
0.269887520822311 
0.269824526931407 
0.269761616282701 
0.269698788287193 
0.269636042448097 
0.269573378358587 
0.269510795699178 
0.269448294234776 
0.269385873811479 
0.269323534353112 
0.269261275857628 
0.269199098393346 
0.269137002095108 
0.269074987160383 
0.269013053845366 
0.268951202461059 
0.268889433369412 
0.268827746979489 
0.268766143743709 
0.268704624154138 
0.268643188738847 
0.268581838058313 
0.268520572701868 
0.268459393284187 
0.268398300441766 
0.268337294829421 
0.268276377116739 
0.268215547984515 
0.268154808121131 
0.268094158218875 
0.268033598970202 
0.267973131063915 
0.267912755181309 
0.267852471992245 
0.267792282151191 
0.267732186293267 
0.267672185030283 
0.267612278946825 
0.267552468596427 
0.267492754497850 
0.267433137131519 
0.267373616936156 
0.267314194305648 
0.267254869586200 
0.267195643073791 
0.267136515011996 
0.267077485590192 
0.267018554942169 
0.266959723145190 
0.266900990219508 
0.266842356128347 
0.266783820778389 
0.266725384020716 
0.266667045652267 
0.266608805417757 
0.266550663012061 
0.266492618083066 
0.266434670234940 
0.266376819031811 
0.266319064001836 
0.266261404641600 
0.266203840420850 
0.266146370787493 
0.266088995172849 
0.266031712997083 
0.265974523674813 
0.265917426620822 
0.265860421255827 
0.265803507012293 
0.265746683340188 
0.265689949712676 
0.265633305631675 
0.265576750633232 
0.265520284292686 
0.265463906229517 
0.265407616111896 
0.265351413660828 
0.265295298653884 
0.265239270928453 
0.265183330384491 
0.265127476986692 
0.265071710766115 
0.265016031821150 
0.264960440317891 
0.264904936489840 
0.264849520636959 
0.264794193124066 
0.264738954378594 
0.264683804887719 
0.264628745194892 
0.264573775895810 
0.264518897633870 
0.264464111095166 
0.264409417003082 
0.264354816112538 
0.264300309203989 
0.264245897077225 
0.264191580545064 
0.264137360426998 
0.264083237542911 
0.264029212706888 
0.263975286721236 
0.263921460370751 
0.263867734417316 
0.263814109594867 
0.263760586604777 
0.263707166111699 
0.263653848739905 
0.263600635070120 
0.263547525636878 
0.263494520926409 
0.263441621375029 
0.263388827368052 
0.263336139239177 
0.263283557270348 
0.263231081692049 
0.263178712683990 
0.263126450376194 
0.263074294850370 
0.263022246141627 
0.262970304240405 
0.262918469094647 
0.262866740612137 
0.262815118662984 
0.262763603082221 
0.262712193672464 
0.262660890206640 
0.262609692430709 
0.262558600066396 
0.262507612813889 
0.262456730354482 
0.262405952353167 
0.262355278461126 
0.262304708318147 
0.262254241554926 
0.262203877795258 
0.262153616658118 
0.262103457759609 
0.262053400714794 
0.262003445139399 
0.261953590651388 
0.261903836872407 
0.261854183429124 
0.261804629954430 
0.261755176088532 
0.261705821479939 
0.261656565786342 
0.261607408675384 
0.261558349825358 
0.261509388925804 
0.261460525678034 
0.261411759795585 
0.261363091004615 
0.261314519044229 
0.261266043666774 
0.261217664638082 
0.261169381737678 
0.261121194758970 
0.261073103509403 
0.261025107810606 
0.260977207498514 
0.260929402423502 
0.260881692450479 
0.260834077459004 
0.260786557343380 
0.260739132012750 
0.260691801391177 
0.260644565417714 
0.260597424046461 
0.260550377246596 
0.260503425002376 
0.260456567313110 
0.260409804193086 
0.260363135671446 
0.260316561791998 
0.260270082612961 
0.260223698206636 
0.260177408658986 
0.260131214069110 
0.260085114548639 
0.260039110220999 
0.259993201220566 
0.259947387691704 
0.259901669787675 
0.259856047669438 
0.259810521504301 
0.259765091464485 
0.259719757725537 
0.259674520464665 
0.259629379858957 
0.259584336083511 
0.259539389309486 
0.259494539702095 
0.259449787418549 
0.259405132605956 
0.259360575399210 
0.259316115918899 
0.259271754269205 
0.259227490535855 
0.259183324784140 
0.259139257056974 
0.259095287373080 
0.259051415725263 
0.259007642078799 
0.258963966369958 
0.258920388504683 
0.258876908357399 
0.258833525770006 
0.258790240551016 
0.258747052474867 
0.258703961281413 
0.258660966675572 
0.258618068327162 
0.258575265870883 
0.258532558906461 
0.258489946998968 
0.258447429679260 
0.258405006444575 
0.258362676759247 
0.258320440055556 
0.258278295734661 
0.258236243167664 
0.258194281696739 
0.258152410636346 
0.258110629274508 
0.258068936874151 
0.258027332674483 
0.257985815892416 
0.257944385724003 
0.257903041345902 
0.257861781916850 
0.257820606579132 
0.257779514460045 
0.257738504673356 
0.257697576320734 
0.257656728493166 
0.257615960272329 
0.257575270731960 
0.257534658939152 
0.257494123955643 
0.257453664839037 
0.257413280644003 
0.257372970423418 
0.257332733229459 
0.257292568114657 
0.257252474132904 
0.257212450340392 
0.257172495796539 
0.257132609564834 
0.257092790713650 
0.257053038317012 
0.257013351455322 
0.256973729216037 
0.256934170694298 
0.256894674993538 
0.256855241226033 
0.256815868513418 
0.256776555987186 
0.256737302789127 
0.256698108071757 
0.256658970998709 
0.256619890745096 
0.256580866497847 
0.256541897456029 
0.256502982831135 
0.256464121847357 
0.256425313741836 
0.256386557764909 
0.256347853180318 
0.256309199265428 
0.256270595311412 
0.256232040623439 
0.256193534520854 
0.256155076337320 
0.256116665420994 
0.256078301134661 
0.256039982855878 
0.256001709977108 
0.255963481905847 
0.255925298064742 
0.255887157891713 
0.255849060840064 
0.255811006378581 
0.255772993991643 
0.255735023179319 
0.255697093457448 
0.255659204357733 
0.255621355427821 
0.255583546231371 
0.255545776348129 
0.255508045373976 
0.255470352920993 
0.255432698617497 
0.255395082108083 
0.255357503053640 
0.255319961131378 
0.255282456034832 
0.255244987473853 
0.255207555174594 
0.255170158879481 
0.255132798347171 
0.255095473352492 
0.255058183686382 
0.255020929155791 
0.254983709583594 
0.254946524808463 
0.254909374684739 
0.254872259082285 
0.254835177886309 
0.254798130997189 
0.254761118330259 
0.254724139815592 
0.254687195397756 
0.254650285035556 
0.254613408701750 
0.254576566382749 
0.254539758078303 
0.254502983801150 
0.254466243576673 
0.254429537442512 
0.254392865448168 
0.254356227654589 
0.254319624133739 
0.254283054968137 
0.254246520250394 
0.254210020082721 
0.254173554576428 
0.254137123851403 
0.254100728035579 
0.254064367264387 
0.254028041680186 
0.253991751431699 
0.253955496673422 
0.253919277565031 
0.253883094270775 
0.253846946958864 
0.253810835800856 
0.253774760971022 
0.253738722645731 
0.253702721002806 
0.253666756220908 
0.253630828478891 
0.253594937955177 
0.253559084827134 
0.253523269270446 
0.253487491458504 
0.253451751561792 
0.253416049747292 
0.253380386177891 
0.253344761011800 
0.253309174401993 
0.253273626495656 
0.253238117433654 
0.253202647350004 
0.253167216371380 
0.253131824616624 
0.253096472196292 
0.253061159212209 
0.253025885757044 
0.252990651913922 
0.252955457756041 
0.252920303346328 
0.252885188737113 
0.252850113969832 
0.252815079074741 
0.252780084070688 
0.252745128964870 
0.252710213752656 
0.252675338417406 
0.252640502930340 
0.252605707250416 
0.252570951324253 
0.252536235086058 
0.252501558457602 
0.252466921348208 
0.252432323654768 
0.252397765261796 
0.252363246041489 
0.252328765853826 
0.252294324546684 
0.252259921955986 
0.252225557905858 
0.252191232208819 
0.252156944666000 
0.252122695067368 
0.252088483191971 
0.252054308808213 
0.252020171674152 
0.251986071537796 
0.251952008137426 
0.251917981201942 
0.251883990451221 
0.251850035596470 
0.251816116340631 
0.251782232378756 
0.251748383398431 
0.251714569080182 
0.251680789097903 
0.251647043119304 
0.251613330806333 
0.251579651815649 
0.251546005799061 
0.251512392404001 
0.251478811273982 
0.251445262049073 
0.251411744366363 
0.251378257860436 
0.251344802163846 
0.251311376907580 
0.251277981721539 
0.251244616234996 
0.251211280077064 
0.251177972877155 
0.251144694265434 
0.251111443873264 
0.251078221333649 
0.251045026281672 
0.251011858354908 
0.250978717193843 
0.250945602442280 
0.250912513747725 
0.250879450761771 
0.250846413140461 
0.250813400544636 
0.250780412640280 
0.250747449098832 
0.250714509597497 
0.250681593819526 
0.250648701454491 
0.250615832198529 
0.250582985754575 
0.250550161832577 
0.250517360149676 
0.250484580430377 
0.250451822406699 
0.250419085818292 
0.250386370412544 
0.250353675944659 
0.250321002177695 
0.250288348882621 
0.250255715838296 
0.250223102831465 
0.250190509656713 
0.250157936116392 
0.250125382020541 
0.250092847186751 
0.250060331440043 
0.250027834612690 
0.249995356544025 
0.249962897080243 
0.249930456074154 
0.249898033384932 
0.249865628877827 
0.249833242423877 
0.249800873899577 
0.249768523186538 
0.249736190171139 
0.249703874744140 
0.249671576800299 
0.249639296237954 
0.249607032958612 
0.249574786866504 
0.249542557868155 
0.249510345871914 
0.249478150787500 
0.249445972525528 
0.249413810997033 
0.249381666113000 
0.249349537783869 
0.249317425919071 
0.249285330426537 
0.249253251212229 
0.249221188179663 
0.249189141229451 
0.249157110258842 
0.249125095161277 
0.249093095825949 
0.249061112137392 
0.249029143975058 
0.248997191212937 
0.248965253719179 
0.248933331355734 
0.248901423978015 
0.248869531434580 
0.248837653566837 
0.248805790208769 
0.248773941186678 
0.248742106318958 
0.248710285415890 
0.248678478279455 
0.248646684703187 
0.248614904472025 
0.248583137362207 
0.248551383141188 
0.248519641567569 
0.248487912391066 
0.248456195352483 
0.248424490183721 
0.248392796607803 
0.248361114338925 
0.248329443082517 
0.248297782535329 
0.248266132385536 
0.248234492312863 
0.248202861988713 
0.248171241076328 
0.248139629230952 
0.248108026100008 
0.248076431323294 
0.248044844533180 
0.248013265354827 
0.247981693406396 
0.247950128299286 
0.247918569638364 
0.247887017022202 
0.247855470043323 
0.247823928288446 
0.247792391338739 
0.247760858770058 
0.247729330153203 
0.247697805054176 
0.247666283034409 
0.247634763651020 
0.247603246457054 
0.247571731001710 
0.247540216830584 
0.247508703485888 
0.247477190506663 
0.247445677429003 
0.247414163786245 
0.247382649109176 
0.247351132926208 
0.247319614763556 
0.247288094145412 
0.247256570594089 
0.247225043630169 
0.247193512772631 
0.247161977538988 
0.247130437445374 
0.247098892006651 
0.247067340736493 
0.247035783147452 
0.247004218751013 
0.246972647057648 
0.246941067576837 
0.246909479817090 
0.246877883285946 
0.246846277489968 
0.246814661934719 
0.246783036124722 
0.246751399563416 
0.246719751753088 
0.246688092194794 
0.246656420388280 
0.246624735831874 
0.246593038022374 
0.246561326454922 
0.246529600622865 
0.246497860017609 
0.246466104128458 
0.246434332442449 
0.246402544444152 
0.246370739615500 
0.246338917435580 
0.246307077380416 
0.246275218922762 
0.246243341531857 
0.246211444673201 
0.246179527808298 
0.246147590394411 
0.246115631884278 
0.246083651725864 
0.246051649362056 
0.246019624230379 
0.245987575762689 
0.245955503384865 
0.245923406516468 
0.245891284570413 
0.245859136952608 
0.245826963061578 
0.245794762288077 
0.245762534014674 
0.245730277615315 
0.245697992454865 
0.245665677888612 
0.245633333261744 
0.245600957908785 
0.245568551152990 
0.245536112305700 
0.245503640665633 
0.245471135518131 
0.245438596134338 
0.245406021770307 
0.245373411666050 
0.245340765044465 
0.245308081110224 
0.245275359048517 
0.245242598023728 
0.245209797177976 
0.245176955629528 
0.245144072471101 
0.245111146768001 
0.245078177556128 
0.245045163839804 
0.245012104589436 
0.244978998739004 
0.244945845183328 
0.244912642775169 
0.244879390322066 
0.244846086582980 
0.244812730264665 
0.244779320017796 
0.244745854432809 
0.244712332035470 
0.244678751282107 
0.244645110554535 
0.244611408154621 
0.244577642298487 
0.244543811110316 
0.244509912615719 
0.244475944734676 
0.244441905273965 
0.244407791919085 
0.244373602225612 
0.244339333609942 
0.244304983339379 
0.244270548521507 
0.244236026092782 
0.244201412806276 
0.244166705218500 
0.244131899675212 
0.244096992296123 
0.244061978958376 
0.244026855278713 
0.243991616594171 
0.243956257941158 
0.243920774032789 
0.243885159234269 
0.243849407536127 
0.243813512525134 
0.243777467352621 
0.243741264699983 
0.243704896741091 
0.243668355101315 
0.243631630812866 
0.243594714266136 
0.243557595156678 
0.243520262427558 
0.243482704206690 
0.243444907738899 
0.243406859312441 
0.243368544179813 
0.243329946472769 
0.243291049111655 
0.243251833709366 
0.243212280470562 
0.243172368087171 
0.243132073631757 
0.243091372451051 
0.243050238062761 
0.243008642059962 
0.242966554028605 
0.242923941485376 
0.242880769844891 
0.242837002427293 
0.242792600519477 
0.242747523505283 
0.242701729081843 
0.242655173580451 
0.242607812410430 
0.242559600642854 
0.242510493747066 
0.242460448486117 
0.242409423967070 
0.242357382829673 
0.242304292533834 
0.242250126704889 
0.242194866456641 
0.242138501614211 
0.242081031745033 
0.242022466909011 
0.241962828051248 
0.241902146983406 
0.241840465930380 
0.241777836653482 
0.241714319194770 
0.241649980315088 
0.241584891717577 
0.241519128157491 
0.241452765539052 
0.241385879092069 
0.241318541707721 
0.241250822496298 
0.241182785611109 
0.241114489363973 
0.241045985639190 
0.240977319595976 
0.240908529634815 
0.240839647591969 
0.240770699118840 
0.240701704199523 
0.240632677759967 
0.240563630325560 
0.240494568689333 
0.240425496555729 
0.240356415156465 
0.240287323781292 
0.240218220252996 
0.240149101321603 
0.240079962980616 
0.240010800707434 
0.239941609632526 
0.239872384643471 
0.239803120431113 
0.239733811485632 
0.239664452050544 
0.239595036042650 
0.239525556945640 
0.239456007684590 
0.239386380487942 
0.239316666742753 
0.239246856848118 
0.239176940070631 
0.239106904404768 
0.239036736439996 
0.238966421235453 
0.238895942202104 
0.238825280991469 
0.238754417389321 
0.238683329212163 
0.238611992203894 
0.238540379929664 
0.238468463663752 
0.238396212268068 
0.238323592057811 
0.238250566650652 
0.238177096795752 
0.238103140178733 
0.238028651198585 
0.237953580712132 
0.237877875741443 
0.237801479139020 
0.237724329205095 
0.237646359250691 
0.237567497099413 
0.237487664520159 
0.237406776582357 
0.237324740924947 
0.237241456930603 
0.237156814798163 
0.237070694509692 
0.236982964695561 
0.236893481413585 
0.236802086879845 
0.236708608224563 
0.236612856403239 
0.236514625481252 
0.236413692641342 
0.236309819451348 
0.236202755183047 
0.236092243285876 
0.235978032447919 
0.235859893906510 
0.235737646575644 
0.235611190782190 
0.235480549531876 
0.235345913031593 
0.235207678092636 
0.235066470547370 
0.234923138436909 
0.234778708686341 
0.234634310064283 
0.234491076587549 
0.234350052413777 
0.234212117945907 
0.234077948457554 
0.233948005876391 
0.233822556324931 
0.233701702768405 
0.233585422947822 
0.233473605676266 
0.233366081747720 
0.233262648175477 
0.233163085999647 
0.233067172635341 
0.232974689945426 
0.232885429153416 
0.232799193526251 
0.232715799546664 
0.232635077104874 
0.232556869085097 
0.232481030604888 
0.232407428079700 
0.232335938224374 
0.232266447061465 
0.232198848977901 
0.232133045852673 
0.232068946265957 
0.232006464792270 
0.231945521375507 
0.231886040780810 
0.231827952116884 
0.231771188421614 
0.231715686303837 
0.231661385634319 
0.231608229279479 
0.231556162871899 
0.231505134612298 
0.231455095098217 
0.231405997175247 
0.231357795807195 
0.231310447962052 
0.231263912511125 
0.231218150139044 
0.231173123262771 
0.231128795958021 
0.231085133891786 
0.231042104259880 
0.230999675728625 
0.230957818379986 
0.230916503659561 
0.230875704326995 
0.230835394408456 
0.230795549150882 
0.230756144977815 
0.230717159446633 
0.230678571207054 
0.230640359960846 
0.230602506422652 
0.230564992281862 
0.230527800165538 
0.230490913602323 
0.230454316987311 
0.230417995547881 
0.230381935310438 
0.230346123068090 
0.230310546349183 
0.230275193386738 
0.230240053088701 
0.230205115009051 
0.230170369319696 
0.230135806783148 
0.230101418725972 
0.230067197012956 
0.230033134022009 
0.229999222619744 
0.229965456137738 
0.229931828349459 
0.229898333447815 
0.229864966023356 
0.229831721043076 
0.229798593829836 
0.229765580042377 
0.229732675655952 
0.229699876943535 
0.229667180457654 
0.229634583012788 
0.229602081668399 
0.229569673712564 
0.229537356646211 
0.229505128167970 
0.229472986159651 
0.229440928672351 
0.229408953913178 
0.229377060232596 
0.229345246112428 
0.229313510154439 
0.229281851069581 
0.229250267667824 
0.229218758848608 
0.229187323591878 
0.229155960949711 
0.229124670038500 
0.229093450031694 
0.229062300153057 
0.229031219670453 
0.229000207890108 
0.228969264151347 
0.228938387821765 
0.228907578292832 
0.228876834975879 
0.228846157298474 
0.228815544701127 
0.228784996634345 
0.228754512555972 
0.228724091928820 
0.228693734218560 
0.228663438891850 
0.228633205414690 
0.228603033250984 
0.228572921861275 
0.228542870701669 
0.228512879222901 
0.228482946869546 
0.228453073079371 
0.228423257282791 
0.228393498902433 
0.228363797352814 
0.228334152040084 
0.228304562361869 
0.228275027707171 
0.228245547456344 
0.228216120981133 
0.228186747644752 
0.228157426802027 
0.228128157799577 
0.228098939976037 
0.228069772662317 
0.228040655181898 
0.228011586851160 
0.227982566979733 
0.227953594870887 
0.227924669821923 
0.227895791124619 
0.227866958065668 
0.227838169927161 
0.227809425987064 
0.227780725519735 
0.227752067796439 
0.227723452085904 
0.227694877654860 
0.227666343768624 
0.227637849691681 
0.227609394688285 
0.227580978023070 
0.227552598961689 
0.227524256771443 
0.227495950721948 
0.227467680085790 
0.227439444139220 
0.227411242162837 
0.227383073442299 
0.227354937269034 
0.227326832940980 
0.227298759763319 
0.227270717049229 
0.227242704120645 
0.227214720309032 
0.227186764956166 
0.227158837414920 
0.227130937050061 
0.227103063239052 
0.227075215372850 
0.227047392856734 
0.227019595111094 
0.226991821572256 
0.226964071693287 
0.226936344944797 
0.226908640815749 
0.226880958814242 
0.226853298468290 
0.226825659326594 
0.226798040959290 
0.226770442958680 
0.226742864939938 
0.226715306541802 
0.226687767427212 
0.226660247283947 
0.226632745825198 
0.226605262790126 
0.226577797944346 
0.226550351080398 
0.226522922018146 
0.226495510605131 
0.226468116716858 
0.226440740257041 
0.226413381157755 
0.226386039379552 
0.226358714911489 
0.226331407771077 
0.226304118004186 
0.226276845684837 
0.226249590914937 
0.226222353823928 
0.226195134568362 
0.226167933331379 
0.226140750322120 
0.226113585775055 
0.226086439949223 
0.226059313127400 
0.226032205615186 
0.226005117740019 
0.225978049850111 
0.225951002313321 
0.225923975515953 
0.225896969861493 
0.225869985769293 
0.225843023673198 
0.225816084020108 
0.225789167268528 
0.225762273887044 
0.225735404352783 
0.225708559149850 
0.225681738767742 
0.225654943699728 
0.225628174441253 
0.225601431488314 
0.225574715335853 
0.225548026476161 
0.225521365397299 
0.225494732581540 
0.225468128503846 
0.225441553630382 
0.225415008417073 
0.225388493308201 
0.225362008735068 
0.225335555114709 
0.225309132848677 
0.225282742321875 
0.225256383901480 
0.225230057935936 
0.225203764754008 
0.225177504663934 
0.225151277952646 
0.225125084885077 
0.225098925703540 
0.225072800627198 
0.225046709851619 
0.225020653548389 
0.224994631864837 
0.224968644923807 
0.224942692823519 
0.224916775637498 
0.224890893414585 
0.224865046178991 
0.224839233930434 
0.224813456644331 
0.224787714272036 
0.224762006741147 
0.224736333955843 
0.224710695797283 
0.224685092124036 
0.224659522772542 
0.224633987557622 
0.224608486273003 
0.224583018691875 
0.224557584567474 
0.224532183633671 
0.224506815605587 
0.224481480180223 
0.224456177037092 
0.224430905838860 
0.224405666231994 
0.224380457847407 
0.224355280301119 
0.224330133194893 
0.224305016116892 
0.224279928642302 
0.224254870333987 
0.224229840743099 
0.224204839409702 
0.224179865863387 
0.224154919623859 
0.224130000201536 
0.224105107098124 
0.224080239807175 
0.224055397814648 
0.224030580599450 
0.224005787633966 
0.223981018384572 
0.223956272312147 
0.223931548872560 
0.223906847517157 
0.223882167693226 
0.223857508844463 
0.223832870411416 
0.223808251831917 
0.223783652541519 
0.223759071973906 
0.223734509561305 
0.223709964734884 
0.223685436925142 
0.223660925562290 
0.223636430076630 
0.223611949898920 
0.223587484460738 
0.223563033194831 
0.223538595535470 
0.223514170918797 
0.223489758783154 
0.223465358569427 
0.223440969721379 
0.223416591685969 
0.223392223913682 
0.223367865858850 
0.223343516979972 
0.223319176740035 
0.223294844606820 
0.223270520053224 
0.223246202557574 
0.223221891603933 
0.223197586682415 
0.223173287289498 
0.223148992928328 
0.223124703109034 
0.223100417349034 
0.223076135173350 
0.223051856114911 
0.223027579714858 
0.223003305522866 
0.222979033097437 
0.222954762006215 
0.222930491826288 
0.222906222144497 
0.222881952557735 
0.222857682673246 
0.222833412108933 
0.222809140493642 
0.222784867467467 
0.222760592682028 
0.222736315800765 
0.222712036499207 
0.222687754465253 
0.222663469399442 
0.222639181015202 
0.222614889039114 
0.222590593211146 
0.222566293284886 
0.222541989027773 
0.222517680221297 
0.222493366661200 
0.222469048157666 
0.222444724535479 
0.222420395634181 
0.222396061308214 
0.222371721427030 
0.222347375875195 
0.222323024552463 
0.222298667373846 
0.222274304269635 
0.222249935185428 
0.222225560082113 
0.222201178935829 
0.222176791737919 
0.222152398494828 
0.222127999228002 
0.222103593973744 
0.222079182783047 
0.222054765721392 
0.222030342868532 
0.222005914318239 
0.221981480178012 
0.221957040568782 
0.221932595624560 
0.221908145492084 
0.221883690330417 
0.221859230310526 
0.221834765614846 
0.221810296436792 
0.221785822980278 
0.221761345459194 
0.221736864096857 
0.221712379125460 
0.221687890785485 
0.221663399325101 
0.221638904999557 
0.221614408070548 
0.221589908805572 
0.221565407477279 
0.221540904362809 
0.221516399743120 
0.221491893902320 
0.221467387126981 
0.221442879705468 
0.221418371927253 
0.221393864082249 
0.221369356460126 
0.221344849349659 
0.221320343038060 
0.221295837810333 
0.221271333948642 
0.221246831731679 
0.221222331434060 
0.221197833325729 
0.221173337671375 
0.221148844729879 
0.221124354753762 
0.221099867988675 
0.221075384672886 
0.221050905036805 
0.221026429302516 
0.221001957683351 
0.220977490383462 
0.220953027597431 
0.220928569509895 
0.220904116295205 
0.220879668117082 
0.220855225128324 
0.220830787470516 
0.220806355273764 
0.220781928656456 
0.220757507725031 
0.220733092573783 
0.220708683284669 
0.220684279927144 
0.220659882558003 
0.220635491221263 
0.220611105948026 
0.220586726756389 
0.220562353651346 
0.220537986624715 
0.220513625655069 
0.220489270707693 
0.220464921734529 
0.220440578674148 
0.220416241451732 
0.220391909979054 
0.220367584154465 
0.220343263862901 
0.220318948975881 
0.220294639351523 
0.220270334834550 
0.220246035256312 
0.220221740434811 
0.220197450174719 
0.220173164267410 
0.220148882490979 
0.220124604610285 
0.220100330376968 
0.220076059529485 
0.220051791793141 
0.220027526880118 
0.220003264489506 
0.219979004307326 
0.219954746006561 
0.219930489247186 
0.219906233676182 
0.219881978927569 
0.219857724622423 
0.219833470368889 
0.219809215762205 
0.219784960384714 
0.219760703805872 
0.219736445582260 
0.219712185257601 
0.219687922362748 
0.219663656415702 
0.219639386921602 
0.219615113372735 
0.219590835248525 
0.219566552015529 
0.219542263127433 
0.219517968025038 
0.219493666136264 
0.219469356876124 
0.219445039646716 
0.219420713837213 
0.219396378823851 
0.219372033969901 
0.219347678625674 
0.219323312128484 
0.219298933802652 
0.219274542959475 
0.219250138897221 
0.219225720901109 
0.219201288243294 
0.219176840182857 
0.219152375965792 
0.219127894824992 
0.219103395980240 
0.219078878638199 
0.219054341992405 
0.219029785223257 
0.219005207498017 
0.218980607970802 
0.218955985782576 
0.218931340061153 
0.218906669921193 
0.218881974464196 
0.218857252778499 
0.218832503939278 
0.218807727008530 
0.218782921035073 
0.218758085054527 
0.218733218089305 
0.218708319148578 
0.218683387228252 
0.218658421310919 
0.218633420365816 
0.218608383348746 
0.218583309202002 
0.218558196854265 
0.218533045220483 
0.218507853201718 
0.218482619684970 
0.218457343542965 
0.218432023633906 
0.218406658801180 
0.218381247873014 
0.218355789662078 
0.218330282965039 
0.218304726562016 
0.218279119215996 
0.218253459672135 
0.218227746656986 
0.218201978877615 
0.218176155020606 
0.218150273750936 
0.218124333710730 
0.218098333517850 
0.218072271764333 
0.218046147014642 
0.218019957803747 
0.217993702634971 
0.217967379977631 
0.217940988264434 
0.217914525888604 
0.217887991200733 
0.217861382505317 
0.217834698056990 
0.217807936056376 
0.217781094645580 
0.217754171903282 
0.217727165839373 
0.217700074389139 
0.217672895406947 
0.217645626659389 
0.217618265817840 
0.217590810450416 
0.217563258013250 
0.217535605841065 
0.217507851136966 
0.217479990961409 
0.217452022220274 
0.217423941651968 
0.217395745813490 
0.217367431065350 
0.217338993555275 
0.217310429200561 
0.217281733668981 
0.217252902358102 
0.217223930372867 
0.217194812501281 
0.217165543188011 
0.217136116505695 
0.217106526123746 
0.217076765274358 
0.217046826715469 
0.217016702690328 
0.216986384883289 
0.216955864371454 
0.216925131571667 
0.216894176182352 
0.216862987119593 
0.216831552446771 
0.216799859297010 
0.216767893787565 
0.216735640925123 
0.216703084500958 
0.216670206974598 
0.216636989344573 
0.216603411004586 
0.216569449583210 
0.216535080764997 
0.216500278090585 
0.216465012733195 
0.216429253248590 
0.216392965295477 
0.216356111323289 
0.216318650224514 
0.216280536949580 
0.216241722083758 
0.216202151388486 
0.216161765314551 
0.216120498502765 
0.216078279301128 
0.216035029348133 
0.215990663303201 
0.215945088851287 
0.215898207173504 
0.215849914162225 
0.215800102765653 
0.215748666960512 
0.215695507938651 
0.215640543087649 
0.215583718140537 
0.215525022333006 
0.215464505438645 
0.215402294208424 
0.215338604377070 
0.215273743723589 
0.215208102505352 
0.215142130286736 
0.215076302090167 
0.215011080263068 
0.214946879762548 
0.214884043096036 
0.214822827808180 
0.214763405854907 
0.214705871818425 
0.214650256125742 
0.214596539879826 
0.214544668944225 
0.214494565996603 
0.214446140099419 
0.214399293858332 
0.214353928500431 
0.214309947289941 
0.214267257685409 
0.214225772583937 
0.214185410927081 
0.214146097876183 
0.214107764708652 
0.214070348542685 
0.214033791964712 
0.213998042609768 
0.213963052727745 
0.213928778756547 
0.213895180914862 
0.213862222821734 
0.213829871146379 
0.213798095289298 
0.213766867094194 
0.213736160589298 
0.213705951756168 
0.213676218323792 
0.213646939585721 
0.213618096238012 
0.213589670235854 
0.213561644666877 
0.213534003639287 
0.213506732183181 
0.213479816163482 
0.213453242203165 
0.213426997615518 
0.213401070344362 
0.213375448911285 
0.213350122368984 
0.213325080260003 
0.213300312580175 
0.213275809746193 
0.213251562566786 
0.213227562217051 
0.213203800215542 
0.213180268403779 
0.213156958927839 
0.213133864221815 
0.213110976992873 
0.213088290207708 
0.213065797080234 
0.213043491060354 
0.213021365823667 
0.212999415261995 
0.212977633474650 
0.212956014760317 
0.212934553609509 
0.212913244697511 
0.212892082877759 
0.212871063175611 
0.212850180782447 
0.212829431050095 
0.212808809485511 
0.212788311745715 
0.212767933632943 
0.212747671090003 
0.212727520195817 
0.212707477161114 
0.212687538324303 
0.212667700147459 
0.212647959212462 
0.212628312217251 
0.212608755972193 
0.212589287396567 
0.212569903515140 
0.212550601454858 
0.212531378441619 
0.212512231797136 
0.212493158935900 
0.212474157362212 
0.212455224667305 
0.212436358526543 
0.212417556696697 
0.212398817013295 
0.212380137388049 
0.212361515806342 
0.212342950324806 
0.212324439068946 
0.212305980230837 
0.212287572066899 
0.212269212895719 
0.212250901095940 
0.212232635104222 
0.212214413413248 
0.212196234569795 
0.212178097172870 
0.212159999871885 
0.212141941364904 
0.212123920396936 
0.212105935758277 
0.212087986282912 
0.212070070846962 
0.212052188367180 
0.212034337799493 
0.212016518137600 
0.211998728411604 
0.211980967686691 
0.211963235061861 
0.211945529668692 
0.211927850670138 
0.211910197259394 
0.211892568658765 
0.211874964118600 
0.211857382916249 
0.211839824355057 
0.211822287763398 
0.211804772493737 
0.211787277921724 
0.211769803445326 
0.211752348483988 
0.211734912477814 
0.211717494886784 
0.211700095190011 
0.211682712884995 
0.211665347486938 
0.211647998528053 
0.211630665556927 
0.211613348137874 
0.211596045850347 
0.211578758288341 
0.211561485059837 
0.211544225786260 
0.211526980101959 
0.211509747653698 
0.211492528100176 
0.211475321111565 
0.211458126369053 
0.211440943564422 
0.211423772399624 
0.211406612586382 
0.211389463845811 
0.211372325908039 
0.211355198511853 
0.211338081404363 
0.211320974340660 
0.211303877083507 
0.211286789403025 
0.211269711076412 
0.211252641887647 
0.211235581627224 
0.211218530091890 
0.211201487084387 
0.211184452413225 
0.211167425892434 
0.211150407341349 
0.211133396584390 
0.211116393450859 
0.211099397774742 
0.211082409394510 
0.211065428152949 
0.211048453896972 
0.211031486477457 
0.211014525749081 
0.210997571570166 
0.210980623802524 
0.210963682311323 
0.210946746964942 
0.210929817634837 
0.210912894195417 
0.210895976523927 
0.210879064500323 
0.210862158007166 
0.210845256929514 
0.210828361154815 
0.210811470572812 
0.210794585075457 
0.210777704556805 
0.210760828912942 
0.210743958041896 
0.210727091843562 
0.210710230219629 
0.210693373073502 
0.210676520310242 
0.210659671836499 
0.210642827560446 
0.210625987391731 
0.210609151241409 
0.210592319021903 
0.210575490646943 
0.210558666031526 
0.210541845091872 
0.210525027745377 
0.210508213910579 
0.210491403507119 
0.210474596455704 
0.210457792678078 
0.210440992096994 
0.210424194636180 
0.210407400220315 
0.210390608775008 
0.210373820226774 
0.210357034503012 
0.210340251531985 
0.210323471242807 
0.210306693565432 
0.210289918430627 
0.210273145769973 
0.210256375515843 
0.210239607601401 
0.210222841960597 
0.210206078528148 
0.210189317239543 
0.210172558031037 
0.210155800839647 
0.210139045603148 
0.210122292260076 
0.210105540749729 
0.210088791012160 
0.210072042988193 
0.210055296619412 
0.210038551848173 
0.210021808617609 
0.210005066871632 
0.209988326554942 
0.209971587613026 
0.209954849992180 
0.209938113639499 
0.209921378502901 
0.209904644531124 
0.209887911673746 
0.209871179881185 
0.209854449104712 
0.209837719296466 
0.209820990409454 
0.209804262397573 
0.209787535215615 
0.209770808819273 
0.209754083165163 
0.209737358210823 
0.209720633914736 
0.209703910236331 
0.209687187135999 
0.209670464575100 
0.209653742515977 
0.209637020921964 
0.209620299757394 
0.209603578987617 
0.209586858578999 
0.209570138498935 
0.209553418715859 
0.209536699199253 
0.209519979919648 
0.209503260848643 
0.209486541958899 
0.209469823224156 
0.209453104619227 
0.209436386120015 
0.209419667703509 
0.209402949347792 
0.209386231032041 
0.209369512736535 
0.209352794442644 
0.209336076132848 
0.209319357790720 
0.209302639400937 
0.209285920949272 
0.209269202422592 
0.209252483808862 
0.209235765097132 
0.209219046277540 
0.209202327341297 
0.209185608280692 
0.209168889089073 
0.209152169760850 
0.209135450291475 
0.209118730677443 
0.209102010916274 
0.209085291006505 
0.209068570947674 
0.209051850740311 
0.209035130385922 
0.209018409886974 
0.209001689246877 
0.208984968469976 
0.208968247561525 
0.208951526527672 
0.208934805375444 
0.208918084112721 
0.208901362748222 
0.208884641291484 
0.208867919752838 
0.208851198143385 
0.208834476474982 
0.208817754760212 
0.208801033012367 
0.208784311245413 
0.208767589473980 
0.208750867713328 
0.208734145979325 
0.208717424288421 
0.208700702657624 
0.208683981104474 
0.208667259647015 
0.208650538303770 
0.208633817093716 
0.208617096036254 
0.208600375151189 
0.208583654458699 
0.208566933979308 
0.208550213733859 
0.208533493743497 
0.208516774029628 
0.208500054613908 
0.208483335518206 
0.208466616764584 
0.208449898375270 
0.208433180372636 
0.208416462779172 
0.208399745617462 
0.208383028910158 
0.208366312679959 
0.208349596949591 
0.208332881741785 
0.208316167079247 
0.208299452984645 
0.208282739480586 
0.208266026589598 
0.208249314334112 
0.208232602736438 
0.208215891818749 
0.208199181603067 
0.208182472111248 
0.208165763364963 
0.208149055385680 
0.208132348194655 
0.208115641812920 
0.208098936261264 
0.208082231560231 
0.208065527730093 
0.208048824790857 
0.208032122762249 
0.208015421663703 
0.207998721514353 
0.207982022333030 
0.207965324138252 
0.207948626948225 
0.207931930780829 
0.207915235653620 
0.207898541583825 
0.207881848588341 
0.207865156683733 
0.207848465886231 
0.207831776211733 
0.207815087675802 
0.207798400293668 
0.207781714080234 
0.207765029050071 
0.207748345217428 
0.207731662596232 
0.207714981200092 
0.207698301042302 
0.207681622135854 
0.207664944493436 
0.207648268127440 
0.207631593049970 
0.207614919272848 
0.207598246807628 
0.207581575665592 
0.207564905857770 
0.207548237394935 
0.207531570287630 
0.207514904546160 
0.207498240180617 
0.207481577200878 
0.207464915616619 
0.207448255437327 
0.207431596672307 
0.207414939330695 
0.207398283421471 
0.207381628953465 
0.207364975935364 
0.207348324375738 
0.207331674283034 
0.207315025665597 
0.207298378531676 
0.207281732889437 
0.207265088746976 
0.207248446112320 
0.207231804993452 
0.207215165398309 
0.207198527334799 
0.207181890810803 
0.207165255834198 
0.207148622412853 
0.207131990554645 
0.207115360267472 
0.207098731559249 
0.207082104437930 
0.207065478911511 
0.207048854988034 
0.207032232675600 
0.207015611982372 
0.206998992916590 
0.206982375486565 
0.206965759700697 
0.206949145567471 
0.206932533095468 
0.206915922293371 
0.206899313169969 
0.206882705734153 
0.206866099994930 
0.206849495961425 
0.206832893642877 
0.206816293048650 
0.206799694188225 
0.206783097071215 
0.206766501707354 
0.206749908106503 
0.206733316278649 
0.206716726233906 
0.206700137982516 
0.206683551534843 
0.206666966901373 
0.206650384092720 
0.206633803119612 
0.206617223992893 
0.206600646723524 
0.206584071322573 
0.206567497801215 
0.206550926170727 
0.206534356442483 
0.206517788627952 
0.206501222738685 
0.206484658786318 
0.206468096782561 
0.206451536739190 
0.206434978668048 
0.206418422581030 
0.206401868490079 
0.206385316407181 
0.206368766344357 
0.206352218313646 
0.206335672327107 
0.206319128396808 
0.206302586534817 
0.206286046753194 
0.206269509063976 
0.206252973479177 
0.206236440010777 
0.206219908670704 
0.206203379470837 
0.206186852422985 
0.206170327538893 
0.206153804830211 
0.206137284308503 
0.206120765985229 
0.206104249871734 
0.206087735979246 
0.206071224318860 
0.206054714901527 
0.206038207738054 
0.206021702839086 
0.206005200215095 
0.205988699876381 
0.205972201833058 
0.205955706095041 
0.205939212672041 
0.205922721573564 
0.205906232808889 
0.205889746387071 
0.205873262316922 
0.205856780607021 
0.205840301265689 
0.205823824300992 
0.205807349720733 
0.205790877532444 
0.205774407743379 
0.205757940360514 
0.205741475390534 
0.205725012839832 
0.205708552714502 
0.205692095020341 
0.205675639762836 
0.205659186947166 
0.205642736578197 
0.205626288660481 
0.205609843198252 
0.205593400195420 
0.205576959655577 
0.205560521581988 
0.205544085977596 
0.205527652845019 
0.205511222186549 
0.205494794004151 
0.205478368299468 
0.205461945073818 
0.205445524328195 
0.205429106063272 
0.205412690279405 
0.205396276976633 
0.205379866154680 
0.205363457812958 
0.205347051950575 
0.205330648566332 
0.205314247658731 
0.205297849225980 
0.205281453265993 
0.205265059776401 
0.205248668754553 
0.205232280197523 
0.205215894102116 
0.205199510464873 
0.205183129282082 
0.205166750549772 
0.205150374263732 
0.205134000419516 
0.205117629012444 
0.205101260037616 
0.205084893489914 
0.205068529364009 
0.205052167654378 
0.205035808355298 
0.205019451460864 
0.205003096964994 
0.204986744861434 
0.204970395143766 
0.204954047805419 
0.204937702839676 
0.204921360239684 
0.204905019998453 
0.204888682108875 
0.204872346563724 
0.204856013355667 
0.204839682477269 
0.204823353921002 
0.204807027679255 
0.204790703744334 
0.204774382108474 
0.204758062763847 
0.204741745702561 
0.204725430916678 
0.204709118398207 
0.204692808139121 
0.204676500131359 
0.204660194366820 
0.204643890837392 
0.204627589534932 
0.204611290451285 
0.204594993578287 
0.204578698907763 
0.204562406431535 
0.204546116141421 
0.204529828029246 
0.204513542086835 
0.204497258306023 
0.204480976678648 
0.204464697196559 
0.204448419851616 
0.204432144635692 
0.204415871540669 
0.204399600558440 
0.204383331680905 
0.204367064899979 
0.204350800207582 
0.204334537595641 
0.204318277056088 
0.204302018580856 
0.204285762161878 
0.204269507791083 
0.204253255460390 
0.204237005161709 
0.204220756886931 
0.204204510627932 
0.204188266376558 
0.204172024124620 
0.204155783863902 
0.204139545586137 
0.204123309283016 
0.204107074946167 
0.204090842567158 
0.204074612137490 
0.204058383648587 
0.204042157091783 
0.204025932458325 
0.204009709739354 
0.203993488925905 
0.203977270008894 
0.203961052979107 
0.203944837827202 
0.203928624543685 
0.203912413118908 
0.203896203543064 
0.203879995806168 
0.203863789898053 
0.203847585808364 
0.203831383526537 
0.203815183041801 
0.203798984343157 
0.203782787419380 
0.203766592259000 
0.203750398850299 
0.203734207181288 
0.203718017239717 
0.203701829013046 
0.203685642488453 
0.203669457652808 
0.203653274492670 
0.203637092994286 
0.203620913143567 
0.203604734926089 
0.203588558327079 
0.203572383331411 
0.203556209923592 
0.203540038087757 
0.203523867807659 
0.203507699066665 
0.203491531847742 
0.203475366133451 
0.203459201905946 
0.203443039146961 
0.203426877837803 
0.203410717959348 
0.203394559492033 
0.203378402415854 
0.203362246710357 
0.203346092354631 
0.203329939327309 
0.203313787606558 
0.203297637170079 
0.203281487995097 
0.203265340058366 
0.203249193336158 
0.203233047804266 
0.203216903437999 
0.203200760212177 
0.203184618101135 
0.203168477078722 
0.203152337118288 
0.203136198192702 
0.203120060274336 
0.203103923335070 
0.203087787346300 
0.203071652278928 
0.203055518103366 
0.203039384789544 
0.203023252306901 
0.203007120624399 
0.202990989710516 
0.202974859533255 
0.202958730060144 
0.202942601258242 
0.202926473094140 
0.202910345533968 
0.202894218543396 
0.202878092087646 
0.202861966131488 
0.202845840639254 
0.202829715574838 
0.202813590901705 
0.202797466582896 
0.202781342581037 
0.202765218858342 
0.202749095376624 
0.202732972097299 
0.202716848981398 
0.202700725989571 
0.202684603082097 
0.202668480218894 
0.202652357359525 
0.202636234463203 
0.202620111488809 
0.202603988394897 
0.202587865139702 
0.202571741681153 
0.202555617976874 
0.202539493984204 
0.202523369660209 
0.202507244961677 
0.202491119845141 
0.202474994266891 
0.202458868182971 
0.202442741549205 
0.202426614321196 
0.202410486454345 
0.202394357903856 
0.202378228624752 
0.202362098571883 
0.202345967699936 
0.202329835963447 
0.202313703316817 
0.202297569714315 
0.202281435110094 
0.202265299458201 
0.202249162712591 
0.202233024827132 
0.202216885755624 
0.202200745451805 
0.202184603869364 
0.202168460961948 
0.202152316683184 
0.202136170986679 
0.202120023826034 
0.202103875154859 
0.202087724926780 
0.202071573095451 
0.202055419614567 
0.202039264437871 
0.202023107519167 
0.202006948812333 
0.201990788271325 
0.201974625850193 
0.201958461503092 
0.201942295184286 
0.201926126848169 
0.201909956449263 
0.201893783942235 
0.201877609281905 
0.201861432423257 
0.201845253321447 
0.201829071931813 
0.201812888209887 
0.201796702111398 
0.201780513592290 
0.201764322608720 
0.201748129117078 
0.201731933073989 
0.201715734436320 
0.201699533161195 
0.201683329205998 
0.201667122528382 
0.201650913086275 
0.201634700837898 
0.201618485741755 
0.201602267756654 
0.201586046841712 
0.201569822956356 
0.201553596060338 
0.201537366113734 
0.201521133076956 
0.201504896910756 
0.201488657576230 
0.201472415034830 
0.201456169248362 
0.201439920178999 
0.201423667789280 
0.201407412042119 
0.201391152900806 
0.201374890329017 
0.201358624290818 
0.201342354750665 
0.201326081673407 
0.201309805024300 
0.201293524768999 
0.201277240873570 
0.201260953304488 
0.201244662028641 
0.201228367013337 
0.201212068226305 
0.201195765635690 
0.201179459210068 
0.201163148918442 
0.201146834730236 
0.201130516615316 
0.201114194543971 
0.201097868486929 
0.201081538415351 
0.201065204300837 
0.201048866115421 
0.201032523831578 
0.201016177422218 
0.200999826860691 
0.200983472120783 
0.200967113176724 
0.200950750003182 
0.200934382575262 
0.200918010868509 
0.200901634858904 
0.200885254522865 
0.200868869837248 
0.200852480779343 
0.200836087326877 
0.200819689458007 
0.200803287151324 
0.200786880385848 
0.200770469141031 
0.200754053396747 
0.200737633133302 
0.200721208331425 
0.200704778972259 
0.200688345037381 
0.200671906508778 
0.200655463368854 
0.200639015600428 
0.200622563186735 
0.200606106111418 
0.200589644358524 
0.200573177912514 
0.200556706758245 
0.200540230880982 
0.200523750266387 
0.200507264900520 
0.200490774769834 
0.200474279861177 
0.200457780161793 
0.200441275659308 
0.200424766341738 
0.200408252197485 
0.200391733215334 
0.200375209384452 
0.200358680694387 
0.200342147135066 
0.200325608696790 
0.200309065370243 
0.200292517146473 
0.200275964016913 
0.200259405973360 
0.200242843007985 
0.200226275113331 
0.200209702282310 
0.200193124508205 
0.200176541784669 
0.200159954105719 
0.200143361465747 
0.200126763859513 
0.200110161282145 
0.200093553729145 
0.200076941196382 
0.200060323680098 
0.200043701176909 
0.200027073683803 
0.200010441198145 
0.199993803717677 
0.199977161240520 
0.199960513765173 
0.199943861290522 
0.199927203815835 
0.199910541340770 
0.199893873865371 
0.199877201390082 
0.199860523915738 
0.199843841443575 
0.199827153975231 
0.199810461512751 
0.199793764058588 
0.199777061615615 
0.199760354187113 
0.199743641776794 
0.199726924388790 
0.199710202027666 
0.199693474698424 
0.199676742406500 
0.199660005157779 
0.199643262958593 
0.199626515815728 
0.199609763736432 
0.199593006728411 
0.199576244799846 
0.199559477959391 
0.199542706216174 
0.199525929579813 
0.199509148060413 
0.199492361668574 
0.199475570415397 
0.199458774312489 
0.199441973371962 
0.199425167606450 
0.199408357029098 
0.199391541653587 
0.199374721494120 
0.199357896565435 
0.199341066882809 
0.199324232462065 
0.199307393319572 
0.199290549472247 
0.199273700937564 
0.199256847733561 
0.199239989878831 
0.199223127392538 
0.199206260294412 
0.199189388604757 
0.199172512344446 
0.199155631534935 
0.199138746198254 
0.199121856357013 
0.199104962034405 
0.199088063254204 
0.199071160040769 
0.199054252419040 
0.199037340414540 
0.199020424053379 
0.199003503362242 
0.198986578368404 
0.198969649099714 
0.198952715584598 
0.198935777852062 
0.198918835931680 
0.198901889853599 
0.198884939648528 
0.198867985347746 
0.198851026983081 
0.198834064586915 
0.198817098192182 
0.198800127832352 
0.198783153541432 
0.198766175353959 
0.198749193304990 
0.198732207430093 
0.198715217765346 
0.198698224347319 
0.198681227213074 
0.198664226400149 
0.198647221946550 
0.198630213890739 
0.198613202271627 
0.198596187128562 
0.198579168501313 
0.198562146430058 
0.198545120955378 
0.198528092118233 
0.198511059959962 
0.198494024522254 
0.198476985847147 
0.198459943977001 
0.198442898954497 
0.198425850822604 
0.198408799624576 
0.198391745403929 
0.198374688204429 
0.198357628070070 
0.198340565045059 
0.198323499173797 
0.198306430500858 
0.198289359070980 
0.198272284929033 
0.198255208120009 
0.198238128689000 
0.198221046681174 
0.198203962141767 
0.198186875116047 
0.198169785649301 
0.198152693786818 
0.198135599573867 
0.198118503055665 
0.198101404277371 
0.198084303284054 
0.198067200120679 
0.198050094832078 
0.198032987462935 
0.198015878057760 
0.197998766660868 
0.197981653316362 
0.197964538068101 
0.197947420959691 
0.197930302034452 
0.197913181335401 
0.197896058905234 
0.197878934786298 
0.197861809020572 
0.197844681649647 
0.197827552714708 
0.197810422256501 
0.197793290315328 
0.197776156931015 
0.197759022142896 
0.197741885989791 
0.197724748509991 
0.197707609741234 
0.197690469720684 
0.197673328484918 
0.197656186069903 
0.197639042510979 
0.197621897842845 
0.197604752099532 
0.197587605314394 
0.197570457520090 
0.197553308748568 
0.197536159031045 
0.197519008397998 
0.197501856879142 
0.197484704503425 
0.197467551299001 
0.197450397293230 
0.197433242512659 
0.197416086983009 
0.197398930729162 
0.197381773775155 
0.197364616144164 
0.197347457858499 
0.197330298939585 
0.197313139407966 
0.197295979283280 
0.197278818584272 
0.197261657328767 
0.197244495533672 
0.197227333214972 
0.197210170387720 
0.197193007066027 
0.197175843263071 
0.197158678991081 
0.197141514261336 
0.197124349084167 
0.197107183468949 
0.197090017424101 
0.197072850957085 
0.197055684074406 
0.197038516781608 
0.197021349083278 
0.197004180983045 
0.196987012483582 
0.196969843586606 
0.196952674292883 
0.196935504602225 
0.196918334513498 
0.196901164024627 
0.196883993132594 
0.196866821833444 
0.196849650122295 
0.196832477993334 
0.196815305439832 
0.196798132454142 
0.196780959027707 
0.196763785151072 
0.196746610813880 
0.196729436004890 
0.196712260711978 
0.196695084922145 
0.196677908621527 
0.196660731795402 
0.196643554428195 
0.196626376503493 
0.196609198004053 
0.196592018911804 
0.196574839207858 
0.196557658872526 
0.196540477885320 
0.196523296224964 
0.196506113869409 
0.196488930795833 
0.196471746980659 
0.196454562399559 
0.196437377027467 
0.196420190838587 
0.196403003806407 
0.196385815903705 
0.196368627102556 
0.196351437374350 
0.196334246689792 
0.196317055018924 
0.196299862331122 
0.196282668595114 
0.196265473778988 
0.196248277850200 
0.196231080775587 
0.196213882521369 
0.196196683053169 
0.196179482336014 
0.196162280334346 
0.196145077012036 
0.196127872332389 
0.196110666258152 
0.196093458751525 
0.196076249774168 
0.196059039287214 
0.196041827251272 
0.196024613626441 
0.196007398372311 
0.195990181447982 
0.195972962812063 
0.195955742422684 
0.195938520237502 
0.195921296213713 
0.195904070308057 
0.195886842476829 
0.195869612675879 
0.195852380860631 
0.195835146986081 
0.195817911006814 
0.195800672876998 
0.195783432550406 
0.195766189980420 
0.195748945120025 
0.195731697921842 
0.195714448338115 
0.195697196320725 
0.195679941821200 
0.195662684790718 
0.195645425180120 
0.195628162939917 
0.195610898020291 
0.195593630371114 
0.195576359941948 
0.195559086682055 
0.195541810540410 
0.195524531465700 
0.195507249406345 
0.195489964310490 
0.195472676126032 
0.195455384800618 
0.195438090281658 
0.195420792516326 
0.195403491451586 
0.195386187034189 
0.195368879210683 
0.195351567927430 
0.195334253130612 
0.195316934766240 
0.195299612780168 
0.195282287118102 
0.195264957725610 
0.195247624548137 
0.195230287531016 
0.195212946619472 
0.195195601758645 
0.195178252893599 
0.195160899969326 
0.195143542930769 
0.195126181722833 
0.195108816290390 
0.195091446578305 
0.195074072531435 
0.195056694094652 
0.195039311212859 
0.195021923830993 
0.195004531894047 
0.194987135347084 
0.194969734135246 
0.194952328203774 
0.194934917498018 
0.194917501963451 
0.194900081545691 
0.194882656190506 
0.194865225843832 
0.194847790451790 
0.194830349960695 
0.194812904317078 
0.194795453467690 
0.194777997359524 
0.194760535939828 
0.194743069156115 
0.194725596956179 
0.194708119288109 
0.194690636100301 
0.194673147341472 
0.194655652960669 
0.194638152907288 
0.194620647131075 
0.194603135582148 
0.194585618211006 
0.194568094968533 
0.194550565806014 
0.194533030675145 
0.194515489528037 
0.194497942317227 
0.194480388995688 
0.194462829516832 
0.194445263834522 
0.194427691903070 
0.194410113677250 
0.194392529112294 
0.194374938163908 
0.194357340788258 
0.194339736941991 
0.194322126582218 
0.194304509666530 
0.194286886152985 
0.194269256000114 
0.194251619166918 
0.194233975612865 
0.194216325297882 
0.194198668182357 
0.194181004227129 
0.194163333393481 
0.194145655643138 
0.194127970938251 
0.194110279241398 
0.194092580515561 
0.194074874724133 
0.194057161830888 
0.194039441799980 
0.194021714595933 
0.194003980183614 
0.193986238528233 
0.193968489595324 
0.193950733350725 
0.193932969760566 
0.193915198791255 
0.193897420409457 
0.193879634582074 
0.193861841276238 
0.193844040459282 
0.193826232098733 
0.193808416162277 
0.193790592617759 
0.193772761433157 
0.193754922576560 
0.193737076016150 
0.193719221720193 
0.193701359657008 
0.193683489794956 
0.193665612102425 
0.193647726547803 
0.193629833099471 
0.193611931725778 
0.193594022395037 
0.193576105075492 
0.193558179735319 
0.193540246342606 
0.193522304865337 
0.193504355271380 
0.193486397528478 
0.193468431604240 
0.193450457466123 
0.193432475081429 
0.193414484417299 
0.193396485440692 
0.193378478118399 
0.193360462417020 
0.193342438302972 
0.193324405742481 
0.193306364701576 
0.193288315146095 
0.193270257041687 
0.193252190353799 
0.193234115047698 
0.193216031088460 
0.193197938440981 
0.193179837069982 
0.193161726940015 
0.193143608015472 
0.193125480260590 
0.193107343639465 
0.193089198116063 
0.193071043654229 
0.193052880217703 
0.193034707770129 
0.193016526275073 
0.192998335696036 
0.192980135996472 
0.192961927139803 
0.192943709089435 
0.192925481808775 
0.192907245261254 
0.192888999410342 
0.192870744219564 
0.192852479652526 
0.192834205672928 
0.192815922244591 
0.192797629331467 
0.192779326897669 
0.192761014907485 
0.192742693325396 
0.192724362116102 
0.192706021244537 
0.192687670675889 
0.192669310375619 
0.192650940309478 
0.192632560443528 
0.192614170744155 
0.192595771178092 
0.192577361712427 
0.192558942314622 
0.192540512952530 
0.192522073594404 
0.192503624208912 
0.192485164765149 
0.192466695232641 
0.192448215581363 
0.192429725781749 
0.192411225804683 
0.192392715621521 
0.192374195204089 
0.192355664524686 
0.192337123556083 
0.192318572271530 
0.192300010644746 
0.192281438649919 
0.192262856261707 
0.192244263455226 
0.192225660206042 
0.192207046490163 
0.192188422284031 
0.192169787564506 
0.192151142308851 
0.192132486494720 
0.192113820100137 
0.192095143103484 
0.192076455483470 
0.192057757219113 
0.192039048289720 
0.192020328674858 
0.192001598354332 
0.191982857308145 
0.191964105516484 
0.191945342959680 
0.191926569618173 
0.191907785472485 
0.191888990503185 
0.191870184690849 
0.191851368016024 
0.191832540459192 
0.191813702000729 
0.191794852620870 
0.191775992299652 
0.191757121016894 
0.191738238752144 
0.191719345484636 
0.191700441193246 
0.191681525856454 
0.191662599452292 
0.191643661958310 
0.191624713351517 
0.191605753608355 
0.191586782704641 
0.191567800615527 
0.191548807315454 
0.191529802778114 
0.191510786976398 
0.191491759882363 
0.191472721467183 
0.191453671701108 
0.191434610553428 
0.191415537992432 
0.191396453985360 
0.191377358498382 
0.191358251496543 
0.191339132943746 
0.191320002802700 
0.191300861034902 
0.191281707600594 
0.191262542458741 
0.191243365567003 
0.191224176881697 
0.191204976357789 
0.191185763948859 
0.191166539607082 
0.191147303283211 
0.191128054926559 
0.191108794484978 
0.191089521904852 
0.191070237131085 
0.191050940107088 
0.191031630774775 
0.191012309074557 
0.190992974945336 
0.190973628324506 
0.190954269147962 
0.190934897350090 
0.190915512863788 
0.190896115620465 
0.190876705550050 
0.190857282581015 
0.190837846640381 
0.190818397653743 
0.190798935545283 
0.190779460237800 
0.190759971652733 
0.190740469710181 
0.190720954328941 
0.190701425426540 
0.190681882919262 
0.190662326722190 
0.190642756749246 
0.190623172913227 
0.190603575125848 
0.190583963297794 
0.190564337338760 
0.190544697157503 
0.190525042661896 
0.190505373758974 
0.190485690355001 
0.190465992355518 
0.190446279665401 
0.190426552188930 
0.190406809829845 
0.190387052491412 
0.190367280076487 
0.190347492487587 
0.190327689626951 
0.190307871396617 
0.190288037698487 
0.190268188434402 
0.190248323506216 
0.190228442815864 
0.190208546265440 
0.190188633757269 
0.190168705193985 
0.190148760478604 
0.190128799514600 
0.190108822205976 
0.190088828457345 
0.190068818174006 
0.190048791262007 
0.190028747628229 
0.190008687180458 
0.189988609827447 
0.189968515478998 
0.189948404046018 
0.189928275440596 
0.189908129576063 
0.189887966367056 
0.189867785729577 
0.189847587581055 
0.189827371840396 
0.189807138428040 
0.189786887266007 
0.189766618277944 
0.189746331389171 
0.189726026526715 
0.189705703619346 
0.189685362597611 
0.189665003393861 
0.189644625942273 
0.189624230178861 
0.189603816041501 
0.189583383469934 
0.189562932405771 
0.189542462792488 
0.189521974575430 
0.189501467701786 
0.189480942120594 
0.189460397782694 
0.189439834640719 
0.189419252649060 
0.189398651763826 
0.189378031942804 
0.189357393145416 
0.189336735332662 
0.189316058467065 
0.189295362512610 
0.189274647434680 
0.189253913199982 
0.189233159776474 
0.189212387133291 
0.189191595240654 
0.189170784069792 
0.189149953592849 
0.189129103782788 
0.189108234613305 
0.189087346058724 
0.189066438093890 
0.189045510694086 
0.189024563834915 
0.189003597492192 
0.188982611641845 
0.188961606259812 
0.188940581321914 
0.188919536803772 
0.188898472680680 
0.188877388927505 
0.188856285518581 
0.188835162427600 
0.188814019627515 
0.188792857090427 
0.188771674787493 
0.188750472688823 
0.188729250763387 
0.188708008978916 
0.188686747301820 
0.188665465697092 
0.188644164128234 
0.188622842557165 
0.188601500944154 
0.188580139247739 
0.188558757424668 
0.188537355429827 
0.188515933216180 
0.188494490734717 
0.188473027934403 
0.188451544762125 
0.188430041162657 
0.188408517078619 
0.188386972450448 
0.188365407216365 
0.188343821312358 
0.188322214672161 
0.188300587227243 
0.188278938906798 
0.188257269637742 
0.188235579344715 
0.188213867950090 
0.188192135373977 
0.188170381534246 
0.188148606346537 
0.188126809724302 
0.188104991578809 
0.188083151819200 
0.188061290352508 
0.188039407083707 
0.188017501915753 
0.187995574749637 
0.187973625484429 
0.187951654017336 
0.187929660243761 
0.187907644057356 
0.187885605350092 
0.187863544012318 
0.187841459932832 
0.187819352998946 
0.187797223096554 
0.187775070110207 
0.187752893923180 
0.187730694417548 
0.187708471474253 
0.187686224973180 
0.187663954793224 
0.187641660812364 
0.187619342907729 
0.187597000955667 
0.187574634831807 
0.187552244411122 
0.187529829567993 
0.187507390176260 
0.187484926109276 
0.187462437239956 
0.187439923440825 
0.187417384584049 
0.187394820541478 
0.187372231184668 
0.187349616384908 
0.187326976013234 
0.187304309940442 
0.187281618037091 
0.187258900173494 
0.187236156219714 
0.187213386045543 
0.187190589520472 
0.187167766513662 
0.187144916893901 
0.187122040529555 
0.187099137288501 
0.187076207038075 
0.187053249644984 
0.187030264975233 
0.187007252894032 
0.186984213265694 
0.186961145953533 
0.186938050819760 
0.186914927725345 
0.186891776529904 
0.186868597091564 
0.186845389266826 
0.186822152910420 
0.186798887875154 
0.186775594011770 
0.186752271168778 
0.186728919192307 
0.186705537925929 
0.186682127210519 
0.186658686884068 
0.186635216781528 
0.186611716734646 
0.186588186571798 
0.186564626117835 
0.186541035193913 
0.186517413617340 
0.186493761201418 
0.186470077755307 
0.186446363083863 
0.186422616987508 
0.186398839262096 
0.186375029698777 
0.186351188083890 
0.186327314198835 
0.186303407819972 
0.186279468718521 
0.186255496660472 
0.186231491406490 
0.186207452711851 
0.186183380326361 
0.186159273994302 
0.186135133454367 
0.186110958439622 
0.186086748677449 
0.186062503889516 
0.186038223791746 
0.186013908094286 
0.185989556501475 
0.185965168711830 
0.185940744418016 
0.185916283306835 
0.185891785059193 
0.185867249350076 
0.185842675848530 
0.185818064217623 
0.185793414114407 
0.185768725189871 
0.185743997088889 
0.185719229450156 
0.185694421906098 
0.185669574082803 
0.185644685599901 
0.185619756070451 
0.185594785100793 
0.185569772290407 
0.185544717231721 
0.185519619509923 
0.185494478702742 
0.185469294380207 
0.185444066104379 
0.185418793429058 
0.185393475899478 
0.185368113051967 
0.185342704413582 
0.185317249501722 
0.185291747823714 
0.185266198876383 
0.185240602145580 
0.185214957105716 
0.185189263219235 
0.185163519936112 
0.185137726693289 
0.185111882914123 
0.185085988007798 
0.185060041368739 
0.185034042375992 
0.185007990392615 
0.184981884765036 
0.184955724822432 
0.184929509876071 
0.184903239218668 
0.184876912123746 
0.184850527844972 
0.184824085615525 
0.184797584647441 
0.184771024130981 
0.184744403233995 
0.184717721101307 
0.184690976854092 
0.184664169589280 
0.184637298378962 
0.184610362269806 
0.184583360282500 
0.184556291411194 
0.184529154622961 
0.184501948857270 
0.184474673025477 
0.184447326010317 
0.184419906665426 
0.184392413814860 
0.184364846252626 
0.184337202742230 
0.184309482016225 
0.184281682775770 
0.184253803690179 
0.184225843396499 
0.184197800499067 
0.184169673569063 
0.184141461144071 
0.184113161727619 
0.184084773788718 
0.184056295761379 
0.184027726044109 
0.183999062999395 
0.183970304953148 
0.183941450194129 
0.183912496973324 
0.183883443503292 
0.183854287957449 
0.183825028469318 
0.183795663131701 
0.183766189995794 
0.183736607070220 
0.183706912319988 
0.183677103665345 
0.183647178980540 
0.183617136092471 
0.183586972779206 
0.183556686768365 
0.183526275735368 
0.183495737301508 
0.183465069031848 
0.183434268432940 
0.183403332950323 
0.183372259965793 
0.183341046794438 
0.183309690681415 
0.183278188798422 
0.183246538239878 
0.183214736018772 
0.183182779062147 
0.183150664206215 
0.183118388191052 
0.183085947654856 
0.183053339127736 
0.183020559024984 
0.182987603639806 
0.182954469135480 
0.182921151536862 
0.182887646721238 
0.182853950408429 
0.182820058150119 
0.182785965318331 
0.182751667092980 
0.182717158448425 
0.182682434138952 
0.182647488683059 
0.182612316346470 
0.182576911123730 
0.182541266718279 
0.182505376520836 
0.182469233585930 
0.182432830606429 
0.182396159885810 
0.182359213308004 
0.182321982304530 
0.182284457818668 
0.182246630266352 
0.182208489493451 
0.182170024729072 
0.182131224534478 
0.182092076747143 
0.182052568419447 
0.182012685751461 
0.181972414017168 
0.181931737483414 
0.181890639320830 
0.181849101505779 
0.181807104712376 
0.181764628193416 
0.181721649648899 
0.181678145080714 
0.181634088631779 
0.181589452407697 
0.181544206278751 
0.181498317659664 
0.181451751264267 
0.181404468831704 
0.181356428820379 
0.181307586065365 
0.181257891394305 
0.181207291196435 
0.181155726938639 
0.181103134622107 
0.181049444172886 
0.180994578759794 
0.180938454034078 
0.180880977287331 
0.180822046528262 
0.180761549486193 
0.180699362561198 
0.180635349760455 
0.180569361690997 
0.180501234726160 
0.180430790533076 
0.180357836250090 
0.180282165743988 
0.180203562562553 
0.180121805421560 
0.180036677295371 
0.179947979338133 
0.179855550796862 
0.179759295552389 
0.179659214656325 
0.179555442037574 
0.179448277624380 
0.179338209358506 
0.179225914594245 
0.179112233891240 
0.178998116687135 
0.178884546854479 
0.178772462868318 
0.178662688797764 
0.178555887977335 
0.178452543560403 
0.178352962933690 
0.178257298714634 
0.178165578184980 
0.178077734466062 
0.177993635086743 
0.177913105797375 
0.177835949075700 
0.177761957704638 
0.177690924224337 
0.177622647158933 
0.177556934845808 
0.177493607553644 
0.177432498422611 
0.177373453623074 
0.177316332017639 
0.177261004525591 
0.177207353325458 
0.177155270985976 
0.177104659583743 
0.177055429843877 
0.177007500325039 
0.176960796660266 
0.176915250858549 
0.176870800667992 
0.176827388998788 
0.176784963402875 
0.176743475606218 
0.176702881089484 
0.176663138712731 
0.176624210379910 
0.176586060739202 
0.176548656915485 
0.176511968271579 
0.176475966195156 
0.176440623908544 
0.176405916298925 
0.176371819766671 
0.176338312089848 
0.176305372303043 
0.176272980588975 
0.176241118181442 
0.176209767278356 
0.176178910963737 
0.176148533137677 
0.176118618453405 
0.176089152260652 
0.176060120554632 
0.176031509930016 
0.176003307539374 
0.175975501055567 
0.175948078637701 
0.175921028900221 
0.175894340884835 
0.175868004034965 
0.175842008172454 
0.175816343476277 
0.175791000463087 
0.175765969969363 
0.175741243135029 
0.175716811388378 
0.175692666432178 
0.175668800230839 
0.175645204998528 
0.175621873188171 
0.175598797481217 
0.175575970778115 
0.175553386189435 
0.175531037027571 
0.175508916798971 
0.175487019196849 
0.175465338094339 
0.175443867538041 
0.175422601741945 
0.175401535081684 
0.175380662089088 
0.175359977447038 
0.175339475984559 
0.175319152672166 
0.175299002617429 
0.175279021060739 
0.175259203371259 
0.175239545043064 
0.175220041691432 
0.175200689049286 
0.175181482963794 
0.175162419393077 
0.175143494403059 
0.175124704164431 
0.175106044949704 
0.175087513130406 
0.175069105174329 
0.175050817642903 
0.175032647188632 
0.175014590552630 
0.174996644562224 
0.174978806128632 
0.174961072244723 
0.174943439982824 
0.174925906492606 
0.174908468999029 
0.174891124800347 
0.174873871266164 
0.174856705835544 
0.174839626015183 
0.174822629377623 
0.174805713559516 
0.174788876259937 
0.174772115238740 
0.174755428314960 
0.174738813365259 
0.174722268322403 
0.174705791173794 
0.174689379960032 
0.174673032773517 
0.174656747757080 
0.174640523102665 
0.174624357050035 
0.174608247885507 
0.174592193940737 
0.174576193591520 
0.174560245256628 
0.174544347396680 
0.174528498513041 
0.174512697146742 
0.174496941877446 
0.174481231322415 
0.174465564135534 
0.174449939006335 
0.174434354659065 
0.174418809851766 
0.174403303375387 
0.174387834052918 
0.174372400738540 
0.174357002316814 
0.174341637701873 
0.174326305836647 
0.174311005692106 
0.174295736266518 
0.174280496584739 
0.174265285697511 
0.174250102680780 
0.174234946635039 
0.174219816684683 
0.174204711977380 
0.174189631683464 
0.174174574995340 
0.174159541126906 
0.174144529312994 
0.174129538808821 
0.174114568889449 
0.174099618849281 
0.174084688001542 
0.174069775677794 
0.174054881227456 
0.174040004017335 
0.174025143431176 
0.174010298869215 
0.173995469747747 
0.173980655498712 
0.173965855569272 
0.173951069421426 
0.173936296531608 
0.173921536390316 
0.173906788501733 
0.173892052383370 
0.173877327565709 
0.173862613591860 
0.173847910017223 
0.173833216409160 
0.173818532346669 
0.173803857420073 
0.173789191230709 
0.173774533390633 
0.173759883522320 
0.173745241258375 
0.173730606241259 
0.173715978123000 
0.173701356564936 
0.173686741237436 
0.173672131819658 
0.173657527999275 
0.173642929472240 
0.173628335942530 
0.173613747121917 
0.173599162729724 
0.173584582492599 
0.173570006144280 
0.173555433425387 
0.173540864083186 
0.173526297871385 
0.173511734549923 
0.173497173884762 
0.173482615647675 
0.173468059616061 
0.173453505572744 
0.173438953305771 
0.173424402608236 
0.173409853278087 
0.173395305117948 
0.173380757934940 
0.173366211540499 
0.173351665750216 
0.173337120383658 
0.173322575264206 
0.173308030218896 
0.173293485078256 
0.173278939676149 
0.173264393849629 
0.173249847438786 
0.173235300286600 
0.173220752238800 
0.173206203143724 
0.173191652852185 
0.173177101217337 
0.173162548094550 
0.173147993341273 
0.173133436816925 
0.173118878382770 
0.173104317901797 
0.173089755238612 
0.173075190259333 
0.173060622831476 
0.173046052823856 
0.173031480106493 
0.173016904550509 
0.173002326028039 
0.172987744412147 
0.172973159576731 
0.172958571396455 
0.172943979746656 
0.172929384503282 
0.172914785542811 
0.172900182742187 
0.172885575978760 
0.172870965130220 
0.172856350074537 
0.172841730689916 
0.172827106854740 
0.172812478447517 
0.172797845346851 
0.172783207431390 
0.172768564579792 
0.172753916670694 
0.172739263582673 
0.172724605194232 
0.172709941383761 
0.172695272029530 
0.172680597009665 
0.172665916202128 
0.172651229484720 
0.172636536735056 
0.172621837830575 
0.172607132648524 
0.172592421065973 
0.172577702959807 
0.172562978206736 
0.172548246683304 
0.172533508265904 
0.172518762830789 
0.172504010254092 
0.172489250411843 
0.172474483179989 
0.172459708434427 
0.172444926051021 
0.172430135905635 
0.172415337874167 
0.172400531832577 
0.172385717656928 
0.172370895223413 
0.172356064408403 
0.172341225088483 
0.172326377140495 
0.172311520441575 
0.172296654869209 
0.172281780301262 
0.172266896616040 
0.172252003692327 
0.172237101409434 
0.172222189647251 
0.172207268286290 
0.172192337207739 
0.172177396293502 
0.172162445426257 
0.172147484489500 
0.172132513367589 
0.172117531945797 
0.172102540110353 
0.172087537748488 
0.172072524748478 
0.172057500999693 
0.172042466392620 
0.172027420818923 
0.172012364171460 
0.171997296344334 
0.171982217232910 
0.171967126733852 
0.171952024745148 
0.171936911166132 
0.171921785897505 
0.171906648841351 
0.171891499901147 
0.171876338981780 
0.171861165989540 
0.171845980832138 
0.171830783418685 
0.171815573659699 
0.171800351467087 
0.171785116754130 
0.171769869435462 
0.171754609427050 
0.171739336646158 
0.171724051011313 
0.171708752442272 
0.171693440859971 
0.171678116186480 
0.171662778344951 
0.171647427259558 
0.171632062855435 
0.171616685058610 
0.171601293795932 
0.171585888994999 
0.171570470584077 
0.171555038492017 
0.171539592648165 
0.171524132982280 
0.171508659424429 
0.171493171904900 
0.171477670354101 
0.171462154702448 
0.171446624880274 
0.171431080817717 
0.171415522444612 
0.171399949690383 
0.171384362483929 
0.171368760753522 
0.171353144426685 
0.171337513430089 
0.171321867689436 
0.171306207129354 
0.171290531673286 
0.171274841243377 
0.171259135760376 
0.171243415143528 
0.171227679310469 
0.171211928177132 
0.171196161657648 
0.171180379664254 
0.171164582107200 
0.171148768894669 
0.171132939932693 
0.171117095125075 
0.171101234373316 
0.171085357576552 
0.171069464631485 
0.171053555432330 
0.171037629870761 
0.171021687835867 
0.171005729214110 
0.170989753889290 
0.170973761742512 
0.170957752652175 
0.170941726493943 
0.170925683140740 
0.170909622462744 
0.170893544327391 
0.170877448599382 
0.170861335140691 
0.170845203810595 
0.170829054465695 
0.170812886959942 
0.170796701144687 
0.170780496868710 
0.170764273978280 
0.170748032317200 
0.170731771726872 
0.170715492046353 
0.170699193112431 
0.170682874759690 
0.170666536820590 
0.170650179125542 
0.170633801502996 
0.170617403779524 
0.170600985779909 
0.170584547327232 
0.170568088242966 
0.170551608347074 
0.170535107458097 
0.170518585393250 
0.170502041968516 
0.170485476998742 
0.170468890297730 
0.170452281678331 
0.170435650952526 
0.170418997931525 
0.170402322425844 
0.170385624245377 
0.170368903199482 
0.170352159097048 
0.170335391746559 
0.170318600956157 
0.170301786533686 
0.170284948286744 
0.170268086022721 
0.170251199548831 
0.170234288672129 
0.170217353199529 
0.170200392937804 
0.170183407693583 
0.170166397273332 
0.170149361483334 
0.170132300129648 
0.170115213018061 
0.170098099954035 
0.170080960742627 
0.170063795188426 
0.170046603095440 
0.170029384267017 
0.170012138505710 
0.169994865613166 
0.169977565389984 
0.169960237635570 
0.169942882147990 
0.169925498723791 
0.169908087157836 
0.169890647243114 
0.169873178770559 
0.169855681528837 
0.169838155304153 
0.169820599880034 
0.169803015037108 
0.169785400552890 
0.169767756201549 
0.169750081753688 
0.169732376976107 
0.169714641631573 
0.169696875478596 
0.169679078271188 
0.169661249758643 
0.169643389685308 
0.169625497790365 
