-1.0 -1.0 -1.0 -1.0 -1.0 -1.0 -1.0 -1.0 -1.0 -1.0 -1.0 -1.0 -1.0 -1.0 -1.0 -1.0 -1.0 -1.0 -1.0 -1.0 -1.0 -1.0 -1.0 -1.0 -1.0 -1.0 -1.0 -1.0 -1.0 -1.0 -1.0 -1.0 
-1.0 -1.0 -1.0 -1.0 -1.0 -1.0 -1.0 -1.0 -1.0 -1.0 -1.0 -1.0 -1.0 -1.0 -1.0 -1.0 -1.0 -1.0 -1.0 -1.0 -1.0 -1.0 -1.0 -1.0 -1.0 -1.0 -1.0 -1.0 -1.0 -1.0 -1.0 -1.0 
-1.0 -1.0 -1.0 -1.0 -1.0 -1.0 -1.0 -1.0 -1.0 -1.0 -1.0 -1.0 -1.0 -1.0 -1.0 -1.0 -1.0 -1.0 -1.0 -1.0 -1.0 -1.0 -1.0 -1.0 -1.0 -1.0 -1.0 -1.0 -1.0 -1.0 -1.0 -1.0 
-1.0 -1.0 -1.0 -1.0 -1.0 -1.0 -1.0 -1.0 -1.0 -1.0 -1.0 -1.0 -1.0 -1.0 -1.0 -1.0 -1.0 -1.0 -1.0 -1.0 -1.0 -1.0 -1.0 -1.0 -1.0 -1.0 -1.0 -1.0 -1.0 -1.0 -1.0 -1.0 
-1.0 -1.0 -1.0 -1.0 -1.0 -1.0 -1.0 -1.0 -1.0 -1.0 -1.0 -1.0 -1.0 -1.0 -1.0 -1.0 -1.0 -1.0 -1.0 -1.0 -1.0 -1.0 -1.0 -1.0 -1.0 -1.0 -1.0 -1.0 -1.0 -1.0 -1.0 -1.0 
-1.0 -1.0 -1.0 -1.0 -1.0 -1.0 -1.0 -1.0 -1.0 -1.0 -1.0 -1.0 -1.0 -1.0 -1.0 -1.0 -1.0 -1.0 -1.0 -1.0 -1.0 -1.0 -1.0 -1.0 -1.0 -1.0 -1.0 -1.0 -1.0 -1.0 -1.0 -1.0 
-1.0 -1.0 -1.0 -1.0 -1.0 -1.0 -1.0 -1.0 -1.0 -1.0 -1.0 -1.0 -1.0 -1.0 -1.0 -1.0 -1.0 -1.0 -1.0 -1.0 -1.0 -1.0 -1.0 -1.0 -1.0 -1.0 -1.0 -1.0 -1.0 -1.0 -1.0 -1.0 
-1.0 -1.0 -1.0 -1.0 -1.0 -1.0 -1.0 -1.0 -1.0 -1.0 -1.0 -1.0 -1.0 -1.0 -1.0 -1.0 -1.0 -1.0 -1.0 -1.0 -1.0 -1.0 -1.0 -1.0 -1.0 -1.0 -1.0 -1.0 -1.0 -1.0 -1.0 -1.0 
-1.0 -1.0 -1.0 -1.0 -1.0 -1.0 -1.0 -1.0 -1.0 -1.0 -1.0 -1.0 -1.0 -1.0 -1.0 -1.0 -1.0 -1.0 -1.0 -1.0 -1.0 -1.0 -1.0 -1.0 -1.0 -1.0 -1.0 -1.0 -1.0 -1.0 -1.0 -1.0 
-1.0 -1.0 -1.0 -1.0 -1.0 -1.0 -1.0 -1.0 -1.0 -1.0 -1.0 -1.0 -1.0 -1.0 -1.0 -1.0 -1.0 -1.0 -1.0 -1.0 -1.0 -1.0 -1.0 -1.0 -1.0 -1.0 -1.0 -1.0 -1.0 -1.0 -1.0 -1.0 
-1.0 -1.0 -1.0 -1.0 -1.0 -1.0 -1.0 -1.0 -1.0 -1.0 -1.0 -1.0 -1.0 -1.0 -1.0 -1.0 -1.0 -1.0 -1.0 -1.0 -1.0 -1.0 -1.0 -1.0 -1.0 -1.0 -1.0 -1.0 -1.0 -1.0 -1.0 -1.0 
-1.0 -1.0 -1.0 -1.0 -1.0 -1.0 -1.0 -1.0 -1.0 -1.0 -1.0 1.0 1.0 1.0 1.0 1.0 1.0 1.0 1.0 1.0 1.0 -1.0 -1.0 -1.0 -1.0 -1.0 -1.0 -1.0 -1.0 -1.0 -1.0 -1.0 
-1.0 -1.0 -1.0 -1.0 -1.0 -1.0 -1.0 -1.0 -1.0 -1.0 -1.0 1.0 1.0 1.0 1.0 1.0 1.0 1.0 1.0 1.0 1.0 -1.0 -1.0 -1.0 -1.0 -1.0 -1.0 -1.0 -1.0 -1.0 -1.0 -1.0 
-1.0 -1.0 -1.0 -1.0 -1.0 -1.0 -1.0 -1.0 -1.0 -1.0 -1.0 1.0 1.0 1.0 1.0 1.0 1.0 1.0 1.0 1.0 1.0 -1.0 -1.0 -1.0 -1.0 -1.0 -1.0 -1.0 -1.0 -1.0 -1.0 -1.0 
-1.0 -1.0 -1.0 -1.0 -1.0 -1.0 -1.0 -1.0 -1.0 -1.0 -1.0 1.0 1.0 1.0 1.0 1.0 1.0 1.0 1.0 1.0 1.0 -1.0 -1.0 -1.0 -1.0 -1.0 -1.0 -1.0 -1.0 -1.0 -1.0 -1.0 
1.0 1.0 1.0 1.0 1.0 1.0 1.0 1.0 1.0 1.0 1.0 1.0 1.0 1.0 1.0 1.0 1.0 1.0 1.0 1.0 1.0 1.0 1.0 1.0 1.0 1.0 1.0 1.0 1.0 1.0 1.0 1.0 
1.0 1.0 1.0 1.0 1.0 1.0 1.0 1.0 1.0 1.0 1.0 1.0 1.0 1.0 1.0 1.0 1.0 1.0 1.0 1.0 1.0 1.0 1.0 1.0 1.0 1.0 1.0 1.0 1.0 1.0 1.0 1.0 
-1.0 -1.0 -1.0 -1.0 -1.0 -1.0 -1.0 -1.0 -1.0 -1.0 -1.0 1.0 1.0 1.0 1.0 1.0 1.0 1.0 1.0 1.0 1.0 -1.0 -1.0 -1.0 -1.0 -1.0 -1.0 -1.0 -1.0 -1.0 -1.0 -1.0 
-1.0 -1.0 -1.0 -1.0 -1.0 -1.0 -1.0 -1.0 -1.0 -1.0 -1.0 1.0 1.0 1.0 1.0 1.0 1.0 1.0 1.0 1.0 1.0 -1.0 -1.0 -1.0 -1.0 -1.0 -1.0 -1.0 -1.0 -1.0 -1.0 -1.0 
-1.0 -1.0 -1.0 -1.0 -1.0 -1.0 -1.0 -1.0 -1.0 -1.0 -1.0 1.0 1.0 1.0 1.0 1.0 1.0 1.0 1.0 1.0 1.0 -1.0 -1.0 -1.0 -1.0 -1.0 -1.0 -1.0 -1.0 -1.0 -1.0 -1.0 
-1.0 -1.0 -1.0 -1.0 -1.0 -1.0 -1.0 -1.0 -1.0 -1.0 -1.0 1.0 1.0 1.0 1.0 1.0 1.0 1.0 1.0 1.0 1.0 -1.0 -1.0 -1.0 -1.0 -1.0 -1.0 -1.0 -1.0 -1.0 -1.0 -1.0 
-1.0 -1.0 -1.0 -1.0 -1.0 -1.0 -1.0 -1.0 -1.0 -1.0 -1.0 -1.0 -1.0 -1.0 -1.0 -1.0 -1.0 -1.0 -1.0 -1.0 -1.0 -1.0 -1.0 -1.0 -1.0 -1.0 -1.0 -1.0 -1.0 -1.0 -1.0 -1.0 
-1.0 -1.0 -1.0 -1.0 -1.0 -1.0 -1.0 -1.0 -1.0 -1.0 -1.0 -1.0 -1.0 -1.0 -1.0 -1.0 -1.0 -1.0 -1.0 -1.0 -1.0 -1.0 -1.0 -1.0 -1.0 -1.0 -1.0 -1.0 -1.0 -1.0 -1.0 -1.0 
-1.0 -1.0 -1.0 -1.0 -1.0 -1.0 -1.0 -1.0 -1.0 -1.0 -1.0 -1.0 -1.0 -1.0 -1.0 -1.0 -1.0 -1.0 -1.0 -1.0 -1.0 -1.0 -1.0 -1.0 -1.0 -1.0 -1.0 -1.0 -1.0 -1.0 -1.0 -1.0 
-1.0 -1.0 -1.0 -1.0 -1.0 -1.0 -1.0 -1.0 -1.0 -1.0 -1.0 -1.0 -1.0 -1.0 -1.0 -1.0 -1.0 -1.0 -1.0 -1.0 -1.0 -1.0 -1.0 -1.0 -1.0 -1.0 -1.0 -1.0 -1.0 -1.0 -1.0 -1.0 
-1.0 -1.0 -1.0 -1.0 -1.0 -1.0 -1.0 -1.0 -1.0 -1.0 -1.0 -1.0 -1.0 -1.0 -1.0 -1.0 -1.0 -1.0 -1.0 -1.0 -1.0 -1.0 -1.0 -1.0 -1.0 -1.0 -1.0 -1.0 -1.0 -1.0 -1.0 -1.0 
-1.0 -1.0 -1.0 -1.0 -1.0 -1.0 -1.0 -1.0 -1.0 -1.0 -1.0 -1.0 -1.0 -1.0 -1.0 -1.0 -1.0 -1.0 -1.0 -1.0 -1.0 -1.0 -1.0 -1.0 -1.0 -1.0 -1.0 -1.0 -1.0 -1.0 -1.0 -1.0 
-1.0 -1.0 -1.0 -1.0 -1.0 -1.0 -1.0 -1.0 -1.0 -1.0 -1.0 -1.0 -1.0 -1.0 -1.0 -1.0 -1.0 -1.0 -1.0 -1.0 -1.0 -1.0 -1.0 -1.0 -1.0 -1.0 -1.0 -1.0 -1.0 -1.0 -1.0 -1.0 
-1.0 -1.0 -1.0 -1.0 -1.0 -1.0 -1.0 -1.0 -1.0 -1.0 -1.0 -1.0 -1.0 -1.0 -1.0 -1.0 -1.0 -1.0 -1.0 -1.0 -1.0 -1.0 -1.0 -1.0 -1.0 -1.0 -1.0 -1.0 -1.0 -1.0 -1.0 -1.0 
-1.0 -1.0 -1.0 -1.0 -1.0 -1.0 -1.0 -1.0 -1.0 -1.0 -1.0 -1.0 -1.0 -1.0 -1.0 -1.0 -1.0 -1.0 -1.0 -1.0 -1.0 -1.0 -1.0 -1.0 -1.0 -1.0 -1.0 -1.0 -1.0 -1.0 -1.0 -1.0 
-1.0 -1.0 -1.0 -1.0 -1.0 -1.0 -1.0 -1.0 -1.0 -1.0 -1.0 -1.0 -1.0 -1.0 -1.0 -1.0 -1.0 -1.0 -1.0 -1.0 -1.0 -1.0 -1.0 -1.0 -1.0 -1.0 -1.0 -1.0 -1.0 -1.0 -1.0 -1.0 
-1.0 -1.0 -1.0 -1.0 -1.0 -1.0 -1.0 -1.0 -1.0 -1.0 -1.0 -1.0 -1.0 -1.0 -1.0 -1.0 -1.0 -1.0 -1.0 -1.0 -1.0 -1.0 -1.0 -1.0 -1.0 -1.0 -1.0 -1.0 -1.0 -1.0 -1.0 -1.0 
-0.9959237662087947 -0.9960078264997163 -0.9961729452349508 -0.996413178313378 -0.9967197763321813 -0.9970814287079331 -0.9974846449489266 -0.997914285261276 -0.9983542127823192 -0.9987879825796101 -0.9991994347631672 -0.9995730775582566 -0.999894288068379 -1.0001495796194009 -1.0003272557775984 -1.000418489945423 -1.0004184910867424 -1.0003272592083599 -1.0001495853593887 -0.9998942961485361 -0.9995730880178096 -0.999199447645907 -0.998787997929597 -0.9983542306393065 -0.99791430565616 -0.9974846678995257 -0.997081454215341 -0.9967198043778743 -0.9964132088571646 -0.9961729782138004 -0.9960078618274543 -0.9959238037766389 
-0.9956950311277404 -0.9957846024117486 -0.9959604792475826 -0.996216166219862 -0.9965420403601188 -0.9969255749315961 -0.9973517543292896 -0.9978037389618708 -0.9982637836890452 -0.9987142953057455 -0.9991387542443062 -0.9995221440331211 -0.999850750517044 -1.0001117773866084 -1.000293627405512 -1.0003871248868992 -1.0003871260113273 -1.0002936307857684 -1.0001117830429767 -0.9998507584812768 -0.9995221543455387 -0.9991387669500497 -0.9987143104504275 -0.9982638013140746 -0.9978037590997644 -0.9973517769993056 -0.9969256001359743 -0.9965420680811179 -0.9962161964176927 -0.995960511859248 -0.995784637350769 -0.9956950682847207 
-0.9952207886877468 -0.9953216493746337 -0.9955195208915233 -0.9958066672630116 -0.9961714510644318 -0.9965984563799888 -0.9970689262023045 -0.9975617226740728 -0.9980549579865496 -0.9985281811511243 -0.9989644784567105 -0.9993513002547456 -0.9996790841545626 -0.9999385840856163 -1.0001197387435377 -1.0002131936619552 -1.000213194753927 -1.0001197420266776 -0.9999385895809554 -0.9996790918950871 -0.9993513102825132 -0.9989644908191413 -0.9985281958966319 -0.9980549751597033 -0.9975617423106078 -0.9970689483244106 -0.9965984809922712 -0.9961714781507869 -0.9958066967845128 -0.9955195527852909 -0.9953216835536222 -0.9952208250413813 
-0.9944644338093569 -0.9945828808334798 -0.994814889481926 -0.9951504645404656 -0.9955741517528236 -0.9960647931947617 -0.9965957965586213 -0.9971365303839027 -0.9976555221550858 -0.99812566755041 -0.9985301387642732 -0.9988653166625598 -0.9991364842134532 -0.9993476912889359 -0.9994959216332788 -0.999573256041697 -0.9995732570882253 -0.9994959247802101 -0.9993476965576745 -0.9991364916376836 -0.9988653262855905 -0.9985301506356901 -0.9981256817219731 -0.9976555386757463 -0.9971365492942584 -0.9965958178855003 -0.9960648169466063 -0.9955741779162411 -0.995150493078016 -0.9948149203310471 -0.9945829139063947 -0.9944644689938336 
-0.9933617757980053 -0.993504837000854 -0.9937843413058168 -0.9941863760119306 -0.9946885192021451 -0.9952584681889889 -0.9958533542357256 -0.9964213279847018 -0.9969077634009832 -0.9972681001488791 -0.9974856021642691 -0.9975835770223107 -0.9976146018305605 -0.9976253902643664 -0.9976361771514081 -0.9976451913864162 -0.9976451923791559 -0.9976361801365252 -0.9976253952619617 -0.997614608872426 -0.9975835861500598 -0.9974856134272977 -0.9972681136014244 -0.9969077790971795 -0.9964213459719449 -0.9958533745477853 -0.9952584908402237 -0.9946885441834287 -0.994186403288278 -0.9937843708154227 -0.9935048686552153 -0.9933618094829011 
-0.9918041672419345 -0.9919797423876103 -0.9923214197575685 -0.9928085607380811 -0.9934060649427583 -0.9940599113694756 -0.994692980378313 -0.9952047598087468 -0.9954819101625457 -0.9954289481655643 -0.9950215175231355 -0.994356273064998 -0.9936301644864816 -0.9930169625486778 -0.9926024628293443 -0.9924004374662383 -0.9924004384050946 -0.9926024656509578 -0.9930169672676299 -0.9936301711259335 -0.9943562816568045 -0.9950215281094844 -0.9954289607996318 -0.9954819249040273 -0.9952047767147559 -0.9946929994932959 -0.9940599327170818 -0.9934060885206457 -0.9928085865153313 -0.9923214476739863 -0.9919797723542543 -0.9918041991424842 
-0.9896021304981695 -0.9898190187805582 -0.9902386506974842 -0.9908289040904539 -0.9915317149244169 -0.9922508784650627 -0.9928372136849696 -0.9930778806267898 -0.9927077887581663 -0.9914763732550171 -0.9893016200222693 -0.9864653252769353 -0.9836066098927793 -0.9812631705668715 -0.9796856998060355 -0.978911712236371 -0.9789117131356505 -0.9796857025042203 -0.981263175064271 -0.9836066161893083 -0.9864653333763586 -0.9893016299430575 -0.991476385040997 -0.9927078024751257 -0.9930778963471864 -0.9928372314707737 -0.9922508983550968 -0.991531736927357 -0.9908289281821401 -0.9902386768208439 -0.9898190468469097 -0.9896021603892726 
-0.9864057440591056 -0.9866735161209822 -0.987187348577054 -0.9878957824260772 -0.9886999185723133 -0.9894233934829599 -0.9897688379802092 -0.9892692884444723 -0.987272564706933 -0.9830585455949341 -0.9762529723490578 -0.9675585598644764 -0.9590186753955032 -0.9521789631881993 -0.9476480176298988 -0.9454438634874075 -0.9454438643850628 -0.9476480203137173 -0.9521789676287314 -0.9590186815415558 -0.9675585676539994 -0.9762529817412916 -0.9830585566081751 -0.9872725774159862 -0.9892693029491543 -0.9897688543729064 -0.9894234118278706 -0.988699938896082 -0.987895804715604 -0.9871873727808288 -0.986673542151816 -0.98640577179734 
-0.9815280900620157 -0.9818567870037941 -0.9824803985759268 -0.9833156930647127 -0.9841936492647904 -0.9847920588558448 -0.9845232078721674 -0.9823726413749921 -0.9767440254776051 -0.9655521798737536 -0.9471848835970055 -0.9230736109133185 -0.9000074546179972 -0.8821439486343462 -0.8706302953404104 -0.8651257715397753 -0.8651257725058785 -0.8706302982146397 -0.8821439533374991 -0.9000074610046622 -0.9230736187865062 -0.947184892783916 -0.9655521903385037 -0.9767440373145476 -0.9823726547358272 -0.9845232229025088 -0.9847920756617362 -0.9841936679014355 -0.98331571353643 -0.9824804208403466 -0.981856810977033 -0.9815281156237429 
-0.9735520934050313 -0.9739518092046509 -0.9746984832577534 -0.9756582565035614 -0.9765474556758104 -0.9767952566251765 -0.9752872874035685 -0.9699242106400467 -0.956992244374471 -0.9307429983998272 -0.8849581931157492 -0.8209433500581097 -0.7628407920216315 -0.7203092326763141 -0.694081538261545 -0.6818902690119257 -0.6818902701332743 -0.6940815415897028 -0.7203092380828559 -0.7628407992369398 -0.8209433586548301 -0.8849582026470055 -0.9307430087239342 -0.9569922556277952 -0.9699242230674757 -0.9752873012381108 -0.9767952720376116 -0.9765474727641004 -0.9756582752979094 -0.9746985037296783 -0.9739518312758618 -0.9735521169552214 
-0.959461964748958 -0.9599425395749803 -0.960821201892747 -0.9618855267567568 -0.9626744485736024 -0.9622275832513291 -0.9585753517701125 -0.9477347528485977 -0.9218874192552957 -0.8668114737937446 -0.7616173204847033 -0.5964634052844175 -0.4639360448503225 -0.3760880600877985 -0.3256958445735115 -0.3033063014186772 -0.30330630269350256 -0.32569584838647075 -0.3760880663622158 -0.4639360533086609 -0.5964634152652765 -0.7616173310321707 -0.8668114845407081 -0.9218874303863284 -0.9477347647412064 -0.95857536477872 -0.9622275976349158 -0.9626744644883699 -0.96188554426869 -0.9608212209929693 -0.9599425601932393 -0.9594619867649726 
-0.9327751498184286 -0.9333465256130181 -0.9343594712441706 -0.9354806905060398 -0.935986857360295 -0.9343607668836922 -0.9274322738520956 -0.9085508154246581 -0.8637717861548376 -0.7644337919518763 -0.5550532188833606 -0.13946662462698764 0.10792982633402823 0.246844331078598 0.3180670841186608 0.3476052646963604 0.3476052635374483 0.3180670805689667 0.2468443249464418 0.10792981747874968 -0.13946663578136478 -0.5550532307779241 -0.7644338036758768 -0.8637717977935061 -0.9085508274429085 -0.927432286720076 -0.9343607809565682 -0.9359868728638375 -0.9354807075519486 -0.9343594898495018 -0.9333465457176117 -0.9327751713002153 
-0.8797755693271265 -0.8804496336769091 -0.881590915453801 -0.8826782264665414 -0.8826074507414171 -0.8791194011253043 -0.8676010971335526 -0.838573607840047 -0.772585419491106 -0.6310281062606747 -0.3453384642537715 0.176659220316736 0.4736341415988542 0.6256484312126117 0.6971344978797333 0.7250668047625389 0.725066803931994 0.6971344952695384 0.6256484264389823 0.4736341340348726 0.17665920958689507 -0.34533847696755116 -0.6310281192988447 -0.772585432437722 -0.8385736210134812 -0.8676011110217873 -0.87911941615093 -0.8826074671996593 -0.882678244522744 -0.8815909351572225 -0.8804496549782577 -0.8797755920973048 
-0.7730453608657241 -0.7738386714778923 -0.7750950949122655 -0.7760041741888969 -0.7749137082477382 -0.7686023037879597 -0.7508642679008133 -0.7098082215960103 -0.6230232980700885 -0.4506035899246844 -0.1313949228895636 0.40304393317710374 0.6882054126799817 0.8247085706912299 0.8853618796041807 0.9081372510428314 0.9081372504773981 0.8853618777934326 0.8247085672280847 0.6882054067364504 0.4030439236925381 -0.13139493582963288 -0.450603604532078 -0.6230233133072897 -0.7098082373632537 -0.7508642845291159 -0.7686023216916273 -0.7749137277707191 -0.7760041955507297 -0.7750951181976603 -0.7738386966461297 -0.7730453877706884 
-0.5649834066605328 -0.5659117477189128 -0.5672659633676707 -0.5678412255712011 -0.5652733737668573 -0.5552016385855454 -0.5298629712962064 -0.4759548197160878 -0.3720421070916631 -0.1873024721902598 0.11486307853822192 0.5773066173387359 0.8120857828853201 0.9219877978674051 0.9700900117444604 0.9879368637812657 0.9879368633637978 0.9700900103959863 0.9219877952271331 0.8120857781335176 0.577306609116695 0.11486306584978599 -0.18730248829192267 -0.3720421252969699 -0.4759548393834862 -0.5298629924020788 -0.5552016614086744 -0.5652733986406226 -0.5678412527466405 -0.5672659929554219 -0.5659117796782804 -0.5649834408160999 
-0.19769198725410672 -0.19873217646830335 -0.2001538412892813 -0.20039863890830636 -0.1964837738787077 -0.18313274110253353 -0.15158620564919004 -0.08851687501525474 0.023424539625269726 0.20004557672300866 0.44131596348789365 0.7090053111602567 0.8771702279877001 0.9632676502669428 1.0025090200325664 1.017311234749007 1.0173112343909143 1.0025090188745074 0.9632676479876733 0.8771702238304887 0.7090053037702547 0.44131595143559443 0.20004556001268048 0.023424519286137542 -0.08851689802216123 -0.15158623092234091 -0.18313276869685324 -0.19648380403975907 -0.20039867186675675 -0.20015387715207747 -0.19873221518215595 -0.19769202861386279 
-0.1976919867809349 -0.19873217599537615 -0.20015384081707885 -0.20039863843702294 -0.1964837734060035 -0.1831327406183426 -0.15158620512686968 -0.08851687440202262 0.023424540404576755 0.200045577718871 0.44131596462829 0.7090053122327127 0.8771702288888333 0.9632676510165441 1.0025090206841782 1.017311235352086 1.0173112349872495 1.002509019504422 0.9632676486958328 0.8771702246619358 0.7090053047359476 0.44131595243678223 0.2000455608639688 0.023424519933814655 -0.08851689752714578 -0.15158623051273637 -0.18313276832761782 -0.19648380368894938 -0.20039867152628127 -0.2001538768199761 -0.1987322148583457 -0.19769202829841087 
-0.5649834052002829 -0.5659117462605316 -0.5672659619136224 -0.5678412241234562 -0.5652733723218523 -0.5552016371221394 -0.5298629697537675 -0.4759548179657466 -0.3720421049271289 -0.18730246941656453 0.11486308182724471 0.577306620538017 0.8120857856338624 0.921987800192431 0.9700900137892379 0.9879368656849239 0.9879368652460264 0.9700900123722382 0.9219877974228506 0.8120857806683406 0.5773066119958803 0.11486306873561054 -0.18730248592161822 -0.3720421234970225 -0.47595483796757154 -0.5298629911877512 -0.5552016602867197 -0.5652733975614364 -0.5678412516933593 -0.5672659919249768 -0.5659117786715803 -0.5649834398341892 
-0.7730453584512404 -0.7738386690678993 -0.7750950925120877 -0.7760041718038341 -0.7749137058780459 -0.7686023014161679 -0.7508642654669231 -0.7098082189588486 -0.6230232949712629 -0.45060358603265693 -0.1313949181028725 0.40304393820891565 0.688205417265012 0.8247085747323509 0.8853618832518417 0.9081372544813137 0.9081372538766668 0.8853618813173181 0.8247085710418265 0.6882054109611686 0.40304392821618285 -0.13139493163409321 -0.4506036012080172 -0.6230233107290111 -0.7098082352253314 -0.750864282605911 -0.7686023198646298 -0.7749137259913553 -0.7760041938052287 -0.7750951164858515 -0.7738386949712098 -0.7730453861354584 
-0.8797755662369142 -0.8804496305927983 -0.8815909123828479 -0.8826782234164343 -0.8826074477168337 -0.8791193981179731 -0.8676010941015543 -0.8385736046716303 -0.7725854159563789 -0.6310281019957323 -0.34533845894080795 0.1766592263768155 0.4736341476004349 0.6256484368463777 0.6971345031711935 0.725066809844566 0.7250668089549218 0.6971345003780229 0.6256484317500597 0.473634139557047 0.17665921502607718 -0.3453384723182836 -0.6310281156606156 -0.7725854294978184 -0.8385736184435614 -0.8676011086233366 -0.8791194138311232 -0.8826074649249983 -0.8826782422867785 -0.8815909329630756 -0.8804496528307246 -0.8797755900002023 
-0.9327751465088616 -0.9333465223088162 -0.9343594679517782 -0.9354806872332424 -0.935986854114279 -0.9343607636648882 -0.9274322706406064 -0.9085508121550198 -0.8637717826770175 -0.7644337879941576 -0.5550532140994032 -0.13946661891709042 0.10792983246572056 0.2468443372623622 0.31806709020890667 0.3476052706789283 0.3476052694484061 0.31806708644260234 0.2468443307663212 0.10792982310808559 -0.1394666306700061 -0.5550532266030843 -0.7644338003082702 -0.8637717949073269 -0.9085508247963482 -0.9274322841850461 -0.9343607784794074 -0.9359868704289032 -0.9354807051594459 -0.9343594875042263 -0.9333465434241968 -0.93277516906183 
-0.9594619617430259 -0.9599425365712254 -0.9608211988945771 -0.9618855237695664 -0.962674445604314 -0.9622275803056645 -0.9585753488459481 -0.9477347499232887 -0.9218874162657535 -0.8668114706148587 -0.7616173169351328 -0.596463401227094 -0.46393604037626346 -0.3760880553679713 -0.325695839754515 -0.30330629659682756 -0.30330629793217234 -0.32569584374701444 -0.3760880619328871 -0.46393604921712156 -0.5964634116502443 -0.7616173279503259 -0.8668114818501674 -0.9218874279192854 -0.9477347623878366 -0.9585753624861062 -0.9622275953849274 -0.9626744622793404 -0.9618855421045347 -0.9608212188778947 -0.9599425581298188 -0.959461984754011 
-0.973552091227024 -0.97395180702376 -0.9746984810724714 -0.9756582543148249 -0.9765474534875387 -0.9767952544438541 -0.9752872852362492 -0.9699242084900513 -0.9569922422344185 -0.9307429962435758 -0.8849581908963468 -0.820943347726906 -0.7628407895712727 -0.7203092301375255 -0.6940815356799405 -0.6818902664301595 -0.6818902675872806 -0.6940815391140494 -0.7203092357156432 -0.762840797015529 -0.8209433565995291 -0.8849582007428138 -0.930743006922664 -0.9569922538871448 -0.9699242213654694 -0.9752872995691326 -0.9767952704044264 -0.9765474711717326 -0.9756582737502526 -0.974698502228184 -0.9739518298195071 -0.9735521155411496 
-0.9815280892055614 -0.9818567861382951 -0.9824803976938269 -0.9833156921611441 -0.984193648338608 -0.9847920579103697 -0.9845232069154372 -0.9823726404192218 -0.9767440245374633 -0.9655521789630573 -0.9471848827240021 -0.9230736100768774 -0.9000074538099365 -0.8821439478475122 -0.8706302945714356 -0.8651257707872795 -0.8651257717686966 -0.8706302974914745 -0.8821439526265407 -0.9000074603019073 -0.9230736180844304 -0.9471848920747273 -0.9655521896218167 -0.9767440365985893 -0.9823726540330722 -0.9845232222251289 -0.9847920750188384 -0.9841936672979504 -0.9833157129730907 -0.9824804203142855 -0.9818568104826845 -0.9815281151538598 
-0.986405744969757 -0.9866735170160151 -0.9871873494424289 -0.9878957832505378 -0.9886999193485692 -0.9894233942088233 -0.9897688386595795 -0.989269289087935 -0.9872725653314518 -0.9830585462217395 -0.9762529729987945 -0.9675585605502459 -0.9590186761184617 -0.9521789639412414 -0.9476480184027302 -0.9454438642692757 -0.9454438651654948 -0.9476480210824796 -0.9521789683757765 -0.9590186822577065 -0.9675585683334478 -0.9762529823860245 -0.983058557230694 -0.9872725780345831 -0.9892693035814061 -0.9897688550315954 -0.9894234125196094 -0.9886999396215785 -0.9878958054706456 -0.9871873735574852 -0.9866735429396433 -0.9864057725844941 
-0.9896021335614908 -0.9898190218217625 -0.990238653696122 -0.9908289070289011 -0.9915317177890426 -0.992250881247388 -0.9928372163827371 -0.9930778832447097 -0.9927077913078715 -0.991476375753511 -0.9893016224882464 -0.9864653277255512 -0.983606612331816 -0.9812631729975414 -0.9796857022258694 -0.978911714641548 -0.9789117155220871 -0.9796857048678971 -0.981263177401536 -0.9836066184978605 -0.9864653356572721 -0.9893016322031135 -0.9914763872929234 -0.9927078047337664 -0.9930778986248627 -0.9928372337744091 -0.9922509006853966 -0.9915317392793067 -0.9908289305461014 -0.9902386791838014 -0.9898190491936761 -0.9896021627035759 
-0.9918041727737918 -0.9919797478911843 -0.9923214252063509 -0.9928085661084554 -0.9934060702151082 -0.9940599165292652 -0.9946929854170589 -0.9952047647246888 -0.9954819149606857 -0.9954289528566368 -0.99502152212124 -0.9943562775843567 -0.9936301689388795 -0.993016966943071 -0.9926024671728224 -0.9924004417650378 -0.9924004426650963 -0.992602469877779 -0.993016971466711 -0.9936301753029843 -0.9943562858186793 -0.9950215322649235 -0.9954289649587369 -0.995481929075922 -0.9952047809049195 -0.9946930037019137 -0.9940599369386733 -0.9934060927446083 -0.9928085907269472 -0.9923214518555675 -0.9919797764862707 -0.9918042032045964 
-0.9933617840361335 -0.9935048452049211 -0.9937843494436748 -0.9941863840544483 -0.9946885271242788 -0.9952584759707941 -0.9958533618632365 -0.9964213354505408 -0.9969077707044907 -0.997268107295526 -0.9974856091642549 -0.9975835838886423 -0.9976146085773446 -0.9976253969059746 -0.9976361837022993 -0.9976451978610871 -0.9976451987919204 -0.9976361865011372 -0.9976254015912533 -0.9976146151781307 -0.9975835924428113 -0.9974856197165247 -0.9972681198946896 -0.9969077853988563 -0.9964213522818692 -0.9958533808605055 -0.9952584971450099 -0.9946885504648787 -0.9941864095272563 -0.993784376990122 -0.9935048747422226 -0.9933618154582006 
-0.9944644449062158 -0.994582891890794 -0.9948149004622341 -0.9951504754095171 -0.9955741624806498 -0.9960648037566601 -0.9965958069359924 -0.9971365405648426 -0.9976555321346036 -0.9981256773301482 -0.9985301483516877 -0.9988653260697171 -0.9991364934557763 -0.9993477003841944 -0.9994959306008038 -0.9995732649016487 -0.9995732658608097 -0.9994959334848478 -0.9993477052122143 -0.9991365002577424 -0.9988653348840191 -0.9985301592220618 -0.9981256903019481 -0.9976555472503225 -0.9971365578591682 -0.996595826431018 -0.9960648254578414 -0.9955741863738209 -0.9951505014590132 -0.9948149286100105 -0.9945829220563968 -0.9944644769874788 
-0.995220802704996 -0.9953216633469566 -0.9955195347762777 -0.9958066810210244 -0.9961714646611102 -0.9965984697863169 -0.9970689393956819 -0.9975617356389219 -0.9980549707146037 -0.9985281936413268 -0.9989644907146983 -0.9993513122919889 -0.999679095987312 -0.9999385957337953 -1.0001197502296277 -1.0002132050098518 -1.0002132059877595 -1.0001197531696269 -0.9999386006541391 -0.9996791029165649 -0.9993513212664441 -0.9989645017750768 -0.9985282068289172 -0.9980549860670169 -0.9975617531857467 -0.9970689591544146 -0.9965984917589004 -0.9961714888312889 -0.9958067073525763 -0.9955195632120943 -0.9953216938089069 -0.9952208350944978 
-0.995695048032736 -0.9957846192662887 -0.9959604960037274 -0.9962161828334603 -0.9965420567919892 -0.9969255911485766 -0.997351770305112 -0.9978037546778026 -0.9982637991342312 -0.9987143104772027 -0.9991387691465413 -0.9995221586774043 -0.9998507649204076 -1.0001117915706537 -1.0002936413950867 -1.000387138708682 -1.000387139692368 -1.000293644352042 -1.0001117965180146 -0.9998507718849424 -0.9995221676929894 -0.9991387802509146 -0.9987143237082196 -0.9982638145258618 -0.9978037722561446 -0.9973517900847042 -0.9969256131292482 -0.9965420809564043 -0.9962162091454222 -0.9959605244072494 -0.995784649685403 -0.995695080371995 
-0.995923785873454 -0.996007846107966 -0.9961729647331641 -0.9964131976520967 -0.9967197954673996 -0.9970814476022333 -0.9974846635724242 -0.9979143035923189 -0.9983542308078817 -0.998788000295334 -0.9991994521730233 -0.999573094673834 -0.9998943049078497 -1.0001495962062201 -1.000327272139007 -1.0004185061108226 -1.0004185070860083 -1.0003272750701688 -1.000149601109643 -0.9998943118089497 -0.9995731036047208 -0.99919946316936 -0.9987880133927299 -0.9983542460380697 -0.9979143209793754 -0.9974846831292902 -0.9970814693277289 -0.9967198193438773 -0.9964132236437978 -0.9961729927852984 -0.9960078761464994 -0.9959238178055736 
