1.000000000000000 
0.114297062324498 
0.098743918017279 
0.096587115578795 
0.095420960988996 
0.094632330031973 
0.094062633140820 
0.093633109418125 
0.093298161027017 
0.093029611412560 
0.092809232094716 
0.092624777391429 
0.092467751887107 
0.092332095948332 
0.092213381731504 
0.092108304680679 
0.092014352219126 
0.091929582114540 
0.091852470685006 
0.091781806632353 
0.091716615377645 
0.091656104213936 
0.091599621934163 
0.091546628695662 
0.091496673235824 
0.091449375441320 
0.091404412866625 
0.091361510200803 
0.091320430959635 
0.091280970874856 
0.091242952590133 
0.091206221372402 
0.091170641618865 
0.091136093992550 
0.091102473058183 
0.091069685319174 
0.091037647578376 
0.091006285561860 
0.090975532757677 
0.090945329431326 
0.090915621787300 
0.090886361251983 
0.090857503857868 
0.090829009712759 
0.090800842540573 
0.090772969282719 
0.090745359750928 
0.090717986323950 
0.090690823681799 
0.090663848572219 
0.090637039604936 
0.090610377069889 
0.090583842776293 
0.090557419909725 
0.090531092905052 
0.090504847333081 
0.090478669799303 
0.090452547853235 
0.090426469907103 
0.090400425162759 
0.090374403545897 
0.090348395646714 
0.090322392666322 
0.090296386368246 
0.090270369034494 
0.090244333425670 
0.090218272744743 
0.090192180604061 
0.090166050995294 
0.090139878262017 
0.090113657074653 
0.090087382407554 
0.090061049518020 
0.090034653927053 
0.090008191401705 
0.089981657938848 
0.089955049750256 
0.089928363248867 
0.089901595036122 
0.089874741890293 
0.089847800755695 
0.089820768732733 
0.089793643068682 
0.089766421149163 
0.089739100490244 
0.089711678731110 
0.089684153627277 
0.089656523044272 
0.089628784951776 
0.089600937418170 
0.089572978605460 
0.089544906764553 
0.089516720230856 
0.089488417420169 
0.089459996824853 
0.089431457010260 
0.089402796611385 
0.089374014329746 
0.089345108930466 
0.089316079239533 
0.089286924141244 
0.089257642575807 
0.089228233537088 
0.089198696070503 
0.089169029271043 
0.089139232281408 
0.089109304290262 
0.089079244530595 
0.089049052278173 
0.089018726850090 
0.088988267603395 
0.088957673933807 
0.088926945274499 
0.088896081094952 
0.088865080899875 
0.088833944228187 
0.088802670652050 
0.088771259775966 
0.088739711235911 
0.088708024698523 
0.088676199860336 
0.088644236447048 
0.088612134212834 
0.088579892939689 
0.088547512436814 
0.088514992540022 
0.088482333111186 
0.088449534037704 
0.088416595232001 
0.088383516631050 
0.088350298195914 
0.088316939911316 
0.088283441785229 
0.088249803848481 
0.088216026154380 
0.088182108778362 
0.088148051817647 
0.088113855390915 
0.088079519637996 
0.088045044719573 
0.088010430816897 
0.087975678131516 
0.087940786885017 
0.087905757318770 
0.087870589693692 
0.087835284290019 
0.087799841407078 
0.087764261363079 
0.087728544494909 
0.087692691157932 
0.087656701725801 
0.087620576590270 
0.087584316161020 
0.087547920865482 
0.087511391148672 
0.087474727473029 
0.087437930318257 
0.087401000181169 
0.087363937575543 
0.087326743031970 
0.087289417097717 
0.087251960336586 
0.087214373328777 
0.087176656670755 
0.087138810975121 
0.087100836870481 
0.087062735001320 
0.087024506027878 
0.086986150626023 
0.086947669487135 
0.086909063317981 
0.086870332840596 
0.086831478792166 
0.086792501924908 
0.086753403005952 
0.086714182817228 
0.086674842155345 
0.086635381831478 
0.086595802671245 
0.086556105514598 
0.086516291215702 
0.086476360642817 
0.086436314678181 
0.086396154217893 
0.086355880171790 
0.086315493463332 
0.086274995029475 
0.086234385820556 
0.086193666800160 
0.086152838945007 
0.086111903244817 
0.086070860702189 
0.086029712332469 
0.085988459163621 
0.085947102236094 
0.085905642602691 
0.085864081328433 
0.085822419490422 
0.085780658177700 
0.085738798491111 
0.085696841543158 
0.085654788457857 
0.085612640370590 
0.085570398427960 
0.085528063787631 
0.085485637618186 
0.085443121098962 
0.085400515419897 
0.085357821781369 
0.085315041394033 
0.085272175478655 
0.085229225265950 
0.085186191996404 
0.085143076920112 
0.085099881296596 
0.085056606394629 
0.085013253492064 
0.084969823875640 
0.084926318840808 
0.084882739691543 
0.084839087740150 
0.084795364307079 
0.084751570720734 
0.084707708317266 
0.084663778440388 
0.084619782441167 
0.084575721677826 
0.084531597515538 
0.084487411326219 
0.084443164488318 
0.084398858386611 
0.084354494411984 
0.084310073961222 
0.084265598436786 
0.084221069246603 
0.084176487803841 
0.084131855526687 
0.084087173838128 
0.084042444165717 
0.083997667941357 
0.083952846601066 
0.083907981584752 
0.083863074335976 
0.083818126301729 
0.083773138932192 
0.083728113680506 
0.083683052002535 
0.083637955356633 
0.083592825203402 
0.083547663005462 
0.083502470227210 
0.083457248334578 
0.083411998794800 
0.083366723076172 
0.083321422647811 
0.083276098979414 
0.083230753541026 
0.083185387802793 
0.083140003234726 
0.083094601306462 
0.083049183487026 
0.083003751244594 
0.082958306046251 
0.082912849357760 
0.082867382643321 
0.082821907365341 
0.082776424984192 
0.082730936957986 
0.082685444742335 
0.082639949790125 
0.082594453551284 
0.082548957472554 
0.082503462997259 
0.082457971565088 
0.082412484611864 
0.082367003569322 
0.082321529864888 
0.082276064921463 
0.082230610157201 
0.082185166985294 
0.082139736813760 
0.082094321045227 
0.082048921076731 
0.082003538299498 
0.081958174098744 
0.081912829853471 
0.081867506936265 
0.081822206713092 
0.081776930543109 
0.081731679778463 
0.081686455764099 
0.081641259837571 
0.081596093328854 
0.081550957560155 
0.081505853845734 
0.081460783491721 
0.081415747795935 
0.081370748047708 
0.081325785527718 
0.081280861507804 
0.081235977250811 
0.081191134010409 
0.081146333030940 
0.081101575547251 
0.081056862784532 
0.081012195958162 
0.080967576273547 
0.080923004925978 
0.080878483100472 
0.080834011971623 
0.080789592703461 
0.080745226449303 
0.080700914351615 
0.080656657541871 
0.080612457140414 
0.080568314256325 
0.080524229987285 
0.080480205419450 
0.080436241627315 
0.080392339673594 
0.080348500609095 
0.080304725472593 
0.080261015290714 
0.080217371077818 
0.080173793835879 
0.080130284554374 
0.080086844210172 
0.080043473767419 
0.080000174177441 
0.079956946378626 
0.079913791296331 
0.079870709842775 
0.079827702916942 
0.079784771404482 
0.079741916177621 
0.079699138095064 
0.079656438001904 
0.079613816729539 
0.079571275095578 
0.079528813903765 
0.079486433943893 
0.079444135991727 
0.079401920808924 
0.079359789142960 
0.079317741727058 
0.079275779280121 
0.079233902506660 
0.079192112096731 
0.079150408725873 
0.079108793055049 
0.079067265730588 
0.079025827384130 
0.078984478632575 
0.078943220078035 
0.078902052307788 
0.078860975894233 
0.078819991394848 
0.078779099352161 
0.078738300293706 
0.078697594731998 
0.078656983164501 
0.078616466073606 
0.078576043926610 
0.078535717175694 
0.078495486257910 
0.078455351595170 
0.078415313594238 
0.078375372646725 
0.078335529129085 
0.078295783402624 
0.078256135813499 
0.078216586692732 
0.078177136356222 
0.078137785104766 
0.078098533224075 
0.078059380984802 
0.078020328642571 
0.077981376438008 
0.077942524596782 
0.077903773329641 
0.077865122832461 
0.077826573286294 
0.077788124857419 
0.077749777697401 
0.077711531943156 
0.077673387717008 
0.077635345126766 
0.077597404265798 
0.077559565213105 
0.077521828033405 
0.077484192777219 
0.077446659480966 
0.077409228167049 
0.077371898843963 
0.077334671506395 
0.077297546135328 
0.077260522698157 
0.077223601148803 
0.077186781427831 
0.077150063462575 
0.077113447167266 
0.077076932443162 
0.077040519178685 
0.077004207249559 
0.076967996518953 
0.076931886837631 
0.076895878044097 
0.076859969964752 
0.076824162414054 
0.076788455194673 
0.076752848097663 
0.076717340902626 
0.076681933377881 
0.076646625280643 
0.076611416357198 
0.076576306343083 
0.076541294963272 
0.076506381932358 
0.076471566954747 
0.076436849724846 
0.076402229927259 
0.076367707236982 
0.076333281319602 
0.076298951831503 
0.076264718420062 
0.076230580723856 
0.076196538372874 
0.076162590988724 
0.076128738184835 
0.076094979566683 
0.076061314731996 
0.076027743270969 
0.075994264766484 
0.075960878794322 
0.075927584923389 
0.075894382715926 
0.075861271727731 
0.075828251508385 
0.075795321601466 
0.075762481544774 
0.075729730870550 
0.075697069105698 
0.075664495772006 
0.075632010386372 
0.075599612461016 
0.075567301503708 
0.075535077017988 
0.075502938503381 
0.075470885455620 
0.075438917366863 
0.075407033725910 
0.075375234018421 
0.075343517727129 
0.075311884332056 
0.075280333310723 
0.075248864138364 
0.075217476288136 
0.075186169231324 
0.075154942437553 
0.075123795374986 
0.075092727510535 
0.075061738310051 
0.075030827238537 
0.074999993760333 
0.074969237339318 
0.074938557439097 
0.074907953523198 
0.074877425055253 
0.074846971499190 
0.074816592319411 
0.074786286980976 
0.074756054949778 
0.074725895692721 
0.074695808677891 
0.074665793374728 
0.074635849254189 
0.074605975788917 
0.074576172453403 
0.074546438724136 
0.074516774079771 
0.074487178001275 
0.074457649972078 
0.074428189478219 
0.074398796008497 
0.074369469054599 
0.074340208111250 
0.074311012676343 
0.074281882251072 
0.074252816340060 
0.074223814451487 
0.074194876097211 
0.074166000792888 
0.074137188058092 
0.074108437416425 
0.074079748395629 
0.074051120527695 
0.074022553348966 
0.073994046400240 
0.073965599226871 
0.073937211378859 
0.073908882410949 
0.073880611882716 
0.073852399358656 
0.073824244408269 
0.073796146606136 
0.073768105532003 
0.073740120770855 
0.073712191912985 
0.073684318554070 
0.073656500295226 
0.073628736743090 
0.073601027509863 
0.073573372213382 
0.073545770477165 
0.073518221930472 
0.073490726208350 
0.073463282951682 
0.073435891807234 
0.073408552427694 
0.073381264471711 
0.073354027603930 
0.073326841495032 
0.073299705821760 
0.073272620266944 
0.073245584519539 
0.073218598274633 
0.073191661233479 
0.073164773103506 
0.073137933598338 
0.073111142437801 
0.073084399347943 
0.073057704061026 
0.073031056315544 
0.073004455856217 
0.072977902433993 
0.072951395806041 
0.072924935735748 
0.072898521992708 
0.072872154352707 
0.072845832597716 
0.072819556515866 
0.072793325901429 
0.072767140554798 
0.072741000282456 
0.072714904896952 
0.072688854216867 
0.072662848066777 
0.072636886277222 
0.072610968684657 
0.072585095131417 
0.072559265465665 
0.072533479541347 
0.072507737218136 
0.072482038361379 
0.072456382842040 
0.072430770536638 
0.072405201327182 
0.072379675101107 
0.072354191751202 
0.072328751175536 
0.072303353277389 
0.072277997965165 
0.072252685152317 
0.072227414757258 
0.072202186703276 
0.072177000918446 
0.072151857335535 
0.072126755891904 
0.072101696529415 
0.072076679194328 
0.072051703837194 
0.072026770412754 
0.072001878879829 
0.071977029201205 
0.071952221343528 
0.071927455277176 
0.071902730976155 
0.071878048417966 
0.071853407583492 
0.071828808456871 
0.071804251025369 
0.071779735279251 
0.071755261211657 
0.071730828818464 
0.071706438098161 
0.071682089051711 
0.071657781682417 
0.071633515995784 
0.071609291999390 
0.071585109702739 
0.071560969117130 
0.071536870255513 
0.071512813132356 
0.071488797763502 
0.071464824166030 
0.071440892358119 
0.071417002358905 
0.071393154188346 
0.071369347867084 
0.071345583416307 
0.071321860857611 
0.071298180212870 
0.071274541504096 
0.071250944753316 
0.071227389982427 
0.071203877213077 
0.071180406466538 
0.071156977763571 
0.071133591124311 
0.071110246568143 
0.071086944113578 
0.071063683778147 
0.071040465578273 
0.071017289529170 
0.070994155644730 
0.070971063937418 
0.070948014418170 
0.070925007096288 
0.070902041979351 
0.070879119073117 
0.070856238381434 
0.070833399906151 
0.070810603647042 
0.070787849601715 
0.070765137765547 
0.070742468131603 
0.070719840690577 
0.070697255430713 
0.070674712337757 
0.070652211394891 
0.070629752582684 
0.070607335879035 
0.070584961259134 
0.070562628695417 
0.070540338157521 
0.070518089612258 
0.070495883023577 
0.070473718352534 
0.070451595557273 
0.070429514593002 
0.070407475411975 
0.070385477963477 
0.070363522193814 
0.070341608046305 
0.070319735461278 
0.070297904376065 
0.070276114725011 
0.070254366439467 
0.070232659447807 
0.070210993675437 
0.070189369044801 
0.070167785475402 
0.070146242883817 
0.070124741183718 
0.070103280285895 
0.070081860098277 
0.070060480525963 
0.070039141471245 
0.070017842833641 
0.069996584509929 
0.069975366394173 
0.069954188377766 
0.069933050349461 
0.069911952195409 
0.069890893799198 
0.069869875041894 
0.069848895802078 
0.069827955955892 
0.069807055377074 
0.069786193937010 
0.069765371504769 
0.069744587947149 
0.069723843128724 
0.069703136911884 
0.069682469156878 
0.069661839721869 
0.069641248462964 
0.069620695234267 
0.069600179887922 
0.069579702274156 
0.069559262241323 
0.069538859635947 
0.069518494302764 
0.069498166084770 
0.069477874823255 
0.069457620357850 
0.069437402526566 
0.069417221165833 
0.069397076110545 
0.069376967194091 
0.069356894248402 
0.069336857103979 
0.069316855589939 
0.069296889534044 
0.069276958762740 
0.069257063101193 
0.069237202373315 
0.069217376401809 
0.069197585008190 
0.069177828012824 
0.069158105234955 
0.069138416492736 
0.069118761603260 
0.069099140382586 
0.069079552645770 
0.069059998206888 
0.069040476879070 
0.069020988474521 
0.069001532804548 
0.068982109679584 
0.068962718909217 
0.068943360302213 
0.068924033666536 
0.068904738809380 
0.068885475537187 
0.068866243655670 
0.068847042969841 
0.068827873284029 
0.068808734401911 
0.068789626126526 
0.068770548260307 
0.068751500605096 
0.068732482962179 
0.068713495132296 
0.068694536915678 
0.068675608112064 
0.068656708520730 
0.068637837940514 
0.068618996169837 
0.068600183006742 
0.068581398248904 
0.068562641693677 
0.068543913138105 
0.068525212378966 
0.068506539212797 
0.068487893435921 
0.068469274844486 
0.068450683234496 
0.068432118401846 
0.068413580142357 
0.068395068251814 
0.068376582526002 
0.068358122760748 
0.068339688751961 
0.068321280295673 
0.068302897188083 
0.068284539225601 
0.068266206204896 
0.068247897922947 
0.068229614177083 
0.068211354765043 
0.068193119485025 
0.068174908135741 
0.068156720516473 
0.068138556427130 
0.068120415668307 
0.068102298041347 
0.068084203348409 
0.068066131392518 
0.068048081977646 
0.068030054908775 
0.068012049991966 
0.067994067034427 
0.067976105844596 
0.067958166232206 
0.067940248008369 
0.067922350985649 
0.067904474978143 
0.067886619801568 
0.067868785273337 
0.067850971212645 
0.067833177440560 
0.067815403780107 
0.067797650056355 
0.067779916096511 
0.067762201730010 
0.067744506788608 
0.067726831106470 
0.067709174520274 
0.067691536869299 
0.067673917995521 
0.067656317743715 
0.067638735961544 
0.067621172499662 
0.067603627211809 
0.067586099954906 
0.067568590589157 
0.067551098978138 
0.067533624988900 
0.067516168492059 
0.067498729361894 
0.067481307476435 
0.067463902717560 
0.067446514971083 
0.067429144126837 
0.067411790078766 
0.067394452725009 
0.067377131967972 
0.067359827714417 
0.067342539875531 
0.067325268366998 
0.067308013109067 
0.067290774026619 
0.067273551049222 
0.067256344111189 
0.067239153151629 
0.067221978114492 
0.067204818948610 
0.067187675607733 
0.067170548050555 
0.067153436240743 
0.067136340146948 
0.067119259742822 
0.067102195007021 
0.067085145923197 
0.067068112479997 
0.067051094671043 
0.067034092494905 
0.067017105955077 
0.067000135059932 
0.066983179822683 
0.066966240261321 
0.066949316398558 
0.066932408261763 
0.066915515882874 
0.066898639298324 
0.066881778548944 
0.066864933679864 
0.066848104740406 
0.066831291783972 
0.066814494867918 
0.066797714053433 
0.066780949405394 
0.066764200992234 
0.066747468885787 
0.066730753161139 
0.066714053896464 
0.066697371172864 
0.066680705074195 
0.066664055686896 
0.066647423099803 
0.066630807403977 
0.066614208692508 
0.066597627060330 
0.066581062604031 
0.066564515421654 
0.066547985612506 
0.066531473276961 
0.066514978516254 
0.066498501432298 
0.066482042127471 
0.066465600704430 
0.066449177265907 
0.066432771914520 
0.066416384752577 
0.066400015881890 
0.066383665403580 
0.066367333417904 
0.066351020024064 
0.066334725320040 
0.066318449402409 
0.066302192366184 
0.066285954304651 
0.066269735309211 
0.066253535469230 
0.066237354871891 
0.066221193602059 
0.066205051742147 
0.066188929371989 
0.066172826568720 
0.066156743406665 
0.066140679957232 
0.066124636288816 
0.066108612466703 
0.066092608552988 
0.066076624606498 
0.066060660682724 
0.066044716833754 
0.066028793108218 
0.066012889551242 
0.065997006204403 
0.065981143105696 
0.065965300289507 
0.065949477786586 
0.065933675624037 
0.065917893825309 
0.065902132410191 
0.065886391394816 
0.065870670791669 
0.065854970609604 
0.065839290853866 
0.065823631526106 
0.065807992624422 
0.065792374143388 
0.065776776074093 
0.065761198404188 
0.065745641117930 
0.065730104196229 
0.065714587616714 
0.065699091353780 
0.065683615378651 
0.065668159659448 
0.065652724161250 
0.065637308846164 
0.065621913673399 
0.065606538599333 
0.065591183577589 
0.065575848559112 
0.065560533492242 
0.065545238322799 
0.065529962994156 
0.065514707447322 
0.065499471621014 
0.065484255451752 
0.065469058873925 
0.065453881819881 
0.065438724220005 
0.065423586002797 
0.065408467094956 
0.065393367421458 
0.065378286905634 
0.065363225469248 
0.065348183032579 
0.065333159514491 
0.065318154832512 
0.065303168902908 
0.065288201640759 
0.065273252960028 
0.065258322773630 
0.065243410993508 
0.065228517530696 
0.065213642295385 
0.065198785196994 
0.065183946144229 
0.065169125045145 
0.065154321807215 
0.065139536337374 
0.065124768542091 
0.065110018327417 
0.065095285599045 
0.065080570262355 
0.065065872222472 
0.065051191384315 
0.065036527652641 
0.065021880932095 
0.065007251127253 
0.064992638142667 
0.064978041882904 
0.064963462252591 
0.064948899156449 
0.064934352499330 
0.064919822186257 
0.064905308122454 
0.064890810213382 
0.064876328364769 
0.064861862482639 
0.064847412473342 
0.064832978243583 
0.064818559700444 
0.064804156751415 
0.064789769304408 
0.064775397267790 
0.064761040550398 
0.064746699061562 
0.064732372711122 
0.064718061409447 
0.064703765067452 
0.064689483596613 
0.064675216908982 
0.064660964917203 
0.064646727534523 
0.064632504674805 
0.064618296252539 
0.064604102182853 
0.064589922381520 
0.064575756764971 
0.064561605250300 
0.064547467755273 
0.064533344198334 
0.064519234498612 
0.064505138575924 
0.064491056350781 
0.064476987744394 
0.064462932678674 
0.064448891076238 
0.064434862860409 
0.064420847955221 
0.064406846285418 
0.064392857776454 
0.064378882354496 
0.064364919946424 
0.064350970479829 
0.064337033883016 
0.064323110084993 
0.064309199015484 
0.064295300604916 
0.064281414784421 
0.064267541485835 
0.064253680641692 
0.064239832185222 
0.064225996050350 
0.064212172171690 
0.064198360484541 
0.064184560924886 
0.064170773429383 
0.064156997935368 
0.064143234380842 
0.064129482704469 
0.064115742845575 
0.064102014744140 
0.064088298340789 
0.064074593576797 
0.064060900394071 
0.064047218735153 
0.064033548543211 
0.064019889762034 
0.064006242336026 
0.063992606210199 
0.063978981330167 
0.063965367642143 
0.063951765092931 
0.063938173629913 
0.063924593201055 
0.063911023754890 
0.063897465240520 
0.063883917607604 
0.063870380806350 
0.063856854787516 
0.063843339502395 
0.063829834902814 
0.063816340941126 
0.063802857570205 
0.063789384743434 
0.063775922414705 
0.063762470538409 
0.063749029069430 
0.063735597963137 
0.063722177175381 
0.063708766662488 
0.063695366381247 
0.063681976288913 
0.063668596343191 
0.063655226502236 
0.063641866724644 
0.063628516969448 
0.063615177196106 
0.063601847364504 
0.063588527434944 
0.063575217368134 
0.063561917125192 
0.063548626667633 
0.063535345957363 
0.063522074956678 
0.063508813628251 
0.063495561935133 
0.063482319840742 
0.063469087308862 
0.063455864303634 
0.063442650789552 
0.063429446731456 
0.063416252094527 
0.063403066844284 
0.063389890946576 
0.063376724367575 
0.063363567073779 
0.063350419031998 
0.063337280209351 
0.063324150573262 
0.063311030091460 
0.063297918731963 
0.063284816463084 
0.063271723253421 
0.063258639071853 
0.063245563887534 
0.063232497669893 
0.063219440388623 
0.063206392013685 
0.063193352515295 
0.063180321863926 
0.063167300030299 
0.063154286985383 
0.063141282700390 
0.063128287146769 
0.063115300296202 
0.063102322120605 
0.063089352592117 
0.063076391683102 
0.063063439366144 
0.063050495614039 
0.063037560399800 
0.063024633696644 
0.063011715477996 
0.062998805717481 
0.062985904388923 
0.062973011466343 
0.062960126923951 
0.062947250736148 
0.062934382877519 
0.062921523322833 
0.062908672047036 
0.062895829025255 
0.062882994232787 
0.062870167645104 
0.062857349237843 
0.062844538986806 
0.062831736867963 
0.062818942857438 
0.062806156931516 
0.062793379066638 
0.062780609239395 
0.062767847426530 
0.062755093604933 
0.062742347751642 
0.062729609843833 
0.062716879858828 
0.062704157774085 
0.062691443567198 
0.062678737215900 
0.062666038698049 
0.062653347991638 
0.062640665074786 
0.062627989925742 
0.062615322522873 
0.062602662844671 
0.062590010869749 
0.062577366576838 
0.062564729944784 
0.062552100952550 
0.062539479579209 
0.062526865803946 
0.062514259606057 
0.062501660964945 
0.062489069860116 
0.062476486271183 
0.062463910177860 
0.062451341559963 
0.062438780397407 
0.062426226670204 
0.062413680358461 
0.062401141442380 
0.062388609902259 
0.062376085718482 
0.062363568871527 
0.062351059341957 
0.062338557110425 
0.062326062157666 
0.062313574464500 
0.062301094011830 
0.062288620780639 
0.062276154751990 
0.062263695907023 
0.062251244226953 
0.062238799693072 
0.062226362286747 
0.062213931989414 
0.062201508782579 
0.062189092647821 
0.062176683566783 
0.062164281521176 
0.062151886492776 
0.062139498463421 
0.062127117415013 
0.062114743329513 
0.062102376188942 
0.062090015975378 
0.062077662670955 
0.062065316257863 
0.062052976718342 
0.062040644034688 
0.062028318189245 
0.062015999164408 
0.062003686942615 
0.061991381506353 
0.061979082838155 
0.061966790920592 
0.061954505736280 
0.061942227267874 
0.061929955498069 
0.061917690409592 
0.061905431985209 
0.061893180207721 
0.061880935059955 
0.061868696524774 
0.061856464585068 
0.061844239223752 
0.061832020423772 
0.061819808168092 
0.061807602439703 
0.061795403221612 
0.061783210496850 
0.061771024248461 
0.061758844459509 
0.061746671113067 
0.061734504192223 
0.061722343680076 
0.061710189559729 
0.061698041814299 
0.061685900426903 
0.061673765380663 
0.061661636658702 
0.061649514244144 
0.061637398120109 
0.061625288269714 
0.061613184676071 
0.061601087322284 
0.061588996191445 
0.061576911266638 
0.061564832530933 
0.061552759967384 
0.061540693559027 
0.061528633288882 
0.061516579139945 
0.061504531095190 
0.061492489137567 
0.061480453249998 
0.061468423415377 
0.061456399616568 
0.061444381836400 
0.061432370057671 
0.061420364263138 
0.061408364435522 
0.061396370557504 
0.061384382611719 
0.061372400580761 
0.061360424447175 
0.061348454193459 
0.061336489802059 
0.061324531255369 
0.061312578535728 
0.061300631625417 
0.061288690506661 
0.061276755161623 
0.061264825572403 
0.061252901721037 
0.061240983589494 
0.061229071159675 
0.061217164413408 
0.061205263332454 
0.061193367898492 
0.061181478093133 
0.061169593897903 
0.061157715294250 
0.061145842263543 
0.061133974787062 
0.061122112846003 
0.061110256421479 
0.061098405494506 
0.061086560046016 
0.061074720056842 
0.061062885507726 
0.061051056379315 
0.061039232652154 
0.061027414306692 
0.061015601323277 
0.061003793682150 
0.060991991363451 
0.060980194347216 
0.060968402613370 
0.060956616141731 
0.060944834912008 
0.060933058903798 
0.060921288096584 
0.060909522469740 
0.060897762002518 
0.060886006674061 
0.060874256463392 
0.060862511349413 
0.060850771310913 
0.060839036326556 
0.060827306374889 
0.060815581434337 
0.060803861483202 
0.060792146499663 
0.060780436461778 
0.060768731347479 
0.060757031134577 
0.060745335800757 
0.060733645323580 
0.060721959680484 
0.060710278848782 
0.060698602805661 
0.060686931528187 
0.060675264993302 
0.060663603177822 
0.060651946058442 
0.060640293611737 
0.060628645814157 
0.060617002642035 
0.060605364071583 
0.060593730078895 
0.060582100639948 
0.060570475730602 
0.060558855326606 
0.060547239403592 
0.060535627937088 
0.060524020902505 
0.060512418275155 
0.060500820030240 
0.060489226142865 
0.060477636588031 
0.060466051340644 
0.060454470375518 
0.060442893667374 
0.060431321190845 
0.060419752920482 
0.060408188830755 
0.060396628896055 
0.060385073090704 
0.060373521388951 
0.060361973764984 
0.060350430192930 
0.060338890646859 
0.060327355100795 
0.060315823528713 
0.060304295904551 
0.060292772202211 
0.060281252395566 
0.060269736458470 
0.060258224364756 
0.060246716088251 
0.060235211602779 
0.060223710882163 
0.060212213900239 
0.060200720630864 
0.060189231047915 
0.060177745125308 
0.060166262836996 
0.060154784156983 
0.060143309059330 
0.060131837518164 
0.060120369507690 
0.060108905002193 
0.060097443976056 
0.060085986403763 
0.060074532259910 
0.060063081519219 
0.060051634156542 
0.060040190146876 
0.060028749465373 
0.060017312087349 
0.060005877988295 
0.059994447143891 
0.059983019530015 
0.059971595122753 
0.059960173898417 
0.059948755833548 
0.059937340904937 
0.059925929089631 
0.059914520364948 
0.059903114708489 
0.059891712098152 
0.059880312512139 
0.059868915928976 
0.059857522327525 
0.059846131686993 
0.059834743986947 
0.059823359207329 
0.059811977328467 
0.059800598331087 
0.059789222196330 
0.059777848905762 
0.059766478441389 
0.059755110785672 
0.059743745921533 
0.059732383832377 
0.059721024502098 
0.059709667915097 
0.059698314056290 
0.059686962911124 
0.059675614465590 
0.059664268706231 
0.059652925620158 
0.059641585195060 
0.059630247419218 
0.059618912281511 
0.059607579771433 
0.059596249879103 
0.059584922595268 
0.059573597911328 
0.059562275819326 
0.059550956311979 
0.059539639382668 
0.059528325025458 
0.059517013235104 
0.059505704007056 
0.059494397337471 
0.059483093223214 
0.059471791661870 
0.059460492651745 
0.059449196191877 
0.059437902282036 
0.059426610922732 
0.059415322115214 
0.059404035861481 
0.059392752164277 
0.059381471027099 
0.059370192454196 
0.059358916450573 
0.059347643021988 
0.059336372174953 
0.059325103916739 
0.059313838255371 
0.059302575199625 
0.059291314759030 
0.059280056943867 
0.059268801765162 
0.059257549234688 
0.059246299364958 
0.059235052169225 
0.059223807661478 
0.059212565856433 
0.059201326769536 
0.059190090416953 
0.059178856815572 
0.059167625982990 
0.059156397937514 
0.059145172698157 
0.059133950284629 
0.059122730717338 
0.059111514017382 
0.059100300206546 
0.059089089307299 
0.059077881342792 
0.059066676336850 
0.059055474313975 
0.059044275299343 
0.059033079318801 
0.059021886398869 
0.059010696566737 
0.058999509850272 
0.058988326278011 
0.058977145879174 
0.058965968683660 
0.058954794722055 
0.058943624025642 
0.058932456626407 
0.058921292557040 
0.058910131850957 
0.058898974542306 
0.058887820665980 
0.058876670257631 
0.058865523353693 
0.058854379991389 
0.058843240208764 
0.058832104044693 
0.058820971538916 
0.058809842732056 
0.058798717665648 
0.058787596382166 
0.058776478925059 
0.058765365338778 
0.058754255668810 
0.058743149961722 
0.058732048265188 
0.058720950628038 
0.058709857100296 
0.058698767733222 
0.058687682579359 
0.058676601692581 
0.058665525128138 
0.058654452942711 
0.058643385194456 
0.058632321943064 
0.058621263249811 
0.058610209177613 
0.058599159791081 
0.058588115156584 
0.058577075342298 
0.058566040418268 
0.058555010456471 
0.058543985530864 
0.058532965717455 
0.058521951094354 
0.058510941741833 
0.058499937742384 
0.058488939180777 
0.058477946144117 
0.058466958721897 
0.058455977006051 
0.058445001091011 
0.058434031073751 
0.058423067053840 
0.058412109133485 
0.058401157417576 
0.058390212013725 
0.058379273032304 
0.058368340586480 
0.058357414792243 
0.058346495768435 
0.058335583636773 
0.058324678521865 
0.058313780551229 
0.058302889855293 
0.058292006567412 
0.058281130823859 
0.058270262763819 
0.058259402529386 
0.058248550265536 
0.058237706120111 
0.058226870243790 
0.058216042790054 
0.058205223915147 
0.058194413778029 
0.058183612540325 
0.058172820366266 
0.058162037422628 
0.058151263878652 
0.058140499905981 
0.058129745678570 
0.058119001372594 
0.058108267166361 
0.058097543240210 
0.058086829776404 
0.058076126959021 
0.058065434973837 
0.058054754008206 
0.058044084250933 
0.058033425892143 
0.058022779123150 
0.058012144136318 
0.058001521124915 
0.057990910282971 
0.057980311805132 
0.057969725886501 
0.057959152722495 
0.057948592508680 
0.057938045440621 
0.057927511713719 
0.057916991523059 
0.057906485063239 
0.057895992528220 
0.057885514111164 
0.057875050004272 
0.057864600398632 
0.057854165484055 
0.057843745448924 
0.057833340480043 
0.057822950762484 
0.057812576479438 
0.057802217812071 
0.057791874939383 
0.057781548038071 
0.057771237282389 
0.057760942844027 
0.057750664891973 
0.057740403592403 
0.057730159108558 
0.057719931600630 
0.057709721225662 
0.057699528137439 
0.057689352486397 
0.057679194419527 
0.057669054080290 
0.057658931608545 
0.057648827140460 
0.057638740808453 
0.057628672741129 
0.057618623063214 
0.057608591895512 
0.057598579354854 
0.057588585554056 
0.057578610601884 
0.057568654603026 
0.057558717658066 
0.057548799863459 
0.057538901311526 
0.057529022090437 
0.057519162284206 
0.057509321972697 
0.057499501231622 
0.057489700132553 
0.057479918742933 
0.057470157126096 
0.057460415341287 
0.057450693443687 
0.057440991484440 
0.057431309510687 
0.057421647565602 
0.057412005688429 
0.057402383914522 
0.057392782275393 
0.057383200798757 
0.057373639508580 
0.057364098425134 
0.057354577565047 
0.057345076941358 
0.057335596563581 
0.057326136437757 
0.057316696566518 
0.057307276949151 
0.057297877581653 
0.057288498456805 
0.057279139564233 
0.057269800890476 
0.057260482419048 
0.057251184130507 
0.057241906002530 
0.057232648009971 
0.057223410124937 
0.057214192316849 
0.057204994552519 
0.057195816796216 
0.057186659009730 
0.057177521152446 
0.057168403181409 
0.057159305051394 
0.057150226714970 
0.057141168122569 
0.057132129222554 
0.057123109961281 
0.057114110283167 
0.057105130130753 
0.057096169444768 
0.057087228164194 
0.057078306226323 
0.057069403566826 
0.057060520119805 
0.057051655817858 
0.057042810592135 
0.057033984372401 
0.057025177087086 
0.057016388663342 
0.057007619027103 
0.056998868103133 
0.056990135815080 
0.056981422085530 
0.056972726836059 
0.056964049987276 
0.056955391458877 
0.056946751169694 
0.056938129037737 
0.056929524980242 
0.056920938913719 
0.056912370753987 
0.056903820416225 
0.056895287815010 
0.056886772864355 
0.056878275477757 
0.056869795568226 
0.056861333048326 
0.056852887830217 
0.056844459825680 
0.056836048946163 
0.056827655102808 
0.056819278206483 
0.056810918167821 
0.056802574897246 
0.056794248305001 
0.056785938301185 
0.056777644795772 
0.056769367698649 
0.056761106919636 
0.056752862368511 
0.056744633955042 
0.056736421589007 
0.056728225180216 
0.056720044638542 
0.056711879873933 
0.056703730796438 
0.056695597316232 
0.056687479343633 
0.056679376789116 
0.056671289563340 
0.056663217577164 
0.056655160741663 
0.056647118968146 
0.056639092168170 
0.056631080253559 
0.056623083136421 
0.056615100729154 
0.056607132944471 
0.056599179695403 
0.056591240895321 
0.056583316457944 
0.056575406297350 
0.056567510327991 
0.056559628464699 
0.056551760622703 
0.056543906717634 
0.056536066665537 
0.056528240382875 
0.056520427786550 
0.056512628793898 
0.056504843322706 
0.056497071291212 
0.056489312618120 
0.056481567222599 
0.056473835024297 
0.056466115943343 
0.056458409900351 
0.056450716816431 
0.056443036613188 
0.056435369212730 
0.056427714537672 
0.056420072511142 
0.056412443056781 
0.056404826098749 
0.056397221561727 
0.056389629370920 
0.056382049452065 
0.056374481731424 
0.056366926135794 
0.056359382592507 
0.056351851029431 
0.056344331374968 
0.056336823558065 
0.056329327508204 
0.056321843155411 
0.056314370430255 
0.056306909263846 
0.056299459587835 
0.056292021334419 
0.056284594436336 
0.056277178826870 
0.056269774439843 
0.056262381209624 
0.056254999071118 
0.056247627959775 
0.056240267811582 
0.056232918563067 
0.056225580151295 
0.056218252513865 
0.056210935588914 
0.056203629315110 
0.056196333631653 
0.056189048478272 
0.056181773795225 
0.056174509523294 
0.056167255603787 
0.056160011978532 
0.056152778589877 
0.056145555380688 
0.056138342294342 
0.056131139274732 
0.056123946266258 
0.056116763213827 
0.056109590062851 
0.056102426759242 
0.056095273249411 
0.056088129480265 
0.056080995399203 
0.056073870954113 
0.056066756093370 
0.056059650765833 
0.056052554920839 
0.056045468508204 
0.056038391478217 
0.056031323781638 
0.056024265369693 
0.056017216194073 
0.056010176206929 
0.056003145360869 
0.055996123608955 
0.055989110904698 
0.055982107202058 
0.055975112455437 
0.055968126619676 
0.055961149650054 
0.055954181502281 
0.055947222132499 
0.055940271497274 
0.055933329553592 
0.055926396258861 
0.055919471570903 
0.055912555447951 
0.055905647848646 
0.055898748732034 
0.055891858057560 
0.055884975785069 
0.055878101874797 
0.055871236287373 
0.055864378983809 
0.055857529925502 
0.055850689074229 
0.055843856392141 
0.055837031841763 
0.055830215385990 
0.055823406988080 
0.055816606611654 
0.055809814220689 
0.055803029779522 
0.055796253252837 
0.055789484605669 
0.055782723803395 
0.055775970811735 
0.055769225596746 
0.055762488124819 
0.055755758362678 
0.055749036277373 
0.055742321836280 
0.055735615007096 
0.055728915757833 
0.055722224056819 
0.055715539872696 
0.055708863174411 
0.055702193931217 
0.055695532112669 
0.055688877688619 
0.055682230629218 
0.055675590904905 
0.055668958486408 
0.055662333344746 
0.055655715451216 
0.055649104777398 
0.055642501295147 
0.055635904976594 
0.055629315794137 
0.055622733720448 
0.055616158728459 
0.055609590791367 
0.055603029882625 
0.055596475975946 
0.055589929045295 
0.055583389064888 
0.055576856009189 
0.055570329852906 
0.055563810570992 
0.055557298138636 
0.055550792531266 
0.055544293724544 
0.055537801694364 
0.055531316416848 
0.055524837868345 
0.055518366025426 
0.055511900864886 
0.055505442363736 
0.055498990499204 
0.055492545248732 
0.055486106589971 
0.055479674500782 
0.055473248959231 
0.055466829943588 
0.055460417432325 
0.055454011404111 
0.055447611837813 
0.055441218712488 
0.055434832007390 
0.055428451701959 
0.055422077775823 
0.055415710208794 
0.055409348980866 
0.055402994072215 
0.055396645463192 
0.055390303134328 
0.055383967066322 
0.055377637240048 
0.055371313636549 
0.055364996237035 
0.055358685022880 
0.055352379975620 
0.055346081076953 
0.055339788308737 
0.055333501652984 
0.055327221091861 
0.055320946607688 
0.055314678182936 
0.055308415800224 
0.055302159442319 
0.055295909092130 
0.055289664732710 
0.055283426347255 
0.055277193919097 
0.055270967431706 
0.055264746868686 
0.055258532213779 
0.055252323450851 
0.055246120563904 
0.055239923537065 
0.055233732354588 
0.055227547000852 
0.055221367460356 
0.055215193717723 
0.055209025757693 
0.055202863565125 
0.055196707124992 
0.055190556422384 
0.055184411442500 
0.055178272170652 
0.055172138592260 
0.055166010692852 
0.055159888458063 
0.055153771873632 
0.055147660925399 
0.055141555599307 
0.055135455881400 
0.055129361757818 
0.055123273214797 
0.055117190238672 
0.055111112815870 
0.055105040932907 
0.055098974576395 
0.055092913733033 
0.055086858389610 
0.055080808532999 
0.055074764150158 
0.055068725228133 
0.055062691754048 
0.055056663715110 
0.055050641098608 
0.055044623891905 
0.055038612082446 
0.055032605657750 
0.055026604605410 
0.055020608913094 
0.055014618568541 
0.055008633559561 
0.055002653874037 
0.054996679499916 
0.054990710425215 
0.054984746638018 
0.054978788126471 
0.054972834878789 
0.054966886883245 
0.054960944128176 
0.054955006601982 
0.054949074293117 
0.054943147190097 
0.054937225281498 
0.054931308555947 
0.054925397002131 
0.054919490608787 
0.054913589364709 
0.054907693258743 
0.054901802279785 
0.054895916416783 
0.054890035658734 
0.054884159994683 
0.054878289413723 
0.054872423904995 
0.054866563457683 
0.054860708061020 
0.054854857704281 
0.054849012376782 
0.054843172067886 
0.054837336766996 
0.054831506463553 
0.054825681147042 
0.054819860806985 
0.054814045432943 
0.054808235014515 
0.054802429541336 
0.054796629003080 
0.054790833389451 
0.054785042690193 
0.054779256895082 
0.054773475993927 
0.054767699976570 
0.054761928832886 
0.054756162552779 
0.054750401126186 
0.054744644543073 
0.054738892793436 
0.054733145867300 
0.054727403754719 
0.054721666445769 
0.054715933930561 
0.054710206199227 
0.054704483241929 
0.054698765048850 
0.054693051610201 
0.054687342916218 
0.054681638957157 
0.054675939723300 
0.054670245204953 
0.054664555392441 
0.054658870276115 
0.054653189846342 
0.054647514093515 
0.054641843008045 
0.054636176580365 
0.054630514800924 
0.054624857660194 
0.054619205148665 
0.054613557256843 
0.054607913975255 
0.054602275294444 
0.054596641204971 
0.054591011697415 
0.054585386762368 
0.054579766390441 
0.054574150572262 
0.054568539298471 
0.054562932559726 
0.054557330346701 
0.054551732650081 
0.054546139460568 
0.054540550768877 
0.054534966565738 
0.054529386841892 
0.054523811588096 
0.054518240795118 
0.054512674453739 
0.054507112554754 
0.054501555088969 
0.054496002047202 
0.054490453420283 
0.054484909199055 
0.054479369374369 
0.054473833937090 
0.054468302878092 
0.054462776188262 
0.054457253858496 
0.054451735879700 
0.054446222242793 
0.054440712938701 
0.054435207958361 
0.054429707292718 
0.054424210932730 
0.054418718869364 
0.054413231093591 
0.054407747596399 
0.054402268368780 
0.054396793401735 
0.054391322686277 
0.054385856213424 
0.054380393974202 
0.054374935959650 
0.054369482160812 
0.054364032568742 
0.054358587174500 
0.054353145969154 
0.054347708943782 
0.054342276089469 
0.054336847397309 
0.054331422858400 
0.054326002463852 
0.054320586204780 
0.054315174072306 
0.054309766057562 
0.054304362151684 
0.054298962345819 
0.054293566631119 
0.054288174998743 
0.054282787439859 
0.054277403945640 
0.054272024507267 
0.054266649115929 
0.054261277762820 
0.054255910439143 
0.054250547136106 
0.054245187844925 
0.054239832556824 
0.054234481263032 
0.054229133954786 
0.054223790623327 
0.054218451259908 
0.054213115855785 
0.054207784402220 
0.054202456890486 
0.054197133311859 
0.054191813657623 
0.054186497919068 
0.054181186087492 
0.054175878154200 
0.054170574110501 
0.054165273947715 
0.054159977657164 
0.054154685230181 
0.054149396658102 
0.054144111932272 
0.054138831044043 
0.054133553984773 
0.054128280745826 
0.054123011318574 
0.054117745694395 
0.054112483864674 
0.054107225820805 
0.054101971554184 
0.054096721056219 
0.054091474318321 
0.054086231331909 
0.054080992088410 
0.054075756579258 
0.054070524795890 
0.054065296729756 
0.054060072372308 
0.054054851715009 
0.054049634749325 
0.054044421466731 
0.054039211858711 
0.054034005916753 
0.054028803632353 
0.054023604997013 
0.054018410002245 
0.054013218639565 
0.054008030900498 
0.054002846776578 
0.053997666259342 
0.053992489340337 
0.053987316011115 
0.053982146263238 
0.053976980088276 
0.053971817477801 
0.053966658423399 
0.053961502916659 
0.053956350949179 
0.053951202512563 
0.053946057598426 
0.053940916198386 
0.053935778304072 
0.053930643907118 
0.053925512999168 
0.053920385571870 
0.053915261616884 
0.053910141125875 
0.053905024090517 
0.053899910502489 
0.053894800353480 
0.053889693635188 
0.053884590339315 
0.053879490457574 
0.053874393981685 
0.053869300903375 
0.053864211214378 
0.053859124906439 
0.053854041971307 
0.053848962400744 
0.053843886186514 
0.053838813320393 
0.053833743794164 
0.053828677599617 
0.053823614728551 
0.053818555172773 
0.053813498924098 
0.053808445974348 
0.053803396315355 
0.053798349938959 
0.053793306837005 
0.053788267001351 
0.053783230423858 
0.053778197096399 
0.053773167010853 
0.053768140159109 
0.053763116533064 
0.053758096124621 
0.053753078925694 
0.053748064928203 
0.053743054124079 
0.053738046505259 
0.053733042063688 
0.053728040791322 
0.053723042680124 
0.053718047722063 
0.053713055909121 
0.053708067233283 
0.053703081686547 
0.053698099260918 
0.053693119948410 
0.053688143741042 
0.053683170630845 
0.053678200609858 
0.053673233670126 
0.053668269803706 
0.053663309002662 
0.053658351259065 
0.053653396564998 
0.053648444912548 
0.053643496293814 
0.053638550700902 
0.053633608125928 
0.053628668561013 
0.053623731998293 
0.053618798429905 
0.053613867847999 
0.053608940244732 
0.053604015612271 
0.053599093942793 
0.053594175228478 
0.053589259461519 
0.053584346634116 
0.053579436738479 
0.053574529766827 
0.053569625711384 
0.053564724564386 
0.053559826318076 
0.053554930964706 
0.053550038496539 
0.053545148905841 
0.053540262184891 
0.053535378325977 
0.053530497321392 
0.053525619163442 
0.053520743844438 
0.053515871356702 
0.053511001692560 
0.053506134844355 
0.053501270804430 
0.053496409565144 
0.053491551118857 
0.053486695457945 
0.053481842574787 
0.053476992461774 
0.053472145111304 
0.053467300515783 
0.053462458667628 
0.053457619559263 
0.053452783183119 
0.053447949531640 
0.053443118597274 
0.053438290372479 
0.053433464849723 
0.053428642021480 
0.053423821880237 
0.053419004418483 
0.053414189628722 
0.053409377503462 
0.053404568035222 
0.053399761216529 
0.053394957039917 
0.053390155497930 
0.053385356583121 
0.053380560288051 
0.053375766605288 
0.053370975527409 
0.053366187047002 
0.053361401156661 
0.053356617848988 
0.053351837116595 
0.053347058952102 
0.053342283348138 
0.053337510297339 
0.053332739792350 
0.053327971825824 
0.053323206390425 
0.053318443478821 
0.053313683083692 
0.053308925197723 
0.053304169813611 
0.053299416924059 
0.053294666521780 
0.053289918599492 
0.053285173149925 
0.053280430165816 
0.053275689639909 
0.053270951564957 
0.053266215933723 
0.053261482738977 
0.053256751973495 
0.053252023630064 
0.053247297701480 
0.053242574180543 
0.053237853060066 
0.053233134332865 
0.053228417991768 
0.053223704029612 
0.053218992439238 
0.053214283213499 
0.053209576345252 
0.053204871827367 
0.053200169652717 
0.053195469814187 
0.053190772304668 
0.053186077117060 
0.053181384244269 
0.053176693679212 
0.053172005414811 
0.053167319443998 
0.053162635759711 
0.053157954354898 
0.053153275222514 
0.053148598355522 
0.053143923746892 
0.053139251389603 
0.053134581276639 
0.053129913400996 
0.053125247755677 
0.053120584333689 
0.053115923128051 
0.053111264131786 
0.053106607337928 
0.053101952739517 
0.053097300329601 
0.053092650101236 
0.053088002047485 
0.053083356161418 
0.053078712436114 
0.053074070864658 
0.053069431440145 
0.053064794155674 
0.053060159004354 
0.053055525979301 
0.053050895073639 
0.053046266280496 
0.053041639593013 
0.053037015004335 
0.053032392507613 
0.053027772096008 
0.053023153762687 
0.053018537500827 
0.053013923303607 
0.053009311164217 
0.053004701075854 
0.053000093031721 
0.052995487025028 
0.052990883048993 
0.052986281096841 
0.052981681161804 
0.052977083237122 
0.052972487316039 
0.052967893391809 
0.052963301457693 
0.052958711506956 
0.052954123532874 
0.052949537528725 
0.052944953487800 
0.052940371403390 
0.052935791268799 
0.052931213077332 
0.052926636822307 
0.052922062497043 
0.052917490094871 
0.052912919609122 
0.052908351033141 
0.052903784360274 
0.052899219583876 
0.052894656697309 
0.052890095693940 
0.052885536567142 
0.052880979310297 
0.052876423916791 
0.052871870380020 
0.052867318693382 
0.052862768850282 
0.052858220844134 
0.052853674668357 
0.052849130316374 
0.052844587781618 
0.052840047057525 
0.052835508137537 
0.052830971015106 
0.052826435683686 
0.052821902136738 
0.052817370367732 
0.052812840370138 
0.052808312137438 
0.052803785663116 
0.052799260940664 
0.052794737963576 
0.052790216725358 
0.052785697219515 
0.052781179439563 
0.052776663379023 
0.052772149031416 
0.052767636390275 
0.052763125449139 
0.052758616201546 
0.052754108641044 
0.052749602761187 
0.052745098555531 
0.052740596017642 
0.052736095141086 
0.052731595919438 
0.052727098346277 
0.052722602415188 
0.052718108119759 
0.052713615453583 
0.052709124410264 
0.052704634983403 
0.052700147166609 
0.052695660953499 
0.052691176337688 
0.052686693312803 
0.052682211872472 
0.052677732010327 
0.052673253720008 
0.052668776995156 
0.052664301829419 
0.052659828216448 
0.052655356149899 
0.052650885623433 
0.052646416630714 
0.052641949165412 
0.052637483221201 
0.052633018791758 
0.052628555870766 
0.052624094451910 
0.052619634528880 
0.052615176095369 
0.052610719145075 
0.052606263671702 
0.052601809668954 
0.052597357130539 
0.052592906050174 
0.052588456421573 
0.052584008238457 
0.052579561494550 
0.052575116183581 
0.052570672299278 
0.052566229835379 
0.052561788785619 
0.052557349143740 
0.052552910903486 
0.052548474058603 
0.052544038602844 
0.052539604529961 
0.052535171833711 
0.052530740507852 
0.052526310546147 
0.052521881942361 
0.052517454690261 
0.052513028783617 
0.052508604216203 
0.052504180981793 
0.052499759074166 
0.052495338487101 
0.052490919214379 
0.052486501249788 
0.052482084587114 
0.052477669220143 
0.052473255142668 
0.052468842348483 
0.052464430831382 
0.052460020585161 
0.052455611603617 
0.052451203880551 
0.052446797409765 
0.052442392185061 
0.052437988200246 
0.052433585449122 
0.052429183925499 
0.052424783623184 
0.052420384535987 
0.052415986657717 
0.052411589982187 
0.052407194503209 
0.052402800214596 
0.052398407110161 
0.052394015183719 
0.052389624429086 
0.052385234840075 
0.052380846410502 
0.052376459134185 
0.052372073004938 
0.052367688016580 
0.052363304162926 
0.052358921437792 
0.052354539834995 
0.052350159348350 
0.052345779971672 
0.052341401698778 
0.052337024523481 
0.052332648439595 
0.052328273440935 
0.052323899521311 
0.052319526674536 
0.052315154894420 
0.052310784174773 
0.052306414509402 
0.052302045892114 
0.052297678316717 
0.052293311777011 
0.052288946266800 
0.052284581779884 
0.052280218310062 
0.052275855851131 
0.052271494396886 
0.052267133941118 
0.052262774477619 
0.052258416000177 
0.052254058502574 
0.052249701978597 
0.052245346422024 
0.052240991826633 
0.052236638186197 
0.052232285494488 
0.052227933745272 
0.052223582932317 
0.052219233049382 
0.052214884090225 
0.052210536048602 
0.052206188918259 
0.052201842692945 
0.052197497366401 
0.052193152932367 
0.052188809384575 
0.052184466716754 
0.052180124922629 
0.052175783995921 
0.052171443930343 
0.052167104719607 
0.052162766357418 
0.052158428837475 
0.052154092153474 
0.052149756299102 
0.052145421268042 
0.052141087053973 
0.052136753650564 
0.052132421051482 
0.052128089250386 
0.052123758240929 
0.052119428016756 
0.052115098571506 
0.052110769898814 
0.052106441992304 
0.052102114845593 
0.052097788452295 
0.052093462806012 
0.052089137900341 
0.052084813728868 
0.052080490285176 
0.052076167562834 
0.052071845555409 
0.052067524256455 
0.052063203659519 
0.052058883758138 
0.052054564545842 
0.052050246016150 
0.052045928162573 
0.052041610978613 
0.052037294457760 
0.052032978593497 
0.052028663379294 
0.052024348808615 
0.052020034874907 
0.052015721571612 
0.052011408892162 
0.052007096829973 
0.052002785378454 
0.051998474531000 
0.051994164280997 
0.051989854621817 
0.051985545546821 
0.051981237049358 
0.051976929122766 
0.051972621760367 
0.051968314955473 
0.051964008701383 
0.051959702991383 
0.051955397818744 
0.051951093176725 
0.051946789058569 
0.051942485457507 
0.051938182366758 
0.051933879779523 
0.051929577688988 
0.051925276088326 
0.051920974970695 
0.051916674329237 
0.051912374157079 
0.051908074447330 
0.051903775193088 
0.051899476387428 
0.051895178023415 
0.051890880094094 
0.051886582592493 
0.051882285511624 
0.051877988844479 
0.051873692584037 
0.051869396723254 
0.051865101255072 
0.051860806172412 
0.051856511468177 
0.051852217135252 
0.051847923166501 
0.051843629554771 
0.051839336292886 
0.051835043373654 
0.051830750789860 
0.051826458534271 
0.051822166599629 
0.051817874978660 
0.051813583664065 
0.051809292648525 
0.051805001924700 
0.051800711485226 
0.051796421322718 
0.051792131429769 
0.051787841798948 
0.051783552422799 
0.051779263293847 
0.051774974404589 
0.051770685747502 
0.051766397315033 
0.051762109099610 
0.051757821093635 
0.051753533289482 
0.051749245679500 
0.051744958256015 
0.051740671011324 
0.051736383937701 
0.051732097027391 
0.051727810272611 
0.051723523665554 
0.051719237198383 
0.051714950863232 
0.051710664652211 
0.051706378557396 
0.051702092570840 
0.051697806684563 
0.051693520890557 
0.051689235180784 
0.051684949547177 
0.051680663981636 
0.051676378476033 
0.051672093022208 
0.051667807611971 
0.051663522237100 
0.051659236889337 
0.051654951560398 
0.051650666241964 
0.051646380925683 
0.051642095603169 
0.051637810266005 
0.051633524905738 
0.051629239513881 
0.051624954081916 
0.051620668601285 
0.051616383063400 
0.051612097459635 
0.051607811781328 
0.051603526019784 
0.051599240166270 
0.051594954212014 
0.051590668148213 
0.051586381966022 
0.051582095656562 
0.051577809210911 
0.051573522620116 
0.051569235875182 
0.051564948967075 
0.051560661886724 
0.051556374625018 
0.051552087172807 
0.051547799520901 
0.051543511660070 
0.051539223581043 
0.051534935274510 
0.051530646731122 
0.051526357941484 
0.051522068896165 
0.051517779585689 
0.051513490000540 
0.051509200131158 
0.051504909967946 
0.051500619501259 
0.051496328721413 
0.051492037618678 
0.051487746183284 
0.051483454405418 
0.051479162275221 
0.051474869782794 
0.051470576918188 
0.051466283671417 
0.051461990032447 
0.051457695991202 
0.051453401537562 
0.051449106661359 
0.051444811352384 
0.051440515600383 
0.051436219395056 
0.051431922726059 
0.051427625583002 
0.051423327955452 
0.051419029832931 
0.051414731204914 
0.051410432060833 
0.051406132390074 
0.051401832181978 
0.051397531425843 
0.051393230110918 
0.051388928226411 
0.051384625761485 
0.051380322705256 
0.051376019046797 
0.051371714775137 
0.051367409879261 
0.051363104348110 
0.051358798170579 
0.051354491335522 
0.051350183831749 
0.051345875648027 
0.051341566773079 
0.051337257195587 
0.051332946904192 
0.051328635887489 
0.051324324134037 
0.051320011632350 
0.051315698370904 
0.051311384338133 
0.051307069522435 
0.051302753912165 
0.051298437495641 
0.051294120261145 
0.051289802196919 
0.051285483291171 
0.051281163532072 
0.051276842907758 
0.051272521406333 
0.051268199015864 
0.051263875724388 
0.051259551519910 
0.051255226390402 
0.051250900323809 
0.051246573308048 
0.051242245331004 
0.051237916380541 
0.051233586444492 
0.051229255510672 
0.051224923566866 
0.051220590600842 
0.051216256600346 
0.051211921553107 
0.051207585446834 
0.051203248269222 
0.051198910007948 
0.051194570650681 
0.051190230185075 
0.051185888598776 
0.051181545879423 
0.051177202014647 
0.051172856992077 
0.051168510799338 
0.051164163424056 
0.051159814853859 
0.051155465076379 
0.051151114079255 
0.051146761850133 
0.051142408376671 
0.051138053646540 
0.051133697647426 
0.051129340367034 
0.051124981793089 
0.051120621913341 
0.051116260715568 
0.051111898187570 
0.051107534317188 
0.051103169092291 
0.051098802500791 
0.051094434530636 
0.051090065169822 
0.051085694406393 
0.051081322228439 
0.051076948624110 
0.051072573581610 
0.051068197089208 
0.051063819135234 
0.051059439708088 
0.051055058796243 
0.051050676388249 
0.051046292472736 
0.051041907038417 
0.051037520074095 
0.051033131568666 
0.051028741511121 
0.051024349890555 
0.051019956696166 
0.051015561917266 
0.051011165543279 
0.051006767563748 
0.051002367968343 
0.050997966746861 
0.050993563889234 
0.050989159385533 
0.050984753225973 
0.050980345400916 
0.050975935900883 
0.050971524716550 
0.050967111838761 
0.050962697258528 
0.050958280967038 
0.050953862955664 
0.050949443215961 
0.050945021739677 
0.050940598518760 
0.050936173545359 
0.050931746811836 
0.050927318310765 
0.050922888034943 
0.050918455977393 
0.050914022131372 
0.050909586490376 
0.050905149048145 
0.050900709798670 
0.050896268736202 
0.050891825855250 
0.050887381150596 
0.050882934617296 
0.050878486250687 
0.050874036046395 
0.050869584000337 
0.050865130108733 
0.050860674368106 
0.050856216775291 
0.050851757327445 
0.050847296022043 
0.050842832856894 
0.050838367830141 
0.050833900940268 
0.050829432186109 
0.050824961566850 
0.050820489082036 
0.050816014731578 
0.050811538515756 
0.050807060435226 
0.050802580491026 
0.050798098684581 
0.050793615017705 
0.050789129492615 
0.050784642111924 
0.050780152878656 
0.050775661796246 
0.050771168868545 
0.050766674099824 
0.050762177494783 
0.050757679058547 
0.050753178796679 
0.050748676715178 
0.050744172820482 
0.050739667119478 
0.050735159619500 
0.050730650328333 
0.050726139254217 
0.050721626405849 
0.050717111792388 
0.050712595423456 
0.050708077309136 
0.050703557459981 
0.050699035887012 
0.050694512601718 
0.050689987616063 
0.050685460942479 
0.050680932593876 
0.050676402583635 
0.050671870925612 
0.050667337634136 
0.050662802724011 
0.050658266210516 
0.050653728109399 
0.050649188436883 
0.050644647209662 
0.050640104444897 
0.050635560160217 
0.050631014373717 
0.050626467103955 
0.050621918369948 
0.050617368191171 
0.050612816587553 
0.050608263579477 
0.050603709187768 
0.050599153433697 
0.050594596338976 
0.050590037925748 
0.050585478216584 
0.050580917234485 
0.050576355002869 
0.050571791545565 
0.050567226886814 
0.050562661051257 
0.050558094063929 
0.050553525950255 
0.050548956736045 
0.050544386447481 
0.050539815111113 
0.050535242753852 
0.050530669402962 
0.050526095086052 
0.050521519831068 
0.050516943666283 
0.050512366620291 
0.050507788721998 
0.050503210000609 
0.050498630485627 
0.050494050206836 
0.050489469194299 
0.050484887478338 
0.050480305089537 
0.050475722058724 
0.050471138416963 
0.050466554195547 
0.050461969425980 
0.050457384139979 
0.050452798369452 
0.050448212146498 
0.050443625503388 
0.050439038472558 
0.050434451086601 
0.050429863378253 
0.050425275380384 
0.050420687125990 
0.050416098648174 
0.050411509980149 
0.050406921155213 
0.050402332206753 
0.050397743168219 
0.050393154073130 
0.050388564955048 
0.050383975847579 
0.050379386784358 
0.050374797799040 
0.050370208925290 
0.050365620196771 
0.050361031647138 
0.050356443310025 
0.050351855219035 
0.050347267407732 
0.050342679909632 
0.050338092758194 
0.050333505986807 
0.050328919628783 
0.050324333717354 
0.050319748285652 
0.050315163366708 
0.050310578993442 
0.050305995198655 
0.050301412015019 
0.050296829475071 
0.050292247611204 
0.050287666455659 
0.050283086040521 
0.050278506397707 
0.050273927558959 
0.050269349555843 
0.050264772419737 
0.050260196181824 
0.050255620873090 
0.050251046524313 
0.050246473166062 
0.050241900828684 
0.050237329542309 
0.050232759336834 
0.050228190241924 
0.050223622287006 
0.050219055501262 
0.050214489913628 
0.050209925552787 
0.050205362447164 
0.050200800624926 
0.050196240113972 
0.050191680941938 
0.050187123136182 
0.050182566723792 
0.050178011731577 
0.050173458186064 
0.050168906113497 
0.050164355539834 
0.050159806490744 
0.050155258991606 
0.050150713067504 
0.050146168743229 
0.050141626043275 
0.050137084991838 
0.050132545612814 
0.050128007929799 
0.050123471966086 
0.050118937744666 
0.050114405288225 
0.050109874619144 
0.050105345759503 
0.050100818731071 
0.050096293555316 
0.050091770253396 
0.050087248846166 
0.050082729354172 
0.050078211797658 
0.050073696196561 
0.050069182570511 
0.050064670938832 
0.050060161320551 
0.050055653734386 
0.050051148198754 
0.050046644731769 
0.050042143351245 
0.050037644074699 
0.050033146919347 
0.050028651902106 
0.050024159039599 
0.050019668348158 
0.050015179843815 
0.050010693542313 
0.050006209459106 
0.050001727609361 
0.049997248007951 
0.049992770669472 
0.049988295608232 
0.049983822838259 
0.049979352373300 
0.049974884226826 
0.049970418412030 
0.049965954941834 
0.049961493828885 
0.049957035085560 
0.049952578723972 
0.049948124755965 
0.049943673193121 
0.049939224046761 
0.049934777327946 
0.049930333047478 
0.049925891215910 
0.049921451843536 
0.049917014940403 
0.049912580516310 
0.049908148580810 
0.049903719143212 
0.049899292212585 
0.049894867797757 
0.049890445907322 
0.049886026549638 
0.049881609732831 
0.049877195464798 
0.049872783753208 
0.049868374605506 
0.049863968028912 
0.049859564030427 
0.049855162616835 
0.049850763794701 
0.049846367570378 
0.049841973950009 
0.049837582939525 
0.049833194544651 
0.049828808770907 
0.049824425623612 
0.049820045107881 
0.049815667228637 
0.049811291990602 
0.049806919398304 
0.049802549456083 
0.049798182168087 
0.049793817538276 
0.049789455570426 
0.049785096268129 
0.049780739634798 
0.049776385673665 
0.049772034387783 
0.049767685780033 
0.049763339853123 
0.049758996609587 
0.049754656051794 
0.049750318181943 
0.049745983002066 
0.049741650514037 
0.049737320719565 
0.049732993620198 
0.049728669217330 
0.049724347512196 
0.049720028505880 
0.049715712199311 
0.049711398593268 
0.049707087688383 
0.049702779485139 
0.049698473983875 
0.049694171184786 
0.049689871087924 
0.049685573693202 
0.049681279000396 
0.049676987009142 
0.049672697718944 
0.049668411129169 
0.049664127239054 
0.049659846047706 
0.049655567554101 
0.049651291757090 
0.049647018655397 
0.049642748247622 
0.049638480532241 
0.049634215507611 
0.049629953171967 
0.049625693523425 
0.049621436559989 
0.049617182279541 
0.049612930679852 
0.049608681758582 
0.049604435513279 
0.049600191941379 
0.049595951040209 
0.049591712806992 
0.049587477238846 
0.049583244332779 
0.049579014085704 
0.049574786494424 
0.049570561555648 
0.049566339265982 
0.049562119621936 
0.049557902619924 
0.049553688256263 
0.049549476527178 
0.049545267428801 
0.049541060957173 
0.049536857108243 
0.049532655877873 
0.049528457261838 
0.049524261255826 
0.049520067855441 
0.049515877056201 
0.049511688853545 
0.049507503242828 
0.049503320219326 
0.049499139778236 
0.049494961914680 
0.049490786623700 
0.049486613900266 
0.049482443739273 
0.049478276135544 
0.049474111083832 
0.049469948578817 
0.049465788615116 
0.049461631187273 
0.049457476289768 
0.049453323917018 
0.049449174063374 
0.049445026723125 
0.049440881890502 
0.049436739559671 
0.049432599724744 
0.049428462379776 
0.049424327518762 
0.049420195135648 
0.049416065224325 
0.049411937778629 
0.049407812792350 
0.049403690259227 
0.049399570172952 
0.049395452527168 
0.049391337315476 
0.049387224531433 
0.049383114168552 
0.049379006220305 
0.049374900680128 
0.049370797541416 
0.049366696797528 
0.049362598441788 
0.049358502467487 
0.049354408867882 
0.049350317636201 
0.049346228765642 
0.049342142249374 
0.049338058080542 
0.049333976252265 
0.049329896757639 
0.049325819589738 
0.049321744741618 
0.049317672206311 
0.049313601976838 
0.049309534046202 
0.049305468407394 
0.049301405053390 
0.049297343977157 
0.049293285171653 
0.049289228629830 
0.049285174344633 
0.049281122309004 
0.049277072515883 
0.049273024958211 
0.049268979628926 
0.049264936520973 
0.049260895627301 
0.049256856940865 
0.049252820454631 
0.049248786161570 
0.049244754054672 
0.049240724126934 
0.049236696371376 
0.049232670781029 
0.049228647348946 
0.049224626068202 
0.049220606931896 
0.049216589933150 
0.049212575065115 
0.049208562320969 
0.049204551693922 
0.049200543177218 
0.049196536764135 
0.049192532447986 
0.049188530222126 
0.049184530079948 
0.049180532014889 
0.049176536020432 
0.049172542090105 
0.049168550217485 
0.049164560396200 
0.049160572619933 
0.049156586882420 
0.049152603177452 
0.049148621498884 
0.049144641840627 
0.049140664196659 
0.049136688561022 
0.049132714927824 
0.049128743291245 
0.049124773645533 
0.049120805985012 
0.049116840304081 
0.049112876597217 
0.049108914858978 
0.049104955084000 
0.049100997267005 
0.049097041402802 
0.049093087486287 
0.049089135512445 
0.049085185476355 
0.049081237373189 
0.049077291198217 
0.049073346946802 
0.049069404614414 
0.049065464196620 
0.049061525689093 
0.049057589087612 
0.049053654388066 
0.049049721586450 
0.049045790678874 
0.049041861661562 
