0.810001737033386 
0.810001736993808 
0.810001737007354 
0.810001737013901 
0.810001737015714 
0.810001737019721 
0.810001737028457 
0.810001737038406 
0.810001737039572 
0.810001737037254 
0.810001737040675 
0.810001737041618 
0.810001737025841 
0.810001737016655 
0.810001737008792 
0.810001737005774 
0.810001737006665 
0.810001737006310 
0.810001737009127 
0.810001737012720 
0.810001737020567 
0.810001737023532 
0.810001737033224 
0.810001737040269 
0.810001737046172 
0.810001737050122 
0.810001737058792 
0.810001737063115 
0.810001737064766 
0.810001737069096 
0.810001737075174 
0.810001737080505 
0.810001737082032 
0.810001737083648 
0.810001737087009 
0.810001737090042 
0.810001737095221 
0.810001737101958 
0.810001737103303 
0.810001737103441 
0.810001737103764 
0.810001737106919 
0.810001737106085 
0.810001737104081 
0.810001737104954 
0.810001737099153 
0.810001737095402 
0.810001737092591 
0.810001737089934 
0.810001737085696 
0.810001737086379 
0.810001737085823 
0.810001737083717 
0.810001737082232 
0.810001737077986 
0.810001737079711 
0.810001737079461 
0.810001737075139 
0.810001737070555 
0.810001737066916 
0.810001737060277 
0.810001737059049 
0.810001737054883 
0.810001737047486 
0.810001737045960 
0.810001737040705 
0.810001737036238 
0.810001737028235 
0.810001737022769 
0.810001737018368 
0.810001737016306 
0.810001737013802 
0.810001737003548 
0.810001736995471 
0.810001736989016 
0.810001736982158 
0.810001736974176 
0.810001736960933 
0.810001736953554 
0.810001736947343 
0.810001736939125 
0.810001736929541 
0.810001736921001 
0.810001736908718 
0.810001736898254 
0.810001736888171 
0.810001736872517 
0.810001736859911 
0.810001736848751 
0.810001736837126 
0.810001736821222 
0.810001736809800 
0.810001736793012 
0.810001736779776 
0.810001736760511 
0.810001736743988 
0.810001736731973 
0.810001736711553 
0.810001736697949 
0.810001736681542 
0.810001736659153 
0.810001736640004 
0.810001736624469 
0.810001736610714 
0.810001736593142 
0.810001736578035 
0.810001736560198 
0.810001736549330 
0.810001736531007 
0.810001736505220 
0.810001736485320 
0.810001736457078 
0.810001736438151 
0.810001736412961 
0.810001736392410 
0.810001736370321 
0.810001736354268 
0.810001736333704 
0.810001736316707 
0.810001736295858 
0.810001736275116 
0.810001736248445 
0.810001736225273 
0.810001736202002 
0.810001736179582 
0.810001736154066 
0.810001736136318 
0.810001736108351 
0.810001736088390 
0.810001736068293 
0.810001736057253 
0.810001736032345 
0.810001736008236 
0.810001735993098 
0.810001735962949 
0.810001735940584 
0.810001735915699 
0.810001735891772 
0.810001735868138 
0.810001735847109 
0.810001735826412 
0.810001735808840 
0.810001735782712 
0.810001735763741 
0.810001735739430 
0.810001735718763 
0.810001735697491 
0.810001735677383 
0.810001735664441 
0.810001735643905 
0.810001735633040 
0.810001735616424 
0.810001735605324 
0.810001735591303 
0.810001735583769 
0.810001735581177 
0.810001735569620 
0.810001735548411 
0.810001735543338 
0.810001735540598 
0.810001735533936 
0.810001735524230 
0.810001735525530 
0.810001735518222 
0.810001735521414 
0.810001735516352 
0.810001735527434 
0.810001735535930 
0.810001735530905 
0.810001735534474 
0.810001735532440 
0.810001735546811 
0.810001735561094 
0.810001735573966 
0.810001735586250 
0.810001735593993 
0.810001735578008 
0.810001735586974 
0.810001735593106 
0.810001735620176 
0.810001735624429 
0.810001735644357 
0.810001735642758 
0.810001735645658 
0.810001735663623 
0.810001735668946 
0.810001735676913 
0.810001735671191 
0.810001735694307 
0.810001735713567 
0.810001735727742 
0.810001735739147 
0.810001735745531 
0.810001735761904 
0.810001735786571 
0.810001735788428 
0.810001735819937 
0.810001735826015 
0.810001735863145 
0.810001735887548 
0.810001735895322 
0.810001735903902 
0.810001735915070 
0.810001735949557 
0.810001735967666 
0.810001736001033 
0.810001736037002 
0.810001736038814 
0.810001736066564 
0.810001736091212 
0.810001736116564 
0.810001736141037 
0.810001736170156 
0.810001736189360 
0.810001736228347 
0.810001736251301 
0.810001736280300 
0.810001736307440 
0.810001736332190 
0.810001736357784 
0.810001736382322 
0.810001736422551 
0.810001736448665 
0.810001736494043 
0.810001736523234 
0.810001736572217 
0.810001736601087 
0.810001736619350 
0.810001736656002 
0.810001736662681 
0.810001736660415 
0.810001736694546 
0.810001736716061 
0.810001736750510 
0.810001736777401 
0.810001736788903 
0.810001736791639 
0.810001736808121 
0.810001736820179 
0.810001736833712 
0.810001736866221 
0.810001736894325 
0.810001736911591 
0.810001736934144 
0.810001736942769 
0.810001736962404 
0.810001736970936 
0.810001736983634 
0.810001737008252 
0.810001737033269 
0.810001737066794 
0.810001737085822 
0.810001737093444 
0.810001737116601 
0.810001737141566 
0.810001737170411 
0.810001737187567 
0.810001737220974 
0.810001737228280 
0.810001737240927 
0.810001737277699 
0.810001737290706 
0.810001737278855 
0.810001737309278 
0.810001737347001 
0.810001737377759 
0.810001737403028 
0.810001737421664 
0.810001737446070 
0.810001737440090 
0.810001737455186 
0.810001737484476 
0.810001737509705 
0.810001737522626 
0.810001737542307 
0.810001737552421 
0.810001737578459 
0.810001737590544 
0.810001737590660 
0.810001737577577 
0.810001737612346 
0.810001737618691 
0.810001737642302 
0.810001737661736 
0.810001737710707 
0.810001737724297 
0.810001737742045 
0.810001737731012 
0.810001737772950 
0.810001737749271 
0.810001737791926 
0.810001737823713 
0.810001737819515 
0.810001737851717 
0.810001737897508 
0.810001737898344 
0.810001737918587 
0.810001737962629 
0.810001737996844 
0.810001738007229 
0.810001738022637 
0.810001738033458 
0.810001738048833 
0.810001738066395 
0.810001738095270 
0.810001738103205 
0.810001738120044 
0.810001738141894 
0.810001738141254 
0.810001738140730 
0.810001738143868 
0.810001738153739 
0.810001738160656 
0.810001738172240 
0.810001738196693 
0.810001738192538 
0.810001738192613 
0.810001738195258 
0.810001738247380 
0.810001738275862 
0.810001738308152 
0.810001738324991 
0.810001738312211 
0.810001738292982 
0.810001738320671 
0.810001738301915 
0.810001738317656 
0.810001738325452 
0.810001738363839 
0.810001738364218 
0.810001738379238 
0.810001738420103 
0.810001738421143 
0.810001738449236 
0.810001738463617 
0.810001738460961 
0.810001738494664 
0.810001738512045 
0.810001738513406 
0.810001738510259 
0.810001738479400 
0.810001738518994 
0.810001738519881 
0.810001738550067 
0.810001738584797 
0.810001738621128 
0.810001738597104 
0.810001738635949 
0.810001738637103 
0.810001738671788 
0.810001738692268 
0.810001738719945 
0.810001738762244 
0.810001738777837 
0.810001738777371 
0.810001738790530 
0.810001738790660 
0.810001738838195 
0.810001738887470 
0.810001738939719 
0.810001738982445 
0.810001739010468 
0.810001739061470 
0.810001739077233 
0.810001739133416 
0.810001739187989 
0.810001739237661 
0.810001739268617 
0.810001739305186 
0.810001739358134 
0.810001739423043 
0.810001739487781 
0.810001739531537 
0.810001739612433 
0.810001739670452 
0.810001739680120 
0.810001739739374 
0.810001739807200 
0.810001739851615 
0.810001739866259 
0.810001739909868 
0.810001739952265 
0.810001740014182 
0.810001740038178 
0.810001740096135 
0.810001740165121 
0.810001740232975 
0.810001740267611 
0.810001740328417 
0.810001740371674 
0.810001740426394 
0.810001740460982 
0.810001740526670 
0.810001740520216 
0.810001740620544 
0.810001740676743 
0.810001740741573 
0.810001740810944 
0.810001740847581 
0.810001740931575 
0.810001740975936 
0.810001741061811 
0.810001741096009 
0.810001741163815 
0.810001741215287 
0.810001741290517 
0.810001741347254 
0.810001741382614 
0.810001741453489 
0.810001741528056 
0.810001741590028 
0.810001741637925 
0.810001741693760 
0.810001741715552 
0.810001741768200 
0.810001741834475 
0.810001741869589 
0.810001741896152 
0.810001741916553 
0.810001741958417 
0.810001742009823 
0.810001742066446 
0.810001742110394 
0.810001742154491 
0.810001742190586 
0.810001742226837 
0.810001742276295 
0.810001742294691 
0.810001742369085 
0.810001742374428 
0.810001742416340 
0.810001742452243 
0.810001742512410 
0.810001742539663 
0.810001742556050 
0.810001742608558 
0.810001742635739 
0.810001742647492 
0.810001742701036 
0.810001742757464 
0.810001742745481 
0.810001742770101 
0.810001742815636 
0.810001742829616 
0.810001742849137 
0.810001742830639 
0.810001742852563 
0.810001742861900 
0.810001742906735 
0.810001742895199 
0.810001742880566 
0.810001742887536 
0.810001742892410 
0.810001742930172 
0.810001742937310 
0.810001742913537 
0.810001742932416 
0.810001742894594 
0.810001742898297 
0.810001742901793 
0.810001742885992 
0.810001742855725 
0.810001742846952 
0.810001742823390 
0.810001742777835 
0.810001742749733 
0.810001742741235 
0.810001742685429 
0.810001742651833 
0.810001742636835 
0.810001742596835 
0.810001742578050 
0.810001742502156 
0.810001742486971 
0.810001742427533 
0.810001742400368 
0.810001742406087 
0.810001742358825 
0.810001742299995 
0.810001742255748 
0.810001742236182 
0.810001742212963 
0.810001742186635 
0.810001742109854 
0.810001742046879 
0.810001741971226 
0.810001741925408 
0.810001741869774 
0.810001741823786 
0.810001741808744 
0.810001741750646 
0.810001741714917 
0.810001741687808 
0.810001741640047 
0.810001741581104 
0.810001741524697 
0.810001741445433 
0.810001741391510 
0.810001741322596 
0.810001741276071 
0.810001741217047 
0.810001741148213 
0.810001741087529 
0.810001741007191 
0.810001740947129 
0.810001740891796 
0.810001740844552 
0.810001740759725 
0.810001740720555 
0.810001740722054 
0.810001740665550 
0.810001740607362 
0.810001740594490 
0.810001740542811 
0.810001740485504 
0.810001740403697 
0.810001740374922 
0.810001740331659 
0.810001740226157 
0.810001740142223 
0.810001740060068 
0.810001740022859 
0.810001739981610 
0.810001739944962 
0.810001739902560 
0.810001739850220 
0.810001739786642 
0.810001739720498 
0.810001739653767 
0.810001739578112 
0.810001739549836 
0.810001739471637 
0.810001739448310 
0.810001739393527 
0.810001739330836 
0.810001739290556 
0.810001739293401 
0.810001739241507 
0.810001739211948 
0.810001739157586 
0.810001739081510 
0.810001739035863 
0.810001739012751 
0.810001738960541 
0.810001738921372 
0.810001738827697 
0.810001738773888 
0.810001738689110 
0.810001738621152 
0.810001738551051 
0.810001738524683 
0.810001738480317 
0.810001738448253 
0.810001738386163 
0.810001738381979 
0.810001738383811 
0.810001738349422 
0.810001738311229 
0.810001738257206 
0.810001738220425 
0.810001738163066 
0.810001738162455 
0.810001738147115 
0.810001738126811 
0.810001738082999 
0.810001738042734 
0.810001738016727 
0.810001737976435 
0.810001737936279 
0.810001737893295 
0.810001737884946 
0.810001737873026 
0.810001737845475 
0.810001737844573 
0.810001737821677 
0.810001737810444 
0.810001737760796 
0.810001737754952 
0.810001737757414 
0.810001737712323 
0.810001737709648 
0.810001737680992 
0.810001737665589 
0.810001737659933 
0.810001737644718 
0.810001737634131 
0.810001737608895 
0.810001737589824 
0.810001737601642 
0.810001737582436 
0.810001737564953 
0.810001737527305 
0.810001737533550 
0.810001737539324 
0.810001737519798 
0.810001737486774 
0.810001737481151 
0.810001737462184 
0.810001737472621 
0.810001737475222 
0.810001737456286 
0.810001737501473 
0.810001737495240 
0.810001737475542 
0.810001737487903 
0.810001737445507 
0.810001737433133 
0.810001737442029 
0.810001737442477 
0.810001737406445 
0.810001737392522 
0.810001737375329 
0.810001737378457 
0.810001737393636 
0.810001737408509 
0.810001737414616 
0.810001737410737 
0.810001737399617 
0.810001737400192 
0.810001737359078 
0.810001737390845 
0.810001737344052 
0.810001737322992 
0.810001737343493 
0.810001737342740 
0.810001737308502 
0.810001737304194 
0.810001737268133 
0.810001737271353 
0.810001737290655 
0.810001737292323 
0.810001737299345 
0.810001737291905 
0.810001737288907 
0.810001737303885 
0.810001737309456 
0.810001737265708 
0.810001737294181 
0.810001737273382 
0.810001737261317 
0.810001737244225 
0.810001737231815 
0.810001737163613 
0.810001737149019 
0.810001737138696 
0.810001737154758 
0.810001737177700 
0.810001737205292 
0.810001737196995 
0.810001737198922 
0.810001737219526 
0.810001737241432 
0.810001737231866 
0.810001737237771 
0.810001737265473 
0.810001737252172 
0.810001737241372 
0.810001737196453 
0.810001737205919 
0.810001737227127 
0.810001737216552 
0.810001737225864 
0.810001737257732 
0.810001737300848 
0.810001737307108 
0.810001737298595 
0.810001737285312 
0.810001737272259 
0.810001737239974 
0.810001737208612 
0.810001737240988 
0.810001737284571 
0.810001737298673 
0.810001737256655 
0.810001737255057 
0.810001737269715 
0.810001737283065 
0.810001737306861 
0.810001737334149 
0.810001737322212 
0.810001737331485 
0.810001737330833 
0.810001737394529 
0.810001737392232 
0.810001737424120 
0.810001737427658 
0.810001737449301 
0.810001737439924 
0.810001737437211 
0.810001737454783 
0.810001737429975 
0.810001737495977 
0.810001737463548 
0.810001737478279 
0.810001737485791 
0.810001737492547 
0.810001737507585 
0.810001737514172 
0.810001737538595 
0.810001737537137 
0.810001737525063 
0.810001737493195 
0.810001737500009 
0.810001737539711 
0.810001737570646 
0.810001737571440 
0.810001737565486 
0.810001737572801 
0.810001737610552 
0.810001737608093 
0.810001737653394 
0.810001737625912 
0.810001737661732 
0.810001737651602 
0.810001737648685 
0.810001737664926 
0.810001737682352 
0.810001737666475 
0.810001737689266 
0.810001737678100 
0.810001737680071 
0.810001737716156 
0.810001737706330 
0.810001737737215 
0.810001737723711 
0.810001737764697 
0.810001737782773 
0.810001737813447 
0.810001737833629 
0.810001737878117 
0.810001737885035 
0.810001737865168 
0.810001737886903 
0.810001737899022 
0.810001737918979 
0.810001737950310 
0.810001737924232 
0.810001737946802 
0.810001737966534 
0.810001737988394 
0.810001737971110 
0.810001738019283 
0.810001738007411 
0.810001738085070 
0.810001738140585 
0.810001738154192 
0.810001738172275 
0.810001738171531 
0.810001738193819 
0.810001738204949 
0.810001738196856 
0.810001738198380 
0.810001738179290 
0.810001738161306 
0.810001738198846 
0.810001738168094 
0.810001738124088 
0.810001738144141 
0.810001738170548 
0.810001738182738 
0.810001738167712 
0.810001738160596 
0.810001738195986 
0.810001738216609 
0.810001738218540 
0.810001738208712 
0.810001738203971 
0.810001738208236 
0.810001738190373 
0.810001738164750 
0.810001738206768 
0.810001738213835 
0.810001738246578 
0.810001738312112 
0.810001738360485 
0.810001738384464 
0.810001738361164 
0.810001738374146 
0.810001738377068 
0.810001738400075 
0.810001738409230 
0.810001738402997 
0.810001738471172 
0.810001738486749 
0.810001738492458 
0.810001738489255 
0.810001738546276 
0.810001738559638 
0.810001738566973 
0.810001738618805 
0.810001738635766 
0.810001738604456 
0.810001738602542 
0.810001738579828 
0.810001738590024 
0.810001738587840 
0.810001738641388 
0.810001738596512 
0.810001738627188 
0.810001738665711 
0.810001738641198 
0.810001738657348 
0.810001738708946 
0.810001738740020 
0.810001738790278 
0.810001738815460 
0.810001738837004 
0.810001738844541 
0.810001738846895 
0.810001738845390 
0.810001738849174 
0.810001738820230 
0.810001738822292 
0.810001738819279 
0.810001738828849 
0.810001738813334 
0.810001738830843 
0.810001738850602 
0.810001738864949 
0.810001738883971 
0.810001738868344 
0.810001738898396 
0.810001738929387 
0.810001738925621 
0.810001738917245 
0.810001738922992 
0.810001738888676 
0.810001738873879 
0.810001738879855 
0.810001738891277 
0.810001738893570 
0.810001738888051 
0.810001738868088 
0.810001738864210 
0.810001738857290 
0.810001738857199 
0.810001738904756 
0.810001738889586 
0.810001738903686 
0.810001738863905 
0.810001738882532 
0.810001738875428 
0.810001738862125 
0.810001738795894 
0.810001738806111 
0.810001738762789 
0.810001738799151 
0.810001738803381 
0.810001738808879 
0.810001738807177 
0.810001738816183 
0.810001738850715 
0.810001738827079 
0.810001738807891 
0.810001738784383 
0.810001738792621 
0.810001738804679 
0.810001738847177 
0.810001738855522 
0.810001738866468 
0.810001738848113 
0.810001738859928 
0.810001738881097 
0.810001738885106 
0.810001738875187 
0.810001738842212 
0.810001738790112 
0.810001738797936 
0.810001738777945 
0.810001738821324 
0.810001738787609 
0.810001738766058 
0.810001738741196 
0.810001738709751 
0.810001738726394 
0.810001738716556 
0.810001738683923 
0.810001738692248 
0.810001738676224 
0.810001738623534 
0.810001738602224 
0.810001738636426 
0.810001738650044 
0.810001738603280 
0.810001738582416 
0.810001738541532 
0.810001738566076 
0.810001738565662 
0.810001738543214 
0.810001738505656 
0.810001738446417 
0.810001738400356 
0.810001738348571 
0.810001738316267 
0.810001738302855 
0.810001738255952 
0.810001738200480 
0.810001738205472 
0.810001738209044 
0.810001738178340 
0.810001738193865 
0.810001738144591 
0.810001738110575 
0.810001738072810 
0.810001738068557 
0.810001738044786 
0.810001738001565 
0.810001737962097 
0.810001737959155 
0.810001737957462 
0.810001737945669 
0.810001737919055 
0.810001737891145 
0.810001737877345 
0.810001737878064 
0.810001737817682 
0.810001737758762 
0.810001737743541 
0.810001737700233 
0.810001737680452 
0.810001737667303 
0.810001737597315 
0.810001737589772 
0.810001737594988 
0.810001737578038 
0.810001737523983 
0.810001737455583 
0.810001737496531 
0.810001737470824 
0.810001737437748 
0.810001737392874 
0.810001737349110 
0.810001737354554 
0.810001737328662 
0.810001737306745 
0.810001737249355 
0.810001737250762 
0.810001737239755 
0.810001737231660 
0.810001737244924 
0.810001737215984 
0.810001737148447 
0.810001737112866 
0.810001737121855 
0.810001737133263 
0.810001737052209 
0.810001737029269 
0.810001737016830 
0.810001736991355 
0.810001736981970 
0.810001736946312 
0.810001736895924 
0.810001736895947 
0.810001736888450 
0.810001736908543 
0.810001736845376 
0.810001736821125 
0.810001736761997 
0.810001736775060 
0.810001736744484 
0.810001736681428 
0.810001736617004 
0.810001736583057 
0.810001736541480 
0.810001736517084 
0.810001736476032 
0.810001736389449 
0.810001736337650 
0.810001736265272 
0.810001736231891 
0.810001736224358 
0.810001736187445 
0.810001736155263 
0.810001736089870 
0.810001736063182 
0.810001736019229 
0.810001735965781 
0.810001735919769 
0.810001735887031 
0.810001735833925 
0.810001735769944 
0.810001735729299 
0.810001735685926 
0.810001735654348 
0.810001735608903 
0.810001735563123 
0.810001735526617 
0.810001735473115 
0.810001735466525 
0.810001735453262 
0.810001735391193 
0.810001735340474 
0.810001735343196 
0.810001735332042 
0.810001735333945 
0.810001735276707 
0.810001735218446 
0.810001735224468 
0.810001735223729 
0.810001735196616 
0.810001735145462 
0.810001735114703 
0.810001735102110 
0.810001735046040 
0.810001734969404 
0.810001734906756 
0.810001734892509 
0.810001734894017 
0.810001734879901 
0.810001734846363 
0.810001734819092 
0.810001734815330 
0.810001734775559 
0.810001734722945 
0.810001734722951 
0.810001734692531 
0.810001734648283 
0.810001734613870 
0.810001734599766 
0.810001734555598 
0.810001734533586 
0.810001734474888 
0.810001734425612 
0.810001734384322 
0.810001734308990 
0.810001734288209 
0.810001734217742 
0.810001734172076 
0.810001734128669 
0.810001734098501 
0.810001734066326 
0.810001734093804 
0.810001734031291 
0.810001734034435 
0.810001734012562 
0.810001733949175 
0.810001733892037 
0.810001733812260 
0.810001733767454 
0.810001733721336 
0.810001733673205 
0.810001733638320 
0.810001733568996 
0.810001733533831 
0.810001733487745 
0.810001733449305 
0.810001733390530 
0.810001733349083 
0.810001733284121 
0.810001733255852 
0.810001733223956 
0.810001733214818 
0.810001733172070 
0.810001733166228 
0.810001733142592 
0.810001733102538 
0.810001733027354 
0.810001733019501 
0.810001732955078 
0.810001732885423 
0.810001732832916 
0.810001732776772 
0.810001732715797 
0.810001732686931 
0.810001732647400 
0.810001732607347 
0.810001732560259 
0.810001732536978 
0.810001732436486 
0.810001732364714 
0.810001732294705 
0.810001732183267 
0.810001732134786 
0.810001732067182 
0.810001732044750 
0.810001732030418 
0.810001731971546 
0.810001731893507 
0.810001731870864 
0.810001731863016 
0.810001731823494 
0.810001731785819 
0.810001731770942 
0.810001731693701 
0.810001731648557 
0.810001731583466 
0.810001731558060 
0.810001731512543 
0.810001731499691 
0.810001731493792 
0.810001731447066 
0.810001731425391 
0.810001731332953 
0.810001731309960 
0.810001731307324 
0.810001731231321 
0.810001731212742 
0.810001731129001 
0.810001731094815 
0.810001730986226 
0.810001730933839 
0.810001730939245 
0.810001730886455 
0.810001730861497 
0.810001730793541 
0.810001730766070 
0.810001730719684 
0.810001730698851 
0.810001730646764 
0.810001730594900 
0.810001730547594 
0.810001730530210 
0.810001730491683 
0.810001730452878 
0.810001730307333 
0.810001730236909 
0.810001730187757 
0.810001730181538 
0.810001730166928 
0.810001730177218 
0.810001730138460 
0.810001730108588 
0.810001730087496 
0.810001730021552 
0.810001729942655 
0.810001729921836 
0.810001729885393 
0.810001729782606 
0.810001729721094 
0.810001729675696 
0.810001729638953 
0.810001729598254 
0.810001729584619 
0.810001729551039 
0.810001729486804 
0.810001729451845 
0.810001729394264 
0.810001729376905 
0.810001729327183 
0.810001729319609 
0.810001729272095 
0.810001729244146 
0.810001729204261 
0.810001729138728 
0.810001729090107 
0.810001729067544 
0.810001729060303 
0.810001729033075 
0.810001728959467 
0.810001728914301 
0.810001728893616 
0.810001728821728 
0.810001728759084 
0.810001728767662 
0.810001728738712 
0.810001728666058 
0.810001728617717 
0.810001728512693 
0.810001728491136 
0.810001728451922 
0.810001728421725 
0.810001728353432 
0.810001728304489 
0.810001728276678 
0.810001728237962 
0.810001728198694 
0.810001728093723 
0.810001728055052 
0.810001728038258 
0.810001727964512 
0.810001727932570 
0.810001727893047 
0.810001727906286 
0.810001727802566 
0.810001727743852 
0.810001727704475 
0.810001727657601 
0.810001727632436 
0.810001727607552 
0.810001727571872 
0.810001727569868 
0.810001727493314 
0.810001727409668 
0.810001727325940 
0.810001727307530 
0.810001727284251 
0.810001727234517 
0.810001727177709 
0.810001727107787 
0.810001727096189 
0.810001727052478 
0.810001726960715 
0.810001726916963 
0.810001726910897 
0.810001726829052 
0.810001726765943 
0.810001723201951 
0.810001719664153 
0.810001716207355 
0.810001712694594 
0.810001709283031 
0.810001705819319 
0.810001702452952 
0.810001699044931 
0.810001695671096 
0.810001692292841 
0.810001688946102 
0.810001685677335 
0.810001682393871 
0.810001679127325 
0.810001675930965 
0.810001672655130 
0.810001669467216 
0.810001666283548 
0.810001663133884 
0.810001659972095 
0.810001656857675 
0.810001653717372 
0.810001650586046 
0.810001647503269 
0.810001644445014 
0.810001641420360 
0.810001638366614 
0.810001635319111 
0.810001632301623 
0.810001629306239 
0.810001626281129 
0.810001623293657 
0.810001620305258 
0.810001617360438 
0.810001614351533 
0.810001611380918 
0.810001608468925 
0.810001605586606 
0.810001602717278 
0.810001599792571 
0.810001596953968 
0.810001594040331 
0.810001591125599 
0.810001588255493 
0.810001585351399 
0.810001582515508 
0.810001579633491 
0.810001576793232 
0.810001573904811 
0.810001571046396 
0.810001568245512 
0.810001565394749 
0.810001562563063 
0.810001559705448 
0.810001556894447 
0.810001554064106 
0.810001551231483 
0.810001548386902 
0.810001545516478 
0.810001542710092 
0.810001539883341 
0.810001536992838 
0.810001534118387 
0.810001531274908 
0.810001528476658 
0.810001525666683 
0.810001522800935 
0.810001520008496 
0.810001517164416 
0.810001514303535 
0.810001511470217 
0.810001508623285 
0.810001505776245 
0.810001502999210 
0.810001500187890 
0.810001497354209 
0.810001494504543 
0.810001491604223 
0.810001488761296 
0.810001485961220 
0.810001483144455 
0.810001480259038 
0.810001477398554 
0.810001474540228 
0.810001471673903 
0.810001468846371 
0.810001465944232 
0.810001463113124 
0.810001460272861 
0.810001457408643 
0.810001454549361 
0.810001451705736 
0.810001448828438 
0.810001445962151 
0.810001443079547 
0.810001440195554 
0.810001437323546 
0.810001434421107 
0.810001431574301 
0.810001428662159 
0.810001425782008 
0.810001422903350 
0.810001419984123 
0.810001417094127 
0.810001414205651 
0.810001411329933 
0.810001408461738 
0.810001405509064 
0.810001402669315 
0.810001399795599 
0.810001396849223 
0.810001393948028 
0.810001391008273 
0.810001388158771 
0.810001385233777 
0.810001382369881 
0.810001379408892 
0.810001376574337 
0.810001373635600 
0.810001370704471 
0.810001367767121 
0.810001364868102 
0.810001361959919 
0.810001359008936 
0.810001356143447 
0.810001353191260 
0.810001350279740 
0.810001347431094 
0.810001344569526 
0.810001341634810 
0.810001338771001 
0.810001335859170 
0.810001332927199 
0.810001329997228 
0.810001327111351 
0.810001324190726 
0.810001321333625 
0.810001318466981 
0.810001315551482 
0.810001312741362 
0.810001309843102 
0.810001306935176 
0.810001304003414 
0.810001301148751 
0.810001298287742 
0.810001295423616 
0.810001292547104 
0.810001289668048 
0.810001286783574 
0.810001283896391 
0.810001280997009 
0.810001278100088 
0.810001275233074 
0.810001272347019 
0.810001269498962 
0.810001266640448 
0.810001263783264 
0.810001260953856 
0.810001258065649 
0.810001255237871 
0.810001252427876 
0.810001249525254 
0.810001246659954 
0.810001243801493 
0.810001240963313 
0.810001238115519 
0.810001235311287 
0.810001232512881 
0.810001229678581 
0.810001226877175 
0.810001224038185 
0.810001221277945 
0.810001218514410 
0.810001215707808 
0.810001212899059 
0.810001210115303 
0.810001207369679 
0.810001204606991 
0.810001201805097 
0.810001199088791 
0.810001196292827 
0.810001193526703 
0.810001190803067 
0.810001188012174 
0.810001185236843 
0.810001182470955 
0.810001179773321 
0.810001177032463 
0.810001174300101 
0.810001171554712 
0.810001168798877 
0.810001166071238 
0.810001163344207 
0.810001160626314 
0.810001157901059 
0.810001155175295 
0.810001152500845 
0.810001149740377 
0.810001147087256 
0.810001144441111 
0.810001141764872 
0.810001139076642 
0.810001136426581 
0.810001133783589 
0.810001131125500 
0.810001128489413 
0.810001125831199 
0.810001123155867 
0.810001120586410 
0.810001117960957 
0.810001115322202 
0.810001112706781 
0.810001110139525 
0.810001107535152 
0.810001104942540 
0.810001102345990 
0.810001099647550 
0.810001097060461 
0.810001094448842 
0.810001091838567 
0.810001089216489 
0.810001086639931 
0.810001083999313 
0.810001081470330 
0.810001078877865 
0.810001076381202 
0.810001073831291 
0.810001071350261 
0.810001068819788 
0.810001066282312 
0.810001063780009 
0.810001061273459 
0.810001058776445 
0.810001056308325 
0.810001053809640 
0.810001051346126 
0.810001048926697 
0.810001046449560 
0.810001044000543 
0.810001041532672 
0.810001039042151 
0.810001036643329 
0.810001034191979 
0.810001031673746 
0.810001029229985 
0.810001026788351 
0.810001024356795 
0.810001021984273 
0.810001019573988 
0.810001017164657 
0.810001014832491 
0.810001012437690 
0.810001010098753 
0.810001007743812 
0.810001005355296 
0.810001002968207 
0.810001000588038 
0.810000998230360 
0.810000995917369 
0.810000993593506 
0.810000991303738 
0.810000988989090 
0.810000986686065 
0.810000984437576 
0.810000982170336 
0.810000979883261 
0.810000977648797 
0.810000975365047 
0.810000973100721 
0.810000970850032 
0.810000968615903 
0.810000966370514 
0.810000964068025 
0.810000961849775 
0.810000959694356 
0.810000957480423 
0.810000955257817 
0.810000953099799 
0.810000950916720 
0.810000948682978 
0.810000946505171 
0.810000944343097 
0.810000942218192 
0.810000940031234 
0.810000937832466 
0.810000935745217 
0.810000933635058 
0.810000931486739 
0.810000929382898 
0.810000927289638 
0.810000925163925 
0.810000923072280 
0.810000920976634 
0.810000918916850 
0.810000916900567 
0.810000914857918 
0.810000912808301 
0.810000910757455 
0.810000908770918 
0.810000906754548 
0.810000904746611 
0.810000902773771 
0.810000900770853 
0.810000898764033 
0.810000896793602 
0.810000894837279 
0.810000892923660 
0.810000890959110 
0.810000889036055 
0.810000887118482 
0.810000885162214 
0.810000883294446 
0.810000881378222 
0.810000879500458 
0.810000877623171 
0.810000875714842 
0.810000873808209 
0.810000871953680 
0.810000870087682 
0.810000868256981 
0.810000866401499 
0.810000864539166 
0.810000862717996 
0.810000860868088 
0.810000859082254 
0.810000857279019 
0.810000855404240 
0.810000853624696 
0.810000851845729 
0.810000850084131 
0.810000848346700 
0.810000846634148 
0.810000844881743 
0.810000843134898 
0.810000841437315 
0.810000839715109 
0.810000837992204 
0.810000836293700 
0.810000834616434 
0.810000832972900 
0.810000831296473 
0.810000829673151 
0.810000828018154 
0.810000826376859 
0.810000824763160 
0.810000823117371 
0.810000821550604 
0.810000819973695 
0.810000818331480 
0.810000816755935 
0.810000815169986 
0.810000813591005 
0.810000812066805 
0.810000810467310 
0.810000808951577 
0.810000807400336 
0.810000805883642 
0.810000804334877 
0.810000802794350 
0.810000801272349 
0.810000799771472 
0.810000798263320 
0.810000796786216 
0.810000795338333 
0.810000793822978 
0.810000792382691 
0.810000790938632 
0.810000789468469 
0.810000787986641 
0.810000786581450 
0.810000785108509 
0.810000783704647 
0.810000782326954 
0.810000780911888 
0.810000779527834 
0.810000778180402 
0.810000776736173 
0.810000775376020 
0.810000773986658 
0.810000772624717 
0.810000771288898 
0.810000769967039 
0.810000768684751 
0.810000767346641 
0.810000766043539 
0.810000764717447 
0.810000763460248 
0.810000762152439 
0.810000760879419 
0.810000759640881 
0.810000758341860 
0.810000757054594 
0.810000755751161 
0.810000754489377 
0.810000753281738 
0.810000752032131 
0.810000750853106 
0.810000749659563 
0.810000748456909 
0.810000747269049 
0.810000746061934 
0.810000744834803 
0.810000743621401 
0.810000742442804 
0.810000741233632 
0.810000740084377 
0.810000738896817 
0.810000737774331 
0.810000736633097 
0.810000735484859 
0.810000734359370 
0.810000733179934 
0.810000732054133 
0.810000730931542 
0.810000729817149 
0.810000728694867 
0.810000727583756 
0.810000726489099 
0.810000725352223 
0.810000724264984 
0.810000723214928 
0.810000722167732 
0.810000721162539 
0.810000720066099 
0.810000719051999 
0.810000718039674 
0.810000716973183 
0.810000715928320 
0.810000714931915 
0.810000713970207 
0.810000712953651 
0.810000711998945 
0.810000710994554 
0.810000710015045 
0.810000709040100 
0.810000708092569 
0.810000707143480 
0.810000706151887 
0.810000705139158 
0.810000704214660 
0.810000703210876 
0.810000702257666 
0.810000701333443 
0.810000700429140 
0.810000699550127 
0.810000698635315 
0.810000697728144 
0.810000696825142 
0.810000695918069 
0.810000694999106 
0.810000694103275 
0.810000693216737 
0.810000692273913 
0.810000691387003 
0.810000690514873 
0.810000689627896 
0.810000688853552 
0.810000687987835 
0.810000687075656 
0.810000686210334 
0.810000685343993 
0.810000684543297 
0.810000683692167 
0.810000682883604 
0.810000682020532 
0.810000681224764 
0.810000680345136 
0.810000679544729 
0.810000678724771 
0.810000677938123 
0.810000677175872 
0.810000676387936 
0.810000675674338 
0.810000674856614 
0.810000673976882 
0.810000673191667 
0.810000672389250 
0.810000671668755 
0.810000670902962 
0.810000670155850 
0.810000669368281 
0.810000668570639 
0.810000667799162 
0.810000667037071 
0.810000666329005 
0.810000665572571 
0.810000664788598 
0.810000664036911 
0.810000663323559 
0.810000662581563 
0.810000661857488 
0.810000661115003 
0.810000660402996 
0.810000659725936 
0.810000659013683 
0.810000658379050 
0.810000657670865 
0.810000656953927 
0.810000656203498 
0.810000655534171 
0.810000654823864 
0.810000654092580 
0.810000653412509 
0.810000652722227 
0.810000652067971 
0.810000651340004 
0.810000650578213 
0.810000649916507 
0.810000649236085 
0.810000648537472 
0.810000647866953 
0.810000647176951 
0.810000646491686 
0.810000645807959 
0.810000645136695 
0.810000644441804 
0.810000643849646 
0.810000643206861 
0.810000642581661 
0.810000641909252 
0.810000641236499 
0.810000640615697 
0.810000639952061 
0.810000639347209 
0.810000638640689 
0.810000638010015 
0.810000637328753 
0.810000636652567 
0.810000635983868 
0.810000635349235 
0.810000634659938 
0.810000634020242 
0.810000633367657 
0.810000632725902 
0.810000632087087 
0.810000631461922 
0.810000630776312 
0.810000630129432 
0.810000629476738 
0.810000628837281 
0.810000628146854 
0.810000627525481 
0.810000626883248 
0.810000626223882 
0.810000625577286 
0.810000624936942 
0.810000624324018 
0.810000623671070 
0.810000623061881 
0.810000622426114 
0.810000621743967 
0.810000621149371 
0.810000620500880 
0.810000619867423 
0.810000619179660 
0.810000618574452 
0.810000617917263 
0.810000617321703 
0.810000616707987 
0.810000616111853 
0.810000615461517 
0.810000614853527 
0.810000614272909 
0.810000613598550 
0.810000612974622 
0.810000612349521 
0.810000611675544 
0.810000611046526 
0.810000610448568 
0.810000609783852 
0.810000609196107 
0.810000608602508 
0.810000607942341 
0.810000607251443 
0.810000606574201 
0.810000605939082 
0.810000605306844 
0.810000604698687 
0.810000604083890 
0.810000603489945 
0.810000602790834 
0.810000602179226 
0.810000601616864 
0.810000600983543 
0.810000600352592 
0.810000599738400 
0.810000599150911 
0.810000598557734 
0.810000597888647 
0.810000597296416 
0.810000596697291 
0.810000596060883 
0.810000595356139 
0.810000594716426 
0.810000594091781 
0.810000593491246 
0.810000592936252 
0.810000592385351 
0.810000591758577 
0.810000591147282 
0.810000590528601 
0.810000589928058 
0.810000589327498 
0.810000588734770 
0.810000588131521 
0.810000587540276 
0.810000586995038 
0.810000586374404 
0.810000585767222 
0.810000585139022 
0.810000584523719 
0.810000583952647 
0.810000583364631 
0.810000582790011 
0.810000582208344 
0.810000581574349 
0.810000580956864 
0.810000580397796 
0.810000579796744 
0.810000579185773 
0.810000578573067 
0.810000577942029 
0.810000577368739 
0.810000576808737 
0.810000576227822 
0.810000575662724 
0.810000575059145 
0.810000574517931 
0.810000573962821 
0.810000573361381 
0.810000572776785 
0.810000572181401 
0.810000571610024 
0.810000571029037 
0.810000570473234 
0.810000569931595 
0.810000569379296 
0.810000568850804 
0.810000568288168 
0.810000567752025 
0.810000567234793 
0.810000566713827 
0.810000566136008 
0.810000565640934 
0.810000565088328 
0.810000564513600 
0.810000563952828 
0.810000563412929 
0.810000562874110 
0.810000562377660 
0.810000561831041 
0.810000561285660 
0.810000560694916 
0.810000560178967 
0.810000559672549 
0.810000559191616 
0.810000558680946 
0.810000558186590 
0.810000557651946 
0.810000557123836 
0.810000556579405 
0.810000556078204 
0.810000555504512 
0.810000555011781 
0.810000554492365 
0.810000554022595 
0.810000553507965 
0.810000552954865 
0.810000552421998 
0.810000551906839 
0.810000551389955 
0.810000550880879 
0.810000550369109 
0.810000549842751 
0.810000549340957 
0.810000548875287 
0.810000548363562 
0.810000547842129 
0.810000547413351 
0.810000546950373 
0.810000546475933 
0.810000546031753 
0.810000545546478 
0.810000545097560 
0.810000544673487 
0.810000544152510 
0.810000543682037 
0.810000543246653 
0.810000542812512 
0.810000542345553 
0.810000541825502 
0.810000541385076 
0.810000540891225 
0.810000540448638 
0.810000539951159 
0.810000539473718 
0.810000539044811 
0.810000538614324 
0.810000538199096 
0.810000537806280 
0.810000537339371 
0.810000536836177 
0.810000536427177 
0.810000535991913 
0.810000535544050 
0.810000535122390 
0.810000534646733 
0.810000534227495 
0.810000533760423 
0.810000533346434 
0.810000532953212 
0.810000532531653 
0.810000532095664 
0.810000531677389 
0.810000531248627 
0.810000530811402 
0.810000530380589 
0.810000529972695 
0.810000529552695 
0.810000529136405 
0.810000528745844 
0.810000528324905 
0.810000527948096 
0.810000527573110 
0.810000527174477 
0.810000526837076 
0.810000526429175 
0.810000526062481 
0.810000525658396 
0.810000525234926 
0.810000524810129 
0.810000524412931 
0.810000524074965 
0.810000523710919 
0.810000523385300 
0.810000522985155 
0.810000522555718 
0.810000522176852 
0.810000521755175 
0.810000521355499 
0.810000521031514 
0.810000520663393 
0.810000520261359 
0.810000519885455 
0.810000519591641 
0.810000519202241 
0.810000518814566 
0.810000518476212 
0.810000518119254 
0.810000517770292 
0.810000517412428 
0.810000517071584 
0.810000516737759 
0.810000516401335 
0.810000515991376 
0.810000515646268 
0.810000515284142 
0.810000514942477 
0.810000514619612 
0.810000514271699 
0.810000513875136 
0.810000513503658 
0.810000513166487 
0.810000512825992 
0.810000512507335 
0.810000512122351 
0.810000511766866 
0.810000511433675 
0.810000511084997 
0.810000510712597 
0.810000510396353 
0.810000510027657 
0.810000509683825 
0.810000509340635 
0.810000509056497 
0.810000508724355 
0.810000508359320 
0.810000508070731 
0.810000507740976 
0.810000507407864 
0.810000507100595 
0.810000506791803 
0.810000506404810 
0.810000506075385 
0.810000505730161 
0.810000505488146 
0.810000505107531 
0.810000504812635 
0.810000504497919 
0.810000504185457 
0.810000503868077 
0.810000503524757 
0.810000503195218 
0.810000502910582 
0.810000502630433 
0.810000502327425 
0.810000501981740 
0.810000501651211 
0.810000501324272 
0.810000501034208 
0.810000500717995 
0.810000500376133 
0.810000500036717 
0.810000499736931 
0.810000499397937 
0.810000499067740 
0.810000498750002 
0.810000498437827 
0.810000498138530 
0.810000497814668 
0.810000497406126 
0.810000497119274 
0.810000496810867 
0.810000496519898 
0.810000496196713 
0.810000495856992 
0.810000495570644 
0.810000495237757 
0.810000494912869 
0.810000494575983 
0.810000494226917 
0.810000493943202 
0.810000493566867 
0.810000493255434 
0.810000492958594 
0.810000492683994 
0.810000492386795 
0.810000492037076 
0.810000491698506 
0.810000491388851 
0.810000491056353 
0.810000490666587 
0.810000490335794 
0.810000489965873 
0.810000489630178 
0.810000489290229 
0.810000489026467 
0.810000488675796 
0.810000488341647 
0.810000488034389 
0.810000487749407 
0.810000487426244 
0.810000487093710 
0.810000486731148 
0.810000486458046 
0.810000486116191 
0.810000485758541 
0.810000485377120 
0.810000484995133 
0.810000484664324 
0.810000484278790 
0.810000483913714 
0.810000483594947 
0.810000483227444 
0.810000482841928 
0.810000482467847 
0.810000482140574 
0.810000481767680 
0.810000481413166 
0.810000481053596 
0.810000480747853 
0.810000480361425 
0.810000480025757 
0.810000479687469 
0.810000479290370 
0.810000478943916 
0.810000478605045 
0.810000478219017 
0.810000477867030 
0.810000477520742 
0.810000477175580 
0.810000476811582 
0.810000476445136 
0.810000476064387 
0.810000475633990 
0.810000475231663 
0.810000474883466 
0.810000474501528 
0.810000474076199 
0.810000473709572 
0.810000473317713 
0.810000472915761 
0.810000472512336 
0.810000472140204 
0.810000471753582 
0.810000471364157 
0.810000470969643 
0.810000470648393 
0.810000470273814 
0.810000469853152 
0.810000469418428 
0.810000469001331 
0.810000468660681 
0.810000468250737 
0.810000467888692 
0.810000467459256 
0.810000467108135 
0.810000466705461 
0.810000466317725 
0.810000465959359 
0.810000465549955 
0.810000465181744 
0.810000464796394 
0.810000464394028 
0.810000464008716 
0.810000463619330 
0.810000463288669 
0.810000462953103 
0.810000462605831 
0.810000462225633 
0.810000461831143 
0.810000461484624 
0.810000461036032 
0.810000460648360 
0.810000460265879 
0.810000459848316 
0.810000459500209 
0.810000459094230 
0.810000458669678 
0.810000458281031 
0.810000457890808 
0.810000457503483 
0.810000457135508 
0.810000456732759 
0.810000456369834 
0.810000455969879 
0.810000455520049 
0.810000455098953 
0.810000454710012 
0.810000454325810 
0.810000453900347 
0.810000453548666 
0.810000453194732 
0.810000452843440 
0.810000452496155 
0.810000452115635 
0.810000451749211 
0.810000451401986 
0.810000451057235 
0.810000450668771 
0.810000450263030 
0.810000449842427 
0.810000449477320 
0.810000449136190 
0.810000448785250 
0.810000448455656 
0.810000448144692 
0.810000447774620 
0.810000447438554 
0.810000447110955 
0.810000446718460 
0.810000446353344 
0.810000445985448 
0.810000445653785 
0.810000445322459 
0.810000444959446 
0.810000444631743 
0.810000444300119 
0.810000443970443 
0.810000443632717 
0.810000443302474 
0.810000442987974 
0.810000442626290 
0.810000442333131 
0.810000442043824 
0.810000441660986 
0.810000441362579 
0.810000441079843 
0.810000440821884 
0.810000440598756 
0.810000440304366 
0.810000440046020 
0.810000439751242 
0.810000439438401 
0.810000439112095 
0.810000438807197 
0.810000438531150 
0.810000438285849 
0.810000438044801 
0.810000437799491 
0.810000437564632 
0.810000437329487 
0.810000437081865 
0.810000436835281 
0.810000436603216 
0.810000436354496 
0.810000436171366 
0.810000435972357 
0.810000435799394 
0.810000435620317 
0.810000435459086 
0.810000435271757 
0.810000435048055 
0.810000434880443 
0.810000434724044 
0.810000434611919 
0.810000434452119 
0.810000434324269 
0.810000434199022 
0.810000434038246 
0.810000433900836 
0.810000433707341 
0.810000433563452 
0.810000433369972 
0.810000433230570 
0.810000433133776 
0.810000433012210 
0.810000432841534 
0.810000432718866 
0.810000432587330 
0.810000432455908 
0.810000432342308 
0.810000432263712 
0.810000432162449 
0.810000432054117 
0.810000431956576 
0.810000431856746 
0.810000431783426 
0.810000431699663 
0.810000431635199 
0.810000431570403 
0.810000431513377 
0.810000431509575 
0.810000431559008 
0.810000431547230 
0.810000431524426 
0.810000431508630 
0.810000431473846 
0.810000431435563 
0.810000431437429 
0.810000431485564 
0.810000431515082 
0.810000431593661 
0.810000431638109 
0.810000431716400 
0.810000431812053 
0.810000431893791 
0.810000431979525 
0.810000432034546 
0.810000432165477 
0.810000432292055 
0.810000432410774 
0.810000432550666 
0.810000432739402 
0.810000432876020 
0.810000433032027 
0.810000433271542 
0.810000433462058 
0.810000433667408 
0.810000433954666 
0.810000434232389 
0.810000434490171 
0.810000434724756 
0.810000434964159 
0.810000435233917 
0.810000435518045 
0.810000435823117 
0.810000436141877 
0.810000436493377 
0.810000436803671 
0.810000437152379 
0.810000437530366 
0.810000437886000 
0.810000438273374 
0.810000438622428 
0.810000439052947 
0.810000439442863 
0.810000439844782 
0.810000440249841 
0.810000440705366 
0.810000441161950 
0.810000441592265 
0.810000442050715 
0.810000442512285 
0.810000442984215 
0.810000443497938 
0.810000444001107 
0.810000444496511 
0.810000444981057 
0.810000445464084 
0.810000445950186 
0.810000446460791 
0.810000447029507 
0.810000447564306 
0.810000448101441 
0.810000448709797 
0.810000449329280 
0.810000449915698 
0.810000450533623 
0.810000451155117 
0.810000451732964 
0.810000452342429 
0.810000452948138 
0.810000453590483 
0.810000454194258 
0.810000454816414 
0.810000455491469 
0.810000456098653 
0.810000456772901 
0.810000457448568 
0.810000458102163 
0.810000458778715 
0.810000459473311 
0.810000460177012 
0.810000460871478 
0.810000461601653 
0.810000462348535 
0.810000463126883 
0.810000463792516 
0.810000464523251 
0.810000465273916 
0.810000465951180 
0.810000466617145 
0.810000467352957 
0.810000468091935 
0.810000468872992 
0.810000469608200 
0.810000470384102 
0.810000471133742 
0.810000471936466 
0.810000472654291 
0.810000473417803 
0.810000474191693 
0.810000474911385 
0.810000475678139 
0.810000476443651 
0.810000477189032 
0.810000477934171 
0.810000478746002 
0.810000479500580 
0.810000480206282 
0.810000481001268 
0.810000481742852 
0.810000482579804 
0.810000483411322 
0.810000484250571 
0.810000485001215 
0.810000485785093 
0.810000486558430 
0.810000487304011 
0.810000488059330 
0.810000488827331 
0.810000489585233 
0.810000490332680 
0.810000491083454 
0.810000491811046 
0.810000492583836 
0.810000493279116 
0.810000494035062 
0.810000494750211 
0.810000495483031 
0.810000496252588 
0.810000497023895 
0.810000497773631 
0.810000498552034 
0.810000499329153 
0.810000500036725 
0.810000500788863 
0.810000501487993 
0.810000502229098 
0.810000502950182 
0.810000503729304 
0.810000504429404 
0.810000505169356 
0.810000505912930 
0.810000506607306 
0.810000507331234 
0.810000508068313 
0.810000508751987 
0.810000509562975 
0.810000510306855 
0.810000511086114 
0.810000511837659 
0.810000512588955 
0.810000513208088 
0.810000513902210 
0.810000514645301 
0.810000515393478 
0.810000516128351 
0.810000516816658 
0.810000517560381 
0.810000518193307 
0.810000518894940 
0.810000519599305 
0.810000520308472 
0.810000520985152 
0.810000521695633 
0.810000522326796 
0.810000522958781 
0.810000523598704 
0.810000524258829 
0.810000524895505 
0.810000525630592 
0.810000526295934 
0.810000526911608 
0.810000527603835 
0.810000528262307 
0.810000528909026 
0.810000529562254 
0.810000530130242 
0.810000530764503 
0.810000531373303 
0.810000532022499 
0.810000532645883 
