0.810001737033386 
0.810001737062110 
0.810001737053981 
0.810001737049823 
0.810001737052180 
0.810001737058398 
0.810001737063967 
0.810001737067111 
0.810001737069661 
0.810001737070348 
0.810001737071674 
0.810001737067075 
0.810001737066309 
0.810001737064688 
0.810001737065173 
0.810001737065025 
0.810001737064525 
0.810001737063498 
0.810001737061194 
0.810001737062169 
0.810001737062535 
0.810001737061868 
0.810001737065006 
0.810001737061898 
0.810001737066675 
0.810001737069104 
0.810001737070299 
0.810001737068351 
0.810001737067272 
0.810001737068333 
0.810001737067482 
0.810001737069885 
0.810001737069547 
0.810001737070703 
0.810001737070407 
0.810001737067528 
0.810001737066284 
0.810001737069401 
0.810001737070021 
0.810001737070213 
0.810001737069097 
0.810001737068247 
0.810001737065416 
0.810001737063968 
0.810001737062940 
0.810001737063231 
0.810001737063294 
0.810001737058974 
0.810001737056444 
0.810001737053156 
0.810001737052427 
0.810001737048480 
0.810001737045985 
0.810001737039306 
0.810001737038911 
0.810001737035395 
0.810001737033957 
0.810001737030821 
0.810001737027122 
0.810001737019381 
0.810001737019159 
0.810001737013568 
0.810001737005224 
0.810001736998593 
0.810001736985897 
0.810001736977327 
0.810001736969426 
0.810001736954876 
0.810001736945137 
0.810001736941260 
0.810001736934917 
0.810001736929950 
0.810001736920868 
0.810001736914155 
0.810001736904820 
0.810001736896453 
0.810001736891129 
0.810001736877856 
0.810001736870636 
0.810001736863147 
0.810001736852586 
0.810001736839614 
0.810001736826414 
0.810001736814766 
0.810001736803018 
0.810001736796154 
0.810001736781462 
0.810001736764235 
0.810001736752242 
0.810001736741603 
0.810001736726467 
0.810001736714150 
0.810001736700349 
0.810001736685628 
0.810001736672974 
0.810001736661580 
0.810001736643679 
0.810001736628820 
0.810001736617284 
0.810001736602817 
0.810001736585623 
0.810001736568838 
0.810001736552513 
0.810001736533679 
0.810001736520007 
0.810001736511005 
0.810001736495421 
0.810001736480887 
0.810001736457483 
0.810001736433908 
0.810001736412459 
0.810001736393702 
0.810001736375106 
0.810001736351535 
0.810001736334893 
0.810001736312040 
0.810001736283261 
0.810001736266370 
0.810001736240862 
0.810001736220315 
0.810001736190714 
0.810001736166323 
0.810001736138909 
0.810001736117836 
0.810001736098424 
0.810001736068286 
0.810001736037881 
0.810001736022921 
0.810001735995425 
0.810001735973008 
0.810001735952237 
0.810001735925003 
0.810001735887685 
0.810001735863215 
0.810001735842867 
0.810001735811785 
0.810001735794310 
0.810001735776446 
0.810001735748715 
0.810001735735582 
0.810001735713500 
0.810001735693875 
0.810001735668654 
0.810001735635994 
0.810001735620660 
0.810001735601867 
0.810001735587332 
0.810001735571509 
0.810001735550374 
0.810001735532994 
0.810001735511866 
0.810001735488931 
0.810001735474027 
0.810001735459543 
0.810001735441747 
0.810001735435410 
0.810001735431534 
0.810001735425151 
0.810001735408153 
0.810001735388995 
0.810001735379365 
0.810001735359486 
0.810001735351218 
0.810001735344468 
0.810001735352873 
0.810001735356097 
0.810001735347913 
0.810001735346872 
0.810001735338862 
0.810001735346751 
0.810001735345042 
0.810001735350956 
0.810001735362814 
0.810001735364734 
0.810001735375508 
0.810001735379864 
0.810001735390414 
0.810001735390268 
0.810001735395945 
0.810001735417305 
0.810001735422164 
0.810001735437216 
0.810001735456269 
0.810001735458113 
0.810001735473115 
0.810001735471841 
0.810001735470826 
0.810001735486637 
0.810001735484889 
0.810001735494488 
0.810001735515153 
0.810001735527067 
0.810001735546424 
0.810001735558036 
0.810001735586257 
0.810001735604810 
0.810001735618498 
0.810001735642257 
0.810001735659004 
0.810001735667474 
0.810001735697401 
0.810001735714641 
0.810001735761598 
0.810001735789107 
0.810001735808103 
0.810001735849215 
0.810001735872624 
0.810001735902761 
0.810001735937896 
0.810001735970398 
0.810001736009000 
0.810001736031883 
0.810001736055505 
0.810001736078481 
0.810001736086353 
0.810001736121025 
0.810001736149290 
0.810001736168066 
0.810001736178033 
0.810001736195070 
0.810001736222115 
0.810001736246055 
0.810001736264903 
0.810001736272899 
0.810001736282028 
0.810001736307314 
0.810001736328311 
0.810001736342097 
0.810001736355314 
0.810001736360636 
0.810001736383027 
0.810001736399956 
0.810001736403281 
0.810001736413499 
0.810001736441694 
0.810001736456888 
0.810001736444093 
0.810001736457236 
0.810001736470500 
0.810001736504860 
0.810001736525670 
0.810001736534238 
0.810001736562732 
0.810001736564445 
0.810001736575273 
0.810001736614355 
0.810001736640700 
0.810001736641938 
0.810001736659562 
0.810001736674886 
0.810001736662022 
0.810001736681464 
0.810001736726646 
0.810001736754037 
0.810001736769010 
0.810001736796403 
0.810001736818921 
0.810001736837062 
0.810001736865635 
0.810001736868761 
0.810001736897773 
0.810001736940778 
0.810001736975972 
0.810001737008861 
0.810001737001596 
0.810001737015765 
0.810001737033699 
0.810001737072287 
0.810001737097064 
0.810001737118588 
0.810001737125829 
0.810001737119997 
0.810001737134439 
0.810001737174606 
0.810001737182932 
0.810001737211564 
0.810001737228843 
0.810001737249981 
0.810001737264288 
0.810001737267505 
0.810001737262554 
0.810001737288610 
0.810001737330553 
0.810001737359848 
0.810001737386813 
0.810001737379504 
0.810001737401834 
0.810001737442753 
0.810001737504581 
0.810001737474923 
0.810001737512213 
0.810001737517848 
0.810001737563762 
0.810001737580494 
0.810001737623007 
0.810001737630190 
0.810001737646895 
0.810001737644547 
0.810001737687121 
0.810001737683598 
0.810001737665151 
0.810001737687666 
0.810001737681417 
0.810001737699406 
0.810001737705371 
0.810001737724530 
0.810001737755688 
0.810001737774487 
0.810001737789396 
0.810001737811301 
0.810001737826301 
0.810001737849237 
0.810001737871419 
0.810001737879966 
0.810001737906790 
0.810001737944117 
0.810001737954748 
0.810001737938856 
0.810001737926568 
0.810001737944742 
0.810001737947752 
0.810001737948046 
0.810001737947762 
0.810001737943549 
0.810001737951287 
0.810001737959124 
0.810001737952539 
0.810001737973274 
0.810001737973788 
0.810001737979488 
0.810001738003947 
0.810001738016917 
0.810001738032783 
0.810001738042877 
0.810001738047496 
0.810001738079055 
0.810001738095760 
0.810001738140299 
0.810001738158988 
0.810001738175918 
0.810001738181852 
0.810001738191359 
0.810001738208272 
0.810001738233142 
0.810001738239825 
0.810001738255909 
0.810001738283141 
0.810001738297788 
0.810001738285785 
0.810001738293730 
0.810001738307525 
0.810001738332648 
0.810001738367972 
0.810001738405346 
0.810001738453568 
0.810001738507688 
0.810001738533699 
0.810001738542931 
0.810001738575167 
0.810001738640808 
0.810001738676947 
0.810001738719629 
0.810001738755920 
0.810001738774522 
0.810001738788802 
0.810001738828843 
0.810001738856032 
0.810001738870248 
0.810001738920535 
0.810001738958020 
0.810001738977297 
0.810001739017280 
0.810001739081875 
0.810001739125185 
0.810001739158769 
0.810001739202598 
0.810001739249655 
0.810001739319603 
0.810001739395084 
0.810001739462209 
0.810001739533315 
0.810001739599965 
0.810001739661513 
0.810001739688744 
0.810001739749897 
0.810001739816472 
0.810001739864270 
0.810001739902122 
0.810001739966602 
0.810001740045820 
0.810001740127229 
0.810001740221287 
0.810001740292142 
0.810001740353673 
0.810001740421546 
0.810001740494265 
0.810001740562114 
0.810001740600168 
0.810001740666197 
0.810001740714480 
0.810001740767616 
0.810001740824979 
0.810001740895532 
0.810001740969924 
0.810001741049567 
0.810001741072719 
0.810001741124304 
0.810001741187121 
0.810001741279113 
0.810001741320628 
0.810001741371390 
0.810001741392369 
0.810001741462561 
0.810001741523465 
0.810001741599804 
0.810001741646349 
0.810001741690783 
0.810001741772615 
0.810001741825368 
0.810001741857516 
0.810001741934413 
0.810001742017413 
0.810001742065975 
0.810001742092153 
0.810001742120564 
0.810001742136606 
0.810001742167447 
0.810001742200100 
0.810001742182857 
0.810001742255965 
0.810001742272419 
0.810001742297676 
0.810001742277123 
0.810001742327957 
0.810001742330741 
0.810001742349087 
0.810001742368634 
0.810001742391211 
0.810001742413343 
0.810001742422294 
0.810001742419725 
0.810001742427964 
0.810001742406127 
0.810001742371156 
0.810001742370908 
0.810001742393540 
0.810001742397331 
0.810001742435002 
0.810001742452117 
0.810001742459843 
0.810001742444793 
0.810001742413665 
0.810001742433457 
0.810001742419596 
0.810001742430593 
0.810001742431684 
0.810001742424035 
0.810001742414940 
0.810001742401440 
0.810001742376798 
0.810001742338608 
0.810001742353013 
0.810001742316956 
0.810001742349382 
0.810001742312146 
0.810001742246918 
0.810001742198677 
0.810001742138027 
0.810001742110442 
0.810001742081500 
0.810001742050302 
0.810001742021875 
0.810001742000424 
0.810001741956517 
0.810001741922893 
0.810001741865740 
0.810001741794391 
0.810001741728048 
0.810001741696119 
0.810001741637306 
0.810001741596134 
0.810001741562742 
0.810001741523610 
0.810001741487397 
0.810001741416226 
0.810001741358237 
0.810001741305303 
0.810001741277334 
0.810001741218120 
0.810001741143861 
0.810001741088858 
0.810001741067682 
0.810001741022063 
0.810001740972293 
0.810001740923468 
0.810001740850520 
0.810001740811330 
0.810001740787655 
0.810001740758874 
0.810001740697844 
0.810001740626666 
0.810001740584264 
0.810001740489980 
0.810001740427083 
0.810001740378670 
0.810001740299167 
0.810001740216070 
0.810001740170797 
0.810001740099789 
0.810001740032536 
0.810001740017579 
0.810001739993211 
0.810001739937725 
0.810001739864550 
0.810001739801358 
0.810001739748595 
0.810001739737240 
0.810001739667996 
0.810001739578780 
0.810001739560462 
0.810001739480949 
0.810001739405468 
0.810001739411089 
0.810001739367852 
0.810001739287507 
0.810001739214126 
0.810001739187310 
0.810001739122839 
0.810001739060164 
0.810001739014371 
0.810001738967751 
0.810001738904642 
0.810001738825875 
0.810001738798569 
0.810001738741136 
0.810001738740068 
0.810001738727049 
0.810001738711675 
0.810001738691362 
0.810001738616890 
0.810001738540731 
0.810001738472490 
0.810001738436913 
0.810001738365330 
0.810001738314782 
0.810001738266376 
0.810001738225424 
0.810001738180105 
0.810001738151273 
0.810001738093316 
0.810001738041365 
0.810001738002899 
0.810001737946195 
0.810001737890165 
0.810001737814439 
0.810001737778400 
0.810001737770968 
0.810001737779539 
0.810001737719958 
0.810001737669193 
0.810001737580684 
0.810001737577842 
0.810001737526203 
0.810001737472529 
0.810001737418917 
0.810001737368706 
0.810001737340919 
0.810001737317313 
0.810001737279862 
0.810001737218881 
0.810001737205727 
0.810001737196099 
0.810001737138640 
0.810001737092833 
0.810001737044665 
0.810001737022819 
0.810001736999144 
0.810001736960317 
0.810001736930452 
0.810001736907013 
0.810001736859054 
0.810001736857966 
0.810001736869872 
0.810001736852456 
0.810001736835357 
0.810001736805267 
0.810001736800164 
0.810001736760539 
0.810001736710479 
0.810001736708884 
0.810001736676472 
0.810001736676888 
0.810001736654494 
0.810001736626301 
0.810001736609674 
0.810001736589623 
0.810001736556149 
0.810001736565948 
0.810001736555801 
0.810001736575398 
0.810001736588591 
0.810001736552834 
0.810001736548710 
0.810001736534185 
0.810001736505107 
0.810001736524411 
0.810001736529387 
0.810001736525264 
0.810001736484720 
0.810001736480126 
0.810001736487317 
0.810001736496396 
0.810001736489857 
0.810001736462656 
0.810001736414581 
0.810001736422338 
0.810001736417508 
0.810001736437201 
0.810001736454115 
0.810001736415813 
0.810001736407843 
0.810001736421746 
0.810001736414501 
0.810001736407468 
0.810001736438906 
0.810001736467861 
0.810001736490729 
0.810001736477000 
0.810001736489768 
0.810001736467255 
0.810001736466234 
0.810001736436572 
0.810001736448408 
0.810001736468736 
0.810001736477874 
0.810001736455071 
0.810001736470230 
0.810001736482675 
0.810001736481858 
0.810001736488829 
0.810001736473762 
0.810001736449060 
0.810001736431762 
0.810001736412598 
0.810001736385464 
0.810001736348344 
0.810001736335934 
0.810001736347779 
0.810001736393563 
0.810001736423017 
0.810001736435254 
0.810001736438741 
0.810001736473531 
0.810001736429252 
0.810001736427608 
0.810001736445987 
0.810001736399604 
0.810001736410664 
0.810001736431182 
0.810001736418860 
0.810001736413518 
0.810001736420071 
0.810001736457671 
0.810001736476092 
0.810001736468010 
0.810001736449575 
0.810001736415957 
0.810001736406376 
0.810001736396943 
0.810001736421224 
0.810001736429729 
0.810001736441595 
0.810001736450376 
0.810001736415533 
0.810001736445740 
0.810001736467481 
0.810001736463089 
0.810001736493929 
0.810001736515023 
0.810001736490387 
0.810001736480721 
0.810001736504905 
0.810001736489353 
0.810001736482246 
0.810001736466901 
0.810001736473328 
0.810001736482780 
0.810001736466626 
0.810001736428070 
0.810001736410005 
0.810001736486253 
0.810001736477826 
0.810001736491884 
0.810001736503999 
0.810001736520128 
0.810001736544677 
0.810001736601956 
0.810001736630944 
0.810001736673783 
0.810001736676718 
0.810001736666553 
0.810001736656567 
0.810001736666518 
0.810001736706919 
0.810001736723907 
0.810001736765166 
0.810001736779677 
0.810001736801269 
0.810001736810420 
0.810001736822892 
0.810001736833124 
0.810001736854314 
0.810001736884288 
0.810001736883844 
0.810001736875728 
0.810001736856830 
0.810001736838771 
0.810001736863970 
0.810001736909667 
0.810001736980436 
0.810001736968413 
0.810001736975636 
0.810001736990458 
0.810001736995678 
0.810001736994657 
0.810001736984267 
0.810001736979562 
0.810001736981995 
0.810001736988935 
0.810001737008342 
0.810001736995590 
0.810001737037524 
0.810001737072856 
0.810001737092044 
0.810001737091806 
0.810001737091318 
0.810001737126763 
0.810001737092948 
0.810001737101000 
0.810001737106347 
0.810001737135313 
0.810001737127966 
0.810001737171200 
0.810001737146374 
0.810001737214293 
0.810001737190401 
0.810001737257979 
0.810001737287774 
0.810001737278341 
0.810001737262711 
0.810001737259880 
0.810001737275027 
0.810001737226187 
0.810001737251849 
0.810001737267854 
0.810001737266568 
0.810001737281151 
0.810001737255302 
0.810001737292879 
0.810001737230227 
0.810001737223779 
0.810001737223406 
0.810001737176213 
0.810001737211792 
0.810001737214826 
0.810001737238744 
0.810001737207926 
0.810001737199677 
0.810001737221180 
0.810001737239579 
0.810001737303804 
0.810001737286386 
0.810001737334655 
0.810001737340665 
0.810001737315007 
0.810001737314670 
0.810001737334794 
0.810001737310202 
0.810001737312398 
0.810001737359656 
0.810001737348436 
0.810001737337872 
0.810001737303491 
0.810001737308983 
0.810001737316274 
0.810001737338570 
0.810001737364214 
0.810001737392167 
0.810001737394826 
0.810001737424397 
0.810001737434542 
0.810001737434693 
0.810001737358903 
0.810001737377785 
0.810001737387017 
0.810001737356339 
0.810001737362319 
0.810001737346781 
0.810001737308802 
0.810001737284590 
0.810001737295892 
0.810001737312517 
0.810001737326189 
0.810001737297782 
0.810001737317041 
0.810001737341494 
0.810001737391161 
0.810001737429101 
0.810001737395478 
0.810001737425598 
0.810001737419887 
0.810001737426871 
0.810001737475943 
0.810001737503784 
0.810001737484139 
0.810001737431255 
0.810001737443379 
0.810001737388454 
0.810001737408381 
0.810001737412543 
0.810001737421052 
0.810001737432650 
0.810001737460222 
0.810001737477354 
0.810001737438858 
0.810001737439961 
0.810001737445170 
0.810001737449971 
0.810001737403688 
0.810001737430596 
0.810001737425928 
0.810001737390053 
0.810001737383278 
0.810001737389433 
0.810001737399164 
0.810001737413058 
0.810001737409042 
0.810001737420775 
0.810001737443447 
0.810001737399087 
0.810001737410420 
0.810001737400345 
0.810001737426806 
0.810001737463686 
0.810001737444249 
0.810001737455018 
0.810001737431392 
0.810001737384427 
0.810001737370758 
0.810001737399546 
0.810001737392550 
0.810001737357563 
0.810001737352430 
0.810001737318094 
0.810001737327664 
0.810001737316034 
0.810001737298904 
0.810001737229227 
0.810001737255289 
0.810001737259615 
0.810001737268271 
0.810001737255323 
0.810001737282114 
0.810001737289864 
0.810001737305232 
0.810001737335007 
0.810001737311792 
0.810001737337934 
0.810001737296762 
0.810001737265470 
0.810001737269010 
0.810001737240505 
0.810001737240231 
0.810001737246431 
0.810001737198602 
0.810001737238842 
0.810001737225940 
0.810001737218725 
0.810001737189944 
0.810001737163351 
0.810001737145916 
0.810001737128466 
0.810001737093749 
0.810001737066180 
0.810001737088449 
0.810001737078576 
0.810001737049255 
0.810001737043992 
0.810001736999855 
0.810001736972186 
0.810001736941921 
0.810001736926816 
0.810001736944054 
0.810001736978219 
0.810001736966788 
0.810001736964091 
0.810001736920080 
0.810001736890046 
0.810001736830817 
0.810001736818236 
0.810001736795961 
0.810001736760602 
0.810001736749133 
0.810001736761981 
0.810001736754998 
0.810001736712211 
0.810001736708859 
0.810001736728601 
0.810001736700281 
0.810001736654870 
0.810001736603798 
0.810001736552291 
0.810001736547905 
0.810001736519414 
0.810001736520807 
0.810001736505757 
0.810001736495202 
0.810001736493295 
0.810001736444780 
0.810001736415430 
0.810001736400379 
0.810001736360068 
0.810001736361020 
0.810001736274724 
0.810001736242871 
0.810001736214193 
0.810001736227829 
0.810001736178318 
0.810001736172879 
0.810001736172698 
0.810001736163974 
0.810001736130161 
0.810001736110028 
0.810001736090705 
0.810001736034149 
0.810001736048150 
0.810001735964619 
0.810001735953591 
0.810001735953215 
0.810001735885521 
0.810001735901009 
0.810001735837488 
0.810001735810197 
0.810001735773138 
0.810001735766491 
0.810001735708616 
0.810001735665855 
0.810001735688417 
0.810001735692735 
0.810001735669166 
0.810001735629314 
0.810001735633573 
0.810001735600018 
0.810001735578936 
0.810001735533804 
0.810001735475000 
0.810001735441263 
0.810001735402103 
0.810001735348502 
0.810001735359158 
0.810001735294890 
0.810001735301952 
0.810001735289941 
0.810001735233435 
0.810001735236082 
0.810001735190051 
0.810001735185578 
0.810001735166223 
0.810001735169894 
0.810001735149537 
0.810001735146201 
0.810001735143279 
0.810001735133858 
0.810001735119238 
0.810001735058369 
0.810001735038412 
0.810001735010196 
0.810001735000936 
0.810001735011150 
0.810001735004686 
0.810001734992362 
0.810001734943002 
0.810001734827758 
0.810001734825635 
0.810001734794817 
0.810001734816595 
0.810001734765827 
0.810001734740599 
0.810001734724475 
0.810001734659764 
0.810001734676154 
0.810001734636554 
0.810001734610040 
0.810001734578874 
0.810001734581176 
0.810001734506370 
0.810001734464525 
0.810001734435222 
0.810001734412854 
0.810001734366296 
0.810001734340448 
0.810001734302105 
0.810001734250115 
0.810001734196078 
0.810001734194518 
0.810001734189687 
0.810001734182931 
0.810001734107230 
0.810001734070022 
0.810001734014401 
0.810001733991328 
0.810001733968218 
0.810001733948056 
0.810001733887306 
0.810001733869672 
0.810001733838583 
0.810001733843777 
0.810001733771626 
0.810001733814584 
0.810001733766581 
0.810001733707633 
0.810001733698437 
0.810001733637637 
0.810001733606811 
0.810001733562205 
0.810001733556156 
0.810001733509171 
0.810001733427706 
0.810001733374085 
0.810001733304818 
0.810001733253486 
0.810001733174307 
0.810001733116584 
0.810001733080600 
0.810001733023181 
0.810001733031733 
0.810001732999471 
0.810001732995271 
0.810001732954529 
0.810001732992511 
0.810001732917680 
0.810001732865636 
0.810001732812243 
0.810001732738314 
0.810001732670603 
0.810001732621814 
0.810001732567466 
0.810001732495605 
0.810001732452392 
0.810001732377085 
0.810001732357028 
0.810001732268828 
0.810001732270194 
0.810001732224386 
0.810001732196707 
0.810001732125965 
0.810001732084766 
0.810001732046318 
0.810001732002931 
0.810001731951214 
0.810001731897197 
0.810001731878589 
0.810001731827168 
0.810001731793413 
0.810001731769059 
0.810001731724650 
0.810001731706782 
0.810001731636637 
0.810001731581519 
0.810001731586796 
0.810001731557309 
0.810001731538252 
0.810001731470127 
0.810001731408279 
0.810001731351347 
0.810001731345940 
0.810001731298755 
0.810001731296452 
0.810001731302162 
0.810001731264141 
0.810001731172569 
0.810001731125038 
0.810001731072852 
0.810001731056992 
0.810001731046647 
0.810001730984094 
0.810001730888427 
0.810001730847487 
0.810001730769141 
0.810001730765773 
0.810001730661728 
0.810001730564110 
0.810001730517953 
0.810001730462314 
0.810001730437422 
0.810001730377120 
0.810001730312964 
0.810001730289908 
0.810001730246031 
0.810001730179486 
0.810001730133433 
0.810001730097039 
0.810001730028947 
0.810001729961396 
0.810001729948915 
0.810001729888111 
0.810001729840293 
0.810001729783538 
0.810001729712976 
0.810001729667160 
0.810001729640440 
0.810001729572745 
0.810001729534759 
0.810001729466673 
0.810001729446931 
0.810001729441073 
0.810001729403579 
0.810001729383499 
0.810001729327251 
0.810001729255674 
0.810001729200044 
0.810001729175502 
0.810001729121078 
0.810001729066009 
0.810001728957164 
0.810001728951357 
0.810001728897848 
0.810001728850493 
0.810001728834326 
0.810001728800916 
0.810001728796920 
0.810001728734103 
0.810001728693885 
0.810001728653497 
0.810001728600085 
0.810001728555776 
0.810001728449493 
0.810001728458597 
0.810001728398611 
0.810001728325394 
0.810001728349539 
0.810001728308214 
0.810001728297452 
0.810001728231650 
0.810001728175745 
0.810001728125670 
0.810001728063376 
0.810001728047348 
0.810001727946191 
0.810001727895845 
0.810001727872995 
0.810001727842747 
0.810001727767151 
0.810001727702693 
0.810001727608456 
0.810001727542051 
0.810001727525288 
0.810001727502165 
0.810001727459666 
0.810001727447506 
0.810001727416680 
0.810001727377964 
0.810001727298838 
0.810001727246199 
0.810001727183263 
0.810001727119132 
0.810001727050878 
0.810001727075586 
0.810001727061900 
0.810001727020590 
0.810001727016880 
0.810001726965861 
0.810001726860054 
0.810001726825123 
0.810001726771270 
0.810001726713211 
0.810001726680476 
0.810001726657812 
0.810001726621230 
0.810001726562932 
0.810001726512827 
0.810001726452795 
0.810001726420406 
0.810001726450112 
0.810001726420055 
0.810001726379224 
0.810001726364495 
0.810001726358816 
0.810001726315363 
0.810001726286967 
0.810001726290052 
0.810001726263641 
0.810001726178058 
0.810001726126216 
0.810001726048737 
0.810001726001258 
0.810001725965360 
0.810001725920200 
0.810001725847579 
0.810001725774555 
0.810001725708918 
0.810001725645338 
0.810001725602056 
0.810001725555696 
0.810001725546527 
0.810001725475753 
0.810001725407356 
0.810001725345775 
0.810001725280581 
0.810001725273167 
0.810001725206381 
0.810001725176566 
0.810001725162476 
0.810001725075781 
0.810001725023682 
0.810001724979148 
0.810001724964728 
0.810001724893958 
0.810001724843560 
0.810001724770013 
0.810001724743852 
0.810001724695298 
0.810001724587723 
0.810001724579088 
0.810001724518090 
0.810001724482065 
0.810001724406455 
0.810001724354324 
0.810001724342747 
0.810001724346165 
0.810001724290294 
0.810001724269225 
0.810001724196225 
0.810001724177759 
0.810001724077067 
0.810001724029452 
0.810001723948906 
0.810001723877058 
0.810001723861737 
0.810001723780890 
0.810001723780839 
0.810001723709237 
0.810001723680350 
0.810001723670446 
0.810001723621751 
0.810001723543618 
0.810001723475871 
0.810001723468618 
0.810001723430235 
0.810001723369409 
0.810001723266961 
0.810001723206880 
0.810001723162451 
0.810001723126209 
0.810001723071923 
0.810001723048035 
0.810001722992720 
0.810001722994078 
0.810001722967787 
0.810001722922292 
0.810001722898959 
0.810001722858129 
0.810001722798352 
0.810001722738619 
0.810001722700273 
0.810001722681135 
0.810001722665112 
0.810001722618976 
0.810001722566014 
0.810001722561497 
0.810001722496054 
0.810001722471199 
0.810001722409775 
0.810001722384440 
0.810001722363052 
0.810001722322945 
0.810001722262766 
0.810001722258804 
0.810001722206652 
0.810001722187176 
0.810001722114147 
0.810001722147744 
0.810001722103292 
0.810001722034986 
0.810001721926175 
0.810001721897661 
0.810001721804311 
0.810001721816201 
0.810001721842440 
0.810001721843532 
0.810001721788501 
0.810001721726283 
0.810001721687970 
0.810001721611766 
0.810001721562172 
0.810001721548810 
0.810001721484383 
0.810001721412871 
0.810001721392254 
0.810001721384607 
0.810001721341174 
0.810001721315281 
0.810001721242654 
0.810001721211805 
0.810001721179211 
0.810001721131853 
0.810001721150886 
0.810001721106418 
0.810001721092291 
0.810001721075041 
0.810001720999549 
0.810001720936883 
0.810001720917189 
0.810001720858271 
0.810001720763339 
0.810001720711781 
0.810001720655944 
0.810001720649677 
0.810001720591005 
0.810001720520525 
0.810001720507938 
0.810001720490948 
0.810001720452763 
0.810001720410197 
0.810001720374323 
0.810001720349353 
0.810001720326414 
0.810001720239264 
0.810001720220309 
0.810001720205790 
0.810001720180646 
0.810001720159038 
0.810001720111074 
0.810001720036531 
0.810001720012465 
0.810001719964031 
0.810001719942562 
0.810001719899454 
0.810001719874714 
0.810001719865247 
0.810001719807823 
0.810001719747711 
0.810001719738054 
0.810001719692954 
0.810001719633765 
0.810001719601336 
0.810001719546610 
0.810001719495767 
0.810001719425316 
0.810001719384310 
0.810001719388905 
0.810001719296296 
0.810001719266991 
0.810001719239384 
0.810001719178879 
0.810001719106608 
0.810001719074285 
0.810001719031087 
0.810001719037051 
0.810001719018156 
0.810001719006900 
0.810001718975937 
0.810001718921309 
0.810001718838270 
0.810001718807561 
0.810001718792520 
0.810001718721002 
0.810001718689918 
0.810001718627563 
0.810001718604539 
0.810001718604020 
0.810001718549191 
0.810001718485227 
0.810001718435839 
0.810001718370072 
0.810001718357243 
0.810001718323035 
0.810001718276967 
0.810001718235307 
0.810001718189011 
0.810001718150933 
0.810001718114648 
0.810001718053246 
0.810001718041747 
0.810001718033572 
0.810001718018404 
0.810001717940532 
0.810001717911096 
0.810001717861112 
0.810001717862866 
0.810001717879317 
0.810001717857681 
0.810001717820817 
0.810001717737992 
0.810001717671938 
0.810001717670635 
0.810001717622773 
0.810001717557300 
0.810001717549016 
0.810001717507109 
0.810001717455509 
0.810001717434817 
0.810001717413035 
0.810001717394607 
0.810001717306222 
0.810001717255981 
0.810001717217895 
0.810001717160621 
0.810001717129868 
0.810001717076411 
0.810001717072469 
0.810001717030982 
0.810001717018647 
0.810001716960049 
0.810001716904044 
0.810001716844312 
0.810001716822564 
0.810001716762001 
0.810001716750738 
0.810001716745051 
0.810001716676359 
0.810001716621892 
0.810001716615069 
0.810001716544119 
0.810001716539978 
0.810001716522547 
0.810001716433643 
0.810001716401301 
0.810001716386900 
0.810001716394439 
0.810001716348745 
0.810001716326366 
0.810001716287988 
0.810001716239232 
0.810001716221791 
0.810001716178681 
0.810001716137796 
0.810001716088535 
0.810001716085967 
0.810001716070204 
0.810001716078564 
0.810001716104830 
0.810001716093205 
0.810001716066983 
0.810001716017357 
0.810001716001593 
0.810001715958899 
0.810001715903885 
0.810001715886528 
0.810001715916531 
0.810001715905595 
0.810001715876282 
0.810001715852625 
0.810001715771874 
0.810001715779136 
0.810001715752544 
0.810001715657941 
0.810001715589546 
0.810001715574322 
0.810001715603506 
0.810001715613407 
0.810001715543957 
0.810001715486427 
0.810001715419869 
0.810001715434695 
0.810001715395527 
0.810001715397527 
0.810001715373967 
0.810001715374263 
0.810001715325573 
0.810001715228818 
0.810001715217885 
0.810001715181272 
0.810001715167375 
0.810001715153428 
0.810001715117772 
0.810001715098923 
0.810001715087457 
0.810001715046869 
0.810001715009097 
0.810001714998244 
0.810001714989649 
0.810001714936035 
0.810001714890586 
0.810001714902731 
0.810001714952631 
0.810001714874748 
0.810001714841287 
0.810001714790919 
0.810001714750781 
0.810001714681752 
0.810001714655621 
0.810001714597891 
0.810001714596479 
0.810001714588203 
0.810001714519389 
0.810001714484870 
0.810001714436396 
0.810001714377369 
0.810001714332325 
0.810001714321177 
0.810001714277131 
0.810001714228885 
0.810001714208896 
0.810001714163959 
0.810001714165866 
0.810001714157561 
0.810001714105070 
0.810001714077153 
0.810001714020612 
0.810001713979931 
0.810001713954710 
0.810001713917945 
0.810001713905991 
0.810001713804769 
0.810001713773486 
0.810001713758978 
0.810001713724205 
0.810001713659979 
0.810001713638348 
0.810001713582009 
0.810001713546522 
0.810001713543075 
0.810001713504833 
0.810001713481407 
0.810001713439559 
0.810001713399384 
0.810001713369846 
0.810001713334399 
0.810001713291547 
0.810001713284423 
0.810001713287877 
0.810001713300471 
0.810001713266840 
0.810001713247472 
0.810001713270039 
0.810001713225031 
0.810001713170659 
0.810001713097834 
0.810001713065527 
0.810001713011022 
0.810001712994490 
0.810001712965579 
0.810001712897934 
0.810001712836461 
0.810001712863352 
0.810001712873050 
0.810001712813257 
0.810001712849779 
0.810001712809036 
0.810001712758080 
0.810001712695267 
0.810001712694019 
0.810001712644896 
0.810001712583999 
0.810001712549010 
0.810001712505521 
0.810001712544926 
0.810001712493530 
0.810001712431618 
0.810001712453965 
0.810001712413676 
0.810001712412246 
0.810001712376430 
0.810001712301949 
0.810001712245260 
0.810001712229632 
0.810001712189725 
0.810001712146604 
0.810001712052173 
0.810001712091346 
0.810001712054038 
0.810001711998822 
0.810001711999841 
0.810001712008964 
0.810001712034103 
0.810001712055146 
0.810001711959973 
0.810001711907375 
0.810001711881545 
0.810001711827928 
0.810001711775143 
0.810001711768287 
0.810001711764647 
0.810001711752317 
0.810001711762738 
0.810001711770405 
0.810001711756497 
0.810001711714177 
0.810001711727688 
0.810001711691177 
0.810001711709477 
0.810001711688151 
0.810001711664537 
0.810001711664154 
0.810001711720658 
0.810001711651687 
0.810001711626626 
0.810001711636822 
0.810001711599871 
0.810001711513614 
0.810001711465846 
0.810001711447041 
0.810001711429993 
0.810001711392601 
0.810001711362236 
0.810001711310873 
0.810001711294247 
0.810001711290952 
0.810001711264040 
0.810001711275779 
0.810001711231899 
0.810001711159293 
0.810001711166581 
0.810001711125456 
0.810001711081584 
0.810001711065001 
0.810001710974419 
0.810001710970207 
0.810001710973896 
0.810001711025714 
0.810001711003764 
0.810001710990237 
0.810001710941535 
0.810001710925108 
0.810001710885315 
0.810001710885913 
0.810001710825407 
0.810001710750283 
0.810001710761968 
0.810001710768377 
0.810001710728811 
0.810001710733732 
0.810001710725041 
0.810001710715036 
0.810001710662082 
0.810001710629956 
0.810001710657794 
0.810001710637572 
0.810001710605956 
0.810001710565797 
0.810001710532196 
0.810001710452836 
0.810001710407472 
0.810001710362899 
0.810001710355150 
0.810001710351166 
0.810001710351526 
0.810001710286051 
0.810001710250854 
0.810001710242408 
0.810001710211865 
0.810001710167357 
0.810001710126359 
0.810001710090390 
0.810001710087859 
0.810001710033092 
0.810001710030884 
0.810001710040380 
0.810001710035844 
0.810001709960010 
0.810001709913728 
0.810001709876566 
0.810001709877916 
0.810001709847903 
0.810001709840790 
0.810001709801340 
0.810001709775671 
0.810001709758051 
0.810001709724593 
0.810001709714140 
0.810001709689965 
0.810001709683701 
0.810001709652714 
0.810001709583904 
0.810001709557256 
0.810001709507429 
0.810001709461627 
0.810001709405696 
0.810001709405962 
0.810001709383513 
0.810001709392824 
0.810001709407214 
0.810001709359744 
0.810001709366543 
0.810001709307000 
0.810001709256292 
0.810001709231312 
0.810001709196977 
0.810001709187403 
0.810001709159214 
0.810001709167342 
0.810001709177479 
0.810001709144626 
0.810001709114962 
0.810001709123499 
0.810001709062898 
0.810001709034811 
0.810001708986676 
0.810001708975005 
0.810001708983123 
0.810001708956201 
0.810001708857928 
0.810001708846224 
0.810001708794263 
0.810001708785762 
0.810001708799130 
0.810001708771068 
0.810001708771394 
0.810001708754227 
0.810001708715877 
0.810001708709505 
0.810001708731077 
0.810001708704649 
0.810001708702590 
0.810001708658866 
0.810001708602019 
0.810001708582751 
0.810001708521249 
0.810001708504702 
0.810001708474942 
0.810001708471418 
0.810001708433364 
0.810001708439794 
0.810001708501697 
0.810001708447539 
0.810001708488479 
0.810001708456279 
0.810001708417659 
0.810001708381050 
0.810001708377836 
0.810001708385105 
0.810001708387624 
0.810001708356249 
0.810001708354346 
0.810001708337922 
0.810001708358741 
0.810001708338773 
0.810001708310186 
0.810001708296742 
0.810001708241598 
0.810001708192928 
0.810001708144722 
0.810001708135406 
0.810001708058190 
0.810001708042423 
0.810001708079279 
0.810001708006303 
0.810001707970104 
0.810001707937978 
0.810001707928709 
0.810001707971528 
0.810001707958670 
0.810001707882749 
0.810001707782160 
0.810001707723356 
0.810001707772616 
0.810001707757150 
0.810001707731021 
0.810001707701823 
0.810001707744838 
0.810001707752722 
0.810001707748221 
0.810001707730247 
0.810001707661431 
0.810001707667038 
0.810001707631978 
0.810001707602532 
0.810001707607411 
0.810001707581258 
0.810001707528235 
0.810001707523808 
0.810001707494116 
0.810001707428133 
0.810001707357998 
0.810001707319680 
0.810001707319053 
0.810001707328660 
0.810001707338511 
0.810001707323718 
0.810001707259166 
0.810001707179087 
0.810001707159604 
0.810001707106200 
0.810001707081893 
0.810001707044813 
0.810001707062490 
0.810001707083274 
0.810001707069693 
0.810001707052270 
0.810001707080105 
0.810001707110271 
0.810001707124502 
0.810001707129666 
0.810001707160298 
0.810001707104622 
0.810001707068253 
0.810001707049722 
0.810001707018492 
0.810001707064048 
0.810001707024808 
0.810001707040811 
0.810001707011655 
0.810001706987040 
0.810001706986911 
0.810001706930696 
0.810001706878498 
0.810001706802534 
0.810001706757770 
0.810001706726024 
0.810001706718916 
0.810001706754212 
0.810001706710859 
0.810001706709336 
0.810001706678622 
0.810001706677239 
0.810001706649197 
0.810001706582712 
0.810001706579157 
0.810001706574756 
0.810001706558043 
0.810001706533603 
0.810001706480403 
0.810001706456881 
0.810001706427748 
0.810001706407367 
0.810001706386353 
0.810001706354863 
0.810001706329533 
0.810001706378954 
0.810001706338090 
0.810001706320579 
0.810001706319805 
0.810001706307613 
0.810001706286044 
0.810001706230423 
0.810001706206091 
0.810001706199474 
0.810001706258495 
0.810001706269698 
0.810001706278612 
0.810001706212322 
0.810001706184815 
0.810001706156418 
0.810001706148792 
0.810001706154923 
0.810001706124259 
0.810001706100063 
0.810001706086076 
0.810001706092672 
0.810001706058804 
0.810001706080062 
0.810001706080977 
0.810001706022846 
0.810001705951532 
0.810001705896792 
0.810001705833290 
0.810001705789309 
0.810001705756077 
0.810001705750129 
0.810001705682915 
0.810001705686165 
0.810001705638497 
0.810001705597378 
0.810001705615965 
0.810001705584230 
0.810001705624460 
0.810001705637374 
0.810001705637110 
0.810001705620969 
0.810001705619177 
0.810001705625437 
0.810001705599239 
0.810001705600026 
0.810001705610475 
0.810001705528594 
0.810001705545852 
0.810001705551468 
0.810001705546570 
0.810001705517458 
0.810001705461246 
0.810001705445355 
0.810001705405624 
0.810001705422357 
0.810001705391493 
0.810001705411565 
0.810001705423588 
0.810001705390167 
0.810001705376919 
0.810001705386362 
0.810001705410705 
0.810001705403745 
0.810001705391305 
0.810001705411957 
0.810001705370702 
0.810001705311391 
0.810001705306960 
0.810001705359784 
0.810001705352615 
0.810001705346882 
0.810001705291248 
0.810001705219126 
0.810001705221525 
0.810001705170954 
0.810001705150243 
0.810001705143948 
0.810001705155994 
0.810001705114362 
0.810001705106737 
0.810001705094015 
0.810001705082961 
0.810001705024241 
0.810001704996808 
0.810001704947003 
0.810001704952288 
0.810001704899691 
0.810001704924092 
0.810001704929414 
0.810001704916153 
0.810001704879535 
0.810001704908814 
0.810001704921496 
0.810001704891743 
0.810001704849069 
0.810001704809153 
0.810001704804153 
0.810001704814976 
0.810001704809530 
0.810001704777324 
0.810001704788270 
0.810001704767770 
0.810001704755725 
0.810001704723292 
0.810001704723130 
0.810001704685630 
0.810001704733781 
0.810001704741802 
0.810001704691186 
0.810001704691791 
0.810001704684908 
0.810001704667008 
0.810001704632339 
0.810001704600535 
0.810001704599684 
0.810001704559398 
0.810001704582790 
0.810001704588411 
0.810001704620798 
0.810001704613111 
0.810001704568752 
0.810001704518547 
0.810001704533183 
0.810001704532166 
0.810001704541213 
0.810001704537835 
0.810001704501934 
0.810001704507513 
0.810001704466838 
0.810001704471619 
0.810001704487783 
0.810001704451358 
0.810001704453882 
0.810001704429244 
0.810001704411295 
0.810001704350875 
0.810001704308515 
0.810001704226734 
0.810001704192977 
0.810001704166989 
0.810001704161722 
0.810001704173975 
0.810001704243445 
0.810001704182985 
0.810001704174399 
0.810001704125326 
0.810001704118641 
0.810001704159675 
0.810001704144256 
0.810001704129014 
0.810001704096480 
0.810001704099722 
0.810001704062078 
0.810001703999235 
0.810001703967854 
0.810001703978878 
0.810001704021331 
0.810001704001550 
0.810001704038710 
0.810001704046003 
0.810001704051395 
0.810001704035233 
0.810001704022782 
0.810001704096938 
0.810001704049708 
0.810001704046351 
0.810001704074654 
0.810001704067671 
0.810001704033580 
0.810001704042421 
0.810001704005895 
0.810001703967632 
0.810001703921112 
0.810001703940760 
0.810001703994933 
0.810001703944986 
0.810001703929087 
0.810001703859345 
0.810001703881508 
0.810001703853296 
0.810001703908142 
0.810001703935079 
0.810001703960655 
0.810001703926392 
0.810001703924663 
0.810001703891984 
0.810001703931492 
0.810001703972857 
0.810001703954057 
0.810001703963211 
0.810001703992784 
0.810001704030784 
0.810001703998534 
0.810001703956783 
0.810001703930578 
0.810001703910479 
0.810001703933650 
0.810001703941544 
0.810001703875370 
0.810001703811674 
0.810001703816608 
0.810001703820067 
0.810001703773088 
0.810001703802653 
0.810001703758847 
0.810001703626381 
0.810001703605993 
0.810001703578403 
0.810001703581129 
0.810001703589736 
0.810001703568022 
0.810001703549315 
0.810001703522667 
0.810001703433779 
0.810001703395640 
0.810001703395422 
0.810001703374473 
0.810001703349890 
0.810001703315020 
0.810001703320402 
0.810001703296682 
0.810001703261103 
0.810001703252592 
0.810001703153663 
0.810001703146805 
0.810001703154530 
0.810001703199957 
0.810001703149764 
0.810001703160605 
0.810001703137871 
0.810001703148713 
0.810001703142471 
0.810001703175237 
0.810001703139748 
0.810001703108142 
0.810001703082174 
0.810001703066343 
0.810001703063936 
0.810001703051048 
0.810001703007094 
0.810001703001779 
0.810001702974983 
0.810001702948252 
0.810001702906899 
0.810001702864954 
0.810001702800093 
0.810001702804682 
0.810001702773414 
0.810001702676491 
0.810001702677865 
0.810001702599268 
0.810001702640504 
0.810001702642281 
0.810001702649558 
0.810001702591324 
0.810001702560561 
0.810001702536202 
0.810001702520612 
0.810001702493959 
0.810001702520980 
0.810001702513637 
0.810001702508087 
0.810001702524353 
0.810001702490536 
0.810001702492898 
0.810001702528378 
0.810001702512182 
0.810001702515921 
0.810001702495905 
0.810001702485859 
0.810001702433499 
0.810001702372169 
0.810001702339394 
0.810001702252629 
0.810001702257352 
0.810001702204438 
0.810001702180056 
0.810001702187995 
0.810001702197085 
0.810001702228090 
0.810001702195686 
0.810001702198345 
0.810001702237810 
0.810001702226722 
0.810001702204081 
0.810001702196580 
0.810001702140384 
0.810001702070460 
0.810001702032654 
0.810001701981001 
0.810001701961954 
0.810001701909786 
0.810001701859902 
0.810001701880045 
0.810001701900703 
0.810001701867436 
0.810001701807377 
0.810001701774071 
0.810001701726213 
0.810001701777836 
0.810001701770303 
0.810001701739406 
0.810001701697008 
0.810001701674291 
0.810001701619415 
0.810001701601339 
0.810001701566871 
0.810001701560894 
0.810001701576018 
0.810001701656843 
0.810001701676075 
0.810001701589911 
0.810001701616755 
0.810001701613553 
0.810001701589964 
0.810001701546287 
0.810001701575455 
0.810001701591649 
0.810001701539825 
0.810001701478338 
0.810001701476855 
0.810001701450300 
0.810001701478495 
0.810001701453652 
0.810001701453881 
0.810001701446719 
0.810001701417399 
0.810001701418360 
0.810001701376493 
0.810001701396107 
0.810001701339321 
0.810001701324182 
0.810001701375597 
0.810001701313261 
0.810001701306550 
0.810001701325415 
0.810001701332848 
0.810001701286101 
0.810001701284616 
0.810001701246659 
0.810001701278416 
0.810001701216366 
0.810001701224834 
0.810001701195594 
0.810001701212371 
0.810001701150602 
0.810001701175548 
0.810001701147030 
0.810001701135752 
0.810001701117240 
0.810001701131029 
0.810001701061179 
0.810001701096912 
0.810001701103619 
0.810001701152270 
0.810001701121212 
0.810001701141026 
0.810001701103259 
0.810001701070968 
0.810001701054821 
0.810001701053617 
0.810001701079672 
0.810001701056052 
0.810001701074466 
0.810001701106319 
0.810001701073029 
0.810001701093807 
0.810001701058043 
0.810001701042752 
0.810001701055121 
0.810001701038289 
0.810001701010844 
0.810001701032837 
0.810001701051727 
0.810001701043802 
0.810001701046897 
0.810001701032732 
0.810001701017484 
0.810001700965433 
0.810001700919470 
0.810001700964044 
0.810001700973132 
0.810001700948579 
0.810001700981442 
0.810001700970240 
0.810001700988874 
0.810001700946476 
0.810001700889426 
0.810001700854791 
0.810001700870421 
0.810001700872878 
0.810001700932315 
0.810001700923454 
0.810001700885149 
0.810001700921509 
0.810001701008380 
0.810001700959599 
0.810001700916541 
0.810001700918733 
0.810001700937651 
0.810001700974722 
0.810001700990206 
0.810001701013528 
0.810001700987485 
0.810001700969652 
0.810001700926410 
0.810001700937388 
0.810001700953674 
0.810001700902825 
0.810001700855057 
0.810001700843646 
0.810001700870075 
0.810001700900575 
0.810001700876420 
0.810001700903697 
0.810001700914341 
0.810001700901834 
0.810001700883436 
0.810001700830401 
0.810001700760552 
0.810001700753318 
0.810001700730405 
0.810001700713896 
0.810001700772933 
0.810001700791149 
0.810001700842253 
0.810001700913434 
0.810001700928570 
0.810001700934162 
0.810001700985598 
0.810001700993391 
0.810001700970060 
0.810001700994942 
0.810001701012997 
0.810001701014929 
0.810001701043458 
0.810001701048694 
0.810001701075874 
0.810001701059473 
0.810001701019777 
0.810001701046751 
0.810001701067842 
0.810001701027968 
0.810001701023559 
0.810001701029002 
0.810001701090894 
0.810001701048165 
0.810001701057260 
0.810001701110313 
0.810001701075691 
0.810001701119013 
0.810001701099257 
0.810001701167192 
0.810001701093093 
0.810001701084095 
0.810001701140365 
0.810001701136271 
0.810001701167668 
0.810001701181520 
0.810001701218273 
0.810001701225758 
0.810001701291235 
0.810001701345914 
0.810001701358058 
0.810001701382092 
0.810001701349069 
0.810001701359132 
0.810001701404452 
0.810001701447586 
0.810001701413061 
0.810001701480548 
0.810001701530705 
0.810001701541847 
0.810001701538541 
0.810001701539893 
0.810001701574368 
0.810001701640431 
0.810001701626428 
0.810001701618235 
0.810001701632689 
0.810001701658164 
0.810001701745540 
0.810001701783182 
0.810001701743229 
0.810001701741246 
0.810001701719560 
0.810001701764318 
0.810001701795674 
0.810001701771622 
0.810001701732313 
0.810001701733627 
0.810001701732649 
0.810001701726790 
0.810001701723685 
0.810001701702241 
0.810001701743666 
0.810001701682312 
0.810001701735874 
0.810001701732997 
0.810001701798797 
0.810001701788373 
0.810001701844905 
0.810001701842397 
0.810001701829188 
0.810001701864220 
0.810001701837926 
0.810001701886724 
0.810001701879189 
0.810001701845422 
0.810001701818287 
0.810001701793650 
0.810001701775251 
0.810001701783733 
0.810001701847526 
0.810001701854940 
0.810001701847000 
0.810001701900161 
0.810001701940458 
0.810001701923436 
0.810001701894519 
0.810001701835326 
0.810001701789838 
0.810001701789165 
0.810001701808972 
0.810001701774002 
0.810001701749258 
0.810001701719933 
0.810001701773544 
0.810001701819299 
0.810001701815544 
0.810001701793425 
0.810001701834125 
0.810001701873803 
0.810001701822962 
0.810001701779456 
0.810001701792480 
0.810001701775874 
0.810001701788259 
0.810001701814041 
0.810001701801383 
0.810001701761458 
0.810001701817066 
0.810001701785007 
0.810001701814659 
0.810001701796590 
0.810001701810762 
0.810001701797951 
0.810001701777066 
0.810001701780372 
0.810001701785573 
0.810001701772920 
0.810001701775784 
0.810001701768668 
0.810001701725877 
0.810001701715482 
0.810001701736763 
0.810001701740159 
0.810001701739221 
0.810001701750478 
0.810001701754651 
0.810001701759308 
0.810001701728719 
0.810001701778251 
0.810001701771366 
0.810001701774949 
0.810001701783687 
0.810001701791375 
0.810001701807160 
0.810001701823504 
0.810001701836136 
0.810001701859688 
