31.936791337279587 
31.936791337404113 
31.936791353559265 
31.936791355073645 
31.936791354584887 
31.936791353977050 
31.936791346901217 
31.936791344195655 
31.936791343895024 
31.936791344700836 
31.936791345899621 
31.936791346919183 
31.936791347830731 
31.936791348629527 
31.936791349227185 
31.936791369587972 
31.936791385917964 
31.936791399365767 
31.936791410470235 
31.936791419783027 
31.936791427791977 
31.936791434689404 
31.936791440698883 
31.936791445970684 
31.936791450754349 
31.936791455005569 
31.936791458895900 
31.936791462446010 
31.936791465723680 
31.936791468734366 
31.936791471597797 
31.936791474339358 
31.936791476924434 
31.936791479377312 
31.936791481725383 
31.936791483937824 
31.936791486061821 
31.936791488113023 
31.936791490128684 
31.936791492053640 
31.936791493918797 
31.936791495804098 
31.936791497584331 
31.936791499373218 
31.936791501129274 
31.936791502794684 
31.936791504424246 
31.936791506017869 
31.936791507520002 
31.936791509042116 
31.936791510533830 
31.936791512036166 
31.936791513519978 
31.936791514979610 
31.936791516398774 
31.936791517799726 
31.936791519149399 
31.936791520493742 
31.936791521843926 
31.936791523213905 
31.936791524408747 
31.936791525607674 
31.936791526837304 
31.936791528096251 
31.936791529276334 
31.936791530454371 
31.936791531603635 
31.936791532740180 
31.936791533924875 
31.936791535146529 
31.936791536239074 
31.936791537339083 
31.936791538458149 
31.936791539620529 
31.936791540655975 
31.936791541747475 
31.936791542783169 
31.936791543815517 
31.936791544834037 
31.936791545839554 
31.936791546902171 
31.936791547907625 
31.936791548928941 
31.936791549899716 
31.936791550875110 
31.936791551874812 
31.936791552868506 
31.936791553801701 
31.936791554761349 
31.936791555696647 
31.936791556657653 
31.936791557597097 
31.936791558575646 
31.936791559477200 
31.936791560424957 
31.936791561387459 
31.936791562348819 
31.936791563274603 
31.936791564230703 
31.936791565165855 
31.936791566080583 
31.936791567032227 
31.936791567963240 
31.936791568905640 
31.936791569839134 
31.936791570726886 
31.936791571580365 
31.936791572503317 
31.936791573387367 
31.936791574293935 
31.936791575235020 
31.936791576155262 
31.936791577050847 
31.936791578041387 
31.936791578958747 
31.936791579843415 
31.936791580784750 
31.936791581751294 
31.936791582588327 
31.936791583525782 
31.936791584515497 
31.936791585413840 
31.936791586294461 
31.936791587255541 
31.936791588174600 
31.936791589128553 
31.936791590099112 
31.936791591010426 
31.936791591924756 
31.936791592883910 
31.936791593832648 
31.936791594820743 
31.936791595765357 
31.936791596733716 
31.936791597728856 
31.936791598663493 
31.936791599586464 
31.936791600543618 
31.936791601522028 
31.936791602502431 
31.936791603463366 
31.936791604453781 
31.936791605535362 
31.936791606479630 
31.936791607486946 
31.936791608501906 
31.936791609511893 
31.936791610552305 
31.936791611583001 
31.936791612625527 
31.936791613703509 
31.936791614754828 
31.936791615752593 
31.936791616789417 
31.936791617849465 
31.936791618893210 
31.936791619934986 
31.936791621023836 
31.936791622146728 
31.936791623098053 
31.936791624189404 
31.936791625300529 
31.936791626436893 
31.936791627607043 
31.936791628720151 
31.936791629814142 
31.936791630938750 
31.936791632053527 
31.936791633185848 
31.936791634321036 
31.936791635421216 
31.936791636560841 
31.936791637610689 
31.936791638694828 
31.936791639884760 
31.936791641041381 
31.936791642204380 
31.936791643351608 
31.936791644541739 
31.936791645743753 
31.936791646908684 
31.936791648111768 
31.936791649323403 
31.936791650577675 
31.936791651758668 
31.936791652968186 
31.936791654091209 
31.936791655321027 
31.936791656576339 
31.936791657817949 
31.936791659108962 
31.936791660353247 
31.936791661616603 
31.936791662903065 
31.936791664173658 
31.936791665383762 
31.936791666751958 
31.936791667954786 
31.936791669168976 
31.936791670511582 
31.936791671822149 
31.936791673253659 
31.936791674618011 
31.936791675992410 
31.936791677394872 
31.936791678670691 
31.936791680013485 
31.936791681322902 
31.936791682656178 
31.936791684100839 
31.936791685392770 
31.936791686889691 
31.936791688258044 
31.936791689678213 
31.936791691120384 
31.936791692513648 
31.936791693913055 
31.936791695385288 
31.936791696907829 
31.936791698358956 
31.936791699830483 
31.936791701221772 
31.936791702680384 
31.936791704154768 
31.936791705632007 
31.936791707075106 
31.936791708593098 
31.936791710047739 
31.936791711527309 
31.936791713092859 
31.936791714647590 
31.936791716263812 
31.936791717901400 
31.936791719471451 
31.936791721151415 
31.936791722727254 
31.936791724372434 
31.936791725799747 
31.936791727340360 
31.936791728964344 
31.936791730632073 
31.936791732242398 
31.936791733980709 
31.936791735691916 
31.936791737341196 
31.936791739001755 
31.936791740764807 
31.936791742509229 
31.936791744219899 
31.936791745960647 
31.936791747687007 
31.936791749300745 
31.936791751131931 
31.936791753005281 
31.936791754878758 
31.936791756756875 
31.936791758550690 
31.936791760350459 
31.936791762111476 
31.936791763998993 
31.936791765853755 
31.936791767651435 
31.936791769467046 
31.936791771377262 
31.936791773200589 
31.936791775034251 
31.936791776840966 
31.936791778706834 
31.936791780563038 
31.936791782402473 
31.936791784474778 
31.936791786417746 
31.936791788241845 
31.936791790207568 
31.936791792182522 
31.936791794285245 
31.936791796345595 
31.936791798332568 
31.936791800362638 
31.936791802445097 
31.936791804508587 
31.936791806545109 
31.936791808627341 
31.936791810743983 
31.936791812783081 
31.936791814899077 
31.936791817121538 
31.936791819091194 
31.936791821135643 
31.936791823250893 
31.936791825379977 
31.936791827516835 
31.936791829547069 
31.936791831760097 
31.936791833990910 
31.936791836173214 
31.936791838604044 
31.936791840804027 
31.936791843089530 
31.936791845407257 
31.936791847579517 
31.936791849800837 
31.936791852013386 
31.936791854282923 
31.936791856505167 
31.936791858705568 
31.936791861064478 
31.936791863325720 
31.936791865623047 
31.936791868010275 
31.936791870373987 
31.936791872784109 
31.936791875245500 
31.936791877621811 
31.936791879980728 
31.936791882549389 
31.936791885139058 
31.936791887564336 
31.936791889826644 
31.936791892340459 
31.936791894641182 
31.936791897218502 
31.936791899775077 
31.936791902537720 
31.936791905082210 
31.936791907588592 
31.936791910263914 
31.936791912915400 
31.936791915582511 
31.936791918203220 
31.936791920800097 
31.936791923438992 
31.936791926186928 
31.936791928807054 
31.936791931538721 
31.936791934289957 
31.936791936817635 
31.936791939587547 
31.936791942215486 
31.936791944966291 
31.936791947805688 
31.936791950662109 
31.936791953519268 
31.936791956487056 
31.936791959395407 
31.936791962412247 
31.936791965206766 
31.936791967944306 
31.936791970701261 
31.936791973671390 
31.936791976499464 
31.936791979434719 
31.936791982332533 
31.936791985179077 
31.936791988307384 
31.936791991270184 
31.936791994243503 
31.936791997342940 
31.936792000653067 
31.936792003674256 
31.936792006960296 
31.936792010144885 
31.936792013180003 
31.936792016204841 
31.936792019207253 
31.936792022424953 
31.936792025578995 
31.936792028920838 
31.936792032065384 
31.936792035455436 
31.936792038500915 
31.936792041687553 
31.936792044613590 
31.936792047722534 
31.936792051203525 
31.936792054408386 
31.936792057690091 
31.936792060801231 
31.936792064109234 
31.936792067250487 
31.936792070464495 
31.936792073766966 
31.936792077120515 
31.936792080677389 
31.936792084050296 
31.936792087388760 
31.936792091101950 
31.936792094682396 
31.936792098308274 
31.936792101984057 
31.936792105319018 
31.936792108678272 
31.936792112156738 
31.936792115912279 
31.936792119482671 
31.936792122912014 
31.936792126376023 
31.936792130250030 
31.936792133763372 
31.936792137615882 
31.936792141336820 
31.936792145303549 
31.936792149028900 
31.936792153002195 
31.936792156813571 
31.936792160603975 
31.936792164557858 
31.936792168363489 
31.936792172446268 
31.936792176499377 
31.936792180199525 
31.936792184001639 
31.936792188053872 
31.936792192076354 
31.936792196156972 
31.936792199959214 
31.936792203798419 
31.936792207954575 
31.936792212129518 
31.936792216390117 
31.936792220452169 
31.936792224683344 
31.936792228577644 
31.936792232720109 
31.936792237072723 
31.936792241668066 
31.936792245630770 
31.936792249919748 
31.936792254441691 
31.936792258387328 
31.936792262658635 
31.936792266954427 
31.936792271212752 
31.936792276025912 
31.936792280706520 
31.936792284971020 
31.936792289554582 
31.936792294030688 
31.936792298150898 
31.936792302911456 
31.936792307520136 
31.936792311855640 
31.936792316117760 
31.936792320836012 
31.936792325554734 
31.936792330177703 
31.936792334835488 
31.936792339482778 
31.936792344401752 
31.936792348955983 
31.936792353505297 
31.936792358700295 
31.936792363243427 
31.936792368157917 
31.936792372697042 
31.936792377633658 
31.936792382423405 
31.936792387373544 
31.936792392095107 
31.936792396815541 
31.936792401720211 
31.936792406878041 
31.936792411781440 
31.936792416879555 
31.936792422187835 
31.936792426950689 
31.936792432022912 
31.936792436809590 
31.936792441847359 
31.936792447132653 
31.936792452498473 
31.936792457479783 
31.936792462774896 
31.936792467853152 
31.936792473373437 
31.936792478128183 
31.936792483502117 
31.936792488825539 
31.936792494636649 
31.936792499856153 
31.936792505258147 
31.936792510264397 
31.936792515982901 
31.936792521711340 
31.936792527338440 
31.936792532058902 
31.936792536995945 
31.936792542425259 
31.936792547904496 
31.936792553534993 
31.936792559012268 
31.936792564465279 
31.936792570391319 
31.936792575960112 
31.936792581711799 
31.936792587397832 
31.936792593045411 
31.936792598648694 
31.936792604530822 
31.936792609913368 
31.936792615778273 
31.936792621745653 
31.936792627444007 
31.936792633066744 
31.936792638359066 
31.936792644743946 
31.936792650975292 
31.936792657155451 
31.936792662803356 
31.936792668792322 
31.936792674765428 
31.936792680740737 
31.936792686559244 
31.936792692977377 
31.936792698549681 
31.936792704716567 
31.936792710438851 
31.936792716657948 
31.936792722874884 
31.936792728955467 
31.936792734813267 
31.936792740433447 
31.936792746726439 
31.936792752951249 
31.936792758791370 
31.936792765044487 
31.936792771415597 
31.936792777716533 
31.936792784170194 
31.936792790976980 
31.936792797195949 
31.936792803424623 
31.936792809014605 
31.936792815378965 
31.936792822078246 
31.936792828468924 
31.936792834961011 
31.936792841212167 
31.936792847841758 
31.936792854026095 
31.936792860873396 
31.936792867517909 
31.936792873891363 
31.936792880459052 
31.936792887442621 
31.936792893926111 
31.936792900374428 
31.936792907373516 
31.936792913219506 
31.936792919817705 
31.936792927103440 
31.936792933763002 
31.936792940326782 
31.936792946313915 
31.936792952540813 
31.936792959317870 
31.936792966544260 
31.936792973313260 
31.936792980199925 
31.936792986958693 
31.936792993230910 
31.936792999698199 
31.936793005654749 
31.936793011928671 
31.936793018365606 
31.936793024905526 
31.936793031654531 
31.936793037715375 
31.936793044904263 
31.936793050642081 
31.936793056416818 
31.936793062683677 
31.936793068983107 
31.936793074671527 
31.936793081492638 
31.936793088000144 
31.936793094278698 
31.936793101436152 
31.936793108426471 
31.936793114492261 
31.936793121432984 
31.936793128106004 
31.936793134767015 
31.936793141138111 
31.936793147707476 
31.936793153722988 
31.936793160429232 
31.936793166703183 
31.936793172987336 
31.936793179731623 
31.936793185656555 
31.936793191834454 
31.936793198768953 
31.936793204626099 
31.936793210862987 
31.936793217436417 
31.936793224728518 
31.936793231396194 
31.936793237929919 
31.936793244029943 
31.936793250554672 
31.936793256906725 
31.936793263014621 
31.936793268872222 
31.936793274593455 
31.936793280414108 
31.936793286745910 
31.936793293528766 
31.936793300020696 
31.936793305967299 
31.936793311709835 
31.936793318007062 
31.936793324671029 
31.936793330807376 
31.936793336604183 
31.936793342283266 
31.936793347154264 
31.936793353125921 
31.936793358531304 
31.936793363494758 
31.936793369494069 
31.936793375917517 
31.936793381466316 
31.936793386823922 
31.936793392230925 
31.936793397539418 
31.936793403616122 
31.936793408071367 
31.936793413127759 
31.936793418538542 
31.936793423910302 
31.936793430096884 
31.936793435934959 
31.936793439310577 
31.936793444543042 
31.936793449648292 
31.936793454491038 
31.936793460501860 
31.936793466291363 
31.936793471195614 
31.936793476003714 
31.936793480897109 
31.936793485520127 
31.936793491349704 
31.936793496891056 
31.936793501891884 
31.936793507305822 
31.936793513099502 
31.936793517570720 
31.936793522787923 
31.936793526798255 
31.936793530921477 
31.936793535768516 
31.936793540995865 
31.936793544838565 
31.936793549612105 
31.936793555087462 
31.936793560765153 
31.936793565737730 
31.936793571580608 
31.936793576100229 
31.936793580932715 
31.936793585811728 
31.936793590938805 
31.936793595482413 
31.936793600477614 
31.936793606120432 
31.936793610468840 
31.936793614118471 
31.936793617525268 
31.936793621853553 
31.936793626673420 
31.936793630414286 
31.936793634866603 
31.936793640578941 
31.936793644550391 
31.936793649061769 
31.936793653034584 
31.936793656611940 
31.936793660048124 
31.936793664018751 
31.936793668468027 
31.936793673158235 
31.936793676955517 
31.936793680949449 
31.936793684299630 
31.936793687665158 
31.936793691667248 
31.936793695844756 
31.936793700175656 
31.936793703987348 
31.936793708179408 
31.936793711252761 
31.936793716273201 
31.936793717050818 
31.936793717899121 
31.936793718627541 
31.936793718330762 
31.936793719315574 
31.936793719416016 
31.936793719668231 
31.936793720072956 
31.936793720098819 
31.936793720810471 
31.936793721545769 
31.936793720987936 
31.936793722679795 
31.936793723734269 
31.936793722622440 
31.936793724127369 
31.936793724114182 
31.936793724144962 
31.936793723832523 
31.936793723505076 
31.936793724670054 
31.936793724339509 
31.936793724803863 
31.936793725574944 
31.936793724294290 
31.936793724054780 
31.936793723313599 
31.936793724119525 
31.936793724161134 
31.936793723182205 
31.936793723539665 
31.936793723863730 
31.936793724106735 
31.936793724976269 
31.936793724357045 
31.936793724963422 
31.936793725249515 
31.936793725130769 
31.936793725460632 
31.936793726397553 
31.936793726030004 
31.936793726237966 
31.936793726572745 
31.936793725980579 
31.936793726389283 
31.936793726922133 
31.936793727825204 
31.936793728159586 
31.936793729237650 
31.936793729896749 
31.936793731183116 
31.936793732501513 
31.936793732072147 
31.936793732359661 
31.936793732615513 
31.936793731986938 
31.936793732563899 
31.936793732498217 
31.936793733082254 
31.936793733420103 
31.936793733700256 
31.936793733706224 
31.936793734769424 
31.936793733058465 
31.936793732748299 
31.936793732577883 
31.936793734195760 
31.936793734191014 
31.936793733188495 
31.936793733246986 
31.936793733165530 
31.936793733096522 
31.936793733269752 
31.936793734163984 
31.936793733694117 
31.936793734239615 
31.936793734495978 
31.936793734449196 
31.936793733564343 
31.936793732696572 
31.936793732295797 
31.936793731521334 
31.936793732493101 
31.936793733796179 
31.936793733869251 
31.936793734095090 
31.936793734550122 
31.936793735926614 
31.936793734744015 
31.936793735404109 
31.936793734991795 
31.936793734733953 
31.936793735686962 
31.936793736720773 
31.936793737568252 
31.936793738155046 
31.936793739434677 
31.936793740352641 
31.936793740742075 
31.936793741881218 
31.936793741271515 
31.936793741419478 
31.936793741887954 
31.936793741454778 
31.936793742574025 
31.936793741843871 
31.936793742391188 
31.936793742571865 
31.936793742487197 
31.936793743252963 
31.936793742801683 
31.936793744753601 
31.936793744156830 
31.936793743194272 
31.936793742502516 
31.936793743888586 
31.936793743900409 
31.936793744221063 
31.936793745213322 
31.936793745458772 
31.936793746317761 
31.936793747251329 
31.936793746582680 
31.936793746635658 
31.936793746026723 
31.936793746427441 
31.936793746784019 
31.936793746904556 
31.936793746862634 
31.936793746693638 
31.936793745332835 
31.936793744238059 
31.936793743784705 
31.936793743076691 
31.936793742916905 
31.936793743457201 
31.936793741951163 
31.936793744408959 
31.936793747684305 
31.936793750357111 
31.936793752098112 
31.936793754681275 
31.936793758238025 
31.936793761285628 
31.936793762764154 
31.936793766232142 
31.936793769147641 
31.936793772008258 
31.936793773988597 
31.936793776162688 
31.936793778046990 
31.936793779282141 
31.936793784063752 
31.936793787739987 
31.936793790350436 
31.936793793078834 
31.936793795767187 
31.936793797128416 
31.936793800074895 
31.936793802031048 
31.936793804830756 
31.936793808020070 
31.936793807672416 
31.936793808980951 
31.936793811404556 
31.936793811862970 
31.936793812526901 
31.936793813782515 
31.936793816360591 
31.936793818260298 
31.936793820527100 
31.936793822452302 
31.936793825717984 
31.936793826861390 
31.936793827529556 
31.936793830502154 
31.936793833423792 
31.936793835629544 
31.936793836868958 
31.936793838676920 
31.936793840976918 
31.936793843738542 
31.936793846038739 
31.936793848618379 
31.936793849797880 
31.936793851495366 
31.936793852251014 
31.936793853482300 
31.936793856105965 
31.936793857082819 
31.936793856927636 
31.936793857218987 
31.936793859757756 
31.936793860813424 
31.936793862747606 
31.936793864279792 
31.936793867063301 
31.936793867890685 
31.936793868364958 
31.936793870384037 
31.936793871263120 
31.936793872500857 
31.936793873572384 
31.936793874149913 
31.936793877176342 
31.936793878652452 
31.936793879934811 
31.936793880386517 
31.936793881493031 
31.936793882474234 
31.936793882603524 
31.936793883439208 
31.936793883317023 
31.936793884716110 
31.936793885635041 
31.936793885593744 
31.936793884622233 
31.936793885874295 
31.936793887675861 
31.936793887517553 
31.936793887621263 
31.936793888227328 
31.936793889779381 
31.936793890831240 
31.936793891080271 
31.936793892102742 
31.936793892233311 
31.936793891828586 
31.936793892245021 
31.936793891288033 
31.936793890305722 
31.936793889287685 
31.936793888685997 
31.936793888612613 
31.936793888747843 
31.936793888363411 
31.936793888943868 
31.936793889835059 
31.936793889724783 
31.936793887212929 
31.936793885507541 
31.936793885359435 
31.936793884875215 
31.936793886111616 
31.936793886122189 
31.936793885083489 
31.936793884274977 
31.936793885345764 
31.936793885431541 
31.936793886380713 
31.936793887286399 
31.936793887043336 
31.936793885884043 
31.936793884488225 
31.936793883551303 
31.936793884052548 
31.936793883408711 
31.936793881374513 
31.936793880088317 
31.936793880642966 
31.936793880328054 
31.936793879306464 
31.936793879167197 
31.936793878503693 
31.936793877741252 
31.936793878041300 
31.936793877019483 
31.936793874307739 
31.936793874233217 
31.936793873543280 
31.936793873666545 
31.936793872097894 
31.936793870222914 
31.936793869239750 
31.936793870091805 
31.936793870763267 
31.936793871485293 
31.936793871420718 
31.936793871083211 
31.936793870566788 
31.936793869848657 
31.936793868728898 
31.936793867412888 
31.936793867301560 
31.936793867227550 
31.936793864471611 
31.936793865569030 
31.936793864420622 
31.936793865620587 
31.936793866133939 
31.936793863716218 
31.936793861503418 
31.936793861265869 
31.936793859675475 
31.936793858650532 
31.936793855752825 
31.936793854000683 
31.936793854413764 
31.936793851721518 
31.936793850224063 
31.936793850330190 
31.936793849455711 
31.936793850233556 
31.936793847671368 
31.936793846837730 
31.936793845862752 
31.936793844121951 
31.936793841686210 
31.936793840655469 
31.936793838510454 
31.936793837056371 
31.936793836021280 
31.936793836077669 
31.936793835258072 
31.936793834777006 
31.936793833529322 
31.936793834013827 
31.936793832188386 
31.936793831714226 
31.936793831032276 
31.936793830467508 
31.936793830469554 
31.936793830985465 
31.936793831308165 
31.936793830481349 
31.936793830978900 
31.936793830627835 
31.936793829441228 
31.936793830542058 
31.936793830169165 
31.936793830221006 
31.936793829927808 
31.936793829230908 
31.936793828879189 
31.936793830187099 
31.936793831263060 
31.936793828911647 
31.936793827543028 
31.936793827424196 
31.936793829717999 
31.936793829676276 
31.936793828075054 
31.936793827773784 
31.936793827099820 
31.936793826712886 
31.936793827751842 
31.936793826403687 
31.936793825619077 
31.936793824023226 
31.936793822344157 
31.936793821678748 
31.936793822899460 
31.936793822191930 
31.936793820692287 
31.936793822643551 
31.936793824243637 
31.936793824113295 
31.936793824089250 
31.936793824616132 
31.936793825919494 
31.936793827409929 
31.936793828321044 
31.936793829112730 
31.936793827805786 
31.936793827872464 
31.936793828075395 
31.936793829368042 
31.936793830195882 
31.936793832175312 
31.936793832304147 
31.936793832775493 
31.936793831861024 
31.936793832876333 
31.936793832462143 
31.936793833389856 
31.936793833794070 
31.936793832889293 
31.936793834102104 
31.936793833659152 
31.936793834701916 
31.936793832818523 
31.936793833712557 
31.936793834194873 
31.936793834428443 
31.936793836478216 
31.936793836327439 
31.936793835051219 
31.936793835888835 
31.936793836646245 
31.936793836209688 
31.936793836076021 
31.936793836124025 
31.936793835922288 
31.936793836126043 
31.936793837170711 
31.936793837460129 
31.936793836261131 
31.936793836349636 
31.936793835628862 
31.936793837025050 
31.936793837406697 
31.936793837895749 
31.936793839065388 
31.936793839644110 
31.936793840851152 
31.936793840527486 
31.936793840906120 
31.936793842186944 
31.936793840812442 
31.936793841151626 
31.936793840060943 
31.936793840076035 
31.936793841013412 
31.936793842541874 
31.936793842660478 
31.936793843711996 
31.936793845199048 
31.936793846112323 
31.936793845979082 
31.936793846467197 
31.936793845656325 
31.936793846801834 
31.936793848375544 
31.936793849656709 
31.936793848498695 
31.936793848555567 
31.936793850631773 
31.936793851424483 
31.936793851496418 
31.936793853299974 
31.936793853865368 
31.936793855077383 
31.936793855317575 
31.936793855545318 
31.936793858063879 
31.936793860761725 
31.936793861036904 
31.936793862125938 
31.936793862615588 
31.936793864624178 
31.936793865090522 
31.936793866969850 
31.936793868723385 
31.936793869192201 
31.936793869593004 
31.936793868779120 
31.936793873124572 
31.936793875059379 
31.936793875624602 
31.936793879212814 
31.936793881730807 
31.936793882814811 
31.936793884044903 
31.936793886817753 
31.936793887800434 
31.936793888877901 
31.936793891414851 
31.936793891805650 
31.936793893391268 
31.936793895229982 
31.936793896920676 
31.936793899008904 
31.936793899673262 
31.936793900125821 
31.936793901200986 
31.936793904096902 
31.936793906004681 
31.936793908021542 
31.936793909478297 
31.936793912910076 
31.936793914505159 
31.936793916321079 
31.936793916982083 
31.936793918730757 
31.936793919577781 
31.936793922030262 
31.936793924200884 
31.936793926247304 
31.936793929488431 
31.936793931133764 
31.936793930610349 
31.936793932534215 
31.936793934996786 
31.936793937801497 
31.936793940113574 
31.936793944086673 
31.936793944545457 
31.936793948116218 
31.936793951002443 
31.936793952324962 
31.936793952989262 
31.936793955352925 
31.936793957552311 
31.936793960731791 
31.936793962006504 
31.936793963658801 
31.936793967248633 
31.936793968175436 
31.936793971151360 
31.936793972536833 
31.936793973935124 
31.936793975351975 
31.936793976595624 
31.936793979446264 
31.936793982907375 
31.936793985279081 
31.936793986568375 
31.936793989460000 
31.936793990675284 
31.936793991387958 
31.936793994903752 
31.936793996886621 
31.936793999810959 
31.936794002991093 
31.936794005918131 
31.936794009060748 
31.936794011994039 
31.936794014940517 
31.936794017507140 
31.936794017398398 
31.936794020191059 
31.936794022502369 
31.936794023663140 
31.936794025349627 
31.936794029185506 
31.936794031731040 
31.936794035889335 
31.936794037233113 
31.936794039802123 
31.936794040808337 
31.936794042318127 
31.936794044937159 
31.936794048394717 
31.936794050732715 
31.936794052333113 
31.936794054757883 
31.936794057800086 
31.936794059045241 
31.936794061566985 
31.936794065247540 
31.936794069194235 
31.936794071388903 
31.936794073780788 
31.936794074405014 
31.936794078521075 
31.936794080626214 
31.936794084241228 
31.936794089248792 
31.936794091584204 
31.936794093590919 
31.936794096724071 
31.936794098711204 
31.936794100731760 
31.936794103293153 
31.936794106740820 
31.936794107756384 
31.936794111013683 
31.936794111620657 
31.936794113858269 
31.936794116467865 
31.936794119278971 
31.936794122752246 
31.936794123895083 
31.936794126990549 
31.936794131088732 
31.936794134049052 
31.936794138442792 
31.936794140349491 
31.936794142531852 
31.936794143675144 
31.936794143945235 
31.936794143589140 
31.936794145625242 
31.936794147018958 
31.936794151128254 
31.936794154420596 
31.936794158628231 
31.936794161226430 
31.936794163316335 
31.936794164790740 
31.936794165873550 
31.936794167295972 
31.936794168879914 
31.936794170698022 
31.936794173521264 
31.936794175200589 
31.936794178377227 
31.936794179478568 
31.936794182914298 
31.936794183562682 
31.936794185142048 
31.936794187924647 
31.936794189701146 
31.936794191632487 
31.936794194486083 
31.936794196189283 
31.936794198689114 
31.936794200188189 
31.936794200566311 
31.936794202250212 
31.936794203011260 
31.936794203645945 
31.936794204739925 
31.936794206585915 
31.936794209463926 
31.936794211148822 
31.936794213426538 
31.936794213710385 
31.936794216268822 
31.936794218684497 
31.936794221841893 
31.936794223143721 
31.936794226686203 
31.936794227176335 
31.936794230777537 
31.936794230509520 
31.936794231363621 
31.936794233950309 
31.936794234417846 
31.936794236397333 
31.936794238486357 
31.936794239847700 
31.936794241593560 
31.936794242655083 
31.936794244149809 
31.936794244408105 
31.936794245391553 
31.936794247850514 
31.936794248146697 
31.936794249164734 
31.936794250360293 
31.936794250004311 
31.936794251945116 
31.936794254512705 
31.936794255507664 
31.936794257528021 
31.936794258475487 
31.936794259962738 
31.936794261919317 
31.936794261831039 
31.936794264258083 
31.936794265905604 
31.936794268645031 
31.936794268982595 
31.936794268820506 
31.936794268682576 
31.936794269659828 
31.936794272249642 
31.936794273533422 
31.936794273755226 
31.936794273501448 
31.936794275245575 
31.936794275945317 
31.936794277782781 
31.936794278618606 
31.936794278216695 
31.936794277660880 
31.936794280148433 
31.936794281587737 
31.936794281309318 
31.936794282101204 
31.936794281694631 
31.936794281296471 
31.936794281811473 
31.936794282380845 
31.936794282940838 
31.936794281871329 
31.936794283394534 
31.936794283936052 
31.936794283575750 
31.936794282202726 
31.936794282344835 
31.936794284481635 
31.936794286029965 
31.936794285087757 
31.936794285884787 
31.936794285972212 
31.936794288126521 
31.936794289216323 
31.936794288185752 
31.936794286902682 
31.936794287431098 
31.936794288601334 
31.936794287763007 
31.936794288357646 
31.936794287965256 
31.936794289661123 
31.936794289647594 
31.936794290117518 
31.936794289413967 
31.936794286927238 
31.936794285611427 
31.936794286254155 
31.936794287165981 
31.936794288960982 
31.936794287691725 
31.936794288186434 
31.936794287482087 
31.936794286431223 
31.936794286981751 
31.936794287612656 
31.936794288001863 
31.936794286505972 
31.936794286376710 
31.936794284755422 
31.936794283967345 
31.936794284255996 
31.936794282910739 
31.936794280066692 
31.936794278439834 
31.936794277662273 
31.936794278163802 
31.936794278650098 
31.936794278115599 
31.936794276819910 
31.936794275014392 
31.936794273531348 
31.936794274231943 
31.936794275510294 
31.936794275456521 
31.936794274449426 
31.936794272731674 
31.936794273290957 
31.936794273087969 
31.936794274779459 
31.936794275240345 
31.936794274367230 
31.936794273264809 
31.936794273457508 
31.936794270901316 
31.936794271552628 
31.936794270607948 
31.936794270518874 
31.936794269635584 
31.936794267649191 
31.936794267450637 
31.936794266549839 
31.936794263571869 
31.936794261806938 
31.936794260968668 
31.936794259151327 
31.936794258610178 
31.936794256464282 
31.936794256100598 
31.936794253598748 
31.936794251872300 
31.936794249888180 
31.936794248592605 
31.936794247905482 
31.936794245904366 
31.936794242402698 
31.936794240387883 
31.936794237978006 
31.936794235790842 
31.936794232199532 
31.936794231458180 
31.936794230613145 
31.936794229863949 
31.936794229759471 
31.936794228644203 
31.936794226800657 
31.936794223825018 
31.936794221768764 
31.936794221127286 
31.936794220626268 
31.936794218710361 
31.936794217167062 
31.936794215794237 
31.936794214350357 
31.936794212676546 
31.936794211580946 
31.936794207371747 
31.936794205550825 
31.936794202793351 
31.936794199905819 
31.936794197640438 
31.936794197662380 
31.936794196291601 
31.936794194625008 
31.936794193291576 
31.936794191681827 
31.936794190937007 
31.936794189991417 
31.936794187422493 
31.936794185440249 
31.936794183159861 
31.936794180506126 
31.936794178850107 
31.936794177610921 
31.936794177292029 
31.936794177269633 
31.936794175992702 
31.936794174450995 
31.936794172529460 
31.936794170672101 
31.936794167268317 
31.936794166074947 
31.936794163781087 
31.936794161797934 
31.936794158656824 
31.936794155851317 
31.936794153563653 
31.936794151578056 
31.936794149226216 
31.936794147753176 
31.936794147557976 
31.936794145243596 
31.936794142932797 
31.936794142903750 
31.936794140612221 
31.936794140934126 
31.936794138713537 
31.936794135752052 
31.936794132770160 
31.936794132146645 
31.936794130630972 
31.936794130099941 
31.936794127837175 
31.936794125490223 
31.936794122538174 
31.936794119761714 
31.936794118374905 
31.936794115368627 
31.936794113111887 
31.936794112507187 
31.936794111422046 
31.936794107565277 
31.936794106674313 
31.936794103722320 
31.936794102366832 
31.936794099741007 
31.936794095847404 
31.936794091970000 
31.936794090784190 
31.936794086564021 
31.936794085862743 
31.936794084069732 
31.936794081213975 
31.936794076837884 
31.936794076152466 
31.936794076987269 
31.936794075879959 
31.936794072825762 
31.936794070731423 
31.936794068355937 
31.936794065912920 
31.936794062328602 
31.936794060568559 
31.936794060796615 
31.936794058722228 
31.936794055860844 
31.936794053916344 
31.936794051111178 
31.936794046889986 
31.936794044931787 
31.936794042455006 
31.936794041133055 
31.936794038668495 
31.936794035153866 
31.936794033468175 
31.936794033076183 
31.936794031243153 
31.936794028238580 
31.936794025562335 
31.936794023265122 
31.936794022749666 
31.936794022112451 
31.936794022539345 
31.936794018913304 
31.936794014936766 
31.936794012557755 
31.936794009203766 
31.936794006183106 
31.936794003713828 
31.936794002165925 
31.936793999499514 
31.936793996483573 
31.936793992381695 
31.936793990135754 
31.936793987272495 
31.936793986114992 
31.936793983003497 
31.936793981474807 
31.936793977364857 
31.936793975015348 
31.936793970671090 
31.936793970409610 
31.936793966892310 
31.936793963778086 
31.936793960493389 
31.936793959848899 
31.936793955704900 
31.936793953974927 
31.936793953633014 
31.936793951439142 
31.936793949433877 
31.936793950459162 
31.936793950349283 
31.936793947465503 
31.936793945538568 
31.936793944620490 
31.936793939660902 
31.936793939332347 
31.936793936119955 
31.936793931631428 
31.936793928723489 
31.936793928274767 
31.936793926560881 
31.936793924247240 
31.936793922352308 
31.936793920648768 
31.936793918869398 
31.936793918477179 
31.936793917094974 
31.936793914618761 
31.936793912556880 
31.936793909042819 
31.936793906811943 
31.936793906245782 
31.936793903256273 
31.936793901659371 
31.936793900441160 
31.936793896900610 
31.936793895012897 
31.936793892727280 
31.936793891594959 
31.936793889288822 
31.936793888446573 
31.936793884727479 
31.936793883240114 
31.936793879805691 
31.936793877567197 
31.936793875471494 
31.936793875197509 
31.936793872129272 
31.936793870791519 
31.936793869743042 
31.936793867448216 
31.936793863657158 
31.936793861153319 
31.936793857899033 
31.936793857870327 
31.936793855206190 
31.936793853918630 
31.936793852375672 
31.936793850652350 
31.936793849678736 
31.936793847665399 
31.936793844233932 
31.936793842932786 
31.936793841972474 
31.936793841161602 
31.936793841299902 
31.936793842059615 
31.936793841830763 
31.936793838971084 
31.936793837189441 
31.936793835535184 
31.936793832744513 
31.936793833428624 
31.936793830934505 
31.936793828822545 
31.936793826023518 
31.936793823648088 
31.936793822509856 
31.936793820370042 
31.936793819965715 
31.936793819261311 
31.936793817466139 
31.936793815267947 
31.936793815308874 
31.936793814625389 
31.936793813001600 
31.936793810773850 
31.936793808541495 
31.936793807551169 
31.936793807801735 
31.936793806093306 
31.936793804745605 
31.936793802232785 
31.936793799773341 
31.936793798788642 
31.936793797151950 
31.936793795232518 
31.936793797406153 
31.936793796833854 
31.936793794491450 
31.936793793175411 
31.936793791108585 
31.936793791405364 
31.936793790701643 
31.936793788874184 
31.936793787827355 
31.936793786258136 
31.936793784584609 
31.936793783358951 
31.936793783834503 
31.936793783746793 
31.936793783897656 
31.936793782548591 
31.936793782110385 
31.936793781408994 
31.936793781063841 
31.936793779504683 
31.936793778236677 
31.936793775943727 
31.936793776024103 
31.936793774569310 
31.936793772107421 
31.936793768442726 
31.936793767514473 
31.936793766850599 
31.936793765813945 
31.936793762984450 
31.936793759624663 
31.936793757114970 
31.936793756302905 
31.936793755871975 
31.936793753396671 
31.936793751125379 
31.936793748632510 
31.936793745966213 
31.936793744532963 
31.936793741542431 
31.936793740869291 
31.936793739879931 
31.936793738648760 
31.936793737806909 
31.936793738530525 
31.936793735908395 
31.936793735087065 
31.936793733058209 
31.936793730995930 
31.936793729604574 
31.936793728736347 
31.936793726795599 
31.936793724885831 
31.936793724034715 
31.936793723479354 
31.936793722120512 
31.936793722472032 
31.936793720868707 
31.936793719643219 
31.936793717359478 
31.936793718501576 
31.936793716656609 
31.936793715589545 
31.936793714519695 
31.936793715020997 
31.936793713544091 
31.936793711860105 
31.936793709444487 
31.936793707753566 
31.936793705815376 
31.936793706097490 
31.936793705401954 
31.936793702884415 
31.936793702284888 
31.936793702285115 
31.936793700614544 
31.936793700516489 
31.936793700750741 
31.936793699861539 
31.936793699367172 
31.936793699695329 
31.936793700191970 
31.936793698380143 
31.936793696327584 
31.936793697221106 
31.936793696376810 
31.936793695131428 
31.936793693873483 
31.936793694822541 
31.936793693685672 
31.936793691770731 
31.936793692317849 
31.936793692312222 
31.936793692384015 
31.936793692590072 
31.936793690803825 
31.936793690955255 
31.936793689913202 
31.936793692386857 
31.936793692946026 
31.936793693653499 
31.936793693403729 
31.936793693273614 
31.936793691665855 
31.936793689244837 
31.936793688389400 
31.936793688444993 
31.936793688257694 
31.936793687789304 
31.936793685817179 
31.936793686621286 
31.936793684216525 
31.936793682712619 
31.936793680306096 
31.936793676719901 
31.936793674741409 
31.936793671605244 
31.936793670778059 
31.936793668517168 
31.936793670047621 
31.936793671834664 
31.936793670503107 
31.936793669639144 
31.936793669203382 
31.936793669169901 
31.936793667554184 
31.936793667472330 
31.936793668441396 
31.936793666927997 
31.936793665677726 
31.936793666046356 
31.936793664109985 
31.936793664914831 
31.936793662199534 
31.936793664641698 
31.936793664369532 
31.936793665068990 
31.936793666022766 
31.936793667869608 
31.936793667119844 
31.936793665382140 
31.936793664386471 
31.936793662474145 
31.936793662254331 
31.936793661221031 
31.936793659235036 
31.936793659325872 
31.936793658608906 
31.936793658450597 
31.936793658252668 
31.936793657576402 
31.936793657126259 
31.936793657777912 
31.936793657263081 
31.936793656566238 
31.936793656536508 
31.936793656564760 
31.936793657420026 
31.936793656421230 
31.936793657480337 
31.936793657967769 
31.936793659449620 
31.936793661238141 
31.936793658895397 
31.936793658910574 
31.936793658946215 
31.936793657445435 
31.936793654104576 
31.936793653693314 
31.936793654180008 
31.936793654799033 
31.936793652669962 
31.936793651601306 
31.936793652769154 
31.936793651814980 
31.936793651535595 
31.936793650693801 
31.936793651223581 
31.936793649211836 
31.936793648674325 
31.936793648431376 
31.936793648758453 
31.936793647089303 
31.936793648024491 
31.936793645555724 
31.936793645223645 
31.936793647302068 
31.936793645568798 
31.936793646313447 
31.936793645476826 
31.936793643842975 
31.936793643399767 
31.936793643827684 
31.936793642342536 
31.936793643374926 
31.936793643781414 
31.936793643450756 
31.936793642879536 
31.936793641923259 
31.936793639025780 
31.936793639092400 
31.936793638025563 
31.936793638516292 
31.936793638238839 
31.936793636140294 
31.936793636975665 
31.936793636491245 
31.936793638592178 
31.936793638967913 
31.936793639858251 
31.936793640133885 
31.936793638084680 
31.936793638085248 
31.936793637531821 
31.936793634776564 
31.936793633548632 
31.936793634506955 
31.936793636938830 
31.936793637077074 
31.936793636898983 
31.936793638046026 
31.936793638038012 
31.936793636749940 
31.936793636609821 
31.936793635474430 
31.936793634731941 
31.936793634299818 
31.936793634682545 
31.936793635800427 
31.936793634822891 
31.936793636274501 
31.936793635918434 
31.936793635932474 
31.936793636596462 
31.936793636125174 
31.936793636152856 
31.936793636473681 
31.936793636082712 
31.936793636590210 
31.936793638953645 
31.936793638767540 
31.936793639408393 
31.936793639008783 
31.936793641200381 
31.936793643316435 
31.936793642471173 
31.936793643656927 
31.936793642490613 
31.936793642757777 
31.936793642944792 
31.936793640940209 
31.936793639284588 
31.936793640183623 
31.936793638084566 
31.936793638133906 
31.936793637992821 
31.936793638699896 
31.936793640304984 
31.936793640185783 
31.936793640742792 
31.936793640562144 
31.936793642888460 
31.936793643124361 
31.936793644331772 
31.936793645576927 
31.936793645457271 
31.936793644124919 
31.936793645801799 
31.936793645728073 
31.936793644785837 
31.936793644815509 
31.936793643283579 
31.936793645233081 
31.936793643864405 
31.936793644970635 
31.936793644915895 
31.936793646130354 
31.936793645639739 
31.936793644486784 
31.936793646156048 
31.936793645527757 
31.936793647155355 
31.936793648438709 
31.936793647943205 
31.936793646801789 
31.936793646913202 
31.936793646967374 
31.936793647815762 
31.936793648619812 
31.936793648409036 
31.936793648751973 
31.936793649711262 
31.936793647819627 
31.936793648937510 
31.936793647851118 
31.936793648465141 
31.936793649054493 
31.936793649445974 
31.936793650719380 
31.936793650391735 
31.936793649673575 
31.936793650469326 
31.936793650379116 
31.936793648709738 
31.936793648671028 
31.936793647519892 
31.936793648654884 
31.936793648456614 
31.936793650728646 
31.936793652065717 
31.936793651797302 
31.936793650768379 
31.936793649396577 
31.936793648956382 
31.936793648339403 
31.936793648190132 
31.936793648964056 
31.936793651285200 
31.936793652107838 
31.936793653808991 
31.936793654600706 
31.936793654066037 
31.936793654400844 
31.936793654584108 
31.936793654446603 
31.936793653956556 
31.936793652299968 
31.936793652929964 
31.936793652116137 
31.936793653873281 
31.936793652828442 
31.936793652454412 
31.936793652440201 
31.936793650801803 
31.936793650104505 
31.936793651032758 
31.936793650045558 
31.936793651664914 
31.936793652649897 
31.936793654609232 
31.936793654359690 
31.936793655907479 
31.936793655658335 
31.936793656059024 
31.936793656225689 
31.936793656164582 
31.936793656141049 
31.936793655897475 
31.936793654894643 
31.936793656743362 
31.936793655958297 
31.936793656784687 
31.936793656609439 
31.936793657807357 
31.936793659048192 
31.936793660699948 
31.936793661086028 
31.936793661790659 
31.936793659706836 
31.936793659256637 
31.936793659097191 
31.936793659110890 
31.936793659096054 
31.936793658550584 
31.936793660965009 
31.936793661712613 
31.936793660971546 
31.936793661207844 
31.936793662028151 
31.936793661729610 
31.936793662226023 
31.936793662019909 
31.936793663874539 
31.936793662480170 
31.936793662851926 
31.936793662437537 
31.936793662120010 
31.936793664321272 
31.936793664952631 
31.936793665462858 
31.936793665961318 
31.936793665077630 
31.936793665897255 
31.936793665897767 
31.936793666919812 
31.936793668719702 
31.936793669691383 
31.936793671305509 
31.936793671271232 
31.936793669273356 
31.936793669798874 
31.936793669905342 
31.936793670873556 
31.936793670257316 
31.936793671338989 
31.936793671471605 
31.936793674321905 
31.936793674377157 
31.936793674347484 
31.936793674388014 
31.936793674548483 
31.936793675205593 
31.936793678508252 
31.936793681574898 
31.936793684948839 
31.936793684668146 
31.936793683488361 
31.936793683118992 
31.936793684877898 
31.936793686188480 
31.936793686185581 
31.936793687255374 
31.936793687459271 
31.936793687735644 
31.936793688849662 
31.936793689193109 
31.936793687171473 
31.936793689474143 
31.936793687875479 
31.936793686980081 
31.936793687746217 
31.936793687769637 
31.936793687541865 
31.936793688400030 
31.936793688354953 
31.936793688385080 
31.936793689341130 
31.936793693002016 
31.936793695811104 
31.936793697271071 
31.936793696215375 
31.936793695378526 
31.936793695783308 
31.936793695745962 
31.936793694552648 
31.936793695727431 
31.936793697495091 
31.936793698146630 
31.936793698464612 
31.936793699629277 
31.936793700195437 
31.936793699759619 
31.936793700877274 
31.936793701858733 
31.936793702059333 
31.936793703759520 
31.936793705618925 
31.936793707867309 
31.936793708138623 
31.936793711185544 
31.936793711520806 
31.936793710468010 
31.936793709296296 
31.936793711633982 
31.936793710067093 
31.936793711850385 
31.936793714422663 
31.936793715609667 
31.936793718541310 
31.936793716757620 
31.936793716431566 
31.936793717446847 
31.936793717688488 
31.936793721405422 
31.936793722798427 
31.936793723307801 
31.936793723818880 
31.936793723997823 
31.936793727291217 
31.936793728982934 
31.936793728550640 
31.936793727665247 
31.936793726916108 
31.936793728588214 
31.936793731497175 
31.936793733360389 
31.936793733986065 
31.936793732909450 
31.936793733937748 
31.936793735675792 
31.936793736972845 
31.936793736016398 
31.936793736216543 
31.936793737071980 
31.936793736509969 
31.936793736564084 
31.936793737650078 
31.936793737607616 
31.936793741676695 
31.936793741195004 
31.936793740569385 
31.936793741840063 
31.936793742316183 
31.936793740461326 
31.936793741134807 
31.936793741558461 
31.936793743664396 
31.936793743564294 
31.936793743265753 
31.936793744530689 
31.936793742135478 
31.936793743140811 
31.936793743152123 
31.936793742808106 
31.936793745431203 
31.936793743667863 
31.936793744890451 
31.936793743052817 
31.936793742215741 
31.936793743275416 
31.936793744712645 
31.936793745387149 
31.936793746155274 
31.936793746263049 
31.936793745408579 
31.936793746020555 
31.936793745531304 
31.936793747371041 
31.936793747862794 
31.936793748455386 
31.936793748170885 
31.936793747208526 
31.936793747661170 
31.936793747213358 
31.936793747938054 
31.936793747926743 
31.936793750519485 
31.936793748791047 
31.936793749734761 
31.936793750038646 
31.936793750445474 
31.936793752401456 
31.936793752961933 
31.936793751494577 
31.936793749602600 
31.936793749246249 
31.936793750328661 
31.936793751245432 
31.936793751532605 
31.936793751392656 
31.936793752385540 
31.936793751779987 
31.936793750074003 
31.936793749515402 
31.936793751566938 
31.936793751660957 
31.936793750857248 
31.936793753128029 
31.936793754327880 
31.936793756093891 
31.936793755449060 
31.936793755541771 
31.936793755374481 
31.936793753782695 
31.936793757217174 
31.936793758379281 
31.936793757873147 
31.936793754683094 
31.936793754430141 
31.936793755695078 
31.936793756126121 
31.936793755943199 
31.936793756328711 
31.936793757051532 
31.936793755879876 
31.936793757237581 
31.936793757227292 
31.936793754947587 
31.936793755937799 
31.936793756422162 
31.936793758014346 
31.936793758087731 
31.936793760902674 
31.936793759794227 
31.936793759142006 
31.936793757642874 
31.936793758108479 
31.936793758339491 
31.936793760582589 
31.936793759419515 
31.936793758521276 
31.936793757889859 
31.936793757953296 
31.936793757108831 
31.936793757721148 
31.936793758014232 
31.936793759374268 
31.936793762200409 
31.936793761144145 
31.936793761211675 
31.936793762892421 
31.936793762631225 
31.936793762894695 
31.936793761252602 
31.936793762938692 
31.936793763542539 
31.936793764786785 
31.936793765094365 
31.936793763305786 
31.936793762739114 
31.936793764098525 
31.936793766628341 
31.936793765452308 
31.936793763495757 
31.936793763716310 
31.936793764743925 
31.936793765102152 
31.936793764867673 
31.936793765225787 
31.936793766049163 
31.936793764105460 
31.936793764634331 
31.936793764598633 
31.936793764286904 
31.936793763976311 
31.936793763335629 
31.936793765511823 
31.936793764567142 
31.936793765238690 
31.936793764208460 
31.936793765320260 
31.936793763351261 
31.936793762279592 
31.936793761408637 
31.936793761821377 
31.936793761879130 
31.936793761455135 
31.936793760908472 
31.936793760534215 
31.936793760743853 
31.936793760303317 
31.936793758553790 
31.936793756063082 
31.936793754324640 
31.936793751391178 
31.936793751495202 
31.936793748037189 
31.936793746017258 
31.936793747261959 
31.936793745059049 
31.936793742915938 
31.936793741102633 
31.936793740107532 
31.936793738377901 
31.936793738854533 
31.936793737715163 
31.936793739629877 
31.936793739975997 
31.936793737929975 
31.936793735164258 
31.936793734238904 
31.936793732429237 
31.936793731902583 
31.936793731432033 
31.936793728658529 
31.936793727163945 
31.936793727106647 
31.936793726642236 
31.936793724766972 
31.936793723559958 
31.936793722027971 
31.936793719689945 
31.936793716618240 
31.936793715522526 
31.936793714087116 
31.936793712317581 
31.936793711739483 
31.936793712178769 
31.936793710845791 
31.936793710076586 
31.936793707753566 
31.936793705126206 
31.936793701606007 
31.936793700917178 
31.936793700636940 
31.936793702004934 
31.936793699771442 
31.936793695424967 
31.936793693804361 
31.936793691760840 
31.936793689275191 
31.936793686638680 
31.936793684040538 
31.936793684304916 
31.936793684345616 
31.936793681625545 
31.936793679271318 
31.936793677794753 
31.936793675464514 
31.936793675284207 
31.936793671199098 
31.936793667085226 
31.936793664370839 
31.936793662240348 
31.936793658341458 
31.936793657009900 
31.936793654189444 
31.936793651464768 
31.936793648066100 
31.936793646101705 
31.936793643183023 
31.936793641662803 
31.936793638268114 
31.936793635818731 
31.936793632873730 
31.936793631086346 
31.936793629252691 
31.936793625751534 
31.936793621743391 
31.936793619120067 
31.936793615186502 
31.936793611248902 
31.936793608078517 
31.936793603706803 
31.936793602011903 
31.936793596929419 
31.936793594197638 
31.936793591970627 
31.936793590581829 
31.936793587209081 
31.936793585443468 
31.936793582150017 
31.936793581504389 
31.936793579554262 
31.936793575471256 
31.936793572660292 
31.936793569373663 
31.936793566952190 
31.936793563294373 
31.936793561285640 
31.936793557437909 
31.936793553412031 
31.936793552587403 
31.936793549073002 
31.936793545324349 
31.936793542214616 
31.936793539134669 
31.936793535046547 
31.936793530819216 
31.936793526399470 
31.936793522755806 
31.936793520399931 
31.936793515763554 
31.936793512775466 
31.936793509379299 
31.936793505895707 
31.936793501215789 
31.936793498042562 
31.936793493804657 
31.936793489532022 
31.936793485653538 
31.936793483706765 
31.936793480435199 
31.936793478021855 
31.936793475117042 
31.936793472685395 
31.936793468086478 
31.936793464041386 
31.936793460158185 
31.936793455674490 
31.936793452697316 
31.936793446733134 
31.936793442793260 
31.936793436993071 
31.936793433797789 
31.936793429681188 
31.936793423677159 
31.936793418409593 
31.936793415865509 
31.936793413094733 
31.936793408626215 
31.936793403961474 
31.936793401891009 
31.936793397379574 
31.936793393959874 
31.936793390496064 
31.936793385651640 
31.936793382515248 
31.936793375159255 
31.936793372341981 
31.936793367656890 
31.936793364715811 
31.936793361313278 
31.936793356451176 
31.936793351254551 
31.936793348692163 
31.936793344774799 
31.936793343143165 
31.936793338332450 
31.936793335409448 
31.936793334858976 
31.936793337373047 
31.936793336282108 
31.936793336803248 
31.936793335159905 
31.936793336349183 
31.936793335239031 
31.936793336703147 
31.936793338182611 
31.936793337867186 
31.936793338220014 
31.936793340309578 
31.936793341389773 
31.936793342376802 
31.936793340689974 
31.936793339859321 
31.936793339639109 
31.936793339843462 
31.936793338136681 
31.936793339467044 
31.936793340029965 
31.936793342132546 
31.936793340436452 
31.936793338229336 
31.936793338684083 
31.936793336215601 
31.936793336630899 
31.936793335568041 
31.936793334997219 
31.936793335173547 
31.936793335711172 
31.936793333536343 
31.936793335197422 
31.936793334986419 
31.936793336713833 
31.936793334212894 
31.936793332855586 
31.936793332285106 
31.936793332939203 
31.936793333772357 
31.936793333991773 
31.936793333491778 
31.936793335066966 
31.936793336401024 
31.936793336739811 
31.936793337020674 
31.936793335401376 
31.936793335977711 
31.936793335937466 
31.936793336010965 
31.936793337133281 
31.936793336920005 
31.936793334325671 
31.936793334683443 
31.936793335944913 
31.936793336684161 
31.936793337381971 
31.936793337701715 
31.936793335958896 
31.936793333409810 
31.936793335068501 
31.936793334179185 
31.936793332368893 
31.936793331324225 
31.936793330264607 
31.936793330349587 
31.936793329752447 
31.936793327447845 
31.936793326559609 
31.936793325876238 
31.936793327286978 
31.936793326836209 
31.936793327347345 
31.936793326896122 
31.936793326519364 
31.936793326255440 
31.936793327899579 
31.936793328675037 
31.936793329233012 
31.936793329044008 
31.936793327985697 
31.936793325614190 
31.936793324747782 
31.936793326435918 
31.936793328391957 
31.936793328512920 
31.936793327176247 
31.936793327441933 
31.936793327080750 
31.936793325965141 
31.936793324924565 
31.936793326542443 
31.936793327495366 
31.936793325171720 
31.936793325529038 
31.936793323925826 
31.936793323191182 
31.936793322580911 
31.936793324658424 
31.936793325630333 
31.936793323393886 
31.936793322185508 
31.936793321548748 
31.936793322768040 
31.936793322255539 
31.936793320913125 
31.936793319452363 
31.936793318714876 
31.936793317666115 
31.936793316049716 
31.936793315226168 
31.936793314677288 
31.936793314490274 
31.936793313568273 
31.936793313333055 
31.936793311755196 
31.936793309354812 
31.936793309656082 
31.936793310569783 
31.936793310400162 
31.936793311117981 
31.936793309375275 
31.936793311251336 
31.936793312285886 
31.936793309535119 
31.936793308485335 
31.936793307578682 
31.936793307215908 
31.936793306655773 
31.936793305561082 
31.936793304125786 
31.936793304218440 
31.936793304223784 
31.936793303549734 
31.936793303176614 
31.936793303152626 
31.936793302656838 
31.936793301296461 
31.936793300644695 
31.936793301576472 
31.936793300168688 
31.936793300146405 
31.936793298244879 
31.936793296361202 
31.936793295827215 
31.936793294907602 
31.936793293661140 
31.936793292956281 
31.936793293582355 
31.936793291964250 
31.936793289127536 
31.936793289942898 
31.936793290375363 
31.936793290394462 
31.936793289309662 
31.936793288807280 
31.936793288125614 
31.936793288576382 
31.936793289708476 
31.936793287839009 
31.936793286662009 
31.936793284982855 
31.936793283493898 
31.936793283747306 
31.936793283249017 
31.936793283940688 
31.936793282937856 
31.936793281804739 
31.936793282362487 
31.936793282432632 
31.936793282192866 
31.936793280742449 
31.936793279165272 
31.936793278997129 
31.936793279444146 
31.936793277602078 
31.936793277154038 
31.936793276558092 
31.936793275110517 
31.936793273718308 
31.936793273912031 
31.936793272703653 
31.936793272660452 
31.936793271474585 
31.936793269999953 
31.936793270556905 
31.936793271648639 
31.936793269439363 
31.936793269230407 
31.936793266801260 
31.936793268324209 
31.936793267630378 
31.936793266719519 
31.936793268263386 
31.936793267215535 
31.936793264581752 
31.936793264709422 
31.936793264493303 
31.936793263494110 
31.936793263318577 
31.936793262700689 
31.936793261488447 
31.936793259556339 
31.936793258108537 
31.936793256874921 
31.936793256238275 
31.936793256894362 
31.936793256090368 
31.936793255988277 
31.936793255074349 
31.936793257220302 
31.936793257150725 
31.936793258088301 
31.936793256594001 
31.936793254531835 
31.936793252274811 
31.936793253446353 
31.936793251846780 
31.936793250782216 
31.936793251009476 
31.936793252087909 
31.936793250933420 
31.936793251211384 
31.936793251776294 
31.936793250672281 
31.936793248158438 
31.936793250344635 
31.936793247848868 
31.936793247391392 
31.936793246307161 
31.936793245887316 
31.936793244551723 
31.936793244768410 
31.936793243392117 
31.936793240335078 
31.936793240860538 
31.936793240295515 
31.936793241745818 
31.936793239031772 
31.936793239130566 
31.936793239378972 
31.936793239894655 
31.936793239927056 
31.936793239102826 
31.936793236227913 
31.936793236008612 
31.936793234580364 
31.936793234006927 
31.936793232853802 
31.936793229895102 
31.936793227774842 
31.936793227454928 
31.936793227592034 
31.936793225174029 
31.936793224160965 
31.936793224047165 
31.936793220621212 
31.936793218358503 
31.936793219404308 
31.936793217643299 
31.936793216970614 
31.936793216530418 
31.936793214922886 
31.936793217323839 
31.936793216064075 
31.936793215929015 
31.936793212765565 
31.936793210940891 
31.936793208368158 
31.936793207275173 
31.936793207365781 
31.936793208806648 
31.936793206460720 
31.936793206860784 
31.936793206648758 
31.936793203805905 
31.936793204339551 
31.936793201915066 
31.936793199376666 
31.936793200958277 
31.936793198428404 
31.936793194673896 
31.936793195391033 
31.936793195636824 
31.936793194436973 
31.936793191884703 
31.936793192367531 
31.936793190742151 
31.936793191033530 
31.936793188685556 
31.936793184931844 
31.936793184347607 
31.936793183542477 
31.936793183054533 
31.936793180806944 
31.936793179483288 
31.936793178316520 
31.936793177453978 
31.936793175763569 
31.936793175203661 
31.936793174026548 
31.936793173538831 
31.936793171981435 
31.936793168721010 
31.936793168901545 
31.936793167968972 
31.936793164327128 
31.936793163479706 
31.936793163409561 
31.936793163210837 
31.936793158500336 
31.936793157099714 
31.936793156600174 
31.936793153758231 
31.936793150461995 
31.936793149365712 
31.936793148159722 
31.936793146185778 
31.936793145791398 
31.936793143720251 
31.936793141523822 
31.936793140028840 
31.936793140340342 
31.936793139085353 
31.936793139465294 
31.936793138042731 
31.936793136163715 
31.936793134837444 
31.936793134225013 
31.936793133036531 
31.936793128812837 
31.936793128710406 
31.936793127338660 
31.936793124171118 
31.936793124270707 
31.936793125315830 
31.936793126092425 
31.936793125189183 
31.936793124848805 
31.936793123011739 
31.936793120484708 
31.936793118426522 
31.936793119662070 
31.936793120677294 
31.936793118225523 
31.936793118044648 
31.936793116841386 
31.936793116803528 
31.936793116616172 
31.936793116069680 
31.936793115296950 
31.936793113520707 
31.936793112145097 
31.936793111063025 
31.936793111111569 
31.936793110588496 
31.936793109879318 
31.936793108278835 
31.936793106900382 
31.936793104764092 
31.936793104142794 
31.936793103882110 
31.936793102098363 
31.936793101749231 
31.936793098616704 
31.936793097395480 
31.936793097379109 
31.936793097461418 
31.936793096552265 
31.936793096930728 
31.936793097468467 
31.936793097482905 
31.936793095517714 
31.936793093464757 
31.936793091523896 
31.936793090745255 
31.936793090810966 
31.936793090213996 
31.936793089389994 
31.936793087646265 
31.936793087054866 
31.936793086519856 
31.936793084822853 
31.936793086983926 
31.936793085002591 
31.936793083167800 
31.936793080677603 
31.936793079713425 
31.936793080100756 
31.936793080506504 
31.936793077496986 
31.936793076798040 
31.936793073823310 
31.936793073237709 
31.936793072962701 
31.936793072939054 
31.936793071530701 
31.936793070796398 
31.936793068559268 
31.936793067783583 
31.936793065109896 
31.936793063174150 
31.936793062470315 
31.936793061192247 
31.936793062142215 
31.936793061414050 
31.936793058932494 
31.936793058436592 
31.936793056113970 
31.936793053682663 
31.936793051469976 
31.936793051370273 
31.936793049081984 
31.936793047896117 
31.936793047354058 
31.936793048161121 
31.936793049250127 
31.936793046799266 
31.936793048760705 
31.936793048161462 
31.936793046923981 
31.936793044464366 
31.936793044490855 
31.936793042362183 
31.936793042087061 
31.936793041290684 
31.936793039018312 
31.936793038353926 
31.936793039200211 
31.936793039057761 
31.936793037441930 
31.936793035442520 
31.936793034633183 
31.936793032816695 
31.936793032333185 
31.936793033771437 
31.936793032756100 
31.936793030650051 
31.936793030559556 
31.936793032259402 
31.936793034627726 
31.936793031900606 
31.936793030881063 
31.936793031384354 
31.936793030423360 
31.936793030264084 
31.936793028706802 
31.936793028041279 
31.936793024917165 
31.936793025487759 
31.936793024716962 
31.936793025942052 
31.936793024813028 
31.936793024117605 
31.936793024910457 
31.936793024143526 
31.936793023456971 
31.936793023072028 
31.936793023435484 
31.936793021328754 
31.936793020619689 
31.936793018126764 
31.936793017787409 
31.936793018305480 
31.936793019206902 
31.936793019189622 
31.936793019186894 
31.936793018505682 
31.936793018765229 
31.936793018127219 
31.936793017263540 
31.936793016308911 
31.936793015895319 
31.936793015362923 
31.936793013785177 
31.936793014427849 
31.936793012713906 
31.936793011551117 
31.936793011050213 
31.936793010394467 
31.936793009977691 
31.936793010542260 
31.936793011030318 
31.936793010908787 
31.936793008954851 
31.936793008448376 
31.936793011066356 
31.936793012093517 
31.936793010329211 
31.936793012429916 
31.936793011031909 
31.936793010878546 
31.936793012393991 
31.936793014859290 
31.936793015472063 
31.936793014603722 
31.936793015613148 
31.936793015004696 
31.936793016820161 
31.936793017945320 
31.936793019426204 
31.936793019072297 
31.936793018961225 
31.936793018432468 
31.936793018316280 
31.936793018007279 
31.936793019620154 
31.936793018141771 
31.936793019359811 
31.936793018327307 
31.936793019643005 
31.936793018906542 
31.936793021063522 
31.936793019726338 
31.936793020773621 
31.936793021907988 
31.936793022757456 
31.936793020986443 
31.936793021572726 
31.936793021006565 
31.936793019885158 
31.936793019234074 
31.936793019220886 
31.936793021805556 
31.936793022019287 
31.936793021888207 
31.936793020584787 
31.936793021055337 
31.936793019263746 
31.936793021610811 
31.936793021814083 
31.936793020405958 
31.936793022546681 
31.936793023505743 
31.936793024050303 
31.936793023326118 
31.936793022890924 
31.936793022637517 
31.936793022212328 
31.936793023524160 
31.936793023203563 
31.936793022639449 
31.936793022701977 
31.936793022494840 
31.936793025070074 
31.936793026214218 
31.936793025771863 
31.936793028523994 
31.936793028374836 
31.936793030538183 
31.936793032761898 
31.936793033314871 
31.936793035347364 
31.936793034863513 
31.936793034600669 
31.936793035261303 
31.936793036068821 
31.936793033063054 
31.936793035657729 
31.936793036787890 
31.936793038956807 
31.936793039900408 
31.936793041607302 
31.936793041923465 
31.936793042635827 
31.936793041184046 
31.936793044549063 
31.936793047045398 
31.936793046489470 
31.936793048710001 
31.936793050475217 
31.936793049555376 
31.936793050817414 
31.936793050486131 
31.936793050804340 
31.936793053548740 
31.936793053795668 
31.936793055209023 
31.936793054290774 
31.936793053023735 
31.936793054169584 
31.936793054522695 
31.936793054579994 
31.936793056878969 
31.936793058353601 
31.936793059675551 
31.936793058763783 
31.936793058820626 
31.936793059262527 
31.936793061154276 
31.936793064196650 
31.936793064867175 
31.936793065368988 
31.936793066506993 
31.936793066550308 
31.936793068731390 
31.936793069032433 
31.936793066400583 
31.936793070067324 
31.936793069753094 
31.936793069296186 
31.936793070373710 
31.936793071876536 
31.936793075763148 
31.936793076695267 
31.936793077315883 
31.936793078881351 
31.936793080983080 
31.936793082684858 
31.936793083542625 
31.936793084708484 
31.936793084646638 
31.936793085601948 
31.936793087785873 
31.936793090026072 
31.936793090673859 
31.936793090859851 
31.936793092767516 
31.936793093754886 
31.936793095720077 
31.936793096864562 
31.936793096217457 
31.936793098188332 
31.936793097447321 
31.936793099127044 
31.936793100743671 
31.936793099779948 
31.936793099213560 
31.936793099754595 
31.936793101074159 
31.936793101937837 
31.936793101377020 
31.936793101283001 
31.936793102833576 
31.936793103666901 
31.936793105362881 
31.936793108202437 
31.936793108249276 
31.936793110267217 
31.936793111797897 
31.936793115295700 
31.936793117641400 
31.936793118143328 
31.936793119185154 
31.936793119568733 
31.936793119773142 
31.936793122360768 
31.936793123227972 
31.936793124606538 
31.936793125186568 
31.936793126033649 
31.936793126366524 
31.936793129438797 
31.936793129373314 
31.936793129385819 
31.936793129161515 
31.936793131125683 
31.936793131007335 
31.936793131987542 
31.936793132060188 
31.936793132788466 
31.936793134394406 
31.936793136307074 
31.936793136433607 
31.936793136644155 
31.936793139146744 
31.936793138723715 
31.936793138590588 
31.936793139239512 
31.936793142514830 
31.936793144055628 
31.936793144687726 
31.936793147441563 
31.936793153379767 
31.936793156114163 
31.936793158173941 
31.936793159025569 
31.936793158922228 
31.936793159591730 
31.936793160988032 
31.936793163981747 
31.936793166442158 
31.936793168339136 
31.936793169368798 
31.936793170778742 
31.936793172245530 
31.936793171184149 
31.936793171815225 
31.936793174209697 
31.936793175577350 
31.936793176994797 
31.936793178259109 
31.936793179292408 
31.936793178368248 
31.936793179651659 
31.936793179747610 
31.936793179084702 
31.936793180484187 
31.936793179396091 
31.936793180154723 
31.936793181503276 
31.936793183953455 
31.936793186639306 
31.936793187867806 
31.936793190619596 
31.936793193686867 
31.936793194948564 
31.936793196560075 
31.936793199208523 
31.936793202241915 
31.936793204161745 
31.936793204585797 
31.936793205206072 
31.936793207194341 
31.936793206787797 
31.936793208493100 
31.936793208710469 
31.936793209113034 
31.936793210957831 
31.936793210789460 
31.936793211322993 
31.936793211761142 
31.936793212454745 
31.936793215200623 
31.936793215718126 
31.936793217047011 
31.936793219942047 
31.936793222236702 
31.936793223284894 
31.936793222233291 
31.936793222981805 
31.936793224518965 
31.936793224481221 
31.936793225788279 
31.936793226304644 
31.936793226262921 
31.936793227898988 
31.936793231130196 
31.936793229751061 
31.936793233369144 
31.936793234034894 
31.936793233705089 
31.936793235897198 
31.936793236629228 
31.936793240773227 
31.936793243726925 
31.936793245525564 
31.936793248206300 
31.936793248310437 
31.936793253029464 
31.936793255656198 
31.936793257493150 
31.936793259360229 
31.936793261353841 
31.936793261793696 
31.936793261081220 
31.936793259228125 
31.936793260832815 
31.936793260433774 
31.936793262757874 
31.936793265095957 
31.936793267724852 
31.936793268252700 
31.936793268287147 
31.936793271058718 
31.936793271170700 
31.936793271722081 
31.936793274468641 
31.936793276605385 
31.936793279802600 
31.936793281527457 
31.936793283320981 
31.936793283250836 
31.936793283864745 
31.936793284406122 
31.936793287868795 
31.936793288099238 
31.936793287318665 
31.936793285526619 
31.936793286881198 
31.936793286071634 
31.936793288089916 
31.936793291106028 
31.936793292331799 
31.936793294138738 
31.936793292873290 
31.936793294729796 
31.936793295441475 
31.936793296839710 
31.936793294651125 
31.936793298278531 
31.936793299776468 
31.936793300950626 
31.936793300711429 
31.936793301038847 
31.936793302541446 
31.936793300905720 
31.936793301778948 
31.936793303772106 
31.936793305206493 
31.936793305291076 
31.936793308592314 
31.936793308850042 
31.936793309464974 
31.936793312134341 
31.936793313418548 
31.936793314239708 
31.936793315004252 
31.936793315325644 
31.936793316780268 
31.936793317156457 
31.936793315680688 
31.936793317483534 
31.936793316455692 
31.936793315573595 
31.936793316177500 
31.936793316885769 
31.936793320949278 
31.936793320894594 
31.936793320851507 
31.936793323099096 
31.936793323562256 
31.936793326040060 
31.936793327123269 
31.936793328072781 
31.936793329447369 
31.936793329137572 
31.936793328080512 
31.936793330327646 
31.936793330988849 
31.936793331188255 
31.936793334680033 
31.936793335930020 
31.936793335712309 
31.936793338374059 
31.936793339025030 
31.936793336588266 
31.936793336082587 
31.936793336559617 
31.936793336261985 
31.936793337626227 
31.936793339048450 
31.936793338001735 
31.936793338346092 
31.936793339419182 
31.936793339061978 
31.936793338627353 
31.936793343731892 
31.936793343368890 
31.936793345066008 
31.936793342389592 
31.936793343730301 
31.936793344058742 
31.936793345509955 
31.936793345554179 
31.936793345643991 
31.936793345316801 
31.936793347058028 
31.936793346582135 
31.936793347934895 
31.936793348085985 
31.936793348935112 
31.936793351913934 
31.936793355140821 
31.936793355519740 
31.936793360080401 
31.936793361057084 
31.936793363719289 
31.936793365105132 
31.936793364971322 
31.936793365468247 
31.936793366291340 
31.936793367931614 
31.936793369151587 
31.936793367932751 
31.936793368248118 
31.936793370638952 
31.936793371309705 
31.936793371167823 
31.936793370467171 
31.936793370711371 
31.936793372801048 
31.936793374447916 
31.936793374350941 
31.936793374857643 
31.936793375673346 
31.936793376889227 
31.936793376372066 
31.936793377478125 
31.936793379387382 
31.936793378851007 
31.936793379952860 
31.936793379580763 
31.936793377367621 
31.936793377305776 
31.936793377618869 
31.936793376171636 
31.936793377076469 
31.936793379042115 
31.936793381343932 
31.936793381402822 
31.936793381700909 
31.936793384548878 
31.936793385728492 
31.936793386670161 
31.936793387401053 
31.936793385826377 
31.936793384936664 
31.936793384927682 
31.936793384607085 
31.936793383826739 
31.936793384114594 
31.936793384035127 
31.936793385475426 
31.936793387875468 
31.936793390462412 
31.936793390373168 
31.936793391343826 
31.936793393476137 
31.936793396504299 
31.936793395931431 
31.936793395178370 
31.936793397629344 
31.936793398869781 
31.936793399046678 
31.936793399841463 
31.936793400002671 
31.936793400144325 
31.936793400182978 
31.936793400726287 
31.936793400363740 
31.936793401972977 
31.936793402205581 
31.936793401403293 
31.936793402406011 
31.936793402523676 
31.936793403243428 
31.936793403692150 
31.936793404647347 
31.936793403225693 
31.936793404272748 
31.936793404944410 
31.936793406493052 
31.936793406944048 
31.936793406868901 
31.936793407007258 
31.936793406386982 
31.936793408700964 
31.936793408801464 
31.936793411076223 
31.936793412809379 
31.936793412923976 
31.936793413894634 
31.936793413909072 
31.936793415350053 
31.936793416950991 
31.936793419901733 
31.936793419487572 
31.936793419112291 
31.936793418160505 
31.936793417948820 
31.936793419404694 
31.936793418949833 
31.936793419360470 
31.936793421429229 
31.936793420422759 
31.936793420425374 
31.936793421650236 
31.936793423829158 
31.936793425664973 
31.936793426608915 
31.936793426474424 
31.936793426870508 
31.936793426598911 
31.936793428287160 
31.936793432614422 
31.936793431246315 
31.936793432446166 
31.936793434037781 
31.936793436590847 
31.936793438254654 
31.936793440449264 
31.936793440397196 
31.936793441897862 
31.936793442747444 
31.936793443171382 
31.936793445332910 
31.936793447260015 
31.936793446179536 
31.936793444157729 
31.936793444820864 
31.936793446402362 
31.936793448745902 
31.936793448915182 
31.936793447495916 
31.936793448836397 
31.936793446811862 
31.936793449381753 
31.936793450738378 
31.936793448452818 
31.936793449024890 
31.936793448618005 
31.936793448910066 
31.936793449514539 
31.936793450610026 
31.936793452260758 
31.936793449399147 
31.936793447235232 
31.936793448094818 
31.936793447472269 
31.936793449391985 
31.936793451185849 
31.936793453725159 
31.936793455143970 
31.936793458436796 
31.936793457672138 
31.936793460551485 
31.936793459624027 
31.936793463215736 
31.936793464192533 
31.936793464644666 
31.936793464658194 
31.936793465786423 
31.936793467457733 
31.936793468721930 
31.936793469477152 
31.936793468394740 
31.936793469842996 
31.936793471313877 
31.936793470248631 
31.936793469792292 
31.936793470687121 
31.936793471269198 
31.936793471614237 
31.936793471157557 
31.936793472945055 
31.936793472294767 
31.936793473269518 
31.936793473005082 
31.936793474797014 
31.936793474463002 
31.936793474348065 
31.936793473683224 
31.936793473606258 
31.936793477221613 
31.936793477440460 
31.936793477653396 
31.936793478101208 
31.936793477107699 
31.936793475244031 
31.936793475656373 
31.936793475526315 
31.936793476125104 
31.936793478061304 
31.936793477858942 
31.936793478583695 
31.936793479650873 
31.936793479145535 
31.936793480873575 
31.936793482073881 
31.936793483249176 
31.936793483707675 
31.936793483688120 
31.936793485357157 
31.936793484919008 
31.936793486271313 
31.936793485965381 
31.936793485635235 
31.936793486522788 
31.936793490563559 
31.936793492599804 
31.936793494688231 
31.936793496443784 
31.936793495767688 
31.936793495364668 
31.936793494733365 
31.936793492290462 
31.936793493429491 
31.936793492603215 
31.936793493883442 
31.936793491448043 
31.936793491427807 
31.936793492105494 
31.936793492007837 
31.936793492370498 
31.936793491280014 
31.936793490855848 
31.936793490150762 
31.936793490964533 
31.936793492456673 
31.936793492922448 
31.936793492449283 
31.936793493795221 
31.936793492319453 
31.936793493164146 
31.936793493661867 
31.936793494832500 
31.936793492986226 
31.936793495501206 
31.936793494935387 
31.936793496022460 
31.936793496200607 
31.936793498322572 
31.936793498605653 
31.936793498633506 
31.936793498647376 
31.936793499777082 
31.936793500755812 
31.936793499744567 
31.936793499599162 
31.936793498790166 
31.936793500746603 
31.936793501635520 
31.936793502070032 
31.936793502365276 
31.936793501563329 
31.936793502236014 
31.936793504544539 
31.936793506232902 
31.936793505485980 
31.936793506534286 
31.936793505309311 
31.936793505109222 
31.936793505768946 
31.936793507013476 
31.936793507797006 
31.936793506299182 
31.936793505974038 
31.936793505039304 
31.936793505479045 
31.936793507937978 
31.936793509585186 
31.936793510503321 
31.936793508328265 
31.936793506271329 
31.936793506416734 
31.936793507824063 
31.936793506672075 
31.936793507984930 
31.936793505880360 
31.936793505289984 
31.936793503662443 
31.936793504836146 
31.936793505758942 
31.936793506271101 
31.936793504945058 
31.936793506030313 
31.936793506932190 
31.936793507117045 
31.936793509040172 
31.936793509141580 
31.936793508007554 
31.936793508845426 
31.936793509129416 
31.936793510871439 
31.936793511864266 
31.936793511005135 
31.936793512526378 
31.936793512232157 
31.936793514346391 
31.936793515736099 
31.936793517095111 
31.936793518083164 
31.936793520468200 
31.936793519976845 
31.936793519768344 
31.936793522790595 
31.936793521983986 
31.936793520187848 
31.936793519348271 
31.936793517610795 
31.936793516857620 
31.936793517110004 
31.936793517682077 
31.936793519373282 
31.936793520105994 
31.936793520701258 
31.936793522907124 
31.936793522008998 
31.936793522173161 
31.936793521764002 
31.936793523405413 
31.936793523243523 
31.936793522432936 
31.936793523754318 
31.936793521002642 
31.936793523074357 
31.936793525711778 
31.936793523802862 
31.936793523482947 
31.936793525397206 
31.936793524525456 
31.936793525291137 
31.936793522646781 
31.936793523331289 
31.936793523481356 
31.936793523207371 
31.936793527046575 
31.936793525978942 
31.936793524725999 
31.936793524898007 
31.936793524207246 
31.936793525836947 
31.936793526396627 
31.936793523109827 
31.936793521360869 
31.936793522414632 
31.936793524890959 
31.936793526868996 
31.936793527623195 
31.936793528171165 
31.936793528090107 
31.936793530403861 
31.936793530697514 
31.936793531316539 
31.936793530412501 
31.936793528714361 
31.936793528960948 
31.936793529920351 
31.936793530084060 
31.936793528486533 
31.936793527715508 
31.936793528307362 
31.936793529513125 
31.936793530521868 
31.936793530011528 
31.936793532652359 
31.936793534096068 
31.936793533646096 
31.936793536563414 
31.936793539086011 
31.936793538109441 
31.936793539307359 
31.936793538979373 
31.936793538786901 
31.936793539693440 
31.936793541039947 
31.936793540335202 
31.936793539089535 
31.936793537527706 
31.936793537695621 
31.936793533529226 
31.936793533629952 
31.936793534908816 
31.936793534971457 
31.936793535948709 
31.936793535862307 
31.936793535222591 
31.936793532709089 
31.936793535065931 
31.936793536481105 
31.936793535691777 
31.936793535353900 
31.936793536301366 
31.936793538547249 
31.936793539552013 
31.936793541225597 
31.936793541067914 
31.936793540331450 
31.936793539630571 
31.936793540762210 
31.936793538306233 
31.936793540575877 
31.936793539802238 
31.936793538801339 
31.936793538843744 
31.936793541663519 
31.936793540972644 
31.936793542225359 
31.936793541447173 
31.936793539536666 
31.936793539838277 
31.936793542196028 
31.936793541828138 
31.936793543053227 
31.936793542461828 
31.936793540828035 
31.936793541490601 
31.936793543264002 
31.936793543682029 
31.936793543118483 
31.936793543467843 
31.936793544519332 
31.936793544116199 
31.936793544881084 
31.936793545312298 
31.936793543958174 
31.936793541963766 
31.936793541223778 
31.936793540053259 
31.936793541366114 
31.936793540127496 
31.936793540862141 
31.936793542330065 
31.936793541099973 
31.936793539853625 
31.936793540820190 
31.936793540054623 
31.936793537755420 
31.936793540004942 
31.936793539944233 
31.936793538952998 
31.936793539540417 
31.936793540290751 
31.936793542836995 
31.936793543852218 
31.936793545824912 
31.936793546340141 
31.936793547010438 
31.936793546313538 
31.936793547597631 
31.936793549076810 
31.936793547212460 
31.936793548993819 
31.936793549833851 
31.936793550052585 
31.936793550349762 
31.936793549367849 
31.936793551009487 
31.936793551356914 
31.936793551050755 
31.936793552455129 
31.936793550768243 
31.936793548456649 
31.936793550541893 
31.936793549542244 
31.936793550272569 
31.936793550669222 
31.936793550956168 
31.936793551583150 
31.936793553807547 
31.936793554253086 
31.936793553312100 
31.936793556575935 
31.936793558053978 
31.936793558263162 
31.936793560469482 
31.936793561966851 
31.936793561515969 
31.936793563951369 
31.936793563228548 
31.936793563403853 
31.936793562440812 
31.936793565068456 
31.936793563256401 
31.936793564164645 
31.936793564563459 
31.936793563796755 
31.936793563436368 
31.936793565436801 
31.936793566392225 
31.936793568238159 
31.936793569838301 
31.936793568203825 
31.936793567739869 
31.936793565896664 
31.936793565129619 
31.936793564277423 
31.936793564593927 
31.936793565186235 
31.936793564161007 
31.936793564733989 
31.936793564585741 
31.936793565253083 
31.936793567195991 
31.936793567281256 
31.936793567164273 
31.936793566226129 
31.936793566849360 
31.936793565190783 
31.936793564805726 
31.936793563962965 
31.936793565079142 
31.936793565717835 
31.936793564553227 
31.936793562511525 
31.936793562314733 
31.936793564787195 
31.936793563535161 
31.936793564150094 
31.936793563259471 
31.936793562733442 
31.936793561279046 
31.936793562440926 
31.936793562328830 
31.936793562445700 
31.936793561069180 
31.936793561207651 
31.936793563273568 
31.936793560978231 
31.936793563387027 
31.936793563562333 
31.936793565357448 
31.936793564464551 
31.936793564338245 
31.936793564344953 
31.936793565641892 
31.936793566570941 
31.936793565603921 
31.936793563173751 
31.936793561412969 
31.936793558966087 
31.936793557109695 
31.936793557524652 
31.936793556859925 
31.936793554868473 
31.936793556425982 
31.936793558391514 
31.936793560242677 
31.936793560069532 
31.936793560398428 
31.936793559073067 
31.936793559888770 
31.936793559199259 
31.936793558198133 
31.936793558325235 
31.936793558473937 
31.936793557041142 
31.936793556677571 
31.936793556315365 
31.936793556121529 
31.936793555401664 
31.936793553865755 
31.936793556563998 
31.936793556508860 
31.936793556543535 
31.936793557067404 
31.936793556879252 
31.936793558959153 
31.936793558470754 
31.936793557528063 
31.936793559379453 
31.936793560374213 
31.936793560821798 
31.936793563324727 
31.936793564321533 
31.936793563557899 
31.936793561364425 
31.936793563509127 
31.936793561741752 
31.936793559770194 
31.936793557165629 
31.936793556723273 
31.936793556250564 
31.936793557682904 
31.936793559139915 
31.936793561447303 
31.936793560383421 
31.936793562858156 
31.936793561276090 
31.936793561065770 
31.936793559228818 
31.936793558725981 
31.936793558811132 
31.936793559491207 
31.936793559966191 
31.936793559272132 
31.936793560647516 
31.936793559842954 
31.936793559499847 
31.936793557839451 
31.936793558707564 
31.936793558173008 
31.936793560897854 
31.936793560282354 
31.936793561187187 
31.936793562246407 
31.936793561271770 
31.936793562406251 
31.936793562570188 
31.936793560667979 
31.936793562590651 
31.936793562684898 
31.936793562647608 
31.936793561814170 
31.936793562459229 
31.936793562074854 
31.936793561392960 
31.936793562876801 
31.936793563316542 
31.936793563275614 
31.936793561208333 
31.936793561752211 
31.936793562603384 
31.936793564008440 
31.936793565655535 
31.936793564758887 
31.936793564632353 
31.936793561968898 
31.936793562957291 
31.936793560349884 
31.936793558860472 
31.936793559457101 
31.936793558319323 
31.936793563541755 
31.936793564945447 
31.936793563671017 
31.936793563584388 
31.936793562591561 
31.936793562995376 
31.936793561357945 
31.936793562532785 
31.936793562768003 
31.936793561129775 
31.936793562318599 
31.936793560690944 
31.936793560325214 
31.936793558546242 
31.936793559498824 
31.936793557535566 
31.936793559065791 
31.936793560071806 
31.936793559748821 
31.936793559852390 
31.936793559847160 
31.936793558103773 
31.936793560608749 
31.936793560095111 
31.936793560081696 
31.936793558843419 
31.936793558488375 
31.936793558288741 
31.936793559014518 
31.936793559385364 
31.936793558045451 
31.936793558653676 
31.936793559285888 
31.936793557649480 
31.936793555711120 
31.936793555708391 
31.936793555841518 
31.936793556647672 
31.936793558598538 
31.936793559561579 
31.936793558663339 
31.936793560785873 
31.936793563319043 
31.936793565047992 
31.936793564106097 
31.936793563181482 
31.936793564917025 
31.936793564695563 
31.936793566071856 
31.936793563403171 
31.936793562643516 
31.936793562718549 
31.936793561799618 
31.936793562015168 
31.936793562321327 
31.936793562950129 
31.936793564181698 
31.936793565431572 
31.936793566582310 
31.936793570294867 
31.936793571084763 
31.936793570761893 
31.936793572660690 
31.936793571244493 
31.936793571659223 
31.936793571735507 
31.936793571574299 
31.936793575374281 
31.936793576161904 
31.936793574805051 
31.936793574485591 
31.936793575956358 
31.936793575058346 
31.936793573698765 
31.936793571561566 
31.936793569897873 
31.936793568597864 
31.936793567763516 
31.936793568378221 
31.936793568699613 
31.936793567132895 
31.936793568913117 
31.936793567747941 
31.936793568779990 
31.936793567584232 
31.936793568178132 
31.936793568328767 
31.936793570466307 
31.936793569149586 
31.936793568734856 
31.936793567794666 
31.936793568663802 
31.936793567369932 
31.936793569246447 
31.936793568660050 
31.936793569717338 
31.936793571279281 
31.936793571942417 
31.936793571923317 
31.936793573295176 
31.936793571644444 
31.936793569434030 
31.936793569444376 
31.936793572963552 
31.936793573247428 
31.936793571970043 
31.936793570256214 
31.936793571241196 
31.936793570478358 
31.936793569842166 
31.936793570453574 
31.936793570148438 
31.936793570561804 
31.936793570336363 
31.936793568373446 
31.936793568372423 
31.936793568606959 
31.936793570496548 
31.936793570596706 
31.936793573405339 
31.936793571303838 
31.936793570567261 
31.936793570723125 
31.936793568097301 
31.936793568121630 
31.936793566092661 
31.936793567306722 
31.936793566097549 
31.936793565421794 
31.936793563077572 
31.936793561644549 
31.936793564257300 
31.936793564713525 
31.936793566172696 
31.936793564345294 
31.936793565964308 
31.936793565352218 
31.936793562773346 
31.936793564145319 
31.936793565507969 
31.936793566177812 
31.936793564135655 
31.936793565740118 
31.936793563369065 
31.936793564480240 
31.936793563586207 
31.936793563937272 
31.936793564547543 
31.936793563810738 
31.936793564328696 
31.936793564821414 
31.936793564223535 
31.936793561931609 
31.936793561694685 
31.936793559418788 
31.936793559926514 
31.936793558137310 
31.936793558239060 
31.936793557369697 
31.936793555812528 
31.936793554604037 
31.936793553804137 
31.936793553191137 
31.936793552700919 
31.936793550635457 
31.936793549517688 
31.936793549827826 
31.936793552102245 
31.936793552650556 
31.936793553987286 
31.936793553093025 
31.936793551920687 
31.936793549605227 
31.936793550730499 
31.936793550607490 
31.936793549193112 
31.936793548581136 
31.936793548677088 
31.936793546470994 
31.936793547969842 
31.936793547553862 
31.936793549019058 
31.936793553306643 
31.936793552537210 
31.936793553611210 
31.936793553805160 
31.936793554204996 
31.936793551944334 
31.936793550791663 
31.936793551985602 
31.936793551943765 
31.936793550640687 
31.936793550485845 
31.936793551256528 
31.936793551213896 
31.936793551837923 
31.936793550550192 
31.936793550839525 
31.936793551837923 
31.936793551063602 
31.936793551607138 
31.936793550224365 
31.936793549679351 
31.936793549864319 
31.936793551161259 
31.936793553208759 
31.936793552850077 
31.936793555131317 
31.936793554073006 
31.936793555091754 
31.936793553996040 
31.936793553162602 
31.936793553748998 
31.936793553051189 
31.936793552468089 
31.936793551781193 
31.936793553175676 
31.936793551429332 
31.936793551334290 
31.936793551944902 
31.936793552813697 
31.936793552886456 
31.936793553137136 
31.936793552347581 
31.936793551374990 
31.936793549772005 
31.936793546842750 
31.936793546184163 
31.936793544191460 
31.936793546048648 
31.936793543977046 
31.936793545533646 
31.936793546083095 
31.936793545399837 
31.936793545577757 
31.936793545083901 
31.936793544311740 
31.936793545027513 
31.936793546229524 
31.936793546447120 
31.936793547514867 
31.936793546389481 
31.936793543920999 
31.936793542820737 
31.936793542677606 
31.936793546250556 
31.936793547664593 
31.936793548767923 
31.936793548080573 
31.936793551231517 
31.936793546993158 
31.936793547043749 
31.936793546647777 
31.936793545642445 
31.936793544858574 
31.936793544768875 
31.936793544309694 
31.936793547083653 
31.936793547030220 
31.936793546411991 
31.936793546374247 
31.936793544489774 
31.936793546394711 
31.936793547790330 
31.936793547315801 
31.936793545079013 
31.936793546898343 
31.936793547625598 
31.936793545918590 
31.936793544275702 
31.936793542896453 
31.936793544458283 
31.936793545403930 
31.936793546690069 
31.936793547315119 
31.936793547839329 
31.936793547554203 
31.936793548353080 
31.936793549176627 
31.936793549503250 
31.936793549124218 
31.936793547718139 
31.936793547694492 
31.936793546772947 
31.936793546099466 
31.936793546779086 
31.936793545752948 
31.936793544950319 
31.936793545550927 
31.936793547074899 
31.936793546544550 
31.936793546853892 
31.936793546346394 
31.936793547695856 
31.936793545245109 
31.936793543351314 
31.936793544227385 
31.936793546205081 
31.936793544948273 
31.936793543948170 
31.936793541563475 
31.936793540608733 
31.936793538785992 
31.936793536629693 
31.936793535111178 
31.936793532586535 
31.936793532630190 
31.936793533297759 
31.936793532996944 
31.936793533564014 
31.936793532872116 
31.936793533481136 
31.936793532304591 
31.936793531534931 
31.936793534282401 
31.936793533716354 
31.936793534312756 
31.936793531796525 
31.936793529707870 
31.936793528935596 
31.936793530724231 
31.936793531042440 
31.936793528883754 
31.936793530463660 
31.936793528715043 
31.936793526961537 
31.936793526188808 
31.936793525726330 
31.936793524695304 
31.936793525793632 
31.936793525645953 
31.936793527012242 
31.936793526729161 
31.936793525475309 
31.936793527370014 
31.936793525724624 
31.936793524621976 
31.936793524099016 
31.936793524169161 
31.936793522287985 
31.936793522721018 
31.936793523657457 
31.936793523632559 
31.936793523680194 
31.936793525699954 
31.936793523718393 
31.936793523774099 
31.936793526620704 
31.936793524984182 
31.936793523506026 
31.936793521498430 
31.936793518604077 
31.936793519389198 
31.936793519117145 
31.936793517777915 
31.936793515705745 
31.936793515350587 
31.936793516008606 
31.936793515630256 
31.936793516102171 
31.936793515287945 
31.936793513807061 
31.936793513923931 
31.936793514910391 
31.936793514109127 
31.936793514674491 
31.936793515574209 
31.936793515027375 
31.936793516079319 
31.936793516104217 
31.936793514845249 
31.936793516013608 
31.936793517412980 
31.936793517408660 
31.936793517273031 
31.936793515718477 
31.936793514525675 
31.936793515432100 
31.936793513213274 
31.936793511191581 
31.936793507268362 
31.936793505062269 
31.936793506150707 
31.936793506063395 
31.936793504411639 
31.936793503636636 
31.936793504055686 
31.936793503960530 
31.936793503330250 
31.936793501852321 
31.936793502430419 
31.936793503568310 
31.936793501787974 
31.936793501532520 
31.936793498681141 
31.936793498663860 
31.936793497379767 
31.936793497669896 
31.936793496040877 
31.936793495937081 
31.936793495400480 
31.936793495115353 
31.936793494796234 
31.936793494602057 
31.936793492795005 
31.936793495384336 
31.936793496655810 
31.936793494247354 
31.936793494395602 
31.936793493966888 
31.936793495439474 
31.936793495055667 
31.936793495889333 
31.936793495364100 
31.936793493854225 
31.936793494615472 
31.936793496716859 
31.936793496583732 
31.936793497128747 
31.936793498151474 
31.936793496929681 
31.936793496685709 
31.936793497702070 
31.936793498187399 
31.936793496550990 
31.936793494208132 
31.936793493143341 
31.936793493094910 
31.936793493783512 
31.936793494493145 
31.936793495982670 
31.936793496368409 
31.936793496598739 
31.936793497091230 
31.936793497000281 
31.936793495727670 
31.936793496003020 
31.936793492506695 
31.936793491487379 
31.936793492063089 
31.936793493319783 
31.936793492856509 
31.936793492977017 
31.936793491912226 
31.936793490384957 
31.936793489137699 
31.936793489831871 
31.936793489408615 
31.936793488999456 
31.936793487192062 
31.936793488901912 
31.936793489264460 
31.936793489336651 
31.936793489055390 
31.936793490422929 
31.936793489428737 
31.936793489681008 
31.936793489739557 
31.936793490991249 
31.936793493543405 
31.936793492819788 
31.936793492531365 
31.936793492356628 
31.936793491746812 
31.936793492040238 
31.936793489441698 
31.936793489894399 
31.936793491512731 
31.936793492796028 
31.936793491351978 
31.936793492526249 
31.936793490244327 
31.936793492839570 
31.936793494818176 
31.936793494057838 
31.936793492978268 
31.936793492761694 
31.936793491498065 
31.936793491660069 
31.936793490461696 
31.936793490153946 
31.936793491787967 
31.936793494008270 
31.936793492970310 
31.936793494574772 
31.936793496087034 
31.936793494419931 
31.936793495014740 
31.936793496592145 
31.936793499478767 
31.936793498376119 
31.936793497768463 
31.936793497358167 
31.936793498700013 
31.936793498876114 
31.936793501057537 
31.936793502121532 
31.936793500242175 
31.936793501909278 
31.936793501161787 
31.936793501722718 
31.936793500787189 
31.936793500400313 
31.936793501090051 
31.936793501213970 
31.936793501103807 
31.936793501228294 
31.936793500439990 
31.936793501326747 
31.936793499795726 
31.936793501549232 
31.936793502681439 
31.936793505609671 
31.936793505460400 
31.936793504374009 
31.936793504394132 
31.936793502535124 
31.936793502603223 
31.936793500592103 
31.936793501586976 
31.936793501675879 
31.936793500658951 
31.936793499755822 
31.936793500052886 
31.936793499234909 
31.936793500614385 
31.936793499799137 
31.936793499686587 
31.936793501261718 
31.936793499065061 
31.936793495819984 
31.936793494099334 
31.936793493197115 
31.936793491375511 
31.936793491167577 
31.936793489378147 
31.936793491712820 
31.936793493781579 
31.936793496540304 
31.936793496662062 
31.936793498296765 
31.936793498574502 
31.936793499128271 
31.936793498966267 
31.936793501994089 
31.936793502451110 
31.936793501439524 
31.936793500722274 
31.936793502170531 
31.936793502180535 
31.936793502523869 
31.936793504004072 
31.936793505584092 
31.936793503041940 
31.936793501962484 
31.936793503960189 
31.936793504860816 
31.936793504503498 
31.936793505855462 
31.936793504870934 
31.936793504587285 
31.936793504631737 
31.936793503949616 
31.936793504241450 
31.936793504960633 
31.936793503483273 
31.936793504698358 
31.936793504490993 
31.936793504508501 
31.936793507444463 
31.936793507491529 
31.936793506533832 
31.936793506034178 
31.936793505901619 
31.936793510219218 
31.936793509328140 
31.936793509202971 
31.936793508580877 
31.936793506924460 
31.936793507841458 
31.936793506579306 
31.936793505791911 
31.936793505357059 
31.936793504921297 
31.936793506066238 
31.936793506736876 
31.936793506391609 
31.936793506068057 
31.936793506199137 
31.936793504980187 
31.936793507156040 
31.936793506849767 
31.936793507303719 
31.936793508210371 
31.936793507085667 
31.936793508030973 
31.936793509505378 
31.936793508205028 
31.936793509001177 
31.936793510569146 
31.936793515784871 
31.936793515644126 
31.936793513630619 
31.936793512107897 
31.936793513136990 
31.936793512853342 
31.936793513215321 
31.936793512456006 
31.936793513984526 
31.936793513705652 
31.936793515037493 
31.936793515423233 
31.936793518123636 
31.936793519725256 
31.936793519950584 
31.936793522094945 
31.936793519603498 
31.936793517934916 
31.936793517674232 
31.936793517962315 
31.936793519887487 
31.936793518937293 
31.936793518797572 
31.936793521945447 
31.936793521025947 
31.936793521719551 
31.936793522701237 
31.936793523530355 
31.936793526208817 
31.936793528130011 
31.936793530238447 
31.936793530310524 
31.936793531380545 
31.936793532705451 
31.936793533958848 
31.936793534421668 
31.936793536915843 
31.936793535451102 
31.936793537030212 
31.936793535990546 
31.936793539122277 
31.936793536239747 
31.936793536724736 
31.936793535492029 
31.936793535390848 
31.936793537219728 
31.936793534597086 
31.936793534633125 
31.936793535601851 
31.936793534953495 
31.936793535268635 
31.936793536615028 
31.936793536935397 
31.936793538007691 
31.936793539211862 
31.936793539104087 
31.936793538669463 
31.936793537819199 
31.936793536795335 
31.936793536740311 
31.936793536058758 
31.936793537085123 
31.936793538815209 
31.936793541665452 
31.936793541944439 
31.936793541482075 
31.936793541179327 
31.936793539110681 
31.936793537211884 
31.936793538211418 
31.936793538746542 
31.936793540968097 
31.936793542960459 
31.936793545400974 
31.936793547958928 
31.936793547195293 
31.936793548689138 
31.936793547307275 
31.936793546371746 
31.936793546673243 
31.936793548033165 
31.936793548224273 
31.936793549812933 
31.936793549117738 
31.936793550519610 
31.936793552686936 
31.936793551875326 
31.936793551492201 
31.936793553424422 
31.936793553461371 
31.936793554244218 
31.936793554081532 
31.936793554350857 
31.936793554411338 
31.936793554922588 
31.936793556515340 
31.936793557186661 
31.936793558095928 
31.936793561070772 
31.936793562583944 
31.936793565043672 
31.936793568998269 
31.936793568058079 
31.936793569891734 
31.936793568661074 
31.936793569561360 
31.936793573027217 
31.936793575786396 
31.936793574827902 
31.936793575640763 
31.936793574973080 
31.936793576152922 
31.936793577356411 
31.936793580203130 
31.936793582049290 
31.936793583338954 
31.936793584267889 
31.936793585260943 
31.936793586614726 
31.936793587246711 
31.936793590294542 
31.936793592197546 
31.936793589611398 
31.936793587684292 
31.936793592059189 
31.936793593756647 
31.936793594630331 
31.936793594356914 
31.936793597579936 
31.936793598374265 
31.936793599084581 
31.936793599144721 
31.936793600109013 
31.936793601454497 
31.936793605777325 
31.936793607238883 
31.936793609215783 
31.936793611032385 
31.936793607724780 
31.936793609792062 
31.936793611599910 
31.936793610952918 
31.936793612117185 
31.936793612937777 
31.936793614273711 
31.936793614832027 
31.936793616217187 
31.936793617212629 
31.936793616771752 
31.936793617616672 
31.936793618643151 
31.936793621059564 
31.936793621166998 
31.936793620683147 
31.936793621895845 
31.936793624066354 
31.936793627245038 
31.936793631110390 
31.936793632326044 
31.936793634493938 
31.936793632401077 
31.936793633902425 
31.936793634985861 
31.936793637758910 
31.936793640734095 
31.936793641908821 
31.936793642714747 
31.936793643591045 
31.936793646733804 
31.936793648320190 
31.936793650013215 
31.936793651445782 
31.936793652482265 
31.936793654724966 
31.936793654690405 
31.936793654344797 
31.936793657298381 
31.936793658587817 
31.936793660252988 
31.936793661652700 
31.936793662737500 
31.936793665501682 
31.936793667259622 
31.936793668220957 
31.936793670584734 
31.936793670134307 
31.936793667618758 
31.936793666475182 
31.936793668230280 
31.936793666087169 
31.936793665810569 
31.936793665734967 
31.936793666229050 
31.936793666924586 
31.936793666525773 
31.936793667855568 
31.936793667923666 
31.936793668950372 
31.936793667463007 
31.936793669792451 
31.936793673119155 
31.936793674727596 
31.936793677481091 
31.936793680718779 
31.936793682836196 
31.936793682085977 
31.936793682603138 
31.936793681651352 
31.936793684059921 
31.936793687713475 
31.936793690063382 
31.936793691826210 
31.936793694874950 
31.936793698029646 
31.936793698809879 
31.936793699512577 
31.936793701095098 
31.936793699941632 
31.936793698489282 
31.936793700891371 
31.936793700422413 
31.936793702531645 
31.936793706139383 
31.936793708277833 
31.936793708608093 
31.936793709555445 
31.936793709954372 
31.936793712583267 
31.936793711495511 
31.936793711986070 
31.936793713965926 
31.936793713654879 
31.936793715470003 
31.936793719260208 
31.936793721156732 
31.936793722537345 
31.936793725127927 
31.936793726650308 
