20.174305744289285 
20.174305744245011 
20.174305743956509 
20.174305744065869 
20.174305744996460 
20.174305745759085 
20.174305746275635 
20.174305746412301 
20.174305746306935 
20.174305746204780 
20.174305746104125 
20.174305745887480 
20.174305745799224 
20.174305743230470 
20.174305740266078 
20.174305737072110 
20.174305733778581 
20.174305730601773 
20.174305727589569 
20.174305724609027 
20.174305721823004 
20.174305719308073 
20.174305717024161 
20.174305714966430 
20.174305713111210 
20.174305711474503 
20.174305710048507 
20.174305708813080 
20.174305707740778 
20.174305706758986 
20.174305705936533 
20.174305705306601 
20.174305704713014 
20.174305704396922 
20.174305704103872 
20.174305703972180 
20.174305703847416 
20.174305703763061 
20.174305703869010 
20.174305703960968 
20.174305704241107 
20.174305704553937 
20.174305705001522 
20.174305705402283 
20.174305705889751 
20.174305706411602 
20.174305707033234 
20.174305707613311 
20.174305708189653 
20.174305708845836 
20.174305709488138 
20.174305710144061 
20.174305710758063 
20.174305711450231 
20.174305712197203 
20.174305713022804 
20.174305713744282 
20.174305714414913 
20.174305715135581 
20.174305715930082 
20.174305716632283 
20.174305717412246 
20.174305718105749 
20.174305718865291 
20.174305719610928 
20.174305720350134 
20.174305721134580 
20.174305721995964 
20.174305722725371 
20.174305723569134 
20.174305724378549 
20.174305725141309 
20.174305725918238 
20.174305726671356 
20.174305727460720 
20.174305728135209 
20.174305728782635 
20.174305729476110 
20.174305730069726 
20.174305730757617 
20.174305731461111 
20.174305732191655 
20.174305732878246 
20.174305733511851 
20.174305734223204 
20.174305734722459 
20.174305735365799 
20.174305736055864 
20.174305736555603 
20.174305737069190 
20.174305737649966 
20.174305738208261 
20.174305738750199 
20.174305739166485 
20.174305739796566 
20.174305740402353 
20.174305740896600 
20.174305741343971 
20.174305741944060 
20.174305742375672 
20.174305742778913 
20.174305743407281 
20.174305743931320 
20.174305744423968 
20.174305745023062 
20.174305745490926 
20.174305745936664 
20.174305746565530 
20.174305747056813 
20.174305747495403 
20.174305747927292 
20.174305748343748 
20.174305749000133 
20.174305749480844 
20.174305749866107 
20.174305750219602 
20.174305750565544 
20.174305751146704 
20.174305751513117 
20.174305751919171 
20.174305752323448 
20.174305752647669 
20.174305752950261 
20.174305753360294 
20.174305753695165 
20.174305754104786 
20.174305754330298 
20.174305754806149 
20.174305755147500 
20.174305755412746 
20.174305755751440 
20.174305756274443 
20.174305756545060 
20.174305756800436 
20.174305757374007 
20.174305757741166 
20.174305757886358 
20.174305758312968 
20.174305758569744 
20.174305758816985 
20.174305758897177 
20.174305759070535 
20.174305759318372 
20.174305759463863 
20.174305759655539 
20.174305760041420 
20.174305760693315 
20.174305761097230 
20.174305761129077 
20.174305761582517 
20.174305762299568 
20.174305762719470 
20.174305763137085 
20.174305763604522 
20.174305763907640 
20.174305764077090 
20.174305764816324 
20.174305765102872 
20.174305765230400 
20.174305765761460 
20.174305766263856 
20.174305766391555 
20.174305766743799 
20.174305767077669 
20.174305767274603 
20.174305767795730 
20.174305767870948 
20.174305768075058 
20.174305768363453 
20.174305768772072 
20.174305769253991 
20.174305769445184 
20.174305769758931 
20.174305769937817 
20.174305770602317 
20.174305770664645 
20.174305770863569 
20.174305770860897 
20.174305771201531 
20.174305771163176 
20.174305771248228 
20.174305771423775 
20.174305771434192 
20.174305771564846 
20.174305771938265 
20.174305772434195 
20.174305772340617 
20.174305772660276 
20.174305773070543 
20.174305773382770 
20.174305773901608 
20.174305774652112 
20.174305774787655 
20.174305775291018 
20.174305775499505 
20.174305776022095 
20.174305776695377 
20.174305776732922 
20.174305777074679 
20.174305777043614 
20.174305777079525 
20.174305777609561 
20.174305777816073 
20.174305778335111 
20.174305778731622 
20.174305779249096 
20.174305779302429 
20.174305779631283 
20.174305780251686 
20.174305780635876 
20.174305781233173 
20.174305781251292 
20.174305781767572 
20.174305782264867 
20.174305782245952 
20.174305782585009 
20.174305783316598 
20.174305783751279 
20.174305784016610 
20.174305784596697 
20.174305785166780 
20.174305785260970 
20.174305785603138 
20.174305786534063 
20.174305787270924 
20.174305787272345 
20.174305787340387 
20.174305787613349 
20.174305787708249 
20.174305788094841 
20.174305788712672 
20.174305789394566 
20.174305789731051 
20.174305790137026 
20.174305790378128 
20.174305790251765 
20.174305790817556 
20.174305791198492 
20.174305791772213 
20.174305792311429 
20.174305792068367 
20.174305792874719 
20.174305792679291 
20.174305792837600 
20.174305792767456 
20.174305793193270 
20.174305794162109 
20.174305795392939 
20.174305795897197 
20.174305796338274 
20.174305796509657 
20.174305797165204 
20.174305797579024 
20.174305798114233 
20.174305797922216 
20.174305798371904 
20.174305799379226 
20.174305799755729 
20.174305799441186 
20.174305799559932 
20.174305800274624 
20.174305800462491 
20.174305801518557 
20.174305801578981 
20.174305802670801 
20.174305803703078 
20.174305804901792 
20.174305806104485 
20.174305805591075 
20.174305805435552 
20.174305804494566 
20.174305805626602 
20.174305804999904 
20.174305804561243 
20.174305804123549 
20.174305804063181 
20.174305803139248 
20.174305802980086 
20.174305802826780 
20.174305802348044 
20.174305801440823 
20.174305800868126 
20.174305803220307 
20.174305802982758 
20.174305803449727 
20.174305804010146 
20.174305803504637 
20.174305803210245 
20.174305802473725 
20.174305802159495 
20.174305801675530 
20.174305801839978 
20.174305803459845 
20.174305802242543 
20.174305803674656 
20.174305803298296 
20.174305803645382 
20.174305804086202 
20.174305803061372 
20.174305802386300 
20.174305801386595 
20.174305801884032 
20.174305802734523 
20.174305803698246 
20.174305803917377 
20.174305805018889 
20.174305804375251 
20.174305803023913 
20.174305803788229 
20.174305804020094 
20.174305805291169 
20.174305803062907 
20.174305802378001 
20.174305801575372 
20.174305801237892 
20.174305801573269 
20.174305800798152 
20.174305798984221 
20.174305798439946 
20.174305798414878 
20.174305799095237 
20.174305797822058 
20.174305797307625 
20.174305795954410 
20.174305795844475 
20.174305793306985 
20.174305794694988 
20.174305795290138 
20.174305794473412 
20.174305794118482 
20.174305795403370 
20.174305793489737 
20.174305793927260 
20.174305792524365 
20.174305791594747 
20.174305791955419 
20.174305791531992 
20.174305791940071 
20.174305792221730 
20.174305790433209 
20.174305791025176 
20.174305790285075 
20.174305790859762 
20.174305788613310 
20.174305787039657 
20.174305787560570 
20.174305786499303 
20.174305786320247 
20.174305787508274 
20.174305787625485 
20.174305789098071 
20.174305788404013 
20.174305788521565 
20.174305785408023 
20.174305785197703 
20.174305784849253 
20.174305783802652 
20.174305784602893 
20.174305783865520 
20.174305782408851 
20.174305785849469 
20.174305780548366 
20.174305779781207 
20.174305780851341 
20.174305778533608 
20.174305780063719 
20.174305781822795 
20.174305779337601 
20.174305779353517 
20.174305779281895 
20.174305779621250 
20.174305780694112 
20.174305780129998 
20.174305779044744 
20.174305781076555 
20.174305782467400 
20.174305783326076 
20.174305784594480 
20.174305783010254 
20.174305785084698 
20.174305779969131 
20.174305780339068 
20.174305775405401 
20.174305774035361 
20.174305771713762 
20.174305771322338 
20.174305771261061 
20.174305771273339 
20.174305773156220 
20.174305770341675 
20.174305770561205 
20.174305769139778 
20.174305772518551 
20.174305773809238 
20.174305773644619 
20.174305771731611 
20.174305770059732 
20.174305764327755 
20.174305764239875 
20.174305763559346 
20.174305763384837 
20.174305763114944 
20.174305766495081 
20.174305763317875 
20.174305759556205 
20.174305756998137 
20.174305755258388 
20.174305752415307 
20.174305747329186 
20.174305745772017 
20.174305742841284 
20.174305738298017 
20.174305733771462 
20.174305730484321 
20.174305728428862 
20.174305727424553 
20.174305723506450 
20.174305722801250 
20.174305722051713 
20.174305722034433 
20.174305720135749 
20.174305716456843 
20.174305709856071 
20.174305708186580 
20.174305705369306 
20.174305700210880 
20.174305695809721 
20.174305692410258 
20.174305686839375 
20.174305681533951 
20.174305679318195 
20.174305674036987 
20.174305671740058 
20.174305673690810 
20.174305666388591 
20.174305664114513 
20.174305659480069 
20.174305654122577 
20.174305644991250 
20.174305643219327 
20.174305641726733 
20.174305639237559 
20.174305634129496 
20.174305632837445 
20.174305631183756 
20.174305628152410 
20.174305622860743 
20.174305617841583 
20.174305615081607 
20.174305613931438 
20.174305610983538 
20.174305610170563 
20.174305608050645 
20.174305605765994 
20.174305601825040 
20.174305597164789 
20.174305591722032 
20.174305585230968 
20.174305583314776 
20.174305579354609 
20.174305574183677 
20.174305572241337 
20.174305570608794 
20.174305570995671 
20.174305571361174 
20.174305573807260 
20.174305571294553 
20.174305569188618 
20.174305570784327 
20.174305568486602 
20.174305565202303 
20.174305555096907 
20.174305551794760 
20.174305549554447 
20.174305546357914 
20.174305543953778 
20.174305540988939 
20.174305539706324 
20.174305530404922 
20.174305527853676 
20.174305523139310 
20.174305525579484 
20.174305523970474 
20.174305519662767 
20.174305515174183 
20.174305511366015 
20.174305508630027 
20.174305502279935 
20.174305498254171 
20.174305494960436 
20.174305488923437 
20.174305489969242 
20.174305484240790 
20.174305481585066 
20.174305484122669 
20.174305482937598 
20.174305479936038 
20.174305477890584 
20.174305473816844 
20.174305467299064 
20.174305465350585 
20.174305463496353 
20.174305457297805 
20.174305453282045 
20.174305451606756 
20.174305448058021 
20.174305442383002 
20.174305440269336 
20.174305439616319 
20.174305436254144 
20.174305439926002 
20.174305439737509 
20.174305438226838 
20.174305440275930 
20.174305442530795 
20.174305441648130 
20.174305439809814 
20.174305435332144 
20.174305425930243 
20.174305422896850 
20.174305423877740 
20.174305417437381 
20.174305411535443 
20.174305407160091 
20.174305411201658 
20.174305405778568 
20.174305404437291 
20.174305400974163 
20.174305397769558 
20.174305392761426 
20.174305394190469 
20.174305390542713 
20.174305389412211 
20.174305387483400 
20.174305386416790 
20.174305381630120 
20.174305379155157 
20.174305380114902 
20.174305381995737 
20.174305377768178 
20.174305373288917 
20.174305370792808 
20.174305362099176 
20.174305358819993 
20.174305357715866 
20.174305356056720 
20.174305356164950 
20.174305353563796 
20.174305355459637 
20.174305354953958 
20.174305350367376 
20.174305346115261 
20.174305337791793 
20.174305344253071 
20.174305344475215 
20.174305344598906 
20.174305344991581 
20.174305345888115 
20.174305341190347 
20.174305337408214 
20.174305333312759 
20.174305325122532 
20.174305327137972 
20.174305324509078 
20.174305320936810 
20.174305318683082 
20.174305321296288 
20.174305317561902 
20.174305310832096 
20.174305310049476 
20.174305307991517 
20.174305306896258 
20.174305308116118 
20.174305308623616 
20.174305300855849 
20.174305301041386 
20.174305293253610 
20.174305297637602 
20.174305302959510 
20.174305295417525 
20.174305291880501 
20.174305289266840 
20.174305287228663 
20.174305285151377 
20.174305285507671 
20.174305282616615 
20.174305277431358 
20.174305269256593 
20.174305266938063 
20.174305264717759 
20.174305260442452 
20.174305250556245 
20.174305250750649 
20.174305243469234 
20.174305240264630 
20.174305239085243 
20.174305233197629 
20.174305228800677 
20.174305225081298 
20.174305215907452 
20.174305211616911 
20.174305217381288 
20.174305215773757 
20.174305214254218 
20.174305213866546 
20.174305209765635 
20.174305207737689 
20.174305209188105 
20.174305201607467 
20.174305198360116 
20.174305201014931 
20.174305204681559 
20.174305200195022 
20.174305196640034 
20.174305190945461 
20.174305186171523 
20.174305175297604 
20.174305171482047 
20.174305164244743 
20.174305163482359 
20.174305166538261 
20.174305172533877 
20.174305166581007 
20.174305168274259 
20.174305173502034 
20.174305175517702 
20.174305169330410 
20.174305169239460 
20.174305169968420 
20.174305169702620 
20.174305168756064 
20.174305172791037 
20.174305168029150 
20.174305157887602 
20.174305151131648 
20.174305150379951 
20.174305151628232 
20.174305147662380 
20.174305143563060 
20.174305137814599 
20.174305138233649 
20.174305136930343 
20.174305139156559 
20.174305143520769 
20.174305145684457 
20.174305147104178 
20.174305149137581 
20.174305144525761 
20.174305146162396 
20.174305147700125 
20.174305142321828 
20.174305142531011 
20.174305139272292 
20.174305130626408 
20.174305131364008 
20.174305128701008 
20.174305127489333 
20.174305126879290 
20.174305125561432 
20.174305123905697 
20.174305121714724 
20.174305122201531 
20.174305124245166 
20.174305131590245 
20.174305127809703 
20.174305123944805 
20.174305128453170 
20.174305128585729 
20.174305123680369 
20.174305124063267 
20.174305126540503 
20.174305121443012 
20.174305118686334 
20.174305118302982 
20.174305119056953 
20.174305121850921 
20.174305121087627 
20.174305126790614 
20.174305128838114 
20.174305129131199 
20.174305123812474 
20.174305129693039 
20.174305133651615 
20.174305136618841 
20.174305133982671 
20.174305135391478 
20.174305135358509 
20.174305137499232 
20.174305136162047 
20.174305129616869 
20.174305128856304 
20.174305129558661 
20.174305124161947 
20.174305124668990 
20.174305127680555 
20.174305129882441 
20.174305122642863 
20.174305128374954 
20.174305129264667 
20.174305130519997 
20.174305128788546 
20.174305123976637 
20.174305118603343 
20.174305118562188 
20.174305112782577 
20.174305120203599 
20.174305118127222 
20.174305120008285 
20.174305116265032 
20.174305116980577 
20.174305120993722 
20.174305124381590 
20.174305126778563 
20.174305130570247 
20.174305132201880 
20.174305133019743 
20.174305136517432 
20.174305139157241 
20.174305132870245 
20.174305133020084 
20.174305136117027 
20.174305129566847 
20.174305126394415 
20.174305123886711 
20.174305114973322 
20.174305110790442 
20.174305111838748 
20.174305114326671 
20.174305116005598 
20.174305113194578 
20.174305115473544 
20.174305115703874 
20.174305112339312 
20.174305113698324 
20.174305108092994 
20.174305109870375 
20.174305111636386 
20.174305119865267 
20.174305125621459 
20.174305131590586 
20.174305132191876 
20.174305125818705 
20.174305125364526 
20.174305128736933 
20.174305134357155 
20.174305134157294 
20.174305129979530 
20.174305127615526 
20.174305120521240 
20.174305123338058 
20.174305128577203 
20.174305129657796 
20.174305129088111 
20.174305134041219 
20.174305139582202 
20.174305138797308 
20.174305145684343 
20.174305147271298 
20.174305149532188 
20.174305151588101 
20.174305142808294 
20.174305143004858 
20.174305146998790 
20.174305145277458 
20.174305145825542 
20.174305147194900 
20.174305148837448 
20.174305152795341 
20.174305153955629 
20.174305157214803 
20.174305158014022 
20.174305160588005 
20.174305159609503 
20.174305163269537 
20.174305161701568 
20.174305159726487 
20.174305162579572 
20.174305159728874 
20.174305158705920 
20.174305150229202 
20.174305150313330 
20.174305146873053 
20.174305145426501 
20.174305141982813 
20.174305145009839 
20.174305147112591 
20.174305148184544 
20.174305152528859 
20.174305161805478 
20.174305160743643 
20.174305161441453 
20.174305161791722 
20.174305156905575 
20.174305157840763 
20.174305158619632 
20.174305161032407 
20.174305156694800 
20.174305157112713 
20.174305157958656 
20.174305161105963 
20.174305162919836 
20.174305165432997 
20.174305166961176 
20.174305169189893 
20.174305171023207 
20.174305171982496 
20.174305169192166 
20.174305168569049 
20.174305175377071 
20.174305172307754 
20.174305170169987 
20.174305167940474 
20.174305166407180 
20.174305169793683 
20.174305164966768 
20.174305166116824 
20.174305167228681 
20.174305169871786 
20.174305173362086 
20.174305176551456 
20.174305171756600 
20.174305172466234 
20.174305173554217 
20.174305164740531 
20.174305165281794 
20.174305163806935 
20.174305162437690 
20.174305161354710 
20.174305164646285 
20.174305163456893 
20.174305165385249 
20.174305164978932 
20.174305168274259 
20.174305170355069 
20.174305171804235 
20.174305175377185 
20.174305180466376 
20.174305185888670 
20.174305190488440 
20.174305187980053 
20.174305187472555 
20.174305191484336 
20.174305190946029 
20.174305190075756 
20.174305191816416 
20.174305187218692 
20.174305191901567 
20.174305194468729 
20.174305190259815 
20.174305189448660 
20.174305190894302 
20.174305191882581 
20.174305194640056 
20.174305189100437 
20.174305194387102 
20.174305193192140 
20.174305197339208 
20.174305205208384 
20.174305210256989 
20.174305213695675 
20.174305215443837 
20.174305204806615 
20.174305202954542 
20.174305204315942 
20.174305205029327 
20.174305200793242 
20.174305203103700 
20.174305202537994 
20.174305199290302 
20.174305205907217 
20.174305204057077 
20.174305208818737 
20.174305207868883 
20.174305208184364 
20.174305205191786 
20.174305208434021 
20.174305207107295 
20.174305207537714 
20.174305208607166 
20.174305213745015 
20.174305212874060 
20.174305211854175 
20.174305218786913 
20.174305220246993 
20.174305219620123 
20.174305224933278 
20.174305224741943 
20.174305219436860 
20.174305227631180 
20.174305228042385 
20.174305223901342 
20.174305220416954 
20.174305220223005 
20.174305217747929 
20.174305212573927 
20.174305212950799 
20.174305210119542 
20.174305207846373 
20.174305209103409 
20.174305209483236 
20.174305207769748 
20.174305213086313 
20.174305207676639 
20.174305204657799 
20.174305209946169 
20.174305209536669 
20.174305211162618 
20.174305212969557 
20.174305212265494 
20.174305220001315 
20.174305218487916 
20.174305219716757 
20.174305220310430 
20.174305217950973 
20.174305217993947 
20.174305222991507 
20.174305225987723 
20.174305229278502 
20.174305235361658 
20.174305229808169 
20.174305236977830 
20.174305236748864 
20.174305236874943 
20.174305232438087 
20.174305231281892 
20.174305234739563 
20.174305237632211 
20.174305237820477 
20.174305246506833 
20.174305251792020 
20.174305251726310 
20.174305256851653 
20.174305261946529 
20.174305261864333 
20.174305251184819 
20.174305249373560 
20.174305244696029 
20.174305245737173 
20.174305247338793 
20.174305240018612 
20.174305238244983 
20.174305232894199 
20.174305230215509 
20.174305227978039 
20.174305226318324 
20.174305231311791 
20.174305227323885 
20.174305229626270 
20.174305225385410 
20.174305218014069 
20.174305216153698 
20.174305217550341 
20.174305216547396 
20.174305217903452 
20.174305221328950 
20.174305230359096 
20.174305231893641 
20.174305239545788 
20.174305241004504 
20.174305243638855 
20.174305243514368 
20.174305237644830 
20.174305232079973 
20.174305231988114 
20.174305233529481 
20.174305235992392 
20.174305233788232 
20.174305237833096 
20.174305235066527 
20.174305239653108 
20.174305239301134 
20.174305237869135 
20.174305235556517 
20.174305232957408 
20.174305236910641 
20.174305234297321 
20.174305239734394 
20.174305239374576 
20.174305245127584 
20.174305240659351 
20.174305247451116 
20.174305248264773 
20.174305245830737 
20.174305253201169 
20.174305250973816 
20.174305245971595 
20.174305247717825 
20.174305248979522 
20.174305250435509 
20.174305254534488 
20.174305252880458 
20.174305244512766 
20.174305247971688 
20.174305249371400 
20.174305249647773 
20.174305248982364 
20.174305248540236 
20.174305251849660 
20.174305249213944 
20.174305247117331 
20.174305246845279 
20.174305243427966 
20.174305243767662 
20.174305244710808 
20.174305240906051 
20.174305237189628 
20.174305234213421 
20.174305244763104 
20.174305237766021 
20.174305234732969 
20.174305233076666 
20.174305240172998 
20.174305234539816 
20.174305235029465 
20.174305237964063 
20.174305242240166 
20.174305246252288 
20.174305242783021 
20.174305242127389 
20.174305243522895 
20.174305248001019 
20.174305249733152 
20.174305248276596 
20.174305246124391 
20.174305248248174 
20.174305247350958 
20.174305243980939 
20.174305244473430 
20.174305243454569 
20.174305245045389 
20.174305241500974 
20.174305237923249 
20.174305233272321 
20.174305232745382 
20.174305229072274 
20.174305226430192 
20.174305228291701 
20.174305231236531 
20.174305234626217 
20.174305235673501 
20.174305238856618 
20.174305243795516 
20.174305248566611 
20.174305251208580 
20.174305253560647 
20.174305254982528 
20.174305256419530 
20.174305258674281 
20.174305253439570 
20.174305251997112 
20.174305255058357 
20.174305252375802 
20.174305247314578 
20.174305243269600 
20.174305242901141 
20.174305240231433 
20.174305243582012 
20.174305243122262 
20.174305245435903 
20.174305242598848 
20.174305242951164 
20.174305241555089 
20.174305236260466 
20.174305238818192 
20.174305235620295 
20.174305234764915 
20.174305229095353 
20.174305232078723 
20.174305229850347 
20.174305236315945 
20.174305237098679 
20.174305237373005 
20.174305229176753 
20.174305237055023 
20.174305239809655 
20.174305250661064 
20.174305245376786 
20.174305239782939 
20.174305236543205 
20.174305232490497 
20.174305236551959 
20.174305236066061 
20.174305227749642 
20.174305225286389 
20.174305226822298 
20.174305229129459 
20.174305224261843 
20.174305228374351 
20.174305226521255 
20.174305220725273 
20.174305222136695 
20.174305226178149 
20.174305226804790 
20.174305222983776 
20.174305227434047 
20.174305224657928 
20.174305222407384 
20.174305217029314 
20.174305217403230 
20.174305220157066 
20.174305224111777 
20.174305224137811 
20.174305224677369 
20.174305223107694 
20.174305226314004 
20.174305225296166 
20.174305224083355 
20.174305217139135 
20.174305221526538 
20.174305225469766 
20.174305222138969 
20.174305223193528 
20.174305223048350 
20.174305224853924 
20.174305225865510 
20.174305228937783 
20.174305230175605 
20.174305226246020 
20.174305222922499 
20.174305226272850 
20.174305228121284 
20.174305229256561 
20.174305232657275 
20.174305233205587 
20.174305230280538 
20.174305237468388 
20.174305244162383 
20.174305242633068 
20.174305243140225 
20.174305234863937 
20.174305238280112 
20.174305244666925 
20.174305239660384 
20.174305243183653 
20.174305245669530 
20.174305248945188 
20.174305251934129 
20.174305253183206 
20.174305251523720 
20.174305251123087 
20.174305256203752 
20.174305252804174 
20.174305248605833 
20.174305243388289 
20.174305248771020 
20.174305242713103 
20.174305233566429 
20.174305232516190 
20.174305230965047 
20.174305229794413 
20.174305227958598 
20.174305239095474 
20.174305234040162 
20.174305231899439 
20.174305236477721 
20.174305230421737 
20.174305228768958 
20.174305227718037 
20.174305231923881 
20.174305228695061 
20.174305232364645 
20.174305233747077 
20.174305228907428 
20.174305233536984 
20.174305232153415 
20.174305231964695 
20.174305224606769 
20.174305231468566 
20.174305227350260 
20.174305234034250 
20.174305233415794 
20.174305230842720 
20.174305229800780 
20.174305231156040 
20.174305231675589 
20.174305235963743 
20.174305233299947 
20.174305233432960 
20.174305238138345 
20.174305240404578 
20.174305243607478 
20.174305238346506 
20.174305240076592 
20.174305232844517 
20.174305234168855 
20.174305234178291 
20.174305236117448 
20.174305231515063 
20.174305230072378 
20.174305240822150 
20.174305240232457 
20.174305237346175 
20.174305238178817 
20.174305243933645 
20.174305240259173 
20.174305246210110 
20.174305248854239 
20.174305249825579 
20.174305254260616 
20.174305252517343 
20.174305250552607 
20.174305249629128 
20.174305252636032 
20.174305252267345 
20.174305248656992 
20.174305251767464 
20.174305257032870 
20.174305259920175 
20.174305257740684 
20.174305257675655 
20.174305256587672 
20.174305256012076 
20.174305249591384 
20.174305247916664 
20.174305248107544 
20.174305249876056 
20.174305252147178 
20.174305252136151 
20.174305250252814 
20.174305245550954 
20.174305244583707 
20.174305249245094 
20.174305251763826 
20.174305252059412 
20.174305251158557 
20.174305253920238 
20.174305254435808 
20.174305254332808 
20.174305258355957 
20.174305257196465 
20.174305264749137 
20.174305260111964 
20.174305257870174 
20.174305256868706 
20.174305254947171 
20.174305258342997 
20.174305255522768 
20.174305253324292 
20.174305253668535 
20.174305258735330 
20.174305255784930 
20.174305252886256 
20.174305258479194 
20.174305262805433 
20.174305261674135 
20.174305256332673 
20.174305256100979 
20.174305263708789 
20.174305262941402 
20.174305262515531 
20.174305260168580 
20.174305259632433 
20.174305256636785 
20.174305263863175 
20.174305266465808 
20.174305271516232 
20.174305276305859 
20.174305280131875 
20.174305279343571 
20.174305280097315 
20.174305280537965 
20.174305279443502 
20.174305282554769 
20.174305286862364 
20.174305282838645 
20.174305281967349 
20.174305281382772 
20.174305274506878 
20.174305276535392 
20.174305276147379 
20.174305269393017 
20.174305277873259 
20.174305280734757 
20.174305279676332 
20.174305280655290 
20.174305277086546 
20.174305273290884 
20.174305269979982 
20.174305264351574 
20.174305268488524 
20.174305268521493 
20.174305274448784 
20.174305269687693 
20.174305270135051 
20.174305268866533 
20.174305270335594 
20.174305264487202 
20.174305262600797 
20.174305268595049 
20.174305267899172 
20.174305268166222 
20.174305266098713 
20.174305266320744 
20.174305270454852 
20.174305271724165 
20.174305275356346 
20.174305279474879 
20.174305280897556 
20.174305284333514 
20.174305286344520 
20.174305286527328 
20.174305291620726 
20.174305298402487 
20.174305298196373 
20.174305295965382 
20.174305294496889 
20.174305295298268 
20.174305295113754 
20.174305297897945 
20.174305289322888 
20.174305300410992 
20.174305301948152 
20.174305305386042 
20.174305309282772 
20.174305303448818 
20.174305305840790 
20.174305300859373 
20.174305309753663 
20.174305309446936 
20.174305307221175 
20.174305309510828 
20.174305307763348 
20.174305303956999 
20.174305305816688 
20.174305307829627 
20.174305311046624 
20.174305309332681 
20.174305315079891 
20.174305320023564 
20.174305320200801 
20.174305320480812 
20.174305323331168 
20.174305327176853 
20.174305331346432 
20.174305333436905 
20.174305333408370 
20.174305333089592 
20.174305330911238 
20.174305331515370 
20.174305327599086 
20.174305331660321 
20.174305333321513 
20.174305332900644 
20.174305325619116 
20.174305330945117 
20.174305332475001 
20.174305331602341 
20.174305325772593 
20.174305323026942 
20.174305323417457 
20.174305320528333 
20.174305324061379 
20.174305327704587 
20.174305323707813 
20.174305320981944 
20.174305319068367 
20.174305310610293 
20.174305309946703 
20.174305304958693 
20.174305310644286 
20.174305305908661 
20.174305306767565 
20.174305300570836 
20.174305298522313 
20.174305302113225 
20.174305300539118 
20.174305303000665 
20.174305300387800 
20.174305312480897 
20.174305312577530 
20.174305318512324 
20.174305319372138 
20.174305321960219 
20.174305322494888 
20.174305320960002 
20.174305315325682 
20.174305320064150 
20.174305320554708 
20.174305321841530 
20.174305320103713 
20.174305327273260 
20.174305331433175 
20.174305337204487 
20.174305341693525 
20.174305346939718 
20.174305343497736 
20.174305339059742 
20.174305336929251 
20.174305328894548 
20.174305327255183 
20.174305318936490 
20.174305314381172 
20.174305321138263 
20.174305326589320 
20.174305332011045 
20.174305327808383 
20.174305327957995 
20.174305332818676 
20.174305337115698 
20.174305332307426 
20.174305334745554 
20.174305334298197 
20.174305331572441 
20.174305340871797 
20.174305346049891 
20.174305345504877 
20.174305344043432 
20.174305341841318 
20.174305341698073 
20.174305343370747 
20.174305344874710 
20.174305342901448 
20.174305349956853 
20.174305348139455 
20.174305347522477 
20.174305351207863 
20.174305352482179 
20.174305354812418 
20.174305349609085 
20.174305342888260 
20.174305338692875 
20.174305334154610 
20.174305338588738 
20.174305335036593 
20.174305338328395 
20.174305336046700 
20.174305336728935 
20.174305340186606 
20.174305334284668 
20.174305343368133 
20.174305341274362 
20.174305341306535 
20.174305344943491 
20.174305349763358 
20.174305347194036 
20.174305358773495 
20.174305360677522 
20.174305359126492 
20.174305361146935 
20.174305367285115 
20.174305365509440 
20.174305362401924 
20.174305359959817 
20.174305366463841 
20.174305359218693 
20.174305362524819 
20.174305359033610 
20.174305362580753 
20.174305368508840 
20.174305367863894 
20.174305376751136 
20.174305379276916 
20.174305381028603 
20.174305383149999 
20.174305379588645 
20.174305380546116 
20.174305374274468 
20.174305382710486 
20.174305383156593 
20.174305378310123 
20.174305375391896 
20.174305374493770 
20.174305381067370 
20.174305378507938 
20.174305383149544 
20.174305386164747 
20.174305387668596 
20.174305381975387 
20.174305382704915 
20.174305379197222 
20.174305376278994 
20.174305375211247 
20.174305374648384 
20.174305372519257 
20.174305371883975 
20.174305370113530 
20.174305370002457 
20.174305375242170 
20.174305373139759 
20.174305368496334 
20.174305369832268 
20.174305367633224 
20.174305369617286 
20.174305370898537 
20.174305375254676 
20.174305385802199 
20.174305381620684 
20.174305387238633 
20.174305386512970 
20.174305390234622 
20.174305385883940 
20.174305385687262 
20.174305389017832 
20.174305385132357 
20.174305382916714 
20.174305384030390 
20.174305375780136 
20.174305376726011 
20.174305374146570 
20.174305372220601 
20.174305368305454 
20.174305365917576 
20.174305363572671 
20.174305362698533 
20.174305370103866 
20.174305368184719 
20.174305367073998 
20.174305365239888 
20.174305366711224 
20.174305367585248 
20.174305365649161 
20.174305364290149 
20.174305371897844 
20.174305374751839 
20.174305368199384 
20.174305365381656 
20.174305367605484 
20.174305365343571 
20.174305366877888 
20.174305363266967 
20.174305356052173 
20.174305358036690 
20.174305361742199 
20.174305360359085 
20.174305358568290 
20.174305367874013 
20.174305371421269 
20.174305368004752 
20.174305365126202 
20.174305366351064 
20.174305371887613 
20.174305370971297 
20.174305367652096 
20.174305370903767 
20.174305381754266 
20.174305385505932 
20.174305382459806 
20.174305382049624 
20.174305379351608 
20.174305377651535 
20.174305375032191 
20.174305377072869 
20.174305373407378 
20.174305372820754 
20.174305368352634 
20.174305370530647 
20.174305363270832 
20.174305362133737 
20.174305367298757 
20.174305362016867 
20.174305364590282 
20.174305364513430 
20.174305371479477 
20.174305374699316 
20.174305376386883 
20.174305378699501 
20.174305377839346 
20.174305382714238 
20.174305382291323 
20.174305381141949 
20.174305380824308 
20.174305375219319 
20.174305370301681 
20.174305366208728 
20.174305368243267 
20.174305370808725 
20.174305369201875 
20.174305370038837 
20.174305367273291 
20.174305370954016 
20.174305365106648 
20.174305377620612 
20.174305368921750 
20.174305371918990 
20.174305369356944 
20.174305373999687 
20.174305376582424 
20.174305379451198 
20.174305380301348 
20.174305376628581 
20.174305378854342 
20.174305381855220 
20.174305384288118 
20.174305384410445 
20.174305384377931 
20.174305388412222 
20.174305383170577 
20.174305388829453 
20.174305382229477 
20.174305372222761 
20.174305374752066 
20.174305372591789 
20.174305383151932 
20.174305385954085 
20.174305386236028 
20.174305381679005 
20.174305379922998 
20.174305382846342 
20.174305377554219 
20.174305367628676 
20.174305371394439 
20.174305370037928 
20.174305373240259 
20.174305371690025 
20.174305371030869 
20.174305367982242 
20.174305370249840 
20.174305375722270 
20.174305369861713 
20.174305368723026 
20.174305367856732 
20.174305368351725 
20.174305378454847 
20.174305372000163 
20.174305377401197 
20.174305380712894 
20.174305374123605 
20.174305379356838 
20.174305382013927 
20.174305379955285 
20.174305378592408 
20.174305380987335 
20.174305384974332 
20.174305381802697 
20.174305383396813 
20.174305377860719 
20.174305379150610 
20.174305375782751 
20.174305367136412 
20.174305361537563 
20.174305355508068 
20.174305346281926 
20.174305350094073 
20.174305352001738 
20.174305344662571 
20.174305348615690 
20.174305352905321 
20.174305349270071 
20.174305345578887 
20.174305345204402 
20.174305344101413 
20.174305347914469 
20.174305341404306 
20.174305342772186 
20.174305346189385 
20.174305336994394 
20.174305332817767 
20.174305334427572 
20.174305335729059 
20.174305333386201 
20.174305330137258 
20.174305329270737 
20.174305331751384 
20.174305332149515 
20.174305338895920 
20.174305343405877 
20.174305341015952 
20.174305339780631 
20.174305338088288 
20.174305339610328 
20.174305341843137 
20.174305347430845 
20.174305339138527 
20.174305343760352 
20.174305344696904 
20.174305348829648 
20.174305345812627 
20.174305343580954 
20.174305343893593 
20.174305343423839 
20.174305344425193 
20.174305343431342 
20.174305336659700 
20.174305337723126 
20.174305337141277 
20.174305333534448 
20.174305337793612 
20.174305334527617 
20.174305335045119 
20.174305332941003 
20.174305335899362 
20.174305338597605 
20.174305339761986 
20.174305341670333 
20.174305340267665 
20.174305339161947 
20.174305343823107 
20.174305341480022 
20.174305339286093 
20.174305333939174 
20.174305328962873 
20.174305328531318 
20.174305326254171 
20.174305315867286 
20.174305313776131 
20.174305305109101 
20.174305306101132 
20.174305307189798 
20.174305301284903 
20.174305293875022 
20.174305292676536 
20.174305288835512 
20.174305290767279 
20.174305291099245 
20.174305295818840 
20.174305295632394 
20.174305297249703 
20.174305295056001 
20.174305296665580 
20.174305298642366 
20.174305302618450 
20.174305304857171 
20.174305311898934 
20.174305310900991 
20.174305310054933 
20.174305313821833 
20.174305316940035 
20.174305314585354 
20.174305316860227 
20.174305315871834 
20.174305307334862 
20.174305305226653 
20.174305303679830 
20.174305306980386 
20.174305314118556 
20.174305318606457 
20.174305318848383 
20.174305319926134 
20.174305322404052 
20.174305320289022 
20.174305319547102 
20.174305316599657 
20.174305314953699 
20.174305308896010 
20.174305312638580 
20.174305315227002 
20.174305303664596 
20.174305306360566 
20.174305308957173 
20.174305313426657 
20.174305314992353 
20.174305314072626 
20.174305307709119 
20.174305307785062 
20.174305307409213 
20.174305311037415 
20.174305307469922 
20.174305307722761 
20.174305308280282 
20.174305304328072 
20.174305303399933 
20.174305303849906 
20.174305298881791 
20.174305302532275 
20.174305304796690 
20.174305309481724 
20.174305307639543 
20.174305307188433 
20.174305304928566 
20.174305307970826 
20.174305304170730 
20.174305302248058 
20.174305306808265 
20.174305310957607 
20.174305311352555 
20.174305305053622 
20.174305311334138 
20.174305304959489 
20.174305308512430 
20.174305311971693 
20.174305318067127 
20.174305315448464 
20.174305313756577 
20.174305314021922 
20.174305309756846 
20.174305307068380 
20.174305305050439 
20.174305305745293 
20.174305309926694 
20.174305308735256 
20.174305302187122 
20.174305305867620 
20.174305306781662 
20.174305304701647 
20.174305308932617 
20.174305304005657 
20.174305305255757 
20.174305303163919 
20.174305307040413 
20.174305310565614 
20.174305306853739 
20.174305311119497 
20.174305315564197 
20.174305308887142 
20.174305310552199 
20.174305312561501 
20.174305312186561 
20.174305311261605 
20.174305315230868 
20.174305308830981 
20.174305306388760 
20.174305309677948 
20.174305305489497 
20.174305309554256 
20.174305313536024 
20.174305315547826 
20.174305312595607 
20.174305314290223 
20.174305314421417 
20.174305324364923 
20.174305321021620 
20.174305318500501 
20.174305315003721 
20.174305309096326 
20.174305307371242 
20.174305309774354 
20.174305309521742 
20.174305306360566 
20.174305302347193 
20.174305301063896 
20.174305298584841 
20.174305297972751 
20.174305297763794 
20.174305300209880 
20.174305303784877 
20.174305313207242 
20.174305312859133 
20.174305316057826 
20.174305313089917 
20.174305313011928 
20.174305312701790 
20.174305305594316 
20.174305302903122 
20.174305310325053 
20.174305301239656 
20.174305297826095 
20.174305294563737 
20.174305294668557 
20.174305294083524 
20.174305286571780 
20.174305276016412 
20.174305273018490 
20.174305275216966 
20.174305274865219 
20.174305274570543 
20.174305275229926 
20.174305279427699 
20.174305284498132 
20.174305286464460 
20.174305285486980 
20.174305291327073 
20.174305288741607 
20.174305292813642 
20.174305295988233 
20.174305290790926 
20.174305293970292 
20.174305300650303 
20.174305299931575 
20.174305298294712 
20.174305299527532 
20.174305306127735 
20.174305303446090 
20.174305306866017 
20.174305305969483 
20.174305310460340 
20.174305310940781 
20.174305305248936 
20.174305309670899 
20.174305306517681 
20.174305318663983 
20.174305307832128 
20.174305304760765 
20.174305303346728 
20.174305298875652 
20.174305302434277 
20.174305299540038 
20.174305295738350 
20.174305294184705 
20.174305285855098 
20.174305281176203 
20.174305279455893 
20.174305277738540 
20.174305273527125 
20.174305271472804 
20.174305274787685 
20.174305274605331 
20.174305281153011 
20.174305278592328 
20.174305275486176 
20.174305272153561 
20.174305267894624 
20.174305274163089 
20.174305272911852 
20.174305273854770 
20.174305271053527 
20.174305267241607 
20.174305261371046 
20.174305256652588 
20.174305257626429 
20.174305251190162 
20.174305252274962 
20.174305250783164 
20.174305253319062 
20.174305250621728 
20.174305239281239 
20.174305239367641 
20.174305240981539 
20.174305238509987 
20.174305246297990 
20.174305241580669 
20.174305236883811 
20.174305229287256 
20.174305219058851 
20.174305214691685 
20.174305211421597 
20.174305212248782 
20.174305209730846 
20.174305213265143 
20.174305220842371 
20.174305218695508 
20.174305213189200 
20.174305213926800 
20.174305213913158 
20.174305213285606 
20.174305208436181 
20.174305211700812 
20.174305212700801 
20.174305209929571 
20.174305213668276 
20.174305210239481 
20.174305210736293 
20.174305204610164 
20.174305200461049 
20.174305191634630 
20.174305194959061 
20.174305191991152 
20.174305184335026 
20.174305181245472 
20.174305190497989 
20.174305195493844 
20.174305193981581 
20.174305187887285 
20.174305184033301 
20.174305186637184 
20.174305191962048 
20.174305183297747 
20.174305179127032 
20.174305181532418 
20.174305188663993 
20.174305187274513 
20.174305182700891 
20.174305187415257 
20.174305186523043 
20.174305195576380 
20.174305191564144 
20.174305196151636 
20.174305197026570 
20.174305197334888 
20.174305196029309 
20.174305194881754 
20.174305200023809 
20.174305200847584 
20.174305203495123 
20.174305198214370 
20.174305199547234 
20.174305208779742 
20.174305208471196 
20.174305203971244 
20.174305207243151 
20.174305214510014 
20.174305212133731 
20.174305217815800 
20.174305225700209 
20.174305222057910 
20.174305224995351 
20.174305226833212 
20.174305215317872 
20.174305208973692 
20.174305198996990 
20.174305200595427 
20.174305200928757 
20.174305206634699 
20.174305209841577 
20.174305205198152 
20.174305208287024 
20.174305211097362 
20.174305213440448 
20.174305213638945 
20.174305218267591 
20.174305218753489 
20.174305217671645 
20.174305218539530 
20.174305221441273 
20.174305216163475 
20.174305215211916 
20.174305217836718 
20.174305223044485 
20.174305215111872 
20.174305216495213 
20.174305221825989 
20.174305231799508 
20.174305232274037 
20.174305229989841 
20.174305227614241 
20.174305230445270 
20.174305230095115 
20.174305227760442 
20.174305228910725 
20.174305231875906 
20.174305231343169 
20.174305228091498 
20.174305226173828 
20.174305219569078 
20.174305200638400 
20.174305188612379 
20.174305183520573 
20.174305174254869 
20.174305150797636 
20.174305149309703 
20.174305130037737 
20.174305114172284 
20.174305109141869 
20.174305093124531 
20.174305078729958 
20.174305063943848 
20.174305054138813 
20.174305037789054 
20.174305026449019 
20.174305018479117 
20.174305014304537 
20.174305000665754 
20.174304989410530 
20.174304972737673 
20.174304955647131 
20.174304940076581 
20.174304923956697 
20.174304911410673 
20.174304893394492 
20.174304888455254 
20.174304877428767 
20.174304872972698 
20.174304861253177 
20.174304853106378 
20.174304839342312 
20.174304820026691 
20.174304813646813 
20.174304798548519 
20.174304779998465 
20.174304772367350 
20.174304765028410 
20.174304754960758 
20.174304747231645 
20.174304732359587 
20.174304718133726 
20.174304705861005 
20.174304695065075 
20.174304690633107 
20.174304674759014 
20.174304671218579 
20.174304660650705 
20.174304644061522 
20.174304626779076 
20.174304615735991 
20.174304612078004 
20.174304595442663 
20.174304580373473 
20.174304572400615 
20.174304562645375 
20.174304551782370 
20.174304552450849 
20.174304539983268 
20.174304531396047 
20.174304515276162 
20.174304507329680 
20.174304496865716 
20.174304478378190 
20.174304473908023 
20.174304461233987 
20.174304448590419 
20.174304433654697 
20.174304425719129 
20.174304410161085 
20.174304391773148 
20.174304377795579 
20.174304372059396 
20.174304363013562 
20.174304348046462 
20.174304331427720 
20.174304331425446 
20.174304319840303 
20.174304308648288 
20.174304295703450 
20.174304290238069 
20.174304274430824 
20.174304263905015 
20.174304251736203 
20.174304238514196 
20.174304230266443 
20.174304221726516 
20.174304217728604 
20.174304211798699 
20.174304197216998 
20.174304190736621 
20.174304180202626 
20.174304169104516 
20.174304159214671 
20.174304148993997 
20.174304136138744 
20.174304122190506 
20.174304111453694 
20.174304102615451 
20.174304093890669 
20.174304088772715 
20.174304074752627 
20.174304070532344 
20.174304070275639 
20.174304064964872 
20.174304057268955 
20.174304049821330 
20.174304032193504 
20.174304024700859 
20.174304023976674 
20.174304018378734 
20.174304010607329 
20.174304002382769 
20.174303997648167 
20.174303984546441 
20.174303976889178 
20.174303967241258 
20.174303954051993 
20.174303945141673 
20.174303935679063 
20.174303924894730 
20.174303916908229 
20.174303906807381 
20.174303891923728 
20.174303877495731 
20.174303876212889 
20.174303860208511 
20.174303847319379 
20.174303835148294 
20.174303828277061 
20.174303817603914 
20.174303805195677 
20.174303790595104 
20.174303776381748 
20.174303775489989 
20.174303771529594 
20.174303770103052 
20.174303763434636 
20.174303748061902 
20.174303731294231 
20.174303719714317 
20.174303712862411 
20.174303702329325 
20.174303698620406 
20.174303692309650 
20.174303675805959 
20.174303663358387 
20.174303654976029 
20.174303646765338 
20.174303631774364 
20.174303623926562 
20.174303613820257 
20.174303606175272 
20.174303608419905 
20.174303599010955 
20.174303587434906 
20.174303583107076 
20.174303575794283 
20.174303574725172 
20.174303570176562 
20.174303566440813 
20.174303557809480 
20.174303550995091 
20.174303535594845 
20.174303521325783 
20.174303507178365 
20.174303491565297 
20.174303484532629 
20.174303476416753 
20.174303468890912 
20.174303464176774 
20.174303452451113 
20.174303442513974 
20.174303428456369 
20.174303419308671 
20.174303412567951 
20.174303410062521 
20.174303403010981 
20.174303393791206 
20.174303388924272 
20.174303384093491 
20.174303375977388 
20.174303364801062 
20.174303353627693 
20.174303353461710 
20.174303347407658 
20.174303338110803 
20.174303336785215 
20.174303329649092 
20.174303324521588 
20.174303321667821 
20.174303315297948 
20.174303307491982 
20.174303297463666 
20.174303293361163 
20.174303287875773 
20.174303282357414 
20.174303277865192 
20.174303276537785 
20.174303273536680 
20.174303267240475 
20.174303266849620 
20.174303259757153 
20.174303248676551 
20.174303241347388 
20.174303237722825 
20.174303229982343 
20.174303222023809 
20.174303211655115 
20.174303200881468 
20.174303197930612 
20.174303198570897 
20.174303193010701 
20.174303186349789 
20.174303183594702 
20.174303180122479 
20.174303177990851 
20.174303174896068 
20.174303179185017 
20.174303170872690 
20.174303167319522 
20.174303169275163 
20.174303172696682 
20.174303162782508 
20.174303157371241 
20.174303145267913 
20.174303142865256 
20.174303138857340 
20.174303139787980 
20.174303139727272 
20.174303134146612 
20.174303128257407 
20.174303116196370 
20.174303111938798 
20.174303098433484 
20.174303089324894 
20.174303077257946 
20.174303072008115 
20.174303072384419 
20.174303065283993 
20.174303065206914 
20.174303059556905 
20.174303057975521 
20.174303053789345 
20.174303049599530 
20.174303041806979 
20.174303038129437 
20.174303032561511 
20.174303030768897 
20.174303028997883 
20.174303029450812 
20.174303021690093 
20.174303011921438 
20.174303013061490 
20.174303000508189 
20.174302996717870 
20.174302995757671 
20.174302985016084 
20.174302978711921 
20.174302963578612 
20.174302967916447 
20.174302960622981 
20.174302960595014 
20.174302955942949 
20.174302950560559 
20.174302949334333 
20.174302938710980 
20.174302934264233 
20.174302932340197 
20.174302930576914 
20.174302922697279 
20.174302913045949 
20.174302907983019 
20.174302898120004 
20.174302899948543 
20.174302901099054 
20.174302897710731 
20.174302900561543 
20.174302896882182 
20.174302891730804 
20.174302884319104 
20.174302876247339 
20.174302877874879 
20.174302866510061 
20.174302859881209 
20.174302855813039 
20.174302859677027 
20.174302854807138 
20.174302840624023 
20.174302840403243 
20.174302833016782 
20.174302829652106 
20.174302822735626 
20.174302810390827 
20.174302814688190 
20.174302813245049 
20.174302820554658 
20.174302805111665 
20.174302802506872 
20.174302801185831 
20.174302789867397 
20.174302790511092 
20.174302783181929 
20.174302777682442 
20.174302770908071 
20.174302773593126 
20.174302763121659 
20.174302762802654 
20.174302761270155 
20.174302760091905 
20.174302757151054 
20.174302753081520 
20.174302750260722 
20.174302745062278 
20.174302749226854 
20.174302756546012 
20.174302755944154 
20.174302747479715 
20.174302740013445 
20.174302737329299 
20.174302725842836 
20.174302722329912 
20.174302719877232 
20.174302718495028 
20.174302721367440 
20.174302714094665 
20.174302704326919 
20.174302700012277 
20.174302692031006 
20.174302692503261 
20.174302690947798 
20.174302684879649 
20.174302672996419 
20.174302664991501 
20.174302661413094 
20.174302654815165 
20.174302651916378 
20.174302646176329 
20.174302646871638 
20.174302636429502 
20.174302634866308 
20.174302635483627 
20.174302625822747 
20.174302624802067 
20.174302624948723 
20.174302621523111 
20.174302616847399 
20.174302620988328 
20.174302628593750 
20.174302628960277 
20.174302629304293 
20.174302636850143 
20.174302628890246 
20.174302631293585 
20.174302630208786 
20.174302625775226 
20.174302614595490 
20.174302615349006 
20.174302617638659 
20.174302613586860 
20.174302615219176 
20.174302609695360 
20.174302609813594 
20.174302612800602 
20.174302617736885 
20.174302623534686 
20.174302618046568 
20.174302619347145 
20.174302611330404 
20.174302599575640 
20.174302595169138 
20.174302596824646 
20.174302589064609 
20.174302588100545 
20.174302600740248 
20.174302599564953 
20.174302601231602 
20.174302603996239 
20.174302607692198 
20.174302603321621 
20.174302605525781 
20.174302611940220 
20.174302605590356 
20.174302600973533 
20.174302599985594 
20.174302602768876 
20.174302599692055 
20.174302594968822 
20.174302597715723 
20.174302588750834 
20.174302590765592 
20.174302590186471 
20.174302587799502 
20.174302586658769 
20.174302581621760 
20.174302589289255 
20.174302581184747 
20.174302579961022 
20.174302578111110 
20.174302571764883 
20.174302568824942 
20.174302573780551 
20.174302575980164 
20.174302569300835 
20.174302565229937 
20.174302568508665 
20.174302562274306 
20.174302555899203 
20.174302548076412 
20.174302546134186 
20.174302543756085 
20.174302541842053 
20.174302537271160 
20.174302542135820 
20.174302540813414 
20.174302546515719 
20.174302547609841 
20.174302551003620 
20.174302543181739 
20.174302543280191 
20.174302543214480 
20.174302539826613 
20.174302538610846 
20.174302535803690 
20.174302535363950 
20.174302538519669 
20.174302538376423 
20.174302534805065 
20.174302541635370 
20.174302544068723 
20.174302540117651 
20.174302534590424 
20.174302537781159 
20.174302529685065 
20.174302526931569 
20.174302526917245 
20.174302523033703 
20.174302528119370 
20.174302521622849 
20.174302513541306 
20.174302511952419 
20.174302508200299 
20.174302517603337 
20.174302517068782 
20.174302511567703 
20.174302505117794 
20.174302505203741 
20.174302497865256 
20.174302497192457 
20.174302492789138 
20.174302487504747 
20.174302494067661 
20.174302484257623 
20.174302480274719 
20.174302476236562 
20.174302471259125 
20.174302471002648 
20.174302475071499 
20.174302479109429 
20.174302475328659 
20.174302472957379 
20.174302468810993 
20.174302473257285 
20.174302470809153 
20.174302465438359 
20.174302462736250 
20.174302465482015 
20.174302463441563 
20.174302463044341 
20.174302461636671 
20.174302461540037 
20.174302454373446 
20.174302453060818 
20.174302457852718 
20.174302462690548 
20.174302464087532 
20.174302460705121 
20.174302459578030 
20.174302459615092 
20.174302454718145 
20.174302456699252 
20.174302458875218 
20.174302458928878 
20.174302474637898 
20.174302471517876 
20.174302473826401 
20.174302465318078 
20.174302466274185 
20.174302463902222 
20.174302461959769 
20.174302456740861 
20.174302453227938 
20.174302450036066 
20.174302452928259 
20.174302457391832 
20.174302459655792 
20.174302461562775 
20.174302453568544 
20.174302449235256 
20.174302454626513 
20.174302449533343 
20.174302453191103 
20.174302447599075 
20.174302440039810 
20.174302433127878 
20.174302431140632 
20.174302432490776 
20.174302436039397 
20.174302433192679 
20.174302432999411 
20.174302436215157 
20.174302432410059 
20.174302438384302 
20.174302440989322 
20.174302437013239 
20.174302441083455 
20.174302441914961 
20.174302444185059 
20.174302447665923 
20.174302444184832 
20.174302447021546 
20.174302445947660 
20.174302445636840 
20.174302451474205 
20.174302440452038 
20.174302433134244 
20.174302439457051 
20.174302446380125 
20.174302441911095 
20.174302443042507 
20.174302435192203 
20.174302432060358 
20.174302431900742 
20.174302434323408 
20.174302437772894 
20.174302436975950 
20.174302434375022 
20.174302425677979 
20.174302428456713 
20.174302433135381 
20.174302442858334 
20.174302440816973 
20.174302435009849 
20.174302431247725 
20.174302439956136 
20.174302434407082 
20.174302431494652 
20.174302429983527 
20.174302427733210 
20.174302430789339 
20.174302437058032 
20.174302433762705 
20.174302434646052 
20.174302432102877 
20.174302427593375 
20.174302419875630 
20.174302420515005 
20.174302428852570 
20.174302427958537 
20.174302426342365 
20.174302418470234 
20.174302419493188 
20.174302414663543 
20.174302415209922 
20.174302411828876 
20.174302411935741 
20.174302408513086 
20.174302410509881 
20.174302410900054 
20.174302418661910 
20.174302418009802 
20.174302412790212 
20.174302406211154 
20.174302404180480 
20.174302392257459 
20.174302395674431 
20.174302396896110 
20.174302396210805 
20.174302397392466 
20.174302402421517 
20.174302399543421 
20.174302392495065 
20.174302399456337 
20.174302393907283 
20.174302392887967 
20.174302394490496 
20.174302395472068 
20.174302396198300 
20.174302397824249 
20.174302399179396 
20.174302399595263 
20.174302397421343 
20.174302399864473 
20.174302402501098 
20.174302406169318 
20.174302406365086 
20.174302399890621 
20.174302397537758 
20.174302394508004 
20.174302391195170 
20.174302393629432 
20.174302393930702 
20.174302401558180 
20.174302403741876 
20.174302404302352 
20.174302416196497 
20.174302415833154 
20.174302420823324 
20.174302423424706 
20.174302430400985 
20.174302431261367 
20.174302434742685 
20.174302427338262 
20.174302424306461 
20.174302417977060 
20.174302419596415 
20.174302428023566 
20.174302428676583 
20.174302428285500 
20.174302435832033 
20.174302433755884 
20.174302436415246 
20.174302438826544 
20.174302447650462 
20.174302445532703 
20.174302439815619 
20.174302439216035 
20.174302432583545 
20.174302425565429 
20.174302419643482 
20.174302417497984 
20.174302411859571 
20.174302406102015 
20.174302409636994 
20.174302403395586 
20.174302401407203 
20.174302396963185 
20.174302404054288 
20.174302402395142 
20.174302396668736 
20.174302396087114 
20.174302389636296 
20.174302395364521 
20.174302388570368 
20.174302388223396 
20.174302385037436 
20.174302383423083 
20.174302383398754 
20.174302386785257 
20.174302385765259 
20.174302385652709 
20.174302386024465 
20.174302386534237 
20.174302378288758 
20.174302381395592 
20.174302382537917 
20.174302387706575 
20.174302388866863 
20.174302390189951 
20.174302394645565 
20.174302389828426 
20.174302392382288 
20.174302392820209 
20.174302394865208 
20.174302393938888 
20.174302392951404 
20.174302396644634 
20.174302393644211 
20.174302385468536 
20.174302382815767 
20.174302377844924 
20.174302374817444 
20.174302372324291 
20.174302367237715 
20.174302366390293 
20.174302364662253 
20.174302363611332 
20.174302366834581 
20.174302369807492 
20.174302366117672 
20.174302366830943 
20.174302360031106 
20.174302359899229 
20.174302359491548 
20.174302353534358 
20.174302346913692 
20.174302345145179 
20.174302353151916 
20.174302345648357 
20.174302345380738 
20.174302341631801 
20.174302341845532 
20.174302339498126 
20.174302342359169 
20.174302344304806 
20.174302342578358 
20.174302345360502 
20.174302347691764 
20.174302347222010 
20.174302348368428 
20.174302348163110 
20.174302339750739 
20.174302344895068 
20.174302335467928 
20.174302333780361 
20.174302327623991 
20.174302330612591 
20.174302334443155 
20.174302331729905 
20.174302332311754 
20.174302329479360 
20.174302329789725 
20.174302327742225 
20.174302328433214 
20.174302333248988 
20.174302330011415 
20.174302328957765 
20.174302330662158 
20.174302324282053 
20.174302319400567 
20.174302315716886 
20.174302315924251 
20.174302314277611 
20.174302315918339 
20.174302309056202 
20.174302307619655 
20.174302302212482 
20.174302301319130 
20.174302299155215 
20.174302287576893 
20.174302287931141 
20.174302284565783 
20.174302282438020 
20.174302279709082 
20.174302273941294 
20.174302269203281 
20.174302260841614 
20.174302262480751 
20.174302265066217 
20.174302261490084 
20.174302257374848 
20.174302263429354 
20.174302260153354 
20.174302261059211 
20.174302264121479 
20.174302259124715 
20.174302256513784 
20.174302260032164 
20.174302260727018 
20.174302263769732 
20.174302265024608 
20.174302265295410 
20.174302254459690 
20.174302255089515 
20.174302258210901 
20.174302263717891 
20.174302263196296 
20.174302267621442 
20.174302266180348 
20.174302271703937 
20.174302268148949 
20.174302265690130 
20.174302259980095 
20.174302261355933 
20.174302258922125 
20.174302254322129 
20.174302251738254 
20.174302248940876 
20.174302249139146 
20.174302255728435 
20.174302264941616 
20.174302267138046 
20.174302268052315 
20.174302264070093 
20.174302265884762 
20.174302268620067 
20.174302269224654 
20.174302268631436 
20.174302282225881 
20.174302285076010 
20.174302286694456 
20.174302282309782 
20.174302280961001 
20.174302275755508 
20.174302275913760 
20.174302275746413 
20.174302276006983 
20.174302280682241 
20.174302287138744 
20.174302283204725 
20.174302286787224 
20.174302296436963 
20.174302296585665 
20.174302292707125 
20.174302283773159 
20.174302280102893 
20.174302277865536 
20.174302281326163 
20.174302277246625 
20.174302271328088 
20.174302260988043 
20.174302249925404 
20.174302250567507 
20.174302252051802 
20.174302253708902 
20.174302249043194 
20.174302250782148 
20.174302251157769 
20.174302242736303 
20.174302240629004 
20.174302238265227 
20.174302233556773 
20.174302233040180 
20.174302233139770 
20.174302227825137 
20.174302233145681 
20.174302238224300 
20.174302234735933 
20.174302234985589 
20.174302228258057 
20.174302225752854 
20.174302225251267 
20.174302226784221 
20.174302222781535 
20.174302222310416 
20.174302216905744 
20.174302215832540 
20.174302216464184 
20.174302218153571 
20.174302214246381 
20.174302208863992 
20.174302203596653 
20.174302203636671 
20.174302205852200 
20.174302206851280 
20.174302204611649 
20.174302203917250 
20.174302194873690 
20.174302190000617 
20.174302193297081 
20.174302183580949 
20.174302183332657 
20.174302182728297 
20.174302188033835 
20.174302190322123 
20.174302189164791 
20.174302194222946 
20.174302188775073 
20.174302194432130 
20.174302192230698 
20.174302188295769 
20.174302186329896 
20.174302182791052 
20.174302179802453 
20.174302175990306 
20.174302185231227 
20.174302188113415 
20.174302183539112 
20.174302185636861 
20.174302180651011 
20.174302179534607 
20.174302179749702 
20.174302174065360 
20.174302176385936 
20.174302174623790 
20.174302179378628 
20.174302181143958 
20.174302181188523 
20.174302175258163 
20.174302177266782 
20.174302179537335 
20.174302170587453 
20.174302170017654 
20.174302174632885 
20.174302171549243 
20.174302174537843 
20.174302180135783 
20.174302181203529 
20.174302175696084 
20.174302180784252 
20.174302182538213 
20.174302177574646 
20.174302182604151 
20.174302183034342 
20.174302183973850 
20.174302184695534 
20.174302186295336 
20.174302182431802 
20.174302173604246 
20.174302182407246 
20.174302191237985 
20.174302187130706 
20.174302186931982 
20.174302177725167 
20.174302172356420 
20.174302168003123 
20.174302163976336 
20.174302174176773 
20.174302179973893 
20.174302183363579 
20.174302184092994 
20.174302181686471 
20.174302181954317 
20.174302187504509 
20.174302187439025 
20.174302187343073 
20.174302188574529 
20.174302182709653 
20.174302176523270 
20.174302176537367 
20.174302177912068 
20.174302175409139 
20.174302170904866 
20.174302171783438 
20.174302174294098 
20.174302177109439 
20.174302169125440 
20.174302161838568 
20.174302162574349 
20.174302160732623 
20.174302160703974 
20.174302159567560 
20.174302162344702 
20.174302159457511 
20.174302164287838 
20.174302170748888 
20.174302168754366 
20.174302172358693 
20.174302173983961 
20.174302173205433 
20.174302172594253 
20.174302170429655 
20.174302168504255 
20.174302169510156 
20.174302171522868 
20.174302167521091 
20.174302169499697 
20.174302172173157 
20.174302174848435 
20.174302173373235 
20.174302168138638 
20.174302173139040 
20.174302172166790 
20.174302172124499 
20.174302170974443 
20.174302173866636 
20.174302168208669 
20.174302158231512 
20.174302153440749 
20.174302148678635 
20.174302140291275 
20.174302149033792 
20.174302150705898 
20.174302148115657 
20.174302151481697 
20.174302158988667 
20.174302164254641 
20.174302172855278 
20.174302162580716 
20.174302167784845 
20.174302172772514 
20.174302174556487 
20.174302168926260 
20.174302162369713 
20.174302165137760 
20.174302166885809 
20.174302172363696 
20.174302169317343 
20.174302167048154 
20.174302172174066 
20.174302171209547 
20.174302164620258 
20.174302169191378 
20.174302168540635 
20.174302162954064 
20.174302161718060 
20.174302169412840 
20.174302162997265 
20.174302158832234 
20.174302160841307 
20.174302161415653 
20.174302152597647 
20.174302149203868 
20.174302148501738 
20.174302144616831 
20.174302142495435 
20.174302145637284 
20.174302147211620 
20.174302149664527 
20.174302144077501 
20.174302135190374 
20.174302131278182 
20.174302128850286 
20.174302131598779 
20.174302136188089 
20.174302139613701 
20.174302132158118 
20.174302132475987 
20.174302128016279 
20.174302125046324 
20.174302121998153 
20.174302122867175 
20.174302117656225 
20.174302118016385 
20.174302123440157 
20.174302129290936 
20.174302136633287 
20.174302135972084 
20.174302137075301 
20.174302139489100 
20.174302130262731 
20.174302139278097 
20.174302133882520 
20.174302130534215 
20.174302130082197 
20.174302125100439 
20.174302126096791 
20.174302130802062 
20.174302129666103 
20.174302136646929 
20.174302132205412 
20.174302126557450 
20.174302125261420 
20.174302120349694 
20.174302115183309 
20.174302112430269 
20.174302108550819 
20.174302105091101 
20.174302106042887 
20.174302102461297 
20.174302097607324 
20.174302100889690 
20.174302100293062 
20.174302098107091 
20.174302096328574 
20.174302099198030 
20.174302094959330 
20.174302097355849 
20.174302094163977 
20.174302102327601 
20.174302103996524 
20.174302106169307 
20.174302104069284 
20.174302096836527 
20.174302101022022 
20.174302102661841 
20.174302098385851 
20.174302100867408 
20.174302102267575 
20.174302094831546 
20.174302096105748 
20.174302099692341 
20.174302094508676 
20.174302096847441 
20.174302104123853 
20.174302107577660 
20.174302101922876 
20.174302099447232 
20.174302102916045 
20.174302097881082 
20.174302106268897 
20.174302105460356 
20.174302101577268 
20.174302101749618 
20.174302106814139 
20.174302106004234 
20.174302106139749 
20.174302110172448 
20.174302109400287 
20.174302106581763 
20.174302107559015 
20.174302109159271 
20.174302108367556 
20.174302104329399 
20.174302107681342 
20.174302105825063 
20.174302107949643 
20.174302107826406 
20.174302114417060 
20.174302116981380 
20.174302118672131 
20.174302118165087 
20.174302120627544 
20.174302120032735 
20.174302117659863 
20.174302113603517 
20.174302107857784 
20.174302112474379 
20.174302111870929 
20.174302104581784 
20.174302099843771 
20.174302102037473 
20.174302102776892 
20.174302105985134 
20.174302114851344 
20.174302107249332 
20.174302104772778 
20.174302107694530 
20.174302109864584 
20.174302107981021 
20.174302108102893 
20.174302108338907 
20.174302110231565 
20.174302117885418 
20.174302115839964 
20.174302120582524 
20.174302118978630 
20.174302119051390 
20.174302119787171 
20.174302123479720 
20.174302118749438 
20.174302120215089 
20.174302122676181 
20.174302118850392 
20.174302111450743 
20.174302104958770 
20.174302101980629 
20.174302100102068 
20.174302093090773 
20.174302090467336 
20.174302089031698 
20.174302084697501 
20.174302076953609 
20.174302068479847 
20.174302062635888 
20.174302070545764 
20.174302072861337 
20.174302074315619 
20.174302066742712 
20.174302068080124 
20.174302064133826 
20.174302065415759 
20.174302069136502 
20.174302071246530 
20.174302072427054 
20.174302069819532 
20.174302063665891 
20.174302068340239 
20.174302064722724 
20.174302067345707 
20.174302063744108 
20.174302066666769 
20.174302063031519 
20.174302056257602 
20.174302056008855 
20.174302060399896 
20.174302062096103 
20.174302063655432 
20.174302066260225 
20.174302064918720 
20.174302065496249 
20.174302060894661 
20.174302063404866 
20.174302063154755 
20.174302066501696 
20.174302061645903 
20.174302066430755 
20.174302060369882 
20.174302064919630 
20.174302060268928 
20.174302064110634 
20.174302064279345 
20.174302066607197 
20.174302077309676 
20.174302070730391 
20.174302075261039 
20.174302078665278 
20.174302084066767 
20.174302079503832 
20.174302085503314 
20.174302087442811 
20.174302092300422 
20.174302085446016 
20.174302082629310 
20.174302082268241 
20.174302090260881 
20.174302090608762 
20.174302088299555 
20.174302075621199 
20.174302077157336 
20.174302083074053 
20.174302079215522 
20.174302078534311 
20.174302078335131 
20.174302080548387 
20.174302084703413 
20.174302094159430 
20.174302098911994 
20.174302094640552 
20.174302106414871 
20.174302104612252 
20.174302095249004 
20.174302083970815 
20.174302085563795 
20.174302098512726 
20.174302093934784 
20.174302087891647 
20.174302085248200 
20.174302087513297 
20.174302087362321 
20.174302090320907 
20.174302090359561 
20.174302090604215 
20.174302088906188 
20.174302099019314 
20.174302096654174 
20.174302100688237 
20.174302096885185 
20.174302094137602 
20.174302096908377 
20.174302102703223 
20.174302103465834 
20.174302106322102 
20.174302102027468 
20.174302099642773 
20.174302109209293 
20.174302114896363 
20.174302114207876 
20.174302113448903 
20.174302118138257 
20.174302124680253 
20.174302126930343 
20.174302132343655 
20.174302123416510 
20.174302123667076 
20.174302117805382 
20.174302115720820 
20.174302113272006 
20.174302107682706 
20.174302111891393 
20.174302113377053 
20.174302113156500 
20.174302109489872 
20.174302112915029 
20.174302116680337 
20.174302113613976 
20.174302119894037 
20.174302114904094 
20.174302113425256 
20.174302119749882 
20.174302112240639 
20.174302112219266 
20.174302111089673 
20.174302104951494 
20.174302101258945 
20.174302098129374 
20.174302095951589 
20.174302097914733 
20.174302103039736 
20.174302105832339 
20.174302105820971 
20.174302104596791 
20.174302103139325 
20.174302107513540 
20.174302116631679 
20.174302107656786 
20.174302106432151 
20.174302111697671 
20.174302108126085 
20.174302104426260 
20.174302102570437 
20.174302102935144 
20.174302113421618 
20.174302111546240 
20.174302113762224 
20.174302112206988 
20.174302107153380 
20.174302105800962 
20.174302102634101 
20.174302105460356 
20.174302106418963 
20.174302106218420 
20.174302108832308 
20.174302108960092 
20.174302109226574 
20.174302105453535 
20.174302108890515 
20.174302116803119 
20.174302108627671 
20.174302116252875 
20.174302112560781 
20.174302112647183 
20.174302111202906 
20.174302116678064 
20.174302116115086 
20.174302114336115 
20.174302109154269 
20.174302110944154 
20.174302106375308 
20.174302111482575 
20.174302117130537 
20.174302109565815 
20.174302112127862 
20.174302107191124 
20.174302109005112 
20.174302106532650 
20.174302107044241 
20.174302100261684 
20.174302097124382 
20.174302100705972 
20.174302107869153 
20.174302099333545 
20.174302096245810 
20.174302091599657 
20.174302092199014 
20.174302095093935 
20.174302093656479 
20.174302086822991 
20.174302088588774 
20.174302094061659 
20.174302090976198 
20.174302089457342 
20.174302083210023 
20.174302084202282 
20.174302074960451 
20.174302079550216 
20.174302077339235 
20.174302081882161 
20.174302083342809 
20.174302078836263 
20.174302076291497 
20.174302078575693 
20.174302077642551 
20.174302068212455 
20.174302067282952 
20.174302062149764 
20.174302067620374 
20.174302067486224 
20.174302067044209 
20.174302066589007 
20.174302068695397 
20.174302070799058 
20.174302068179713 
20.174302066832752 
20.174302069194709 
20.174302067865938 
20.174302065167467 
20.174302067593999 
20.174302063631785 
20.174302058100693 
20.174302063932373 
20.174302062839615 
20.174302064747735 
20.174302068023280 
20.174302070509384 
20.174302071786315 
20.174302074191019 
20.174302079205972 
20.174302073711260 
20.174302059154797 
20.174302064429867 
20.174302067251119 
20.174302068986890 
20.174302063379400 
20.174302068606721 
20.174302070585327 
20.174302076516142 
20.174302082637496 
20.174302076061394 
20.174302070468912 
20.174302069643545 
20.174302068805900 
20.174302074581647 
20.174302071243346 
20.174302067830922 
20.174302065646771 
20.174302065089250 
20.174302070394788 
20.174302076018648 
20.174302073357012 
20.174302070268823 
20.174302078490655 
20.174302083851217 
20.174302080422422 
20.174302090991659 
20.174302091424579 
20.174302089100365 
20.174302086117223 
20.174302085782983 
20.174302081408314 
20.174302077463381 
20.174302081997212 
20.174302086483294 
20.174302090872970 
20.174302083367820 
20.174302084763440 
20.174302089396406 
20.174302084151805 
20.174302087356409 
20.174302087794331 
20.174302082422855 
20.174302084490591 
20.174302079321023 
20.174302074309708 
20.174302066362543 
20.174302067675399 
20.174302071873171 
20.174302067579447 
20.174302061527214 
20.174302051783798 
20.174302059273941 
20.174302057857858 
20.174302055731459 
20.174302056004308 
20.174302062536299 
20.174302058611829 
20.174302054513646 
20.174302056615488 
20.174302057179830 
20.174302053665997 
20.174302059044749 
20.174302060862829 
20.174302056775105 
20.174302054928830 
20.174302053394513 
20.174302057314890 
20.174302062369861 
20.174302076782624 
20.174302075751257 
20.174302088071727 
20.174302089636058 
20.174302094397262 
20.174302104197068 
20.174302093473671 
20.174302097144391 
20.174302102462661 
20.174302098782391 
20.174302098600492 
20.174302101589092 
20.174302098888802 
20.174302099232136 
20.174302097258533 
20.174302100568184 
20.174302105447623 
20.174302102905131 
20.174302101759622 
20.174302097033433 
20.174302087167234 
20.174302089546018 
20.174302088026707 
20.174302092423204 
20.174302093849747 
20.174302088295008 
20.174302090041692 
20.174302095350868 
20.174302103298942 
20.174302104254366 
20.174302107512631 
20.174302100520890 
20.174302102344427 
20.174302100615932 
20.174302103939681 
20.174302098118460 
20.174302095863823 
20.174302093268125 
20.174302085795716 
20.174302081195492 
20.174302076895401 
20.174302082300983 
20.174302078232813 
20.174302069337500 
20.174302073051422 
20.174302076904951 
20.174302076027743 
20.174302075741252 
20.174302074321531 
20.174302067898225 
20.174302067931421 
20.174302063798677 
20.174302069332498 
20.174302066879136 
20.174302057478144 
20.174302058996545 
20.174302060104310 
20.174302059487218 
20.174302053506835 
20.174302046319553 
20.174302053400424 
20.174302054248528 
20.174302048239952 
20.174302048846585 
20.174302043473290 
20.174302039000395 
20.174302045375043 
20.174302043506486 
20.174302051274026 
20.174302053636438 
20.174302055173939 
20.174302062886909 
20.174302065971915 
20.174302064084259 
20.174302057294426 
20.174302058087051 
20.174302061867820 
20.174302063637242 
20.174302061700473 
20.174302056273518 
20.174302054691907 
20.174302049493235 
20.174302050283131 
20.174302059098409 
20.174302061705930 
20.174302066705422 
20.174302067890039 
20.174302083196380 
20.174302088359582 
20.174302093465485 
20.174302091509617 
20.174302086079933 
20.174302084830742 
20.174302083416023 
20.174302081773931 
20.174302082617487 
20.174302085109048 
20.174302080371035 
20.174302079346489 
20.174302077570701 
20.174302075259220 
20.174302071535749 
20.174302065409847 
20.174302061434901 
20.174302064659059 
20.174302063524465 
20.174302064753647 
20.174302067436656 
20.174302065715437 
20.174302066245673 
20.174302063901905 
20.174302070067370 
20.174302070684007 
20.174302077919947 
20.174302077194625 
20.174302075989544 
20.174302074317893 
20.174302072860428 
20.174302070865451 
20.174302067375720 
20.174302060107038 
20.174302054584587 
20.174302052374514 
20.174302054306281 
20.174302055354474 
20.174302056963825 
20.174302060919672 
20.174302059969250 
20.174302060533591 
20.174302056346278 
20.174302061589060 
20.174302064317544 
20.174302065217034 
20.174302062510833 
20.174302058822832 
20.174302060649097 
20.174302063428513 
20.174302052781968 
20.174302054378586 
20.174302059958336 
20.174302063689083 
20.174302062202514 
20.174302060696391 
20.174302058665944 
20.174302058495414 
20.174302056543638 
20.174302051632367 
20.174302039978102 
20.174302036780773 
20.174302031134175 
20.174302029612591 
20.174302022799111 
20.174302018969229 
20.174302013770557 
20.174302013527722 
20.174302014863315 
20.174302008733775 
20.174302011230338 
20.174302017792797 
20.174302024044664 
20.174302021137919 
20.174302014381283 
20.174302023751807 
20.174302018206163 
20.174302017502214 
20.174302018507660 
20.174302019458537 
20.174302014330806 
20.174302010487736 
20.174302016812817 
20.174302021691801 
20.174302025466659 
20.174302027783597 
20.174302029741739 
20.174302026829537 
20.174302027372505 
20.174302022936899 
20.174302021019685 
20.174302020984669 
20.174302018089293 
20.174302017117952 
20.174302012400403 
20.174302018732305 
20.174302016256661 
20.174302020491268 
20.174302011630516 
20.174302014051136 
20.174302017392165 
20.174302021776384 
20.174302016250749 
20.174302012262160 
20.174302011707368 
20.174302007887036 
20.174302016144793 
20.174302015721423 
20.174302011726468 
20.174302005427762 
20.174302001492379 
20.174302005370919 
20.174302000699299 
20.174301987163744 
20.174301990744880 
20.174301987381114 
20.174301993487916 
20.174301992290111 
20.174301993055451 
20.174301988508887 
20.174301988717161 
20.174301994460166 
20.174301997289149 
20.174301993351037 
20.174301997618841 
20.174302000441003 
20.174302000082207 
20.174301997900329 
20.174302005581012 
20.174302003674711 
20.174302001893921 
20.174302006940707 
20.174301999961244 
20.174302000119951 
20.174301996622034 
20.174301996209124 
20.174301995560654 
20.174301999485579 
20.174301992036362 
20.174301990308322 
20.174301990620279 
20.174302000571970 
20.174302002552395 
20.174302000525131 
20.174302001350043 
20.174301999322779 
20.174302001572869 
20.174302001290471 
20.174302006160360 
20.174302007525512 
20.174302004938454 
20.174302007680126 
20.174302000026273 
20.174302002134482 
20.174302001261822 
20.174302004440960 
20.174302015626836 
20.174302014303066 
20.174302018229355 
20.174302016001548 
20.174302017974696 
20.174302018635444 
20.174302015512694 
20.174302021301173 
20.174302018685012 
20.174302015157991 
20.174302028286093 
20.174302030065519 
20.174302030070976 
20.174302029198770 
20.174302033513413 
20.174302031726711 
20.174302031174648 
20.174302035246455 
20.174302039737540 
20.174302047816127 
20.174302048815207 
20.174302054895179 
20.174302051357245 
20.174302048142181 
20.174302052841995 
20.174302059554520 
20.174302062010611 
20.174302056658235 
20.174302056720990 
20.174302057393106 
20.174302060825994 
20.174302056095257 
20.174302064280710 
20.174302067950975 
20.174302067755434 
20.174302070997783 
20.174302067495319 
20.174302074406114 
20.174302076908134 
20.174302072724458 
20.174302076308777 
20.174302074326533 
20.174302070951853 
20.174302077095490 
20.174302082497434 
20.174302082849408 
20.174302080136840 
20.174302072589853 
20.174302075426112 
20.174302072309274 
20.174302069540772 
20.174302071648981 
20.174302077788980 
20.174302079463359 
20.174302069819987 
20.174302068439374 
20.174302069086480 
20.174302063095183 
20.174302062413972 
20.174302055058433 
20.174302052267194 
20.174302058653211 
20.174302065192933 
20.174302063796404 
20.174302065746815 
20.174302065547181 
20.174302070698104 
20.174302072567571 
20.174302077139146 
20.174302068145153 
20.174302067364806 
20.174302071730835 
20.174302069995520 
20.174302070391150 
20.174302075133710 
20.174302070529393 
20.174302068406632 
20.174302063349842 
20.174302065721349 
20.174302068728593 
20.174302081488804 
20.174302078178698 
20.174302076592994 
20.174302079247354 
20.174302082872600 
20.174302085046293 
20.174302082298254 
20.174302086566513 
20.174302086888474 
20.174302080503367 
20.174302075669857 
20.174302076216918 
20.174302072651699 
20.174302079771678 
20.174302071686725 
20.174302071655347 
20.174302070737212 
20.174302079869904 
20.174302075462492 
20.174302069213809 
20.174302068246107 
20.174302073250601 
20.174302074647130 
20.174302080639336 
20.174302080605230 
20.174302079846711 
20.174302084663395 
20.174302088352306 
20.174302083690691 
20.174302077612083 
20.174302073674426 
20.174302077464290 
20.174302084401461 
20.174302087933938 
20.174302092568269 
20.174302095186704 
20.174302097629152 
20.174302098127555 
20.174302101288504 
20.174302102457659 
20.174302104243452 
20.174302099051147 
20.174302099818306 
20.174302098965200 
20.174302096958854 
20.174302102854654 
20.174302104597245 
20.174302107726817 
20.174302109748623 
20.174302111293855 
20.174302110372082 
20.174302108432585 
20.174302103905575 
20.174302102381262 
20.174302099597298 
20.174302097853797 
20.174302099663691 
20.174302089806588 
20.174302091000754 
20.174302092825656 
20.174302086992157 
20.174302084897590 
20.174302084483770 
20.174302085790714 
20.174302077710763 
20.174302080239158 
20.174302078952678 
20.174302080454709 
20.174302077957236 
20.174302085291856 
20.174302087236811 
20.174302086242733 
20.174302089518733 
20.174302093048937 
20.174302094689665 
20.174302094280847 
20.174302101518606 
20.174302102546335 
20.174302107063340 
20.174302102037927 
20.174302097180316 
20.174302099258057 
20.174302096196243 
20.174302094782433 
20.174302082008580 
20.174302086013995 
20.174302090828860 
20.174302081801670 
20.174302096035717 
20.174302096398605 
20.174302098282169 
20.174302097960663 
20.174302095848361 
20.174302098165754 
20.174302099846500 
20.174302097258987 
20.174302101238936 
20.174302104980598 
20.174302109552173 
20.174302107427138 
20.174302103751870 
20.174302105609968 
20.174302109827750 
20.174302111460747 
20.174302112441183 
20.174302116375657 
20.174302110598092 
20.174302112050100 
20.174302112816804 
20.174302120816719 
20.174302128124054 
20.174302127700685 
20.174302121387882 
20.174302116621675 
20.174302112180612 
20.174302112565783 
20.174302110751341 
20.174302108655866 
20.174302099997476 
20.174302091827940 
20.174302096491829 
20.174302104437629 
20.174302103530408 
20.174302101351714 
20.174302106490359 
20.174302107167023 
20.174302100131172 
20.174302100400837 
20.174302103202990 
20.174302115172395 
20.174302106800951 
20.174302113593058 
20.174302118247397 
20.174302115455703 
20.174302116531635 
20.174302121041819 
20.174302115261980 
20.174302111240195 
20.174302109615837 
20.174302106139749 
20.174302103399896 
20.174302100905152 
20.174302096798783 
20.174302086962598 
20.174302080261896 
20.174302079855352 
20.174302080648886 
20.174302080701636 
20.174302081019505 
20.174302084082683 
20.174302078792152 
20.174302073023682 
20.174302076563436 
20.174302080058624 
20.174302074870866 
20.174302073661693 
20.174302079449262 
20.174302081905807 
20.174302082216400 
20.174302079131394 
20.174302082502436 
20.174302075542982 
20.174302079488825 
20.174302081250062 
20.174302080799862 
20.174302081643873 
20.174302083035855 
20.174302082543818 
20.174302081833048 
20.174302088566947 
20.174302089621506 
20.174302086811167 
20.174302095042549 
20.174302096479551 
20.174302096228985 
20.174302094941140 
20.174302095846997 
20.174302098509088 
20.174302105523111 
20.174302101952435 
20.174302107433505 
20.174302111938232 
20.174302113943668 
20.174302109375276 
20.174302105117022 
20.174302100314890 
20.174302103949231 
20.174302108557185 
20.174302116981380 
20.174302118520700 
20.174302128542422 
20.174302133902074 
20.174302135461858 
20.174302140318105 
20.174302141123007 
20.174302138944313 
20.174302133004858 
20.174302133345009 
20.174302128421004 
20.174302128649288 
20.174302130852993 
20.174302132847515 
20.174302134906611 
20.174302138452731 
20.174302154254747 
20.174302164449728 
20.174302165725294 
20.174302157240163 
20.174302155091027 
20.174302157438433 
20.174302161181913 
20.174302159177387 
20.174302156978229 
20.174302159786293 
20.174302161198284 
20.174302158595310 
20.174302159546642 
20.174302156008252 
20.174302151909160 
20.174302155903206 
20.174302157794955 
20.174302158578485 
20.174302151592656 
20.174302152122436 
20.174302145327601 
20.174302154788165 
20.174302156826798 
20.174302160739899 
20.174302158154660 
20.174302154847283 
20.174302153983717 
20.174302157004604 
20.174302163392440 
20.174302156132399 
20.174302154393445 
20.174302143935165 
20.174302137460018 
20.174302134145819 
20.174302139308566 
20.174302139559131 
20.174302140397685 
20.174302141178941 
20.174302142495435 
20.174302137605537 
20.174302140768759 
20.174302133556921 
20.174302135112612 
20.174302142633223 
20.174302146212085 
20.174302138625535 
20.174302144178455 
20.174302141589578 
20.174302142777378 
20.174302142160286 
20.174302139157135 
20.174302146759146 
20.174302145427191 
20.174302148211609 
20.174302154141060 
20.174302156396152 
20.174302162184631 
20.174302166627967 
20.174302169021303 
20.174302163260109 
20.174302165143672 
20.174302169474686 
20.174302170559713 
20.174302174132208 
20.174302174351396 
20.174302180567793 
20.174302174602872 
20.174302168495160 
20.174302168656141 
20.174302161115520 
20.174302160239677 
20.174302159845411 
20.174302160212392 
20.174302159532999 
20.174302164979963 
20.174302166932648 
20.174302174339573 
20.174302176478704 
20.174302173282285 
20.174302178363178 
20.174302180618724 
20.174302183185773 
20.174302184409498 
20.174302185444503 
20.174302179126244 
20.174302186064324 
20.174302188130696 
20.174302184506359 
20.174302186260775 
20.174302184108001 
20.174302177293612 
20.174302179754704 
20.174302179925235 
20.174302174969853 
20.174302175100820 
20.174302178621474 
20.174302178380913 
20.174302172139505 
20.174302175899811 
20.174302176793844 
20.174302179167626 
20.174302181234452 
20.174302180604627 
20.174302185241231 
20.174302191147490 
20.174302196484405 
20.174302192737287 
20.174302186407203 
20.174302188826005 
20.174302189315767 
20.174302197606266 
20.174302202697618 
20.174302211062241 
20.174302203372918 
20.174302209147754 
20.174302215273201 
20.174302212820294 
20.174302211743452 
20.174302212581551 
20.174302217462355 
20.174302212104521 
20.174302210521091 
20.174302207485653 
20.174302203855859 
20.174302202742638 
20.174302209677080 
20.174302204227843 
20.174302209349662 
20.174302208878998 
20.174302203372463 
20.174302202499803 
20.174302210755286 
20.174302212361908 
20.174302213010378 
20.174302210845326 
20.174302219390484 
20.174302225413157 
20.174302231790989 
20.174302228737815 
20.174302229511341 
20.174302229804198 
20.174302225395422 
20.174302227628687 
20.174302228046145 
20.174302234333481 
20.174302226048894 
20.174302229607747 
20.174302227972021 
20.174302229834211 
20.174302235501273 
20.174302233099752 
20.174302235095183 
20.174302234142488 
20.174302239918688 
20.174302239565804 
20.174302239267035 
20.174302240849102 
20.174302241228361 
20.174302232491300 
20.174302233054732 
20.174302234605420 
20.174302237800930 
20.174302242596696 
20.174302248805816 
20.174302252208690 
20.174302250884011 
20.174302248980439 
20.174302251250538 
20.174302252140478 
20.174302252120015 
20.174302243858619 
20.174302247879041 
20.174302245415674 
20.174302246859952 
20.174302249964057 
20.174302251709832 
20.174302254086797 
20.174302264124890 
20.174302269764212 
20.174302267489111 
20.174302272296245 
20.174302277984225 
20.174302275564969 
20.174302279551284 
20.174302281104701 
20.174302280689062 
20.174302282853205 
20.174302284587156 
20.174302288327908 
20.174302286259262 
20.174302286406601 
20.174302277954666 
20.174302274683214 
20.174302289115531 
20.174302294882182 
20.174302296790302 
20.174302292606626 
20.174302292290122 
20.174302288843137 
20.174302285932754 
20.174302277458992 
20.174302273510875 
20.174302263621939 
20.174302261456432 
20.174302257069940 
20.174302261335924 
20.174302257334602 
20.174302248885851 
20.174302249468383 
20.174302253110000 
20.174302242620797 
20.174302247125524 
20.174302246291063 
20.174302254227314 
20.174302255625662 
20.174302261294088 
20.174302264591461 
20.174302262255878 
20.174302258594707 
20.174302253336009 
20.174302251381050 
20.174302246574825 
20.174302239753615 
20.174302241503028 
20.174302240049201 
20.174302242709473 
20.174302240439829 
20.174302241221085 
20.174302245498438 
20.174302247321975 
20.174302252163216 
20.174302256557439 
20.174302261719276 
20.174302252725738 
20.174302251564313 
20.174302255049497 
20.174302253160931 
20.174302263912978 
20.174302260277273 
20.174302259443721 
20.174302250979508 
20.174302255545172 
20.174302251348308 
20.174302247941341 
20.174302252577945 
20.174302239583085 
20.174302236890071 
20.174302234916468 
20.174302236658150 
20.174302233715025 
20.174302241362966 
20.174302239347981 
20.174302246396564 
20.174302253262340 
20.174302256576084 
20.174302260076729 
20.174302264572361 
20.174302262850688 
20.174302263501886 
20.174302256869851 
20.174302262161746 
20.174302258735224 
20.174302263404115 
20.174302262187666 
20.174302262458696 
20.174302256800274 
20.174302260323202 
20.174302266159430 
20.174302269613690 
20.174302266514587 
20.174302260648801 
20.174302265668757 
20.174302261706089 
20.174302274950605 
20.174302275898299 
20.174302269289910 
20.174302262961191 
20.174302261386401 
20.174302254845770 
20.174302251422887 
20.174302252595680 
20.174302249849006 
20.174302251175959 
20.174302255300518 
20.174302254107261 
20.174302250171877 
20.174302243718103 
20.174302249797165 
20.174302255785733 
20.174302264749258 
20.174302271632314 
20.174302273841477 
20.174302273889225 
20.174302272136629 
20.174302281764085 
20.174302282186090 
20.174302277363495 
20.174302283026918 
20.174302277036077 
20.174302284814530 
20.174302291511140 
20.174302297636586 
20.174302294907193 
20.174302297212307 
20.174302297816212 
20.174302294032259 
20.174302288221497 
20.174302292122320 
20.174302286908187 
20.174302286215152 
20.174302295084090 
20.174302298376915 
20.174302301280932 
20.174302307779271 
20.174302315534533 
20.174302311546398 
20.174302309869745 
20.174302306913887 
20.174302301563330 
20.174302301168609 
20.174302293484288 
20.174302291841286 
20.174302289123261 
20.174302283929592 
20.174302274871479 
20.174302281838663 
20.174302277555853 
20.174302276964227 
20.174302278818686 
20.174302277774586 
20.174302278755476 
20.174302276294839 
20.174302273755075 
20.174302282252029 
20.174302276026538 
20.174302276114759 
20.174302273892408 
20.174302273149806 
20.174302281294331 
20.174302283741781 
20.174302282432564 
20.174302282182907 
20.174302286422972 
20.174302297195027 
20.174302293510664 
20.174302294688459 
20.174302307901598 
20.174302307193102 
20.174302295991311 
20.174302296415590 
20.174302295465623 
20.174302288342005 
20.174302284402529 
20.174302281519886 
20.174302274661841 
20.174302283135603 
20.174302288597573 
20.174302289253774 
20.174302296898531 
20.174302294850349 
20.174302294572954 
20.174302291044569 
20.174302287711271 
20.174302292525226 
20.174302288829949 
20.174302279034237 
20.174302281748623 
20.174302278073355 
20.174302276393064 
20.174302269689633 
20.174302275429909 
20.174302285661270 
20.174302286059628 
20.174302276906019 
20.174302280720440 
20.174302273741432 
20.174302282307963 
20.174302286185593 
20.174302281352539 
20.174302287501632 
20.174302282997814 
20.174302282914141 
20.174302286255170 
20.174302278221148 
20.174302279413041 
20.174302284902296 
20.174302287088267 
20.174302295579764 
20.174302300628824 
20.174302298267321 
20.174302297945360 
20.174302301826174 
20.174302304309094 
20.174302304506455 
20.174302303039894 
20.174302304586035 
20.174302304784760 
20.174302299671581 
20.174302299346436 
20.174302305912533 
20.174302305895253 
20.174302311591418 
20.174302310098938 
20.174302311061183 
20.174302310222629 
20.174302309747418 
20.174302308642837 
20.174302306443224 
20.174302309324503 
20.174302307046673 
20.174302304215871 
20.174302302013530 
20.174302297346912 
20.174302306379104 
20.174302306553727 
20.174302303920740 
20.174302298810289 
20.174302303586501 
20.174302302905744 
20.174302305556466 
20.174302311308111 
20.174302313031149 
20.174302308636470 
20.174302309492305 
20.174302313990211 
20.174302313030239 
20.174302316219837 
20.174302320056540 
20.174302319436720 
20.174302319322123 
20.174302323750453 
20.174302326348879 
20.174302323239317 
20.174302326385714 
20.174302323047414 
20.174302322088352 
20.174302326194720 
20.174302325826375 
20.174302330417049 
20.174302328406156 
20.174302334532968 
20.174302336180972 
20.174302347066259 
20.174302345255455 
20.174302346151308 
20.174302350588277 
20.174302352146242 
20.174302354090287 
20.174302354096653 
20.174302353043004 
20.174302358085697 
20.174302346988497 
20.174302344935768 
20.174302349554637 
20.174302347120374 
20.174302351980714 
20.174302358445857 
20.174302364092910 
20.174302359330795 
20.174302359591366 
20.174302368243389 
20.174302361137961 
20.174302366470329 
20.174302375935440 
20.174302376447486 
20.174302383613394 
20.174302370433907 
20.174302368518056 
20.174302368887766 
20.174302364577215 
20.174302361615446 
20.174302360287129 
20.174302358713703 
20.174302361399441 
20.174302368980079 
20.174302371005069 
20.174302375547995 
20.174302377992717 
20.174302375954085 
20.174302380724839 
20.174302384310067 
20.174302387243188 
20.174302384002658 
20.174302387301395 
20.174302386752061 
20.174302384942166 
20.174302377755794 
20.174302377934509 
20.174302371159683 
20.174302376939522 
20.174302371895919 
20.174302364354844 
20.174302363759125 
20.174302361665923 
20.174302356375847 
20.174302358863315 
20.174302365716358 
20.174302375268326 
20.174302375575280 
20.174302379615710 
20.174302373360661 
20.174302372140573 
20.174302373143291 
20.174302373075534 
20.174302371306112 
20.174302375452044 
20.174302377438380 
20.174302388702927 
20.174302393830203 
20.174302394409096 
20.174302399469980 
20.174302400916986 
20.174302393825201 
20.174302394470033 
20.174302394953429 
20.174302395605082 
20.174302394485949 
20.174302398879718 
20.174302390897537 
20.174302388158139 
20.174302391674246 
20.174302387922580 
20.174302388791148 
20.174302384983548 
20.174302383597478 
20.174302376753076 
20.174302374765830 
20.174302376555715 
20.174302381979942 
20.174302386340969 
20.174302387822081 
20.174302391703804 
20.174302398962027 
20.174302407493542 
20.174302408987842 
20.174302406995594 
20.174302408187032 
20.174302411154713 
20.174302410893233 
20.174302400408578 
20.174302395707855 
20.174302400132547 
20.174302399646876 
20.174302400815577 
20.174302399783755 
20.174302403298952 
20.174302397484098 
20.174302403059301 
20.174302393953440 
20.174302395534596 
20.174302393972994 
20.174302397462270 
20.174302402380818 
20.174302402450849 
20.174302401015666 
20.174302402705052 
20.174302398640066 
20.174302398689179 
20.174302402478588 
20.174302401134355 
20.174302392595564 
20.174302383093163 
20.174302378681205 
20.174302382412861 
20.174302383557915 
20.174302382322821 
20.174302376921332 
20.174302385235933 
20.174302385653391 
20.174302382059977 
20.174302388085380 
20.174302378355151 
20.174302382132282 
20.174302391081255 
20.174302391467336 
20.174302398631426 
20.174302397254905 
20.174302396299936 
20.174302393663766 
20.174302386537875 
20.174302387604257 
20.174302389237255 
20.174302387511943 
20.174302386736144 
20.174302390350931 
20.174302387730222 
20.174302385371902 
20.174302384873045 
20.174302383809390 
20.174302395656014 
20.174302408000585 
20.174302419578453 
20.174302424334201 
20.174302424117741 
20.174302418481147 
20.174302421743050 
20.174302419904961 
20.174302423694371 
20.174302426454233 
20.174302429540148 
20.174302420399727 
20.174302419067772 
20.174302416155570 
20.174302416058708 
20.174302419782180 
20.174302424158668 
20.174302428527881 
20.174302425345559 
20.174302418753996 
20.174302411951430 
20.174302410783184 
20.174302404464015 
20.174302413558962 
20.174302411200642 
20.174302407971936 
20.174302408200674 
20.174302405723211 
20.174302410561268 
20.174302418435673 
20.174302416508908 
20.174302415272905 
20.174302410470318 
20.174302415855891 
20.174302421881293 
20.174302418714433 
20.174302420567074 
20.174302424436974 
20.174302434756100 
20.174302430638363 
20.174302436352718 
20.174302431826618 
20.174302424766665 
20.174302426544727 
20.174302425998121 
20.174302437005736 
20.174302431286378 
20.174302427781186 
20.174302428081319 
20.174302426311897 
20.174302425057249 
20.174302426139548 
20.174302429512863 
20.174302437731967 
20.174302439765597 
20.174302442840599 
20.174302439307667 
20.174302432119021 
20.174302434562378 
20.174302429171348 
20.174302435408663 
20.174302429024010 
20.174302425579299 
20.174302425936276 
20.174302430138141 
20.174302421236916 
20.174302424317830 
20.174302422363780 
20.174302413292935 
20.174302418735351 
20.174302419837204 
20.174302431979413 
20.174302428804822 
20.174302429411455 
20.174302425664337 
20.174302426988561 
20.174302427725252 
20.174302432134482 
20.174302431556953 
20.174302426372378 
20.174302422617075 
20.174302424808502 
20.174302424783946 
20.174302417303807 
20.174302418092338 
20.174302429885756 
20.174302431743399 
20.174302427832572 
20.174302423410609 
20.174302418466596 
20.174302421616630 
20.174302425881706 
20.174302423025438 
20.174302419005926 
20.174302418068692 
20.174302421875836 
20.174302421342873 
20.174302424628422 
20.174302419803553 
20.174302418156003 
20.174302422001347 
20.174302421480206 
20.174302424716643 
20.174302424474718 
20.174302419493870 
20.174302423438348 
20.174302420410640 
20.174302419032756 
20.174302422728033 
20.174302429494674 
20.174302425260066 
20.174302424432426 
20.174302427162729 
20.174302425765745 
20.174302434181755 
20.174302435078062 
20.174302440634165 
20.174302445012017 
20.174302446449474 
20.174302439103940 
20.174302432766126 
20.174302428238661 
20.174302429309591 
20.174302432889363 
20.174302438743780 
20.174302436579637 
20.174302439453186 
20.174302444935165 
20.174302445615467 
20.174302453861856 
20.174302451559925 
20.174302443644592 
20.174302452001939 
20.174302452228403 
20.174302444374462 
20.174302447819628 
20.174302447923310 
20.174302446012916 
20.174302450643609 
20.174302457211979 
20.174302453380278 
20.174302459591217 
20.174302458739930 
20.174302459008686 
20.174302453648124 
20.174302455624002 
20.174302459393402 
20.174302460244689 
20.174302459616229 
20.174302452394841 
20.174302456499845 
20.174302453263863 
20.174302458507100 
20.174302459212868 
20.174302458800412 
20.174302457188332 
20.174302464354696 
20.174302462256037 
20.174302451587664 
20.174302447091577 
20.174302457331123 
20.174302457383419 
20.174302458171496 
20.174302461035495 
20.174302463271943 
20.174302463267395 
20.174302457607155 
20.174302454888220 
20.174302461530715 
20.174302459828596 
20.174302464025004 
20.174302466779864 
20.174302470912153 
20.174302469002669 
20.174302463957702 
20.174302471225928 
20.174302476138564 
20.174302480356346 
20.174302477691526 
20.174302471903502 
20.174302467739835 
20.174302478059872 
20.174302475276363 
20.174302476156754 
20.174302481881114 
20.174302493202049 
20.174302491715480 
20.174302488033845 
20.174302486301713 
20.174302486959732 
20.174302485774660 
20.174302487236673 
20.174302478339996 
20.174302475126751 
20.174302475598324 
20.174302478343634 
20.174302479610560 
20.174302481098493 
20.174302484912005 
20.174302484170767 
20.174302478529626 
20.174302480267215 
20.174302472903037 
20.174302478257232 
20.174302476793400 
20.174302477664241 
20.174302470571092 
20.174302473651551 
20.174302471486499 
20.174302475264540 
20.174302474365049 
20.174302461318803 
20.174302461342450 
20.174302464686662 
20.174302469628401 
20.174302473836633 
20.174302467217785 
20.174302462564810 
20.174302471867577 
20.174302478602840 
20.174302470536986 
20.174302469300528 
20.174302468667520 
20.174302472627460 
20.174302475153127 
20.174302484488180 
20.174302483170777 
20.174302489871934 
20.174302494910989 
20.174302497210647 
20.174302497841381 
20.174302491075196 
20.174302487128898 
20.174302483489100 
20.174302483819247 
20.174302483942938 
20.174302482518669 
20.174302484152122 
20.174302491880098 
20.174302498352063 
20.174302493119740 
20.174302491110666 
20.174302483101201 
20.174302491511753 
20.174302488645935 
20.174302489608635 
20.174302494879612 
20.174302501969578 
20.174302500387967 
20.174302502499813 
20.174302501989587 
20.174302493443975 
20.174302491301205 
20.174302479683774 
20.174302486391753 
