25.303664911067454 
25.303664911213389 
25.303664911175449 
25.303664911244361 
25.303664911235991 
25.303664911267774 
25.303664911258135 
25.303664911279910 
25.303664911294902 
25.303664911307465 
25.303664911300835 
25.303664911263194 
25.303664911287751 
25.303664911281576 
25.303664911337805 
25.303664911346907 
25.303664911343276 
25.303664911331786 
25.303664911349980 
25.303664911319213 
25.303664911290983 
25.303664911298583 
25.303664911319899 
25.303664911315515 
25.303664911284059 
25.303664911269113 
25.303664911272357 
25.303664911270623 
25.303664911279810 
25.303664911279292 
25.303664911255744 
25.303664911234627 
25.303664911215339 
25.303664911204919 
25.303664911205892 
25.303664911193465 
25.303664911174067 
25.303664911177833 
25.303664911169989 
25.303664911196073 
25.303664911161704 
25.303664911147305 
25.303664911145113 
25.303664911154954 
25.303664911119668 
25.303664911110943 
25.303664911093300 
25.303664911032726 
25.303664911012341 
25.303664911011087 
25.303664910971055 
25.303664910972525 
25.303664910950566 
25.303664910927676 
25.303664910943155 
25.303664910932433 
25.303664910928163 
25.303664910934586 
25.303664910950651 
25.303664910950481 
25.303664910929950 
25.303664910917902 
25.303664910919135 
25.303664910918116 
25.303664910918442 
25.303664910910701 
25.303664910892401 
25.303664910890980 
25.303664910901091 
25.303664910894899 
25.303664910888351 
25.303664910883313 
25.303664910859666 
25.303664910863162 
25.303664910859936 
25.303664910866331 
25.303664910873810 
25.303664910874552 
25.303664910877941 
25.303664910856270 
25.303664910864875 
25.303664910854092 
25.303664910826789 
25.303664910826193 
25.303664910810372 
25.303664910790943 
25.303664910787347 
25.303664910773549 
25.303664910801729 
25.303664910797806 
25.303664910797416 
25.303664910776376 
25.303664910762954 
25.303664910767086 
25.303664910768465 
25.303664910757171 
25.303664910773726 
25.303664910801814 
25.303664910807846 
25.303664910789067 
25.303664910773861 
25.303664910786946 
25.303664910793401 
25.303664910798606 
25.303664910799835 
25.303664910809225 
25.303664910781819 
25.303664910786850 
25.303664910787553 
25.303664910789969 
25.303664910822153 
25.303664910811918 
25.303664910794208 
25.303664910777503 
25.303664910774124 
25.303664910782750 
25.303664910800208 
25.303664910767772 
25.303664910759156 
25.303664910759245 
25.303664910762436 
25.303664910765505 
25.303664910755870 
25.303664910734980 
25.303664910715025 
25.303664910727854 
25.303664910724372 
25.303664910733850 
25.303664910724805 
25.303664910718574 
25.303664910723082 
25.303664910716719 
25.303664910703990 
25.303664910710232 
25.303664910723125 
25.303664910745994 
25.303664910772959 
25.303664910771129 
25.303664910777087 
25.303664910783422 
25.303664910767463 
25.303664910781070 
25.303664910787560 
25.303664910778668 
25.303664910751294 
25.303664910755703 
25.303664910778743 
25.303664910799966 
25.303664910780284 
25.303664910768468 
25.303664910777346 
25.303664910768919 
25.303664910770017 
25.303664910770717 
25.303664910756076 
25.303664910733950 
25.303664910744441 
25.303664910762116 
25.303664910771776 
25.303664910743127 
25.303664910737393 
25.303664910733467 
25.303664910725828 
25.303664910764173 
25.303664910763860 
25.303664910776533 
25.303664910753000 
25.303664910754016 
25.303664910751543 
25.303664910741503 
25.303664910764674 
25.303664910776966 
25.303664910778792 
25.303664910763779 
25.303664910729523 
25.303664910690252 
25.303664910681452 
25.303664910683764 
25.303664910706395 
25.303664910690998 
25.303664910718396 
25.303664910703567 
25.303664910703052 
25.303664910696845 
25.303664910664011 
25.303664910655439 
25.303664910669703 
25.303664910653275 
25.303664910628058 
25.303664910641039 
25.303664910637199 
25.303664910646180 
25.303664910664313 
25.303664910606212 
25.303664910594925 
25.303664910628100 
25.303664910648351 
25.303664910665624 
25.303664910651314 
25.303664910672616 
25.303664910636989 
25.303664910624651 
25.303664910626196 
25.303664910674605 
25.303664910620878 
25.303664910590484 
25.303664910574341 
25.303664910562940 
25.303664910605363 
25.303664910604063 
25.303664910573602 
25.303664910590101 
25.303664910630921 
25.303664910607161 
25.303664910610635 
25.303664910654994 
25.303664910643750 
25.303664910605264 
25.303664910593692 
25.303664910601931 
25.303664910560993 
25.303664910629024 
25.303664910633163 
25.303664910613598 
25.303664910600595 
25.303664910629003 
25.303664910594065 
25.303664910589070 
25.303664910610195 
25.303664910580395 
25.303664910592126 
25.303664910667713 
25.303664910639434 
25.303664910623670 
25.303664910613975 
25.303664910572369 
25.303664910581432 
25.303664910512275 
25.303664910504491 
25.303664910507365 
25.303664910526049 
25.303664910540746 
25.303664910480613 
25.303664910508985 
25.303664910503169 
25.303664910481224 
25.303664910443231 
25.303664910439142 
25.303664910451062 
25.303664910446528 
25.303664910459833 
25.303664910429582 
25.303664910475433 
25.303664910466139 
25.303664910465336 
25.303664910482553 
25.303664910480315 
25.303664910474438 
25.303664910431994 
25.303664910421624 
25.303664910433234 
25.303664910506434 
25.303664910565601 
25.303664910510953 
25.303664910484784 
25.303664910497400 
25.303664910486511 
25.303664910497453 
25.303664910538416 
25.303664910550523 
25.303664910519245 
25.303664910467525 
25.303664910495542 
25.303664910500522 
25.303664910527402 
25.303664910531339 
25.303664910558574 
25.303664910587422 
25.303664910542679 
25.303664910501737 
25.303664910569793 
25.303664910548122 
25.303664910546750 
25.303664910519529 
25.303664910549038 
25.303664910587067 
25.303664910628477 
25.303664910618664 
25.303664910656096 
25.303664910666832 
25.303664910671202 
25.303664910708456 
25.303664910755522 
25.303664910749397 
25.303664910783425 
25.303664910709543 
25.303664910676051 
25.303664910726596 
25.303664910686258 
25.303664910700839 
25.303664910705919 
25.303664910675487 
25.303664910658050 
25.303664910617876 
25.303664910695641 
25.303664910759153 
25.303664910746562 
25.303664910739514 
25.303664910696845 
25.303664910606088 
25.303664910610646 
25.303664910672232 
25.303664910780672 
25.303664910831216 
25.303664910864526 
25.303664910904025 
25.303664911025358 
25.303664911091296 
25.303664911080819 
25.303664911055275 
25.303664911082151 
25.303664911128891 
25.303664911126582 
25.303664911090987 
25.303664911120954 
25.303664911091712 
25.303664911102537 
25.303664911129044 
25.303664911202002 
25.303664911145962 
25.303664911045651 
25.303664911025688 
25.303664910955682 
25.303664910995010 
25.303664911030118 
25.303664911052898 
25.303664911100590 
25.303664911131765 
25.303664911215158 
25.303664911257489 
25.303664911284258 
25.303664911293879 
25.303664911339286 
25.303664911353017 
25.303664911401476 
25.303664911477927 
25.303664911551429 
25.303664911420064 
25.303664911438364 
25.303664911443434 
25.303664911479689 
25.303664911500022 
25.303664911548601 
25.303664911469763 
25.303664911425319 
25.303664911467727 
25.303664911486521 
25.303664911567868 
25.303664911650721 
25.303664911566557 
25.303664911556254 
25.303664911461581 
25.303664911490312 
25.303664911523384 
25.303664911642635 
25.303664911626527 
25.303664911652852 
25.303664911630712 
25.303664911676186 
25.303664911556197 
25.303664911595654 
25.303664911511369 
25.303664911559977 
25.303664911673003 
25.303664911816078 
25.303664911755014 
25.303664911757750 
25.303664911842631 
25.303664911752342 
25.303664911790417 
25.303664911819819 
25.303664911866910 
25.303664911938679 
25.303664911869504 
25.303664911876393 
25.303664911978721 
25.303664912000443 
25.303664911939137 
25.303664911967296 
25.303664912084798 
25.303664912189365 
25.303664912143638 
25.303664912237782 
25.303664912207431 
25.303664912197220 
25.303664912223162 
25.303664912215616 
25.303664912369126 
25.303664912384072 
25.303664912454931 
25.303664912455520 
25.303664912404997 
25.303664912395682 
25.303664912487800 
25.303664912448976 
25.303664912377798 
25.303664912262370 
25.303664912369559 
25.303664912384647 
25.303664912379045 
25.303664912377528 
25.303664912519139 
25.303664912679718 
25.303664912731325 
25.303664912824338 
25.303664912763729 
25.303664912613204 
25.303664912702271 
25.303664912682194 
25.303664912685491 
25.303664912653964 
25.303664912605871 
25.303664912559423 
25.303664912642034 
25.303664912784580 
25.303664912683523 
25.303664912880727 
25.303664912854913 
25.303664912750733 
25.303664912879984 
25.303664912831337 
25.303664912859762 
25.303664912948776 
25.303664912844905 
25.303664912946747 
25.303664913111433 
25.303664912969921 
25.303664912986111 
25.303664913014181 
25.303664913079494 
25.303664913053829 
25.303664913158485 
25.303664913275163 
25.303664913409122 
25.303664913595881 
25.303664913565996 
25.303664913443200 
25.303664913427212 
25.303664913576419 
25.303664913797824 
25.303664913922464 
25.303664913881736 
25.303664914008081 
25.303664913914947 
25.303664913929570 
25.303664913929317 
25.303664913953199 
25.303664914259347 
25.303664914245537 
25.303664914376249 
25.303664914430399 
25.303664914361725 
25.303664914698093 
25.303664914559668 
25.303664914596904 
25.303664914252508 
25.303664914341510 
25.303664914294039 
25.303664914349760 
25.303664914453670 
25.303664914453826 
25.303664914229650 
25.303664914039835 
25.303664914168067 
25.303664914389849 
25.303664914461134 
25.303664914402532 
25.303664914429337 
25.303664914351412 
25.303664914472535 
25.303664914529968 
25.303664914466459 
25.303664914523701 
25.303664914501738 
25.303664914413531 
25.303664914532078 
25.303664914767005 
25.303664914859780 
25.303664915074393 
25.303664915277963 
25.303664915217183 
25.303664915097642 
25.303664915108179 
25.303664915268172 
25.303664915141859 
25.303664915124941 
25.303664915243658 
25.303664915215634 
25.303664915429117 
25.303664915520457 
25.303664915628232 
25.303664915733208 
25.303664915729527 
25.303664915770050 
25.303664915842660 
25.303664916001374 
25.303664916153537 
25.303664916211176 
25.303664916565481 
25.303664916868826 
25.303664917013705 
25.303664917045879 
25.303664916866950 
25.303664916983301 
25.303664917083033 
25.303664916873672 
25.303664916948804 
25.303664916815379 
25.303664916817453 
25.303664916626836 
25.303664916853357 
25.303664916995309 
25.303664916888849 
25.303664916804621 
25.303664916948335 
25.303664916793252 
25.303664916744154 
25.303664916450394 
25.303664916615702 
25.303664916685833 
25.303664916750201 
25.303664916796833 
25.303664916890966 
25.303664916932405 
25.303664917188719 
25.303664917275391 
25.303664917658161 
25.303664917698043 
25.303664917695144 
25.303664917792901 
25.303664917748563 
25.303664918038336 
25.303664918305643 
25.303664918465884 
25.303664918659749 
25.303664918603467 
25.303664918598415 
25.303664918758500 
25.303664918954851 
25.303664919155544 
25.303664919370696 
25.303664919282156 
25.303664919349934 
25.303664919397079 
25.303664919422935 
25.303664919415141 
25.303664919315565 
25.303664919266332 
25.303664919194532 
25.303664919474983 
25.303664919663191 
25.303664919872752 
25.303664919790336 
25.303664919622634 
25.303664919351910 
25.303664919566700 
25.303664919763349 
25.303664919984278 
25.303664920003406 
25.303664920063405 
25.303664920041477 
25.303664920218026 
25.303664920133166 
25.303664920092224 
25.303664920062815 
25.303664920047254 
25.303664920095883 
25.303664920264154 
25.303664920530451 
25.303664920469316 
25.303664920602756 
25.303664920756368 
25.303664920578001 
25.303664920783774 
25.303664921297141 
25.303664921536139 
25.303664921908364 
25.303664922034812 
25.303664922066758 
25.303664922167634 
25.303664922249894 
25.303664922231150 
25.303664922065735 
25.303664921974196 
25.303664922338783 
25.303664922502051 
25.303664922524334 
25.303664922400166 
25.303664922592503 
25.303664922544208 
25.303664922393736 
25.303664922247968 
25.303664922206359 
25.303664922118251 
25.303664922210231 
25.303664922241495 
25.303664922489830 
25.303664922539141 
25.303664922545288 
25.303664922531276 
25.303664922669363 
25.303664923045986 
25.303664923203087 
25.303664922949892 
25.303664923087453 
25.303664922852171 
25.303664922925684 
25.303664922945792 
25.303664923271000 
25.303664923068588 
25.303664923275434 
25.303664923302023 
25.303664923459422 
25.303664923434923 
25.303664923370803 
25.303664923426737 
25.303664923183817 
25.303664923246693 
25.303664923336925 
25.303664923442568 
25.303664923466165 
25.303664923626272 
25.303664923608366 
25.303664923616623 
25.303664923895937 
25.303664923634472 
25.303664923868809 
25.303664924152720 
25.303664924442757 
25.303664924523275 
25.303664924194450 
25.303664924199175 
25.303664923889954 
25.303664924129180 
25.303664924267117 
25.303664924175408 
25.303664924233573 
25.303664924374900 
25.303664924591359 
25.303664924672553 
25.303664924593093 
25.303664924400138 
25.303664924459085 
25.303664924369258 
25.303664924444277 
25.303664924548812 
25.303664924355949 
25.303664924326760 
25.303664924597570 
25.303664924438621 
25.303664924830663 
25.303664924527361 
25.303664924415884 
25.303664924247222 
25.303664924182769 
25.303664924116461 
25.303664923782392 
25.303664923776438 
25.303664923548766 
25.303664923627686 
25.303664923530917 
25.303664923332825 
25.303664923025579 
25.303664922949977 
25.303664923333329 
25.303664923553917 
25.303664923402309 
25.303664923119101 
25.303664923085783 
25.303664922998422 
25.303664923127748 
25.303664923103462 
25.303664923140133 
25.303664923338971 
25.303664923011041 
25.303664922964707 
25.303664922584858 
25.303664922362458 
25.303664922514187 
25.303664922434329 
25.303664922413077 
25.303664922755495 
25.303664922696385 
25.303664922723385 
25.303664922926693 
25.303664923097180 
25.303664923153853 
25.303664922914081 
25.303664922912724 
25.303664922529222 
25.303664922692434 
25.303664922604071 
25.303664922482767 
25.303664922680127 
25.303664922791938 
25.303664922819422 
25.303664922879122 
25.303664922775681 
25.303664922630560 
25.303664922714304 
25.303664922754251 
25.303664922625089 
25.303664922237431 
25.303664922093787 
25.303664922605535 
25.303664922499621 
25.303664922581930 
25.303664922350166 
25.303664922040767 
25.303664922041179 
25.303664921869867 
25.303664921822460 
25.303664921902296 
25.303664921758752 
25.303664921638443 
25.303664921397768 
25.303664921103888 
25.303664921218612 
25.303664921170054 
25.303664921237356 
25.303664921100264 
25.303664921096143 
25.303664920826677 
25.303664921172256 
25.303664921435384 
25.303664921520706 
25.303664921259468 
25.303664920933102 
25.303664921301731 
25.303664921441197 
25.303664921312517 
25.303664920980125 
25.303664920779028 
25.303664920590535 
25.303664920600212 
25.303664920282941 
25.303664920312045 
25.303664920543994 
25.303664920601705 
25.303664920528263 
25.303664920223000 
25.303664920480117 
25.303664920436660 
25.303664920337411 
25.303664920570100 
25.303664920819600 
25.303664920537742 
25.303664920157942 
25.303664920208888 
25.303664920177539 
25.303664920331059 
25.303664920394198 
25.303664920295418 
25.303664920583572 
25.303664920516525 
25.303664920637900 
25.303664920633835 
25.303664920422463 
25.303664920242554 
25.303664919877491 
25.303664919660449 
25.303664919427803 
25.303664919461198 
25.303664919429536 
25.303664919291407 
25.303664919445637 
25.303664919682760 
25.303664919556070 
25.303664920023209 
25.303664919760564 
25.303664919640951 
25.303664919763776 
25.303664919752890 
25.303664919488142 
25.303664919360017 
25.303664918925335 
25.303664918696469 
25.303664919054924 
25.303664918726909 
25.303664919059969 
25.303664919354773 
25.303664918898789 
25.303664918672283 
25.303664918727463 
25.303664918782403 
25.303664918637878 
25.303664918571997 
25.303664918494604 
25.303664918392272 
25.303664917716617 
25.303664917988911 
25.303664917944445 
25.303664917900875 
25.303664918096402 
25.303664917858526 
25.303664917922731 
25.303664918212448 
25.303664918347792 
25.303664918259926 
25.303664918033149 
25.303664918033405 
25.303664917992450 
25.303664918137670 
25.303664917946392 
25.303664917973478 
25.303664917832535 
25.303664918050004 
25.303664918272702 
25.303664918392982 
25.303664918502605 
25.303664918690600 
25.303664918610693 
25.303664918189924 
25.303664917786620 
25.303664917290305 
25.303664917163559 
25.303664917046603 
25.303664916833185 
25.303664916686770 
25.303664916294963 
25.303664916340637 
25.303664916351366 
25.303664916554411 
25.303664916398944 
25.303664916266570 
25.303664915848771 
25.303664915577954 
25.303664915589763 
25.303664915205616 
25.303664915559438 
25.303664915442752 
25.303664915117636 
25.303664915231934 
25.303664915336583 
25.303664915456579 
25.303664915351433 
25.303664915157995 
25.303664915388595 
25.303664915599313 
25.303664915317071 
25.303664915030595 
25.303664914928632 
25.303664914661070 
25.303664914836233 
25.303664915281985 
25.303664915450781 
25.303664915332476 
25.303664915684877 
25.303664915832584 
25.303664915883687 
25.303664915985877 
25.303664915953433 
25.303664915435860 
25.303664915237562 
25.303664915058192 
25.303664914954950 
25.303664914498952 
25.303664914554787 
25.303664914141748 
25.303664913946079 
25.303664914155206 
25.303664913960503 
25.303664913692614 
25.303664913292948 
25.303664912845747 
25.303664912698096 
25.303664912281150 
25.303664911935854 
25.303664911743454 
25.303664912184715 
25.303664912351181 
25.303664912199920 
25.303664912321892 
25.303664912752168 
25.303664912582860 
25.303664912814639 
25.303664912954957 
25.303664913339247 
25.303664913396375 
25.303664912933755 
25.303664913011545 
25.303664912718560 
25.303664912863837 
25.303664913081434 
25.303664912925527 
25.303664913216522 
25.303664912996240 
25.303664913252362 
25.303664913548502 
25.303664913731339 
25.303664913604663 
25.303664913292437 
25.303664913411396 
25.303664912966269 
25.303664912304356 
25.303664912314929 
25.303664911902445 
25.303664912302153 
25.303664912057002 
25.303664911956005 
25.303664911562421 
25.303664911657592 
25.303664911592833 
25.303664911740945 
25.303664911854099 
25.303664911856060 
25.303664911621070 
25.303664911156488 
25.303664910944065 
25.303664910571790 
25.303664910609783 
25.303664910906278 
25.303664910328131 
25.303664910193667 
25.303664909868544 
25.303664909366120 
25.303664909041842 
25.303664908945997 
25.303664909320972 
25.303664909093243 
25.303664908746271 
25.303664908727853 
25.303664908864114 
25.303664908493332 
25.303664908530550 
25.303664908477991 
25.303664908578249 
25.303664908546175 
25.303664908663308 
25.303664908479227 
25.303664908888372 
25.303664908437028 
25.303664908251221 
25.303664907869866 
25.303664907879252 
25.303664907566663 
25.303664907595923 
25.303664907209487 
25.303664906956001 
25.303664906768951 
25.303664906309983 
25.303664906197895 
25.303664906268111 
25.303664906277547 
25.303664905839675 
25.303664905365309 
25.303664905504121 
25.303664905646983 
25.303664905223066 
25.303664905266416 
25.303664905126169 
25.303664905252013 
25.303664905070100 
25.303664905125160 
25.303664904970198 
25.303664905064139 
25.303664904864561 
25.303664904400534 
25.303664904560435 
25.303664904034044 
25.303664903834743 
25.303664903419936 
25.303664903446624 
25.303664903645114 
25.303664903699442 
25.303664903224515 
25.303664902926720 
25.303664902954083 
25.303664903218404 
25.303664903162819 
25.303664902611331 
25.303664902724691 
25.303664902720598 
25.303664902447991 
25.303664902205014 
25.303664901976994 
25.303664901813406 
25.303664901537402 
25.303664901157035 
25.303664900902888 
25.303664900840644 
25.303664900614365 
25.303664900436004 
25.303664899758971 
25.303664899676605 
25.303664899295484 
25.303664899008467 
25.303664898974247 
25.303664898821772 
25.303664898798090 
25.303664899307904 
25.303664899177228 
25.303664898918633 
25.303664899065581 
25.303664898638317 
25.303664898411029 
25.303664898174944 
25.303664898254318 
25.303664898449171 
25.303664898496834 
25.303664898125362 
25.303664897701587 
25.303664897755738 
25.303664897444342 
25.303664897279219 
25.303664897066341 
25.303664896292261 
25.303664896708696 
25.303664896482076 
25.303664895726428 
25.303664895458212 
25.303664895533274 
25.303664895264347 
25.303664895280249 
25.303664895031559 
25.303664894804058 
25.303664894843536 
25.303664894132794 
25.303664894282065 
25.303664894259654 
25.303664894176492 
25.303664894517951 
25.303664894140390 
25.303664894034341 
25.303664893871080 
25.303664894010204 
25.303664893923482 
25.303664893867861 
25.303664893625907 
25.303664893559855 
25.303664893445159 
25.303664893173831 
25.303664893023395 
25.303664892890993 
25.303664892865363 
25.303664892751044 
25.303664892079482 
25.303664891851994 
25.303664891673584 
25.303664891496396 
25.303664891034416 
25.303664891185619 
25.303664891104241 
25.303664890765887 
25.303664890814673 
25.303664890399233 
25.303664890715439 
25.303664890462258 
25.303664890482970 
25.303664890032699 
25.303664889921535 
25.303664889505484 
25.303664889844555 
25.303664889763141 
25.303664889596725 
25.303664889372705 
25.303664889544763 
25.303664889373479 
25.303664889301658 
25.303664889425562 
25.303664889176446 
25.303664889455248 
25.303664889362921 
25.303664889238206 
25.303664889546795 
25.303664889067008 
25.303664888927059 
25.303664889006548 
25.303664889084757 
25.303664888773490 
25.303664888262624 
25.303664888337771 
25.303664888162146 
25.303664888104464 
25.303664888392092 
25.303664888921986 
25.303664888902475 
25.303664888853106 
25.303664888622762 
25.303664888870543 
25.303664888863963 
25.303664888731305 
25.303664889105207 
25.303664889006583 
25.303664889079627 
25.303664888986596 
25.303664889108020 
25.303664889128740 
25.303664889578243 
25.303664889596845 
25.303664889171735 
25.303664889023850 
25.303664888906951 
25.303664888409280 
25.303664888080419 
25.303664888006665 
25.303664887709019 
25.303664887677186 
25.303664887567280 
25.303664886897977 
25.303664887246399 
25.303664886410118 
25.303664886326665 
25.303664886043514 
25.303664885678813 
25.303664885771887 
25.303664885352788 
25.303664885809319 
25.303664885961112 
25.303664886041439 
25.303664885968381 
25.303664885750436 
25.303664885936868 
25.303664885896843 
25.303664885566029 
25.303664885821370 
25.303664885510280 
25.303664885856819 
25.303664885019131 
25.303664885174648 
25.303664884883837 
25.303664884908216 
25.303664884643581 
25.303664884878188 
25.303664884685865 
25.303664884301568 
25.303664884443940 
25.303664884574744 
25.303664884696701 
25.303664884882217 
25.303664884279819 
25.303664883956280 
25.303664883445613 
25.303664883382062 
25.303664883144457 
25.303664882770526 
25.303664882665139 
25.303664882121147 
25.303664882491525 
25.303664882325656 
25.303664882086011 
25.303664881921641 
25.303664882150855 
25.303664882228446 
25.303664882122575 
25.303664882166501 
25.303664881758841 
25.303664882047627 
25.303664882102751 
25.303664882034269 
25.303664882085371 
25.303664882411951 
25.303664882387196 
25.303664882282753 
25.303664882605929 
25.303664882420001 
25.303664882099838 
25.303664882390876 
25.303664882511129 
25.303664882601986 
25.303664882052878 
25.303664881911864 
25.303664881457593 
25.303664881468364 
25.303664881647229 
25.303664881967222 
25.303664882438888 
25.303664881888572 
25.303664881578406 
25.303664881480209 
25.303664881358287 
25.303664880669373 
25.303664880701476 
25.303664880444025 
25.303664880244384 
25.303664879500495 
25.303664879398283 
25.303664879081545 
25.303664878864417 
25.303664878373858 
25.303664877914848 
25.303664878419596 
25.303664878374036 
25.303664878353082 
25.303664878392532 
25.303664878378356 
25.303664878426332 
25.303664878614292 
25.303664878356294 
25.303664878152041 
25.303664877989128 
25.303664877889659 
25.303664877621252 
25.303664877580417 
25.303664877366117 
25.303664877375766 
25.303664877205215 
25.303664877186158 
25.303664877014398 
25.303664876673160 
25.303664876561825 
25.303664876703245 
25.303664876836052 
25.303664877662179 
25.303664877834485 
25.303664877721630 
25.303664877868016 
25.303664877699312 
25.303664877798838 
25.303664877510620 
25.303664877969204 
25.303664877924682 
25.303664877998237 
25.303664878070535 
25.303664877688625 
25.303664878288487 
25.303664878064630 
25.303664877937564 
25.303664877255891 
25.303664877356063 
25.303664877060676 
25.303664877982278 
25.303664878263028 
25.303664878447115 
25.303664878226094 
25.303664878659035 
25.303664878885165 
25.303664878788233 
25.303664878898743 
25.303664879063831 
25.303664879368803 
25.303664879308506 
25.303664879535440 
25.303664879685776 
25.303664879261959 
25.303664879162163 
25.303664879237289 
25.303664878772537 
25.303664878644177 
25.303664878777795 
25.303664878421174 
25.303664878050647 
25.303664878101763 
25.303664877684440 
25.303664878005044 
25.303664877523829 
25.303664877350286 
25.303664877361179 
25.303664877506996 
25.303664877735457 
25.303664878107853 
25.303664877520369 
25.303664877425994 
25.303664877294047 
25.303664877399164 
25.303664877564572 
25.303664877798546 
25.303664877536683 
25.303664877175812 
25.303664877158688 
25.303664876816491 
25.303664876721029 
25.303664876532245 
25.303664876469675 
25.303664876478997 
25.303664876249229 
25.303664876020143 
25.303664875729979 
25.303664875405396 
25.303664875833526 
25.303664875359125 
25.303664875816210 
25.303664875649673 
25.303664875574064 
25.303664875802269 
25.303664875435125 
25.303664875188154 
25.303664875015230 
25.303664875197981 
25.303664875747700 
25.303664875944627 
25.303664875696661 
25.303664875491442 
25.303664875083435 
25.303664875230567 
25.303664875600241 
25.303664875283438 
25.303664874886394 
25.303664874847478 
25.303664875003463 
25.303664875261212 
25.303664875111117 
25.303664875035508 
25.303664875210394 
25.303664875369179 
25.303664875567904 
25.303664875406476 
25.303664874917480 
25.303664874993189 
25.303664874731766 
25.303664874739205 
25.303664875314929 
25.303664875434826 
25.303664875540349 
25.303664875761179 
25.303664876262289 
25.303664875956798 
25.303664875646213 
25.303664875737176 
25.303664875251897 
25.303664875294771 
25.303664874925666 
25.303664874889940 
25.303664874814331 
25.303664875177496 
25.303664875439885 
25.303664874994858 
25.303664874909302 
25.303664874731901 
25.303664874546413 
25.303664873877075 
25.303664873574157 
25.303664873250554 
25.303664873295276 
25.303664873448241 
25.303664873397111 
25.303664873618928 
25.303664873784150 
25.303664873871710 
25.303664873959917 
25.303664873578789 
25.303664873886689 
25.303664874028875 
25.303664874268804 
25.303664874511718 
25.303664874492213 
25.303664874656626 
25.303664874527158 
25.303664874393299 
25.303664873958375 
25.303664874028314 
25.303664874460807 
25.303664874632872 
25.303664874497528 
25.303664874483935 
25.303664874454917 
25.303664874668662 
25.303664874852579 
25.303664874866605 
25.303664874454192 
25.303664874641179 
25.303664874532650 
25.303664874871920 
25.303664874998717 
25.303664874483914 
25.303664874634428 
25.303664874676784 
25.303664875041328 
25.303664875031899 
25.303664874809328 
25.303664875304150 
25.303664875620974 
25.303664875710261 
25.303664875358372 
25.303664874746374 
25.303664874850540 
25.303664874182871 
25.303664874013187 
25.303664874034084 
25.303664874013769 
25.303664873932647 
25.303664873975535 
25.303664874180498 
25.303664873748971 
25.303664873467739 
25.303664873296391 
25.303664872660242 
25.303664872781809 
25.303664872767357 
25.303664872739347 
25.303664872441850 
25.303664872466818 
25.303664872456977 
25.303664872691776 
25.303664872994943 
25.303664873179159 
25.303664873300654 
25.303664873281889 
25.303664873480443 
25.303664873149891 
25.303664872738864 
25.303664872627259 
25.303664872594894 
25.303664872990332 
25.303664872840613 
25.303664872699329 
25.303664872458093 
25.303664872647495 
25.303664872592407 
25.303664872498324 
25.303664872468858 
25.303664872302235 
25.303664872729968 
25.303664872893613 
25.303664872556226 
25.303664872356940 
25.303664872212934 
25.303664872788644 
25.303664872680407 
25.303664872361203 
25.303664872203271 
25.303664872116052 
25.303664871981852 
25.303664871832034 
25.303664871552293 
25.303664871664118 
25.303664871311931 
25.303664870766291 
25.303664870407026 
25.303664870396425 
25.303664870629959 
25.303664870596769 
25.303664870537247 
25.303664870266090 
25.303664869839096 
25.303664870197373 
25.303664870501279 
25.303664870512762 
25.303664870589387 
25.303664870384431 
25.303664870426623 
25.303664870562315 
25.303664870307202 
25.303664870113344 
25.303664869977631 
25.303664870073867 
25.303664870275000 
25.303664870518304 
25.303664870012206 
25.303664870086855 
25.303664870181301 
25.303664870079714 
25.303664870166621 
25.303664870237910 
25.303664870357458 
25.303664870491524 
25.303664870881242 
25.303664871418697 
25.303664871507657 
25.303664872093073 
25.303664872001157 
25.303664872215549 
25.303664872615741 
25.303664872784047 
25.303664872592329 
25.303664872491410 
25.303664872559523 
25.303664872606419 
25.303664872589394 
25.303664872427355 
25.303664872141667 
25.303664872486280 
25.303664872523569 
25.303664872364109 
25.303664872224758 
25.303664871968259 
25.303664871798738 
25.303664871878844 
25.303664872267817 
25.303664872532472 
25.303664872437544 
25.303664872606909 
25.303664872558471 
25.303664872506268 
25.303664872204102 
25.303664871745298 
25.303664871207111 
25.303664871558134 
25.303664871730888 
25.303664872156837 
25.303664871964259 
25.303664872344200 
25.303664872325704 
25.303664872040663 
25.303664872164134 
25.303664872453233 
25.303664872092803 
25.303664872022253 
25.303664872121544 
25.303664871635981 
25.303664871629330 
25.303664871371637 
25.303664871576927 
25.303664871694700 
25.303664872082635 
25.303664872151273 
25.303664871941557 
25.303664871954659 
25.303664871927111 
25.303664872140153 
25.303664871938267 
25.303664872086443 
25.303664871660054 
25.303664871224804 
25.303664871016736 
25.303664871226879 
25.303664871625081 
25.303664872006024 
25.303664872020022 
25.303664871723427 
25.303664871463326 
25.303664871153430 
25.303664871256508 
25.303664871174377 
25.303664870464182 
25.303664869998386 
25.303664869934281 
25.303664869648877 
25.303664869592488 
25.303664869658377 
25.303664869237586 
25.303664868815886 
25.303664868714286 
25.303664868503454 
25.303664868130845 
25.303664868357259 
25.303664868213041 
25.303664868247154 
25.303664868228623 
25.303664868245704 
25.303664868107184 
25.303664868580739 
25.303664868270296 
25.303664868029095 
25.303664868374192 
25.303664868324589 
25.303664868659069 
25.303664868477576 
25.303664868885349 
25.303664869045626 
25.303664868933836 
25.303664869045811 
25.303664869203246 
25.303664868837267 
25.303664868625184 
25.303664868807523 
25.303664869084294 
25.303664868683349 
25.303664868852060 
25.303664868998005 
25.303664868906942 
25.303664869111579 
25.303664869122272 
25.303664869301308 
25.303664869131900 
25.303664869153529 
25.303664869344459 
25.303664869727321 
25.303664869754101 
25.303664869512019 
25.303664868874705 
25.303664869175783 
25.303664869536284 
25.303664869639299 
25.303664869588324 
25.303664869526777 
25.303664869548982 
25.303664869849896 
25.303664870282191 
25.303664870093613 
25.303664870170472 
25.303664870400631 
25.303664871116503 
25.303664871561800 
25.303664871476030 
25.303664871535922 
25.303664871294991 
25.303664870862633 
25.303664870092703 
25.303664870051108 
25.303664870036684 
25.303664869756325 
25.303664869659180 
25.303664869686536 
25.303664869770095 
25.303664869699389 
25.303664869839821 
25.303664869647271 
25.303664869955192 
25.303664869916787 
25.303664870388005 
25.303664870743042 
25.303664870775762 
25.303664870273309 
25.303664870485449 
25.303664870248802 
25.303664870512833 
25.303664870885626 
25.303664871128490 
25.303664871319882 
25.303664871204674 
25.303664871132035 
25.303664870682425 
25.303664871092550 
25.303664870399615 
25.303664870360898 
25.303664870446042 
25.303664870125147 
25.303664869910435 
25.303664869729218 
25.303664869604724 
25.303664869887385 
25.303664869930408 
25.303664870113806 
25.303664870506701 
25.303664870627607 
25.303664870758915 
25.303664870482393 
25.303664870740867 
25.303664870895560 
25.303664871156350 
25.303664871366365 
25.303664871419237 
25.303664871315014 
25.303664871242475 
25.303664871602820 
25.303664871380604 
25.303664871414576 
25.303664870750126 
25.303664870321128 
25.303664870356769 
25.303664870534327 
25.303664870003750 
25.303664870051364 
25.303664870593288 
25.303664870679398 
25.303664870904790 
25.303664870861063 
25.303664870959906 
25.303664870829472 
25.303664870910083 
25.303664871037469 
25.303664870703528 
25.303664870806834 
25.303664870829657 
25.303664870612714 
25.303664870418380 
25.303664870497627 
25.303664870356720 
25.303664870777659 
25.303664870532529 
25.303664870325001 
25.303664870061148 
25.303664870490394 
25.303664870093769 
25.303664870220658 
25.303664870266481 
25.303664869903514 
25.303664869462317 
25.303664870053858 
25.303664870070556 
25.303664869747500 
25.303664869892607 
25.303664869803391 
25.303664869591401 
25.303664869257481 
25.303664869339400 
25.303664869574760 
25.303664869758627 
25.303664869927594 
25.303664869641338 
25.303664869882624 
25.303664869807356 
25.303664869993170 
25.303664870069582 
25.303664870180810 
25.303664870256959 
25.303664870115860 
25.303664870407687 
25.303664870342189 
25.303664870329143 
25.303664870159018 
25.303664869962205 
25.303664869617599 
25.303664869495883 
25.303664869664168 
25.303664869602201 
25.303664868946598 
25.303664868534703 
25.303664868689289 
25.303664869151966 
25.303664869383724 
25.303664869877871 
25.303664869626132 
25.303664869816210 
25.303664870276130 
25.303664870260803 
25.303664870116968 
25.303664870043399 
25.303664869953096 
25.303664869680055 
25.303664869383695 
25.303664869436787 
25.303664869244798 
25.303664868898757 
25.303664868655197 
25.303664868001754 
25.303664867917945 
25.303664867708711 
25.303664868289552 
25.303664867666214 
25.303664867674364 
25.303664867976714 
25.303664868240226 
25.303664868041473 
25.303664867715803 
25.303664867285306 
25.303664866999931 
25.303664867052035 
25.303664867655911 
25.303664867590584 
25.303664867727676 
25.303664867814867 
25.303664867661723 
25.303664867479021 
25.303664867280659 
25.303664866978501 
25.303664867197128 
25.303664866683732 
25.303664866822494 
25.303664867005857 
25.303664866730202 
25.303664867204496 
25.303664867165594 
25.303664866950122 
25.303664866614049 
25.303664866631820 
25.303664866737194 
25.303664866512911 
25.303664866540423 
25.303664866392396 
25.303664866223677 
25.303664865852170 
25.303664866153767 
25.303664866502224 
25.303664866254167 
25.303664865503571 
25.303664865642020 
25.303664864840599 
25.303664864928464 
25.303664864237902 
25.303664864114630 
25.303664864715536 
25.303664864378788 
25.303664864624693 
25.303664864603014 
25.303664864681878 
25.303664864932685 
25.303664865321068 
25.303664865187173 
25.303664864859627 
25.303664864724986 
25.303664864923348 
25.303664865173751 
25.303664865404947 
25.303664864639394 
25.303664864049011 
25.303664863943517 
25.303664863688383 
25.303664863932738 
25.303664863893310 
25.303664863926798 
25.303664863549919 
25.303664863789962 
25.303664863541869 
25.303664863532646 
25.303664863480350 
25.303664863571029 
25.303664863595642 
25.303664863488812 
25.303664863012074 
25.303664863215936 
25.303664862968724 
25.303664863355486 
25.303664863498440 
25.303664862792033 
25.303664862808354 
25.303664862308437 
25.303664862149631 
25.303664862498927 
25.303664862669535 
25.303664862763824 
25.303664862791386 
25.303664862463641 
25.303664863071290 
25.303664863670001 
25.303664863390452 
25.303664863482851 
25.303664863482247 
25.303664863168777 
25.303664863165700 
25.303664863269574 
25.303664863260167 
25.303664863062494 
25.303664863209598 
25.303664862782568 
25.303664862569875 
25.303664862939407 
25.303664862949255 
25.303664862900284 
25.303664863070445 
25.303664863114697 
25.303664863122961 
25.303664863244592 
25.303664862658977 
25.303664862389567 
25.303664862291782 
25.303664861953891 
25.303664862223364 
25.303664861799959 
25.303664862105030 
25.303664861854983 
25.303664861883199 
25.303664861849164 
25.303664861740984 
25.303664861483782 
25.303664861070310 
25.303664861621741 
25.303664861527203 
25.303664861679913 
25.303664861743741 
25.303664861790622 
25.303664861923664 
25.303664862017335 
25.303664862251793 
25.303664861931409 
25.303664861686826 
25.303664861768752 
25.303664861718701 
25.303664861657481 
25.303664861579492 
25.303664861548484 
25.303664861791148 
25.303664861621293 
25.303664861134486 
25.303664860515603 
25.303664860593834 
25.303664860376493 
25.303664859663030 
25.303664859449242 
25.303664859823670 
25.303664859810702 
25.303664859715802 
25.303664859821467 
25.303664859679401 
25.303664860727373 
25.303664860353976 
25.303664860412070 
25.303664860398015 
25.303664860561611 
25.303664860685892 
25.303664860578202 
25.303664860171132 
25.303664859906426 
25.303664859559483 
25.303664859184536 
25.303664859359330 
25.303664859359046 
25.303664859265076 
25.303664859222209 
25.303664859811001 
25.303664860271795 
25.303664859655470 
25.303664859632711 
25.303664859414710 
25.303664859425972 
25.303664859281149 
25.303664858991240 
25.303664859012585 
25.303664858948991 
25.303664858707386 
25.303664858745407 
25.303664858657847 
25.303664858714903 
25.303664859018738 
25.303664859030910 
25.303664859304838 
25.303664859168506 
25.303664859017893 
25.303664859172628 
25.303664859374258 
25.303664859849334 
25.303664860109222 
25.303664860905172 
25.303664861205746 
25.303664861309592 
25.303664861458202 
25.303664861162247 
25.303664860869020 
25.303664861139566 
25.303664860388537 
25.303664859856767 
25.303664860060934 
25.303664859647981 
25.303664859168805 
25.303664859620667 
25.303664859249253 
25.303664859156946 
25.303664859916253 
25.303664859899087 
25.303664859868107 
25.303664859896401 
25.303664859803540 
25.303664859876051 
25.303664859945847 
25.303664859728173 
25.303664859855473 
25.303664860122737 
25.303664860661939 
25.303664860774923 
25.303664860309382 
25.303664859475234 
25.303664859653310 
25.303664859578092 
25.303664858749741 
25.303664858885526 
25.303664858580049 
25.303664859064192 
25.303664858945794 
25.303664858661350 
25.303664858328091 
25.303664858358850 
25.303664858385972 
25.303664858716488 
25.303664858808368 
25.303664858731437 
25.303664858915596 
25.303664858799287 
25.303664858849906 
25.303664859379417 
25.303664859660074 
25.303664859622728 
25.303664859911578 
25.303664859838264 
25.303664859593681 
25.303664859828345 
25.303664859920929 
25.303664859736642 
25.303664860057118 
25.303664860499083 
25.303664860428739 
25.303664860529864 
25.303664860623414 
25.303664860803124 
25.303664860706910 
25.303664860600051 
25.303664860590878 
25.303664860944437 
25.303664860888503 
25.303664861284211 
25.303664861327675 
25.303664861260344 
25.303664860983929 
25.303664860873042 
25.303664860431496 
25.303664860493868 
25.303664860479685 
25.303664860899431 
25.303664861140803 
25.303664861387283 
25.303664861099342 
25.303664860989443 
25.303664860937872 
25.303664861041234 
25.303664860929331 
25.303664860639159 
25.303664860964659 
25.303664861395646 
25.303664861087171 
25.303664861401742 
25.303664861019278 
25.303664860953248 
25.303664861146558 
25.303664860999135 
25.303664861285124 
25.303664861548178 
25.303664861963743 
25.303664861875227 
25.303664862212429 
25.303664862612756 
25.303664862484229 
25.303664862497637 
25.303664861658678 
25.303664861480357 
25.303664861420302 
25.303664861032221 
25.303664861072548 
25.303664860588423 
25.303664860210095 
25.303664860046922 
25.303664859284808 
25.303664858586966 
25.303664858912136 
25.303664858561056 
25.303664858564147 
25.303664858423890 
25.303664858789755 
25.303664859098809 
25.303664858232096 
25.303664858048801 
25.303664858079198 
25.303664858426348 
25.303664858416685 
25.303664858384359 
25.303664858568172 
25.303664859112086 
25.303664859472480 
25.303664859609011 
25.303664859891104 
25.303664859844737 
25.303664860172706 
25.303664859541218 
25.303664859383492 
25.303664859044481 
25.303664858609672 
25.303664858701936 
25.303664858415125 
25.303664858645739 
25.303664858676683 
25.303664858599159 
25.303664858090265 
25.303664857594772 
25.303664857231080 
25.303664857485558 
25.303664857513635 
25.303664857743946 
25.303664857861737 
25.303664857897317 
25.303664857498809 
25.303664857516676 
25.303664857632473 
25.303664857650542 
25.303664858089096 
25.303664858147091 
25.303664857748213 
25.303664857853345 
25.303664857409604 
25.303664857654532 
25.303664857832729 
25.303664858180348 
25.303664858227602 
25.303664858196470 
25.303664858186519 
25.303664857342611 
25.303664856961554 
25.303664856826686 
25.303664856815107 
25.303664856780507 
25.303664857233706 
25.303664857412070 
25.303664857382753 
25.303664858019275 
25.303664857693413 
25.303664858060475 
25.303664857813057 
25.303664858264224 
25.303664858245860 
25.303664858546625 
25.303664858739452 
25.303664859004439 
25.303664858958388 
25.303664858949205 
25.303664858837184 
25.303664858874868 
25.303664858341889 
25.303664858549006 
25.303664858539058 
25.303664858232999 
25.303664858341826 
25.303664858706224 
25.303664858443135 
25.303664858569068 
25.303664858373953 
25.303664858033716 
25.303664858000392 
25.303664857622092 
25.303664857656351 
25.303664857751937 
25.303664857691192 
25.303664858285998 
25.303664858195088 
25.303664858399962 
25.303664858666433 
25.303664858345307 
25.303664858213271 
25.303664858088492 
25.303664858069730 
25.303664858095686 
25.303664857948547 
25.303664858322456 
25.303664858832480 
25.303664858857445 
25.303664859069610 
25.303664858929597 
25.303664858566787 
25.303664858136464 
25.303664858464174 
25.303664858534979 
25.303664858378617 
25.303664858306242 
25.303664858411349 
25.303664857870356 
25.303664858218124 
25.303664858407029 
25.303664858329892 
25.303664858928357 
25.303664858595258 
25.303664858291768 
25.303664858445256 
25.303664858174507 
25.303664858741367 
25.303664858439873 
25.303664858324552 
25.303664858717099 
25.303664858242556 
25.303664858412219 
25.303664858803128 
25.303664858899879 
25.303664858739321 
25.303664858785229 
25.303664858446918 
25.303664858793724 
25.303664858877447 
25.303664859370656 
25.303664859571185 
25.303664858983570 
25.303664859247036 
25.303664859354893 
25.303664859318747 
25.303664859314988 
25.303664859491722 
25.303664859374813 
25.303664859412088 
25.303664859394360 
25.303664859328475 
25.303664859578003 
25.303664859860909 
25.303664859579310 
25.303664859424266 
25.303664859102192 
25.303664858788544 
25.303664859738273 
25.303664859925966 
25.303664859791763 
25.303664859491182 
25.303664859137690 
25.303664859251189 
25.303664858955472 
25.303664859258834 
25.303664859678971 
25.303664859185741 
25.303664858859534 
25.303664858899630 
25.303664858759550 
25.303664859052283 
25.303664858880147 
25.303664858872629 
25.303664858969928 
25.303664859028025 
25.303664859501094 
25.303664859383069 
25.303664859221769 
25.303664859105805 
25.303664859526965 
25.303664859002698 
25.303664858375253 
25.303664857991560 
25.303664857724026 
25.303664858033351 
25.303664857363373 
25.303664857194285 
25.303664856950483 
25.303664857484286 
25.303664857471222 
25.303664857745257 
25.303664857675397 
25.303664857728275 
25.303664858516242 
25.303664859291530 
25.303664859085217 
25.303664859104334 
25.303664858884929 
25.303664858856607 
25.303664858233585 
25.303664858281646 
25.303664858067936 
25.303664857904028 
25.303664857813082 
25.303664857987812 
25.303664857931469 
25.303664858518715 
25.303664858438164 
25.303664858940493 
25.303664859497651 
25.303664859551581 
25.303664860128919 
25.303664860037422 
25.303664860393404 
25.303664860927324 
25.303664861220415 
25.303664860924524 
25.303664861286045 
25.303664860886450 
25.303664861049977 
25.303664860991510 
25.303664861126418 
25.303664860561863 
25.303664860009953 
25.303664860130738 
25.303664859768020 
25.303664859814386 
25.303664859491722 
25.303664860317134 
25.303664859618333 
25.303664859447089 
25.303664859579630 
25.303664860345261 
25.303664859864003 
25.303664859869336 
25.303664859650056 
25.303664859244368 
25.303664859416166 
25.303664859664739 
25.303664859886748 
25.303664859826597 
25.303664859964780 
25.303664859748871 
25.303664859735093 
25.303664860158957 
25.303664859968144 
25.303664859630324 
25.303664859336170 
25.303664859562033 
25.303664859545915 
25.303664859614020 
25.303664860262458 
25.303664860327284 
25.303664860006233 
25.303664859669382 
25.303664859207782 
25.303664859590501 
25.303664859281817 
25.303664859563298 
25.303664859460159 
25.303664859391180 
25.303664859050830 
25.303664859198715 
25.303664859269471 
25.303664859217040 
25.303664858949787 
25.303664859085970 
25.303664859627393 
25.303664859167068 
25.303664859123693 
25.303664859414368 
25.303664859138149 
25.303664859012510 
25.303664858849352 
25.303664859433582 
25.303664859263058 
25.303664859442875 
25.303664859650041 
25.303664859612184 
25.303664859650624 
25.303664859095846 
25.303664858226938 
25.303664858056273 
25.303664857983605 
25.303664857784710 
25.303664857378074 
25.303664857520751 
25.303664857273162 
25.303664857435308 
25.303664857775324 
25.303664857349347 
25.303664857343740 
25.303664857554153 
25.303664857599692 
25.303664857421637 
25.303664858139605 
25.303664857993581 
25.303664858041351 
25.303664857803078 
25.303664857711674 
25.303664857680651 
25.303664856850290 
25.303664857123906 
25.303664857600275 
25.303664857673994 
25.303664858232281 
25.303664858854845 
25.303664859077223 
25.303664859193105 
25.303664859920517 
25.303664859749261 
25.303664859910107 
25.303664859827123 
25.303664859873251 
25.303664860051839 
25.303664860532024 
25.303664860505329 
25.303664860486101 
25.303664859781591 
25.303664859799795 
25.303664859128190 
25.303664858979893 
25.303664858900071 
25.303664858734436 
25.303664858785375 
25.303664859217108 
25.303664858969540 
25.303664858922879 
25.303664858873269 
25.303664858686965 
25.303664858332787 
25.303664858564687 
25.303664858920946 
25.303664858990508 
25.303664859426519 
25.303664859546956 
25.303664859782252 
25.303664859507066 
25.303664859501175 
25.303664859746739 
25.303664859878943 
25.303664860003288 
25.303664860038204 
25.303664860592271 
25.303664861085714 
25.303664861114818 
25.303664861150885 
25.303664861098326 
25.303664860836101 
25.303664860672640 
25.303664860754026 
25.303664860568759 
25.303664859933640 
25.303664859866856 
25.303664860035937 
25.303664860025556 
25.303664860255303 
25.303664859831933 
25.303664859669560 
25.303664860132969 
25.303664859968080 
25.303664859729743 
25.303664859422362 
25.303664859165245 
25.303664859224433 
25.303664858585741 
25.303664859332926 
25.303664859009295 
25.303664859373811 
25.303664859704824 
25.303664859816053 
25.303664859807057 
25.303664859504828 
25.303664858754296 
25.303664858521060 
25.303664858142824 
25.303664858935839 
25.303664859126030 
25.303664859426533 
25.303664859151752 
25.303664859264018 
25.303664858925742 
25.303664858722371 
25.303664859179605 
25.303664858435369 
25.303664858517465 
25.303664858018550 
25.303664858004552 
25.303664857656592 
25.303664857734212 
25.303664857448588 
25.303664857316143 
25.303664857092365 
25.303664857261737 
25.303664857493970 
25.303664857128076 
25.303664856656574 
25.303664856985044 
25.303664857061328 
25.303664856998857 
25.303664857294223 
25.303664857563220 
25.303664857747265 
25.303664857829986 
25.303664857749510 
25.303664857962623 
25.303664858428917 
25.303664858298092 
25.303664858175921 
25.303664858164531 
25.303664858610432 
25.303664859043074 
25.303664859251462 
25.303664859295267 
25.303664859026739 
25.303664859702295 
25.303664859638829 
25.303664859595735 
25.303664860059179 
25.303664860021961 
25.303664860219257 
25.303664860124130 
25.303664860054575 
25.303664860111759 
25.303664860354459 
25.303664860669677 
25.303664860696472 
25.303664860651928 
25.303664860733818 
25.303664860687164 
25.303664861183329 
25.303664860900000 
25.303664860904675 
25.303664861204531 
25.303664861167562 
25.303664861373491 
25.303664861205945 
25.303664861831443 
25.303664862119511 
25.303664862575509 
25.303664862355987 
25.303664862550818 
25.303664862065766 
25.303664861740188 
25.303664861483483 
25.303664861545904 
25.303664862105116 
25.303664861665240 
25.303664861295623 
25.303664861323348 
25.303664861554722 
25.303664861555852 
25.303664861401387 
25.303664861663123 
25.303664861948832 
25.303664862293864 
25.303664862396190 
25.303664862641682 
25.303664862149930 
25.303664862390988 
25.303664862048869 
25.303664862691519 
25.303664862870214 
25.303664863447779 
25.303664863695317 
25.303664862949184 
25.303664862919959 
25.303664862644837 
25.303664862856252 
25.303664862465055 
25.303664862573477 
25.303664862626725 
25.303664862187802 
25.303664862326173 
25.303664862285785 
25.303664862158115 
25.303664862026956 
25.303664862561050 
25.303664862742870 
25.303664862585123 
25.303664862593990 
25.303664862529175 
25.303664862527178 
25.303664863024856 
25.303664862826608 
25.303664863131871 
25.303664863218607 
25.303664863174909 
25.303664863025908 
25.303664863182028 
25.303664863494291 
25.303664863473799 
25.303664863830875 
25.303664863582206 
25.303664863519444 
25.303664862895381 
25.303664863110193 
25.303664863698160 
25.303664863366940 
25.303664862742032 
25.303664862326876 
25.303664862268334 
25.303664862623769 
25.303664862411964 
25.303664862675880 
25.303664863061002 
25.303664863290599 
25.303664863315085 
25.303664863669013 
25.303664863843309 
25.303664863929193 
25.303664864007047 
25.303664864283142 
25.303664864058959 
25.303664864289054 
25.303664864242847 
25.303664864324070 
25.303664864131818 
25.303664863999515 
25.303664864025762 
25.303664864329946 
25.303664864080417 
25.303664864298064 
25.303664864167310 
25.303664864354026 
25.303664864206034 
25.303664864674275 
25.303664864815858 
25.303664864727281 
25.303664864074044 
25.303664864088177 
25.303664864883970 
25.303664864806755 
25.303664864409669 
25.303664863969864 
25.303664864179012 
25.303664864348654 
25.303664865119678 
25.303664864443633 
25.303664864565647 
25.303664864628203 
25.303664864371761 
25.303664863896365 
25.303664863938280 
25.303664864100135 
25.303664863982590 
25.303664863824736 
25.303664863499606 
25.303664863062167 
25.303664863042961 
25.303664862992861 
25.303664862856451 
25.303664862588711 
25.303664862520606 
25.303664862335850 
25.303664862171743 
25.303664862423403 
25.303664862024505 
25.303664862572262 
25.303664862297431 
25.303664862461297 
25.303664862896589 
25.303664862441224 
25.303664862214816 
25.303664862054120 
25.303664861860831 
25.303664861949756 
25.303664862336397 
25.303664862420227 
25.303664862833834 
25.303664863098518 
25.303664863143780 
25.303664863369171 
25.303664863360694 
25.303664862853942 
25.303664863038186 
25.303664863841419 
25.303664863856412 
25.303664863653864 
25.303664863550665 
25.303664864168603 
25.303664863883810 
25.303664863969587 
25.303664863778103 
25.303664864033081 
25.303664864055442 
25.303664864311315 
25.303664864748718 
25.303664864791784 
25.303664864827347 
25.303664864669038 
25.303664864545972 
25.303664864563586 
25.303664864432875 
25.303664864078634 
25.303664863934500 
25.303664863523458 
25.303664863469699 
25.303664863041590 
25.303664863264039 
25.303664862889242 
25.303664862715948 
25.303664863018120 
25.303664863336564 
25.303664863217321 
25.303664862936500 
25.303664862542597 
25.303664862683966 
25.303664862722577 
25.303664862825016 
25.303664863359074 
25.303664863706977 
25.303664863802361 
25.303664863527189 
25.303664863521696 
25.303664863046407 
25.303664862812468 
25.303664862807956 
25.303664862793362 
25.303664862941801 
25.303664862943158 
25.303664863092934 
25.303664863060121 
25.303664862733115 
25.303664862815602 
25.303664862680478 
25.303664862909883 
25.303664863428253 
25.303664863502284 
25.303664863825624 
25.303664864007175 
25.303664863892912 
25.303664863784100 
25.303664863857755 
25.303664864659240 
25.303664864503659 
25.303664864277302 
25.303664864321419 
25.303664864751752 
25.303664865250809 
25.303664864694767 
25.303664864415282 
25.303664864054227 
25.303664864254138 
25.303664864319494 
25.303664864748043 
25.303664864842254 
25.303664864648468 
25.303664864910623 
25.303664864844777 
25.303664864966883 
25.303664864646287 
25.303664865016060 
25.303664864364649 
25.303664864635770 
25.303664864241256 
25.303664863612980 
25.303664864041878 
25.303664864329875 
25.303664865031315 
25.303664865279174 
25.303664865563121 
25.303664865880570 
25.303664866315984 
25.303664866505251 
25.303664866536579 
25.303664866657698 
25.303664866350395 
25.303664866595028 
25.303664866823013 
25.303664866596563 
25.303664866448621 
25.303664865841014 
25.303664865373293 
25.303664865254305 
25.303664865330731 
25.303664865803121 
25.303664866171118 
25.303664866229482 
25.303664866212074 
25.303664866271880 
25.303664865862920 
25.303664865841299 
25.303664866003245 
25.303664866207924 
25.303664865889274 
25.303664865362826 
25.303664865492877 
25.303664865430754 
25.303664865079028 
25.303664865437526 
25.303664864845651 
25.303664864394648 
25.303664864141332 
25.303664864120691 
25.303664864610198 
25.303664864744491 
25.303664864715614 
25.303664865026036 
25.303664864741187 
25.303664864990132 
25.303664865255456 
25.303664865236769 
25.303664865341339 
25.303664865672054 
25.303664865517305 
25.303664865249971 
25.303664865370642 
25.303664864878819 
25.303664865220036 
25.303664865597675 
25.303664865316144 
25.303664865391909 
25.303664865752324 
25.303664866321348 
25.303664866248376 
25.303664865789720 
25.303664865793351 
25.303664865411555 
25.303664865668914 
25.303664865758890 
25.303664866111305 
25.303664866372770 
25.303664866526233 
25.303664866514836 
25.303664866809051 
25.303664866387344 
25.303664866071884 
25.303664865937144 
25.303664865662668 
25.303664865630950 
25.303664865773754 
25.303664865332323 
25.303664865116346 
25.303664865222210 
25.303664865338106 
25.303664865113433 
25.303664865287701 
25.303664865960357 
25.303664865606194 
25.303664866010131 
25.303664866711500 
25.303664866574969 
25.303664866484958 
25.303664866466619 
25.303664866871657 
25.303664866211214 
25.303664866535350 
25.303664866347908 
25.303664866287043 
25.303664866032335 
25.303664865860000 
25.303664866112968 
25.303664865756957 
25.303664865629926 
25.303664865560371 
25.303664865603615 
25.303664866051555 
25.303664865967917 
25.303664866015751 
25.303664866317618 
25.303664866873369 
25.303664866783585 
25.303664867024146 
25.303664867211459 
25.303664867274719 
25.303664867300377 
25.303664867576899 
25.303664868045445 
25.303664867716321 
25.303664867595380 
25.303664867216185 
25.303664867039600 
25.303664867179954 
25.303664867161530 
25.303664867092117 
25.303664867460242 
25.303664867818043 
25.303664867395774 
25.303664867350513 
25.303664867260778 
25.303664866742913 
25.303664866714861 
25.303664866970109 
25.303664867168749 
25.303664867622587 
25.303664867616327 
25.303664868038993 
25.303664868119142 
25.303664867532419 
25.303664867864960 
25.303664867654859 
25.303664868562286 
25.303664868268662 
25.303664867515955 
25.303664867533783 
25.303664867289463 
25.303664866714371 
25.303664866218675 
25.303664866285423 
25.303664866547678 
25.303664866905791 
25.303664867053982 
25.303664866902906 
25.303664867000577 
25.303664866179695 
25.303664866433152 
25.303664866491488 
25.303664866754389 
25.303664867282890 
25.303664867333929 
25.303664866674552 
25.303664866790783 
25.303664866646123 
25.303664866268363 
25.303664866507795 
25.303664866333456 
25.303664866444016 
25.303664866530127 
25.303664866109912 
25.303664866067535 
25.303664865690642 
25.303664866124002 
25.303664866350758 
25.303664866779314 
25.303664866780821 
25.303664866819801 
25.303664866925601 
25.303664866844088 
25.303664866952374 
25.303664866762716 
25.303664866721320 
25.303664866579091 
25.303664866906892 
25.303664866873355 
25.303664867384839 
25.303664866580746 
25.303664866731815 
25.303664866244006 
25.303664866397462 
25.303664866583659 
25.303664866675874 
25.303664866499901 
25.303664866792097 
25.303664866692003 
25.303664866914964 
25.303664866546740 
25.303664866257535 
25.303664866005505 
25.303664866204699 
25.303664866135222 
25.303664866383301 
25.303664867118187 
25.303664866948097 
25.303664867399547 
25.303664867587372 
25.303664867640350 
25.303664867957487 
25.303664867923210 
25.303664867184558 
25.303664867431777 
25.303664867726283 
25.303664867429248 
25.303664867538416 
25.303664868200784 
25.303664868278460 
25.303664868348299 
25.303664868173755 
25.303664867765768 
25.303664867742185 
25.303664867737183 
25.303664867869685 
25.303664868153419 
25.303664868374149 
25.303664868804056 
25.303664868932984 
25.303664868760563 
25.303664868842411 
25.303664868496568 
25.303664868565200 
25.303664868540444 
25.303664868665535 
25.303664869034371 
25.303664868955693 
25.303664868796943 
25.303664868399061 
25.303664868712268 
25.303664868856018 
25.303664868329385 
25.303664868058448 
25.303664867830200 
25.303664868011921 
25.303664868194318 
25.303664868612977 
25.303664869199224 
25.303664869091207 
25.303664869352282 
25.303664869392541 
25.303664868905848 
25.303664868193046 
25.303664867598137 
25.303664867635440 
25.303664867160052 
25.303664867255250 
25.303664866866612 
25.303664866825528 
25.303664866436513 
25.303664866717192 
25.303664866338359 
25.303664866628814 
25.303664866178785 
25.303664866580753 
25.303664866229575 
25.303664866507276 
25.303664866724162 
25.303664866826800 
25.303664867140945 
25.303664866616685 
25.303664866365821 
25.303664866176490 
25.303664866222334 
25.303664865492962 
25.303664865452006 
25.303664865956883 
25.303664866415488 
25.303664866391983 
25.303664866618433 
25.303664866680094 
25.303664866535193 
25.303664866661236 
25.303664866183787 
25.303664865667159 
25.303664865428409 
25.303664865110420 
25.303664865133484 
25.303664865207558 
25.303664865185269 
25.303664865146189 
25.303664865386608 
25.303664865171399 
25.303664865329857 
25.303664865201846 
25.303664865712719 
25.303664865520808 
25.303664865601618 
25.303664865480371 
25.303664864695200 
25.303664864671298 
25.303664865092728 
25.303664864797312 
25.303664864831298 
25.303664863874744 
25.303664864487722 
25.303664864857069 
25.303664865546800 
25.303664865775772 
25.303664865584267 
25.303664865798353 
25.303664865582789 
25.303664866266857 
25.303664866924620 
25.303664867052454 
25.303664867080876 
25.303664867106910 
25.303664867363423 
25.303664867009452 
25.303664867365477 
25.303664867836744 
25.303664868167104 
25.303664867695893 
25.303664868240006 
25.303664868151088 
25.303664868173257 
25.303664868770596 
25.303664868856771 
25.303664869825440 
25.303664870173421 
25.303664869742605 
25.303664870220565 
25.303664870375592 
25.303664869807285 
25.303664869661688 
25.303664869624768 
25.303664869746584 
25.303664869656913 
25.303664869504914 
25.303664869680311 
25.303664870022416 
25.303664869988786 
25.303664869266889 
25.303664868783450 
25.303664868994588 
25.303664869061727 
25.303664869199892 
25.303664869072371 
25.303664868363050 
25.303664868164617 
25.303664868258124 
25.303664868618952 
25.303664868444265 
25.303664868301965 
25.303664868537687 
25.303664868838958 
25.303664868827966 
25.303664868368472 
25.303664868539897 
25.303664868409953 
25.303664868504669 
25.303664868695975 
25.303664868207846 
25.303664868039043 
25.303664868051243 
25.303664868067813 
25.303664867398290 
25.303664867204468 
25.303664867543830 
25.303664867701187 
25.303664868045452 
25.303664867723377 
25.303664866847356 
25.303664867037483 
25.303664867116822 
25.303664867093644 
25.303664866226164 
25.303664866161512 
25.303664865986065 
25.303664866161910 
25.303664866274310 
25.303664866155614 
25.303664866581727 
25.303664866156225 
25.303664866198645 
25.303664866057730 
25.303664865810660 
25.303664865957380 
25.303664866078698 
25.303664866156716 
25.303664866386704 
25.303664866277444 
25.303664866079508 
25.303664866163061 
25.303664866036385 
25.303664865841156 
25.303664865481828 
25.303664865382601 
25.303664866037607 
25.303664866201338 
25.303664865573843 
25.303664865156293 
25.303664865449903 
25.303664864925999 
25.303664865095833 
25.303664864839924 
25.303664864715515 
25.303664863714225 
25.303664863488407 
25.303664863494753 
25.303664863455424 
25.303664862821179 
25.303664863467006 
25.303664863147411 
25.303664862824633 
25.303664863207580 
25.303664863443018 
25.303664863429113 
25.303664863687544 
25.303664863989020 
25.303664863916453 
25.303664863762258 
25.303664863389727 
25.303664863337573 
25.303664863452560 
25.303664863866523 
25.303664864019801 
25.303664864550960 
25.303664864661911 
25.303664864250102 
25.303664863775310 
25.303664863300440 
25.303664862951166 
25.303664863032964 
25.303664863506889 
25.303664863042478 
25.303664863380206 
25.303664863125960 
25.303664863348004 
25.303664862925928 
25.303664863015406 
25.303664863476968 
25.303664863283899 
25.303664863496643 
25.303664863852781 
25.303664864579474 
25.303664865130855 
25.303664865674882 
25.303664865785450 
25.303664865219098 
25.303664865586001 
25.303664866015694 
25.303664866262871 
25.303664865859858 
25.303664865589084 
25.303664865090425 
25.303664864982828 
25.303664864914289 
25.303664864287875 
25.303664864630406 
25.303664864519241 
25.303664864249910 
25.303664864338401 
25.303664864622284 
25.303664864877383 
25.303664865276154 
25.303664865168805 
25.303664865123253 
25.303664865259790 
25.303664865353554 
25.303664865116176 
25.303664865432211 
25.303664865448283 
25.303664865481466 
25.303664865988253 
25.303664865657254 
25.303664865789102 
25.303664865658568 
25.303664865472783 
25.303664865584388 
25.303664865644713 
25.303664865568997 
25.303664865766770 
25.303664865642418 
25.303664865457989 
25.303664865323668 
25.303664865767431 
25.303664866101023 
25.303664865473728 
25.303664865844780 
25.303664866071301 
25.303664865903926 
25.303664865713188 
25.303664865968088 
25.303664865408734 
25.303664866090742 
25.303664866708232 
25.303664866542348 
25.303664866651957 
25.303664866388843 
25.303664866361203 
25.303664866806201 
25.303664866143365 
25.303664865689015 
25.303664865831635 
25.303664866138462 
25.303664865827514 
25.303664865722311 
25.303664865736948 
25.303664865289917 
25.303664865046471 
25.303664865331513 
25.303664865628193 
25.303664865659812 
25.303664865562453 
25.303664865362009 
25.303664866001000 
25.303664865758407 
25.303664866009413 
25.303664866108704 
25.303664866511994 
25.303664866616671 
25.303664866908633 
25.303664866948466 
25.303664867284908 
25.303664866908278 
25.303664866696323 
25.303664866366006 
25.303664866013563 
25.303664866158272 
25.303664866650479 
25.303664866540515 
25.303664866792545 
25.303664867022832 
25.303664867519004 
25.303664867473870 
25.303664867802794 
25.303664867496920 
25.303664867743692 
25.303664868337052 
25.303664868479260 
25.303664868550115 
25.303664868438446 
25.303664868495304 
25.303664868426424 
25.303664867500345 
25.303664867422910 
25.303664867333907 
25.303664866886663 
25.303664866820668 
25.303664866571395 
25.303664866455620 
25.303664866836968 
25.303664866815538 
25.303664867079704 
25.303664866835206 
25.303664867535787 
25.303664867673604 
25.303664868045317 
25.303664868446333 
25.303664868387258 
25.303664868676648 
25.303664868682304 
25.303664868531030 
25.303664869054941 
25.303664868885463 
25.303664869112325 
25.303664869561189 
25.303664868799984 
25.303664868101535 
25.303664867903464 
25.303664867914406 
25.303664867718510 
25.303664868076197 
25.303664867496863 
25.303664867989156 
25.303664867843267 
25.303664867807200 
25.303664867864626 
25.303664868057382 
25.303664868518823 
25.303664868322372 
25.303664868681693 
25.303664869092771 
25.303664868913174 
25.303664868694042 
25.303664868979951 
25.303664869265390 
25.303664869614167 
25.303664870312119 
25.303664871044319 
25.303664871462843 
25.303664871708719 
25.303664871454430 
25.303664871454643 
25.303664871374181 
25.303664871728003 
25.303664871951895 
25.303664872230826 
25.303664872206539 
25.303664871595984 
25.303664871837711 
25.303664871751295 
25.303664871969360 
25.303664871978270 
25.303664872100725 
25.303664872253989 
25.303664872453453 
25.303664872667440 
25.303664872862640 
25.303664872566486 
25.303664872382285 
25.303664872590204 
25.303664873143191 
25.303664873141102 
25.303664873046216 
25.303664872977620 
25.303664873807051 
25.303664874168632 
25.303664874426218 
25.303664874698640 
25.303664874589671 
25.303664874434446 
25.303664874673615 
25.303664874559033 
25.303664874923498 
25.303664875359175 
25.303664875365598 
25.303664875039587 
25.303664874620708 
25.303664874501308 
25.303664875055958 
25.303664875861841 
25.303664875711220 
25.303664875596979 
25.303664875463312 
25.303664875196361 
25.303664875591735 
25.303664875757505 
25.303664875417539 
25.303664876252299 
25.303664876555132 
25.303664875788826 
25.303664876101593 
25.303664876141283 
25.303664876420072 
25.303664876979468 
25.303664876987952 
25.303664876995811 
25.303664876457603 
25.303664876727950 
25.303664877007421 
25.303664877609663 
25.303664877244643 
25.303664877329879 
25.303664877595523 
25.303664877111558 
25.303664877319164 
25.303664877265021 
25.303664877542147 
25.303664877758877 
25.303664877786517 
25.303664877990315 
25.303664878070748 
25.303664878005762 
25.303664878078663 
25.303664877897830 
25.303664878199299 
25.303664878364572 
25.303664878798273 
25.303664878959808 
25.303664878949064 
25.303664878810309 
25.303664878938591 
25.303664878993303 
25.303664879206323 
25.303664878759477 
25.303664878894367 
25.303664879121115 
25.303664879085133 
25.303664878657230 
25.303664878943977 
25.303664879429320 
25.303664879764455 
25.303664879977831 
25.303664879644344 
25.303664879918159 
25.303664879576075 
25.303664879411642 
25.303664879200184 
25.303664879327783 
25.303664879443815 
25.303664879426904 
25.303664879186243 
25.303664878503795 
25.303664878609951 
25.303664878604437 
25.303664878696836 
25.303664878424343 
25.303664878870322 
25.303664879238397 
25.303664878955502 
25.303664878594248 
25.303664878794152 
25.303664878757601 
25.303664879103792 
25.303664879069487 
25.303664879090434 
25.303664879176210 
25.303664879199474 
25.303664879011393 
25.303664878803602 
25.303664879099969 
25.303664879815187 
25.303664879956827 
25.303664879933322 
25.303664880426510 
25.303664880371954 
25.303664880173088 
25.303664880535266 
25.303664880507895 
25.303664880278845 
25.303664880297347 
25.303664880522504 
25.303664880260271 
25.303664880775059 
25.303664881400564 
25.303664881566206 
25.303664881263430 
25.303664880947665 
25.303664881491770 
25.303664881283026 
25.303664880490018 
25.303664880207791 
25.303664879845584 
25.303664880277211 
25.303664880407283 
25.303664880682931 
25.303664880847521 
25.303664880846512 
25.303664880704218 
25.303664880370391 
25.303664881028354 
25.303664880834560 
25.303664880382172 
25.303664880732171 
25.303664880839946 
25.303664880921872 
25.303664881142296 
25.303664881156493 
25.303664881355488 
25.303664881433036 
25.303664881037236 
25.303664881787682 
25.303664881704478 
25.303664881433875 
25.303664881473154 
25.303664881545970 
25.303664882002835 
25.303664881902080 
25.303664882083410 
25.303664881698779 
25.303664881935759 
25.303664882101117 
25.303664881933528 
25.303664881698808 
25.303664881084174 
25.303664880718614 
25.303664880134349 
25.303664879926558 
25.303664880168697 
25.303664880298726 
25.303664880863124 
25.303664880418083 
25.303664880120564 
25.303664879530032 
25.303664878983881 
25.303664878678376 
25.303664879225167 
25.303664878538058 
25.303664878517893 
25.303664878878763 
25.303664878476283 
25.303664877896864 
25.303664878449325 
25.303664878847570 
25.303664878827817 
25.303664878799992 
25.303664878975709 
25.303664879182136 
25.303664879243186 
25.303664879275900 
25.303664879033519 
25.303664879190933 
25.303664879222495 
25.303664879508034 
25.303664879572011 
25.303664879514088 
25.303664879107629 
25.303664878843307 
25.303664878955345 
25.303664878535713 
25.303664879025845 
25.303664878462939 
25.303664878926156 
25.303664879051169 
25.303664879126103 
25.303664878605559 
25.303664878172668 
25.303664878286583 
25.303664878633171 
25.303664878308709 
25.303664878761012 
25.303664878655354 
25.303664878324071 
25.303664878290519 
25.303664878283371 
25.303664877865700 
25.303664878204245 
25.303664878182062 
25.303664878327098 
25.303664877960728 
25.303664878246650 
25.303664878369233 
25.303664878471992 
25.303664878198532 
25.303664879083556 
25.303664878671867 
25.303664878482081 
25.303664878840678 
25.303664877967663 
25.303664877956223 
25.303664878239687 
25.303664878496647 
25.303664878230848 
25.303664878030091 
25.303664877716017 
25.303664877994208 
25.303664877963044 
25.303664878154152 
25.303664877742335 
25.303664877943802 
25.303664877851261 
25.303664877786673 
25.303664877768185 
25.303664878468183 
25.303664878188201 
25.303664878093528 
25.303664878089322 
25.303664878194112 
25.303664877795725 
25.303664877356127 
25.303664877451268 
25.303664877246533 
25.303664877161665 
25.303664876836990 
25.303664876877278 
25.303664877572544 
25.303664876607172 
25.303664876515725 
25.303664876645556 
25.303664876947650 
25.303664876565890 
25.303664876618555 
25.303664876804675 
25.303664876963381 
25.303664876480951 
25.303664876287201 
25.303664876889599 
25.303664876456068 
25.303664876730949 
25.303664876159317 
25.303664876754723 
25.303664876792681 
25.303664877295986 
25.303664876982481 
25.303664876403857 
25.303664876415425 
25.303664876522745 
25.303664876401058 
25.303664875983472 
25.303664875878198 
25.303664875818029 
25.303664875303483 
25.303664875910457 
25.303664876393228 
25.303664875939589 
25.303664876272862 
25.303664876427348 
25.303664876822623 
25.303664877230233 
25.303664877199679 
25.303664877064918 
25.303664876857283 
25.303664876863081 
25.303664876590403 
25.303664876760607 
25.303664877350442 
25.303664877444490 
25.303664877376349 
25.303664876485769 
25.303664876176057 
25.303664876506261 
25.303664876295869 
25.303664876923818 
25.303664877442031 
25.303664877336928 
25.303664876605254 
25.303664876638607 
25.303664876493585 
25.303664876049623 
25.303664876414828 
25.303664876420299 
25.303664876315693 
25.303664876616835 
25.303664876596798 
25.303664876248291 
25.303664876486508 
25.303664876839917 
25.303664876940474 
25.303664876752237 
25.303664876831220 
25.303664876918475 
25.303664877419479 
25.303664877256992 
25.303664877424595 
25.303664877238475 
25.303664877107437 
25.303664876576917 
25.303664876430602 
25.303664876366568 
25.303664876647915 
25.303664876200941 
25.303664875510435 
25.303664875192922 
25.303664874767449 
25.303664874840450 
25.303664874708886 
25.303664874735432 
25.303664875120887 
25.303664874618562 
25.303664874976704 
25.303664874218100 
25.303664874589202 
25.303664874950030 
25.303664874332569 
25.303664873954006 
25.303664874239530 
25.303664873941329 
25.303664873310922 
25.303664873333815 
25.303664873775958 
25.303664873639917 
25.303664873623973 
25.303664873642461 
25.303664873534473 
25.303664873521697 
25.303664873287872 
25.303664872988890 
25.303664873334611 
25.303664872954556 
25.303664873553558 
25.303664873435778 
25.303664873654583 
25.303664873515359 
25.303664873698651 
25.303664873730256 
25.303664873785635 
25.303664873505213 
25.303664873020509 
25.303664872980775 
25.303664873733553 
25.303664873735570 
25.303664874069554 
25.303664873871540 
25.303664873776782 
25.303664873643399 
25.303664873808032 
25.303664874049787 
25.303664873895144 
25.303664873971726 
25.303664873414846 
25.303664872387657 
25.303664872412128 
25.303664872338217 
25.303664871805353 
25.303664872353934 
25.303664871859240 
25.303664871751309 
25.303664871532732 
25.303664871687005 
25.303664871369335 
25.303664871311682 
25.303664871407619 
25.303664871267685 
25.303664871077515 
25.303664870721889 
25.303664871036446 
25.303664871199700 
25.303664871666626 
25.303664871308996 
25.303664870714783 
25.303664871090817 
25.303664871239931 
25.303664871431295 
25.303664871465259 
25.303664871228861 
25.303664871584530 
25.303664871115117 
25.303664871159228 
25.303664871226189 
25.303664871437732 
25.303664871362727 
25.303664871480549 
25.303664871460128 
25.303664871369762 
25.303664871760802 
25.303664871745298 
25.303664871561608 
25.303664871306594 
25.303664871370842 
25.303664871504495 
25.303664871383120 
25.303664871425212 
25.303664871135169 
25.303664871154069 
25.303664870940850 
25.303664871366365 
25.303664870921111 
25.303664871427628 
25.303664871988346 
25.303664871619191 
25.303664871459404 
25.303664871654021 
25.303664871303184 
25.303664871139731 
25.303664870723722 
25.303664870347390 
25.303664870097663 
25.303664869792811 
25.303664869888138 
25.303664869468562 
25.303664869851204 
25.303664869378935 
25.303664869180565 
25.303664869138316 
25.303664869099379 
25.303664868973229 
25.303664869342427 
25.303664869143702 
25.303664869500693 
25.303664869040020 
25.303664868704132 
25.303664868387500 
25.303664868841906 
25.303664868193152 
25.303664867892437 
25.303664867600872 
25.303664867286614 
25.303664867803064 
25.303664867598044 
25.303664867526706 
25.303664867584189 
25.303664867247164 
25.303664866552069 
25.303664866685409 
25.303664867365171 
25.303664867262270 
25.303664866626903 
25.303664866280698 
25.303664866035973 
25.303664865516367 
25.303664865122116 
25.303664865329893 
25.303664865146999 
25.303664865512715 
25.303664865598194 
25.303664865160826 
25.303664865079242 
25.303664864708793 
25.303664864345137 
25.303664864791202 
25.303664864951003 
25.303664864486194 
25.303664864753756 
25.303664865119913 
25.303664865167008 
25.303664864621979 
25.303664864939179 
25.303664864987610 
25.303664865432893 
25.303664865565764 
25.303664865280282 
25.303664865566120 
25.303664865438705 
25.303664866093101 
25.303664866124336 
25.303664865702331 
25.303664865258725 
25.303664866004425 
25.303664866420348 
25.303664866460807 
25.303664866349322 
25.303664865977609 
25.303664865824388 
25.303664866196286 
25.303664866006685 
25.303664866349365 
25.303664866347333 
25.303664866410500 
25.303664866570230 
25.303664866673586 
25.303664866401235 
25.303664866053438 
25.303664866083466 
25.303664866007807 
25.303664865575143 
25.303664865591585 
25.303664865457591 
25.303664865313053 
25.303664865088734 
25.303664865403817 
25.303664865455445 
25.303664865044681 
25.303664864750829 
25.303664864772628 
25.303664864822423 
25.303664864657193 
25.303664864910289 
25.303664864368841 
25.303664864686425 
25.303664864313703 
25.303664864464125 
25.303664864168070 
25.303664863946679 
25.303664864027837 
25.303664863631553 
25.303664864183318 
25.303664863766244 
25.303664864220011 
25.303664864070043 
25.303664864494777 
25.303664865080023 
25.303664865340437 
25.303664865067972 
25.303664865269923 
25.303664864685729 
25.303664864090265 
25.303664863655854 
25.303664863804258 
25.303664863815911 
25.303664864264661 
25.303664863823684 
25.303664863305400 
25.303664862743389 
25.303664863235682 
25.303664863089722 
25.303664863048382 
25.303664863462672 
25.303664863334490 
25.303664863062266 
25.303664863333893 
25.303664863573644 
25.303664863624135 
25.303664864065766 
25.303664863952321 
25.303664863578206 
25.303664863460440 
25.303664863768290 
25.303664863899030 
25.303664864017819 
25.303664864013399 
25.303664863950218 
25.303664864109692 
25.303664863741616 
25.303664863766940 
25.303664863451701 
25.303664863390921 
25.303664862992377 
25.303664862661591 
25.303664862096497 
25.303664861890894 
25.303664861363657 
25.303664862016234 
25.303664862541794 
25.303664862699719 
25.303664863305883 
25.303664863453776 
25.303664862713035 
25.303664862706185 
25.303664862680279 
25.303664862317831 
25.303664861906114 
25.303664861866494 
25.303664862357877 
25.303664862249818 
25.303664862159607 
25.303664862312345 
25.303664862343382 
25.303664862679923 
25.303664862409676 
25.303664862930901 
25.303664862866057 
25.303664863239391 
25.303664863318232 
25.303664863395866 
25.303664862880154 
25.303664862245242 
25.303664861859701 
25.303664862230377 
25.303664862735715 
25.303664863082702 
25.303664863060348 
25.303664863696682 
25.303664863868278 
25.303664863951283 
25.303664864120663 
25.303664864427418 
25.303664864108370 
25.303664864249555 
25.303664864225880 
25.303664864659709 
25.303664864451406 
25.303664864451392 
25.303664864541744 
25.303664864553639 
25.303664864604812 
25.303664865151049 
25.303664865168386 
25.303664864981130 
25.303664864739318 
25.303664864770695 
25.303664864106082 
25.303664863829766 
25.303664863811690 
25.303664863706416 
25.303664863847104 
25.303664864281316 
25.303664864236197 
25.303664864292699 
25.303664864774333 
25.303664864580639 
25.303664864248120 
25.303664864349557 
25.303664863980003 
25.303664864397845 
25.303664864111838 
25.303664863780398 
25.303664864348647 
25.303664864961291 
25.303664864985464 
25.303664864365814 
25.303664864214213 
25.303664864287413 
25.303664864506530 
25.303664864482542 
25.303664864687661 
25.303664864210262 
25.303664864376998 
25.303664864782903 
25.303664864424377 
25.303664864217126 
25.303664863968294 
25.303664864451861 
25.303664864320695 
25.303664864101634 
25.303664863758925 
25.303664864009306 
25.303664864376643 
25.303664863974987 
25.303664864098138 
25.303664864023361 
25.303664863400599 
25.303664863405544 
25.303664863448489 
25.303664863380803 
25.303664863098689 
25.303664863259442 
25.303664863687061 
25.303664864135555 
25.303664864275120 
25.303664864140600 
25.303664863932312 
25.303664863461520 
25.303664864007260 
25.303664863400158 
25.303664863111322 
25.303664862655680 
25.303664862750381 
25.303664863005835 
25.303664863561380 
25.303664863225663 
25.303664862953596 
25.303664862616870 
25.303664862902892 
25.303664862204386 
25.303664862500284 
25.303664862367683 
25.303664862803828 
25.303664862252148 
25.303664862419382 
25.303664862908533 
25.303664863340941 
25.303664863435927 
25.303664863472648 
25.303664863630161 
25.303664863530926 
25.303664863299531 
25.303664863093061 
25.303664863085473 
25.303664863188146 
25.303664862852884 
25.303664862464558 
25.303664862205423 
25.303664862366432 
25.303664862004666 
25.303664862473283 
25.303664862236090 
25.303664862053978 
25.303664862291569 
25.303664861896294 
25.303664861934266 
25.303664861670399 
25.303664861728663 
25.303664861477472 
25.303664861490788 
25.303664861975733 
25.303664862551727 
25.303664862192534 
25.303664862322933 
25.303664862104810 
25.303664861707730 
25.303664862458092 
25.303664862360890 
25.303664862078932 
25.303664862365963 
25.303664862634804 
25.303664862428803 
25.303664861930045 
25.303664862110750 
25.303664862194339 
25.303664862306846 
25.303664861694784 
25.303664861976671 
25.303664862327835 
25.303664862866412 
25.303664862804695 
25.303664862324680 
25.303664862310299 
25.303664862751432 
25.303664862742863 
25.303664862804212 
25.303664862787329 
25.303664863209391 
25.303664863054337 
25.303664863603998 
25.303664863708207 
25.303664863696469 
25.303664863484229 
25.303664863472562 
25.303664863415520 
25.303664862968091 
25.303664863071688 
25.303664862992051 
25.303664863581105 
25.303664863624178 
25.303664863447963 
25.303664863446329 
25.303664863784761 
25.303664864221204 
25.303664863693740 
25.303664863549656 
25.303664863191912 
25.303664862623535 
25.303664862888738 
25.303664863009587 
25.303664862674054 
25.303664862149603 
25.303664861736465 
25.303664861799675 
25.303664862265947 
25.303664862634562 
25.303664862743261 
25.303664862929708 
25.303664862439064 
25.303664862122446 
25.303664862205082 
25.303664862626462 
25.303664862993415 
25.303664862907283 
25.303664862964439 
25.303664863288333 
25.303664863157778 
25.303664863341865 
25.303664863557188 
25.303664863012273 
25.303664863048965 
25.303664862539378 
25.303664862257477 
25.303664862696081 
25.303664862464572 
25.303664862561916 
25.303664862430992 
25.303664862643444 
25.303664862781432 
25.303664862874285 
25.303664863280744 
25.303664863311624 
25.303664864082606 
25.303664864294362 
25.303664864911823 
25.303664864665791 
25.303664864654607 
25.303664864787422 
25.303664864635408 
25.303664864829130 
25.303664865076328 
25.303664865042492 
25.303664865451111 
25.303664865182981 
25.303664864712758 
25.303664864937801 
25.303664865192403 
25.303664864707500 
25.303664864427887 
25.303664864533687 
25.303664863627503 
25.303664863898788 
25.303664863865421 
25.303664863693982 
25.303664863537790 
25.303664863731598 
25.303664863253118 
25.303664863809871 
25.303664864489008 
25.303664864413264 
25.303664864947592 
25.303664865234367 
25.303664865919032 
25.303664866046034 
25.303664865956677 
25.303664865466232 
25.303664865731193 
25.303664865757597 
25.303664866283839 
25.303664866497698 
25.303664865827486 
25.303664866021577 
25.303664865978163 
25.303664866390648 
25.303664866184505 
25.303664865896508 
25.303664865881998 
25.303664865817638 
25.303664865976458 
25.303664866477092 
25.303664866610632 
25.303664867070168 
25.303664866740462 
25.303664867094227 
25.303664866961043 
25.303664866868914 
25.303664866930617 
25.303664866993159 
25.303664867103905 
25.303664867319085 
25.303664866963928 
25.303664866633639 
25.303664866565256 
25.303664867014774 
25.303664866927619 
25.303664867511245 
25.303664868022921 
25.303664868245974 
25.303664868523029 
25.303664868902814 
25.303664869089317 
25.303664869048518 
25.303664868822892 
25.303664868504455 
25.303664868759768 
25.303664868551436 
25.303664868730820 
25.303664868937929 
25.303664868983034 
25.303664869230104 
25.303664869157359 
25.303664869099322 
25.303664868787422 
25.303664869256167 
25.303664869081288 
25.303664869330817 
25.303664869290557 
25.303664869571762 
25.303664870287790 
25.303664870568966 
25.303664869643072 
25.303664869155611 
25.303664868441501 
25.303664868274595 
25.303664868123008 
25.303664867821254 
25.303664867668672 
25.303664867844063 
25.303664867485523 
25.303664867933279 
25.303664868270076 
25.303664868419759 
25.303664868615911 
25.303664868681821 
25.303664868347582 
25.303664868181599 
25.303664867841519 
25.303664867632961 
25.303664868075117 
25.303664868300061 
25.303664867936433 
25.303664867448845 
25.303664867980117 
25.303664867642951 
25.303664867114392 
25.303664867131289 
25.303664866913067 
25.303664867161658 
25.303664866674225 
25.303664866562897 
25.303664866345272 
25.303664866626278 
25.303664866272683 
25.303664866148182 
25.303664866304402 
25.303664866206674 
25.303664866352577 
25.303664866711941 
25.303664866418032 
25.303664866568852 
25.303664866960517 
25.303664867038478 
25.303664866868772 
25.303664866896128 
25.303664866667489 
25.303664866376721 
25.303664866735247 
25.303664865729587 
25.303664865482716 
25.303664864760648 
25.303664864658373 
25.303664864278204 
25.303664864972120 
25.303664864592776 
25.303664863892095 
25.303664864039277 
25.303664864121828 
25.303664864444372 
25.303664864808340 
25.303664864644716 
25.303664865552079 
25.303664865616241 
25.303664865990882 
25.303664865506335 
25.303664865559540 
25.303664865932234 
25.303664866359128 
25.303664866193969 
25.303664865406972 
25.303664864992527 
25.303664864975346 
25.303664864573179 
25.303664864756385 
25.303664865171442 
25.303664865366414 
25.303664865413239 
25.303664864796019 
25.303664865143034 
25.303664865078517 
25.303664865006894 
25.303664865397948 
25.303664865926265 
25.303664865718702 
25.303664866031923 
25.303664865687182 
25.303664865295133 
25.303664865360403 
25.303664865965970 
25.303664865766436 
25.303664866266331 
25.303664866112157 
25.303664865543908 
25.303664865728607 
25.303664864420440 
25.303664864110814 
25.303664863462799 
25.303664863262114 
25.303664863361988 
25.303664863733658 
25.303664863929185 
25.303664864082137 
25.303664863759082 
25.303664863809672 
25.303664863340600 
25.303664863532745 
25.303664863284183 
25.303664863356133 
25.303664862963885 
25.303664863225336 
25.303664863651065 
25.303664863492472 
25.303664863423080 
25.303664863249537 
25.303664863524347 
25.303664863448461 
25.303664863931800 
25.303664863593582 
25.303664863713891 
25.303664863540078 
25.303664863862039 
25.303664864703279 
25.303664864644276 
25.303664864705439 
25.303664864475792 
25.303664864482187 
25.303664864732298 
25.303664864600023 
25.303664864282382 
25.303664864181428 
25.303664863904430 
25.303664864030679 
25.303664864003309 
25.303664864652887 
25.303664864421080 
25.303664863937158 
25.303664864045018 
25.303664864368784 
25.303664864343403 
25.303664864393582 
25.303664864111525 
25.303664863727292 
25.303664863818469 
25.303664863808407 
25.303664864588129 
25.303664864794186 
25.303664864820277 
25.303664864249996 
25.303664864510935 
25.303664864723956 
25.303664865484890 
25.303664865236570 
25.303664865886986 
25.303664865764759 
25.303664865833156 
25.303664865288638 
25.303664865780902 
25.303664866091054 
25.303664865950324 
25.303664865429567 
25.303664865547333 
25.303664865346562 
25.303664864793461 
25.303664865085267 
25.303664865261865 
25.303664865000286 
25.303664865135843 
25.303664865029930 
25.303664865402268 
25.303664865457208 
25.303664865580558 
25.303664865657993 
25.303664866041956 
25.303664865776668 
25.303664865661318 
25.303664865706722 
25.303664865473664 
25.303664865417545 
25.303664864884908 
25.303664864436925 
25.303664864720034 
25.303664864375051 
25.303664863644272 
25.303664863465229 
25.303664863142046 
25.303664863195976 
25.303664863229429 
25.303664863216554 
25.303664863259741 
25.303664863280147 
25.303664863573502 
25.303664863896003 
25.303664864503972 
25.303664864351987 
25.303664864575239 
25.303664864729583 
25.303664864775428 
25.303664865091605 
25.303664864937204 
25.303664864991802 
25.303664865561217 
25.303664865292689 
25.303664865910136 
25.303664865702032 
25.303664865751500 
25.303664865481267 
25.303664865002389 
25.303664864826487 
25.303664864858888 
25.303664864673010 
25.303664864670665 
25.303664865248834 
25.303664865338632 
25.303664865619496 
25.303664865111315 
25.303664864928081 
25.303664864979055 
25.303664865156136 
25.303664864824611 
25.303664864906935 
25.303664864891758 
25.303664864493811 
25.303664865089502 
25.303664864668519 
25.303664864394335 
25.303664863946267 
25.303664864094245 
25.303664863894554 
25.303664863711091 
25.303664863884023 
25.303664863764823 
25.303664863587315 
25.303664863363807 
25.303664863330667 
25.303664863930493 
25.303664863632349 
25.303664864034843 
25.303664864437422 
25.303664864796659 
25.303664864422771 
25.303664864346956 
25.303664864317241 
25.303664863976962 
25.303664863669297 
25.303664864037273 
25.303664863933079 
25.303664864342736 
25.303664863723696 
25.303664864178103 
25.303664864336838 
25.303664864148288 
25.303664864465617 
25.303664864500291 
25.303664864600151 
25.303664864747091 
25.303664864730194 
25.303664864309482 
25.303664864468814 
25.303664864402350 
25.303664864493442 
25.303664863980984 
25.303664864237803 
25.303664864001050 
25.303664863392584 
25.303664863515294 
25.303664863225848 
25.303664863776348 
25.303664863817829 
25.303664863755216 
25.303664863426675 
25.303664862880851 
25.303664863189425 
25.303664862969754 
25.303664863118200 
25.303664862828896 
25.303664863194228 
25.303664862773076 
25.303664863575278 
25.303664863465187 
25.303664863741346 
25.303664863803121 
25.303664863723782 
25.303664863941421 
25.303664863994740 
25.303664864048613 
25.303664863962467 
25.303664863988018 
25.303664863770919 
25.303664863819080 
25.303664863746391 
25.303664863631838 
25.303664863252195 
25.303664863667379 
25.303664863494447 
25.303664863019790 
25.303664862893257 
25.303664863106633 
25.303664862922702 
25.303664862720481 
25.303664862331388 
25.303664862578430 
25.303664862568709 
25.303664862321554 
25.303664861822853 
25.303664862002250 
25.303664862446738 
25.303664863334959 
25.303664863311013 
25.303664863422767 
25.303664863009431 
25.303664863516204 
25.303664863282464 
25.303664863233450 
25.303664863554474 
25.303664863679998 
25.303664863786636 
25.303664863777740 
25.303664863314282 
25.303664863798318 
25.303664863887406 
25.303664863720286 
25.303664863307191 
25.303664863238836 
25.303664863202798 
25.303664863428025 
25.303664862627102 
25.303664862944828 
25.303664862891580 
25.303664862616714 
25.303664863017985 
25.303664862960900 
25.303664862634591 
25.303664862824817 
25.303664862798342 
25.303664862568169 
25.303664862558392 
25.303664862283824 
25.303664862469276 
25.303664862994694 
25.303664863003149 
25.303664863023243 
25.303664862974841 
25.303664862806968 
25.303664862513330 
25.303664862789731 
25.303664863005480 
25.303664863059396 
25.303664863531466 
25.303664863487754 
25.303664863639241 
25.303664863807711 
25.303664863843167 
25.303664863634765 
25.303664863950758 
25.303664864506075 
25.303664864750075 
25.303664865289420 
25.303664865718531 
25.303664865833369 
25.303664865761760 
25.303664866254380 
25.303664866251822 
25.303664866096668 
25.303664866421670 
25.303664866265095 
25.303664866135108 
25.303664866044770 
25.303664866389937 
25.303664867425226 
25.303664867776945 
25.303664867680183 
25.303664867427926 
25.303664867454998 
25.303664867162595 
25.303664867489516 
25.303664867257623 
25.303664867649729 
25.303664867397984 
25.303664867617442 
25.303664867344182 
25.303664867057890 
25.303664867716151 
25.303664867839970 
25.303664868169690 
25.303664867871817 
25.303664868401000 
25.303664868678894 
25.303664869129648 
25.303664869262931 
25.303664868683967 
25.303664868756798 
25.303664869107763 
25.303664869555334 
25.303664869135901 
25.303664869528134 
25.303664868993735 
25.303664868986971 
25.303664869280524 
25.303664869164976 
25.303664868708537 
25.303664868731744 
25.303664869003967 
25.303664868868992 
25.303664868089797 
25.303664868330941 
25.303664868577073 
25.303664868864416 
25.303664869022498 
25.303664869245907 
25.303664869073984 
25.303664868734913 
25.303664868402635 
25.303664867983727 
25.303664868427887 
25.303664868087807 
25.303664867599707 
25.303664867634524 
25.303664867762720 
25.303664867366891 
25.303664867217634 
25.303664867483235 
25.303664867755856 
25.303664867382068 
25.303664867108168 
25.303664867620128 
25.303664866894223 
25.303664866777481 
25.303664866553305 
25.303664866821293 
25.303664866614525 
25.303664866313511 
25.303664866102579 
25.303664866086137 
25.303664865678030 
25.303664866240169 
25.303664866149063 
25.303664866492767 
25.303664866417066 
25.303664866402784 
25.303664866521672 
25.303664867158702 
25.303664867634126 
25.303664867756865 
25.303664867970895 
25.303664867733247 
25.303664867592261 
25.303664866922531 
25.303664867220377 
25.303664866972966 
25.303664866384281 
25.303664866185272 
25.303664866142739 
25.303664866585592 
25.303664866878478 
25.303664866834396 
25.303664866324354 
25.303664866206503 
25.303664866510900 
25.303664866573257 
25.303664866708274 
25.303664866675675 
25.303664867176749 
25.303664867051026 
25.303664866779371 
25.303664867233636 
25.303664867422256 
25.303664867053044 
25.303664867159327 
25.303664867395227 
25.303664867186214 
25.303664867384128 
25.303664867429575 
25.303664867253346 
25.303664866935989 
25.303664866803089 
25.303664866563224 
25.303664866605402 
25.303664866937197 
25.303664867058842 
25.303664866534561 
25.303664867372518 
25.303664868001604 
25.303664868562649 
25.303664868670936 
25.303664869444830 
25.303664868682176 
25.303664868321604 
25.303664868962500 
25.303664868406130 
25.303664868033295 
25.303664867770138 
25.303664867845953 
25.303664868656128 
25.303664868662693 
25.303664868671063 
25.303664868612302 
25.303664868652007 
25.303664868793831 
25.303664869161111 
25.303664869488671 
25.303664869449833 
25.303664868935044 
25.303664869546751 
25.303664869509475 
25.303664869575698 
25.303664869189490 
25.303664868884695 
25.303664868843711 
25.303664868931349 
25.303664868746552 
25.303664868700281 
25.303664868878656 
25.303664868876083 
25.303664869026534 
25.303664868997814 
25.303664869034563 
25.303664868619492 
25.303664868607584 
25.303664868330799 
25.303664868219954 
25.303664868527591 
25.303664868755035 
25.303664868949156 
25.303664868761544 
25.303664868527051 
25.303664868670907 
25.303664868446887 
25.303664868956787 
25.303664868367335 
25.303664867352637 
25.303664867643974 
25.303664866902210 
25.303664866917416 
25.303664867008678 
25.303664867057620 
25.303664866750168 
25.303664866767278 
25.303664866688123 
25.303664866830331 
25.303664866808404 
25.303664866040975 
25.303664865371346 
25.303664865201441 
25.303664865098511 
25.303664865161920 
25.303664865207082 
25.303664865108757 
25.303664865177851 
25.303664865038158 
25.303664865295289 
25.303664865090141 
25.303664865645260 
25.303664865122286 
25.303664865133541 
25.303664864546107 
25.303664864745500 
25.303664864275504 
25.303664864597650 
25.303664864437224 
25.303664864362489 
25.303664864423951 
25.303664864848059 
25.303664865203842 
25.303664865006709 
25.303664865369100 
25.303664865190839 
25.303664864563387 
25.303664864212493 
25.303664864888418 
25.303664864193706 
25.303664864682574 
25.303664864747745 
25.303664863879604 
25.303664863505944 
25.303664863128233 
25.303664862890528 
25.303664862779939 
25.303664862214958 
25.303664861488926 
25.303664861897786 
25.303664861458287 
25.303664861234793 
25.303664861826320 
25.303664861534770 
25.303664861323441 
25.303664860865311 
25.303664860867528 
25.303664861326311 
25.303664861424778 
25.303664861106000 
25.303664861499186 
25.303664861801337 
25.303664861457264 
25.303664861707361 
25.303664861607061 
25.303664861031010 
25.303664860976639 
25.303664860729100 
25.303664860967103 
25.303664860611462 
25.303664859773292 
25.303664859126641 
25.303664859653807 
25.303664859604822 
25.303664859176052 
25.303664859336223 
25.303664859046393 
25.303664859403526 
25.303664859206279 
25.303664858962009 
25.303664859295935 
25.303664859609995 
25.303664859747570 
25.303664859801131 
25.303664859996033 
25.303664860008894 
25.303664859853356 
25.303664860331324 
25.303664860508249 
25.303664860123092 
25.303664860410862 
25.303664860065609 
25.303664860012731 
25.303664860102870 
25.303664860037742 
25.303664859793102 
25.303664859717401 
25.303664859720001 
25.303664859694820 
25.303664859977843 
25.303664860320140 
25.303664860511446 
25.303664861262632 
25.303664861554680 
25.303664861324833 
25.303664861987855 
25.303664862211093 
25.303664862476737 
25.303664863097509 
25.303664863097552 
25.303664862662245 
25.303664863082233 
25.303664862655907 
25.303664862732106 
25.303664862613488 
25.303664861902902 
25.303664861292873 
25.303664861662526 
25.303664862321696 
25.303664862440286 
25.303664862285302 
25.303664862671681 
25.303664862777794 
25.303664862631962 
