1.000000000000000 
0.999058108973149 
0.998168957542094 
0.997328244470513 
0.996532076148121 
0.995776920473935 
0.995059566938206 
0.994377091926920 
0.993726828449126 
0.993106339627976 
0.992513395409091 
0.991945952030938 
0.991402133875871 
0.990880217380905 
0.990378616736935 
0.989895871146086 
0.989430633440874 
0.988981659897201 
0.988547801096909 
0.988127993715581 
0.987721253128089 
0.987326666738660 
0.986943387954330 
0.986570630731048 
0.986207664630497 
0.985853810333337 
0.985508435561118 
0.985170951364777 
0.984840808742533 
0.984517495554263 
0.984200533703141 
0.983889476558583 
0.983583906597369 
0.983283433242293 
0.982987690879896 
0.982696337040766 
0.982409050727576 
0.982125530877560 
0.981845494947435 
0.981568677610007 
0.981294829552695 
0.981023716369208 
0.980755117536403 
0.980488825469133 
0.980224644646546 
0.979962390803908 
0.979701890184573 
0.979442978847185 
0.979185502023660 
0.978929313523879 
0.978674275183378 
0.978420256350653 
0.978167133410977 
0.977914789343905 
0.977663113311863 
0.977412000277453 
0.977161350647294 
0.976911069940403 
0.976661068479276 
0.976411261101978 
0.976161566893713 
0.975911908936417 
0.975662214075087 
0.975412412699618 
0.975162438541045 
0.974912228481150 
0.974661722374497 
0.974410862882009 
0.974159595315276 
0.973907867490855 
0.973655629593862 
0.973402834050217 
0.973149435406944 
0.972895390219996 
0.972640656949062 
0.972385195858918 
0.972128968926865 
0.971871939755855 
0.971614073492918 
0.971355336752558 
0.971095697544772 
0.970835125207409 
0.970573590342569 
0.970311064756792 
0.970047521404797 
0.969782934336531 
0.969517278647324 
0.969250530430958 
0.968982666735458 
0.968713665521438 
0.968443505622844 
0.968172166709941 
0.967899629254411 
0.967625874496420 
0.967350884413552 
0.967074641691482 
0.966797129696279 
0.966518332448258 
0.966238234597271 
0.965956821399357 
0.965674078694671 
0.965389992886611 
0.965104550922082 
0.964817740272814 
0.964529548917690 
0.964239965326008 
0.963948978441636 
0.963656577667998 
0.963362752853852 
0.963067494279801 
0.962770792645515 
0.962472639057596 
0.962173025018077 
0.961871942413497 
0.961569383504534 
0.961265340916152 
0.960959807628243 
0.960652776966731 
0.960344242595106 
0.960034198506381 
0.959722639015429 
0.959409558751685 
0.959094952652203 
0.958778815955024 
0.958461144192872 
0.958141933187113 
0.957821179042019 
0.957498878139261 
0.957175027132666 
0.956849622943192 
0.956522662754127 
0.956194144006486 
0.955864064394600 
0.955532421861899 
0.955199214596846 
0.954864441029049 
0.954528099825514 
0.954190189887048 
0.953850710344792 
0.953509660556883 
0.953167040105233 
0.952822848792423 
0.952477086638699 
0.952129753879072 
0.951780850960504 
0.951430378539191 
0.951078337477918 
0.950724728843503 
0.950369553904298 
0.950012814127773 
0.949654511178159 
0.949294646914145 
0.948933223386641 
0.948570242836584 
0.948205707692801 
0.947839620569914 
0.947471984266294 
0.947102801762042 
0.946732076217027 
0.946359810968948 
0.945986009531426 
0.945610675592139 
0.945233813010980 
0.944855425818239 
0.944475518212818 
0.944094094560467 
0.943711159392040 
0.943326717401779 
0.942940773445610 
0.942553332539469 
0.942164399857631 
0.941773980731069 
0.941382080645822 
0.940988705241382 
0.940593860309089 
0.940197551790550 
0.939799785776055 
0.939400568503024 
0.938999906354449 
0.938597805857357 
0.938194273681279 
0.937789316636732 
0.937382941673707 
0.936975155880169 
0.936565966480563 
0.936155380834334 
0.935743406434447 
0.935330050905920 
0.934915322004360 
0.934499227614519 
0.934081775748834 
0.933662974545994 
0.933242832269503 
0.932821357306252 
0.932398558165094 
0.931974443475429 
0.931549021985785 
0.931122302562420 
0.930694294187905 
0.930265005959735 
0.929834447088927 
0.929402626898630 
0.928969554822733 
0.928535240404483 
0.928099693295095 
0.927662923252376 
0.927224940139341 
0.926785753922838 
0.926345374672167 
0.925903812557709 
0.925461077849545 
0.925017180916084 
0.924572132222688 
0.924125942330290 
0.923678621894026 
0.923230181661851 
0.922780632473158 
0.922329985257401 
0.921878251032709 
0.921425440904498 
0.920971566064084 
0.920516637787289 
0.920060667433044 
0.919603666441993 
0.919145646335083 
0.918686618712161 
0.918226595250556 
0.917765587703664 
0.917303607899526 
0.916840667739393 
0.916376779196300 
0.915911954313622 
0.915446205203626 
0.914979544046026 
0.914511983086519 
0.914043534635325 
0.913574211065716 
0.913104024812540 
0.912632988370738 
0.912161114293860 
0.911688415192565 
0.911214903733126 
0.910740592635920 
0.910265494673922 
0.909789622671187 
0.909312989501328 
0.908835608085988 
0.908357491393318 
0.907878652436435 
0.907399104271893 
0.906918859998134 
0.906437932753955 
0.905956335716956 
0.905474082102004 
0.904991185159679 
0.904507658174734 
0.904023514464550 
0.903538767377591 
0.903053430291870 
0.902567516613407 
0.902081039774700 
0.901594013233196 
0.901106450469778 
0.900618364987241 
0.900129770308797 
0.899640679976576 
0.899151107550143 
0.898661066605021 
0.898170570731237 
0.897679633531870 
0.897188268621626 
0.896696489625414 
0.896204310176958 
0.895711743917412 
0.895218804494001 
0.894725505558681 
0.894231860766828 
0.893737883775935 
0.893243588244350 
0.892748987830027 
0.892254096189306 
0.891758926975723 
0.891263493838848 
0.890767810423143 
0.890271890366863 
0.889775747300974 
0.889279394848113 
0.888782846621569 
0.888286116224305 
0.887789217248001 
0.887292163272144 
0.886794967863136 
0.886297644573441 
0.885800206940767 
0.885302668487273 
0.884805042718812 
0.884307343124207 
0.883809583174553 
0.883311776322550 
0.882813936001868 
0.882316075626538 
0.881818208590367 
0.881320348266387 
0.880822508006316 
0.880324701140050 
0.879826940975176 
0.879329240796501 
0.878831613865594 
0.878334073420356 
0.877836632674586 
0.877339304817569 
0.876842103013670 
0.876345040401929 
0.875848130095662 
0.875351385182059 
0.874854818721786 
0.874358443748570 
0.873862273268783 
0.873366320261014 
0.872870597675622 
0.872375118434270 
0.871879895429443 
0.871384941523938 
0.870890269550324 
0.870395892310375 
0.869901822574466 
0.869408073080934 
0.868914656535394 
0.868421585610019 
0.867928872942765 
0.867436531136555 
0.866944572758402 
0.866453010338486 
0.865961856369167 
0.865471123303944 
0.864980823556344 
0.864490969498757 
0.864001573461194 
0.863512647729990 
0.863024204546421 
0.862536256105268 
0.862048814553291 
0.861561891987646 
0.861075500454216 
0.860589651945874 
0.860104358400670 
0.859619631699936 
0.859135483666330 
0.858651926061791 
0.858168970585428 
0.857686628871333 
0.857204912486326 
0.856723832927619 
0.856243401620422 
0.855763629915476 
0.855284529086519 
0.854806110327694 
0.854328384750887 
0.853851363383021 
0.853375057163278 
0.852899476940285 
0.852424633469239 
0.851950537408993 
0.851477199319104 
0.851004629656832 
0.850532838774119 
0.850061836914530 
0.849591634210175 
0.849122240678610 
0.848653666219715 
0.848185920612580 
0.847719013512363 
0.847252954447168 
0.846787752814913 
0.846323417880217 
0.845859958771301 
0.845397384476903 
0.844935703843231 
0.844474925570936 
0.844015058212127 
0.843556110167430 
0.843098089683089 
0.842641004848122 
0.842184863591539 
0.841729673679613 
0.841275442713230 
0.840822178125303 
0.840369887178270 
0.839918576961666 
0.839468254389794 
0.839018926199473 
0.838570598947894 
0.838123279010566 
0.837676972579371 
0.837231685660719 
0.836787424073825 
0.836344193449084 
0.835901999226578 
0.835460846654690 
0.835020740788846 
0.834581686490380 
0.834143688425524 
0.833706751064532 
0.833270878680921 
0.832836075350856 
0.832402344952665 
0.831969691166479 
0.831538117474014 
0.831107627158490 
0.830678223304670 
0.830249908799057 
0.829822686330199 
0.829396558389150 
0.828971527270054 
0.828547595070866 
0.828124763694198 
0.827703034848308 
0.827282410048204 
0.826862890616889 
0.826444477686726 
0.826027172200923 
0.825610974915155 
0.825195886399289 
0.824781907039242 
0.824369037038949 
0.823957276422441 
0.823546625036046 
0.823137082550683 
0.822728648464279 
0.822321322104276 
0.821915102630242 
0.821509989036591 
0.821105980155377 
0.820703074659195 
0.820301271064169 
0.819900567733025 
0.819500962878235 
0.819102454565260 
0.818705040715855 
0.818308719111451 
0.817913487396606 
0.817519343082524 
0.817126283550631 
0.816734306056219 
0.816343407732136 
0.815953585592537 
0.815564836536681 
0.815177157352767 
0.814790544721822 
0.814404995221621 
0.814020505330640 
0.813637071432045 
0.813254689817707 
0.812873356692232 
0.812493068177026 
0.812113820314361 
0.811735609071462 
0.811358430344599 
0.810982279963185 
0.810607153693869 
0.810233047244640 
0.809859956268904 
0.809487876369565 
0.809116803103087 
0.808746731983536 
0.808377658486597 
0.808009578053573 
0.807642486095343 
0.807276377996296 
0.806911249118217 
0.806547094804142 
0.806183910382158 
0.805821691169162 
0.805460432474561 
0.805100129603921 
0.804740777862550 
0.804382372559030 
0.804024909008667 
0.803668382536883 
0.803312788482535 
0.802958122201149 
0.802604379068088 
0.802251554481631 
0.801899643865970 
0.801548642674121 
0.801198546390749 
0.800849350534897 
0.800501050662630 
0.800153642369572 
0.799807121293366 
0.799461483116014 
0.799116723566139 
0.798772838421129 
0.798429823509197 
0.798087674711321 
0.797746387963105 
0.797405959256510 
0.797066384641508 
0.796727660227618 
0.796389782185344 
0.796052746747515 
0.795716550210518 
0.795381188935439 
0.795046659349097 
0.794712957944986 
0.794380081284119 
0.794048025995779 
0.793716788778179 
0.793386366399028 
0.793056755696015 
0.792727953577200 
0.792399957021330 
0.792072763078070 
0.791746368868158 
0.791420771583486 
0.791095968487111 
0.790771956913195 
0.790448734266883 
0.790126298024117 
0.789804645731397 
0.789483775005480 
0.789163683533032 
0.788844369070235 
0.788525829442345 
0.788208062543209 
0.787891066334748 
0.787574838846405 
0.787259378174558 
0.786944682481911 
0.786630749996856 
0.786317579012812 
0.786005167887554 
0.785693515042511 
0.785382618962062 
0.785072478192815 
0.784763091342874 
0.784454457081103 
0.784146574136380 
0.783839441296851 
0.783533057409167 
0.783227421377733 
0.782922532163950 
0.782618388785446 
0.782314990315316 
0.782012335881356 
0.781710424665287 
0.781409255901988 
0.781108828878716 
0.780809142934319 
0.780510197458442 
0.780211991890732 
0.779914525720017 
0.779617798483483 
0.779321809765826 
0.779026559198395 
0.778732046458299 
0.778438271267498 
0.778145233391869 
0.777852932640226 
0.777561368863317 
0.777270541952775 
0.776980451840034 
0.776691098495185 
0.776402481925795 
0.776114602175663 
0.775827459323522 
0.775541053481679 
0.775255384794588 
0.774970453437358 
0.774686259614183 
0.774402803556706 
0.774120085522292 
0.773838105792235 
0.773556864669872 
0.773276362478615 
0.772996599559892 
0.772717576271006 
0.772439292982898 
0.772161750077826 
0.771884947946940 
0.771608886987784 
0.771333567601691 
0.771058990191095 
0.770785155156758 
0.770512062894902 
0.770239713794266 
0.769968108233067 
0.769697246575903 
0.769427129170564 
0.769157756344775 
0.768889128402887 
0.768621245622487 
0.768354108250972 
0.768087716502059 
0.767822070552264 
0.767557170537343 
0.767293016548699 
0.767029608629779 
0.766766946772455 
0.766505030913399 
0.766243860930468 
0.765983436639104 
0.765723757788751 
0.765464824059321 
0.765206635057684 
0.764949190314227 
0.764692489279466 
0.764436531320735 
0.764181315718958 
0.763926841665512 
0.763673108259193 
0.763420114503289 
0.763167859302782 
0.762916341461672 
0.762665559680443 
0.762415512553671 
0.762166198567796 
0.761917616099045 
0.761669763411524 
0.761422638655498 
0.761176239865835 
0.760930564960646 
0.760685611740111 
0.760441377885503 
0.760197860958406 
0.759955058400131 
0.759712967531345 
0.759471585551886 
0.759230909540797 
0.758990936456554 
0.758751663137494 
0.758513086302454 
0.758275202551596 
0.758038008367433 
0.757801500116042 
0.757565674048469 
0.757330526302309 
0.757096052903465 
0.756862249768080 
0.756629112704623 
0.756396637416145 
0.756164819502673 
0.755933654463749 
0.755703137701106 
0.755473264521464 
0.755244030139449 
0.755015429680617 
0.754787458184576 
0.754560110608205 
0.754333381828955 
0.754107266648219 
0.753881759794773 
0.753656855928274 
0.753432549642804 
0.753208835470464 
0.752985707884984 
0.752763161305385 
0.752541190099637 
0.752319788588345 
0.752098951048431 
0.751878671716825 
0.751658944794144 
0.751439764448361 
0.751221124818469 
0.751003020018108 
0.750785444139187 
0.750568391255463 
0.750351855426103 
0.750135830699206 
0.749920311115293 
0.749705290710760 
0.749490763521296 
0.749276723585259 
0.749063164947011 
0.748850081660223 
0.748637467791126 
0.748425317421734 
0.748213624653027 
0.748002383608086 
0.747791588435207 
0.747581233310963 
0.747371312443245 
0.747161820074259 
0.746952750483499 
0.746744097990686 
0.746535856958679 
0.746328021796360 
0.746120586961495 
0.745913546963565 
0.745706896366578 
0.745500629791869 
0.745294741920855 
0.745089227497798 
0.744884081332532 
0.744679298303175 
0.744474873358822 
0.744270801522221 
0.744067077892431 
0.743863697647451 
0.743660656046840 
0.743457948434302 
0.743255570240249 
0.743053516984346 
0.742851784278009 
0.742650367826878 
0.742449263433258 
0.742248466998506 
0.742047974525381 
0.741847782120341 
0.741647885995782 
0.741448282472217 
0.741248967980389 
0.741049939063304 
0.740851192378195 
0.740652724698380 
0.740454532915050 
0.740256614038931 
0.740058965201853 
0.739861583658195 
0.739664466786208 
0.739467612089204 
0.739271017196606 
0.739074679864847 
0.738878597978125 
0.738682769548978 
0.738487192718707 
0.738291865757611 
0.738096787065046 
0.737901955169294 
0.737707368727237 
0.737513026523834 
0.737318927471398 
0.737125070608660 
0.736931455099634 
0.736738080232261 
0.736544945416844 
0.736352050184281 
0.736159394184066 
0.735966977182098 
0.735774799058276 
0.735582859803883 
0.735391159518778 
0.735199698408392 
0.735008476780530 
0.734817495042000 
0.734626753695060 
0.734436253333709 
0.734245994639816 
0.734055978379113 
0.733866205397048 
0.733676676614527 
0.733487393023535 
0.733298355682682 
0.733109565712652 
0.732921024291590 
0.732732732650442 
0.732544692068254 
0.732356903867445 
0.732169369409078 
0.731982090088130 
0.731795067328792 
0.731608302579790 
0.731421797309767 
0.731235553002719 
0.731049571153503 
0.730863853263440 
0.730678400835999 
0.730493215372604 
0.730308298368549 
0.730123651309038 
0.729939275665359 
0.729755172891205 
0.729571344419127 
0.729387791657150 
0.729204515985539 
0.729021518753717 
0.728838801277360 
0.728656364835624 
0.728474210668564 
0.728292339974689 
0.728110753908690 
0.727929453579315 
0.727748440047402 
0.727567714324063 
0.727387277369002 
0.727207130088991 
0.727027273336464 
0.726847707908250 
0.726668434544427 
0.726489453927291 
0.726310766680441 
0.726132373367958 
0.725954274493694 
0.725776470500641 
0.725598961770393 
0.725421748622678 
0.725244831314973 
0.725068210042164 
0.724891884936297 
0.724715856066350 
0.724540123438084 
0.724364686993916 
0.724189546612845 
0.724014702110408 
0.723840153238678 
0.723665899686270 
0.723491941078402 
0.723318276976957 
0.723144906880573 
0.722971830224755 
0.722799046382010 
0.722626554661984 
0.722454354311632 
0.722282444515396 
0.722110824395396 
0.721939493011644 
0.721768449362272 
0.721597692383772 
0.721427220951260 
0.721257033878752 
0.721087129919466 
0.720917507766134 
0.720748166051349 
0.720579103347916 
0.720410318169242 
0.720241808969745 
0.720073574145282 
0.719905612033612 
0.719737920914885 
0.719570499012151 
0.719403344491902 
0.719236455464651 
0.719069829985529 
0.718903466054917 
0.718737361619103 
0.718571514570983 
0.718405922750775 
0.718240583946770 
0.718075495896117 
0.717910656285625 
0.717746062752604 
0.717581712885724 
0.717417604225908 
0.717253734267241 
0.717090100457907 
0.716926700201151 
0.716763530856247 
0.716600589739507 
0.716437874125285 
0.716275381247007 
0.716113108298214 
0.715951052433615 
0.715789210770142 
0.715627580388027 
0.715466158331866 
0.715304941611704 
0.715143927204107 
0.714983112053241 
0.714822493071944 
0.714662067142796 
0.714501831119182 
0.714341781826344 
0.714181916062429 
0.714022230599517 
0.713862722184642 
0.713703387540798 
0.713544223367923 
0.713385226343879 
0.713226393125397 
0.713067720349017 
0.712909204632001 
0.712750842573225 
0.712592630754056 
0.712434565739199 
0.712276644077532 
0.712118862302907 
0.711961216934936 
0.711803704479765 
0.711646321430801 
0.711489064269441 
0.711331929465773 
0.711174913479249 
0.711018012759353 
0.710861223746237 
0.710704542871349 
0.710547966558038 
0.710391491222149 
0.710235113272599 
0.710078829111945 
0.709922635136936 
0.709766527739061 
0.709610503305085 
0.709454558217576 
0.709298688855439 
0.709142891594425 
0.708987162807668 
0.708831498866195 
0.708675896139456 
0.708520350995854 
0.708364859803277 
0.708209418929640 
0.708054024743444 
0.707898673614337 
0.707743361913690 
0.707588086015200 
0.707432842295492 
0.707277627134757 
0.707122436917398 
0.706967268032709 
0.706812116875569 
0.706656979847168 
0.706501853355756 
0.706346733817428 
0.706191617656923 
0.706036501308475 
0.705881381216679 
0.705726253837400 
0.705571115638712 
0.705415963101876 
0.705260792722349 
0.705105601010835 
0.704950384494369 
0.704795139717443 
0.704639863243165 
0.704484551654462 
0.704329201555320 
0.704173809572057 
0.704018372354641 
0.703862886578049 
0.703707348943650 
0.703551756180642 
0.703396105047516 
0.703240392333558 
0.703084614860386 
0.702928769483524 
0.702772853094003 
0.702616862620004 
0.702460795028518 
0.702304647327050 
0.702148416565332 
0.701992099837083 
0.701835694281774 
0.701679197086426 
0.701522605487418 
0.701365916772324 
0.701209128281753 
0.701052237411206 
0.700895241612944 
0.700738138397858 
0.700580925337344 
0.700423600065181 
0.700266160279402 
0.700108603744162 
0.699950928291591 
0.699793131823641 
0.699635212313910 
0.699477167809452 
0.699318996432549 
0.699160696382474 
0.699002265937204 
0.698843703455105 
0.698685007376579 
0.698526176225654 
0.698367208611546 
0.698208103230144 
0.698048858865459 
0.697889474390996 
0.697729948771077 
0.697570281062075 
0.697410470413598 
0.697250516069578 
0.697090417369291 
0.696930173748288 
0.696769784739246 
0.696609249972720 
0.696448569177810 
0.696287742182735 
0.696126768915302 
0.695965649403282 
0.695804383774685 
0.695642972257932 
0.695481415181926 
0.695319712976016 
0.695157866169865 
0.694995875393210 
0.694833741375519 
0.694671464945550 
0.694509047030814 
0.694346488656930 
0.694183790946900 
0.694020955120278 
0.693857982492261 
0.693694874472692 
0.693531632564982 
0.693368258364954 
0.693204753559627 
0.693041119925918 
0.692877359329300 
0.692713473722395 
0.692549465143524 
0.692385335715222 
0.692221087642698 
0.692056723212292 
0.691892244789892 
0.691727654819346 
0.691562955820856 
0.691398150389381 
0.691233241193038 
0.691068230971515 
0.690903122534504 
0.690737918760147 
0.690572622593525 
0.690407237045165 
0.690241765189595 
0.690076210163934 
0.689910575166534 
0.689744863455660 
0.689579078348231 
0.689413223218613 
0.689247301497457 
0.689081316670606 
0.688915272278045 
0.688749171912915 
0.688583019220575 
0.688416817897723 
0.688250571691566 
0.688084284399032 
0.687917959866038 
0.687751601986790 
0.687585214703130 
0.687418802003910 
0.687252367924398 
0.687085916545706 
0.686919451994243 
0.686752978441172 
0.686586500101891 
0.686420021235499 
0.686253546144270 
0.686087079173123 
0.685920624709070 
0.685754187180648 
0.685587771057331 
0.685421380848915 
0.685255021104863 
0.685088696413625 
0.684922411401906 
0.684756170733900 
0.684589979110470 
0.684423841268291 
0.684257761978924 
0.684091746047855 
0.683925798313470 
0.683759923645986 
0.683594126946309 
0.683428413144866 
0.683262787200357 
0.683097254098477 
0.682931818850573 
0.682766486492262 
0.682601262082004 
0.682436150699623 
0.682271157444808 
0.682106287435553 
0.681941545806590 
0.681776937707774 
0.681612468302458 
0.681448142765837 
0.681283966283282 
0.681119944048661 
0.680956081262651 
0.680792383131046 
0.680628854863065 
0.680465501669666 
0.680302328761864 
0.680139341349061 
0.679976544637391 
0.679813943828083 
0.679651544115838 
0.679489350687232 
0.679327368719144 
0.679165603377205 
0.679004059814277 
0.678842743168956 
0.678681658564109 
0.678520811105431 
0.678360205880040 
0.678199847955089 
0.678039742376414 
0.677879894167202 
0.677720308326690 
0.677560989828873 
0.677401943621254 
0.677243174623593 
0.677084687726683 
0.676926487791136 
0.676768579646187 
0.676610968088494 
0.676453657880958 
0.676296653751537 
0.676139960392065 
0.675983582457065 
0.675827524562560 
0.675671791284873 
0.675516387159425 
0.675361316679513 
0.675206584295072 
0.675052194411431 
0.674898151388042 
0.674744459537195 
0.674591123122711 
0.674438146358613 
0.674285533407779 
0.674133288380574 
0.673981415333455 
0.673829918267564 
0.673678801127297 
0.673528067798852 
0.673377722108768 
0.673227767822443 
0.673078208642646 
0.672929048208007 
0.672780290091519 
0.672631937799022 
0.672483994767684 
0.672336464364505 
0.672189349884806 
0.672042654550740 
0.671896381509820 
0.671750533833457 
0.671605114515539 
0.671460126471011 
0.671315572534521 
0.671171455459072 
0.671027777914735 
0.670884542487403 
0.670741751677587 
0.670599407899278 
0.670457513478852 
0.670316070654050 
0.670175081573015 
0.670034548293397 
0.669894472781527 
0.669754856911671 
0.669615702465352 
0.669477011130751 
0.669338784502194 
0.669201024079709 
0.669063731268677 
0.668926907379549 
0.668790553627668 
0.668654671133154 
0.668519260920886 
0.668384323920555 
0.668249860966812 
0.668115872799485 
0.667982360063884 
0.667849323311175 
0.667716762998842 
0.667584679491210 
0.667453073060055 
0.667321943885263 
0.667191292055578 
0.667061117569403 
0.666931420335657 
0.666802200174705 
0.666673456819331 
0.666545189915770 
0.666417399024790 
0.666290083622814 
0.666163243103094 
0.666036876776919 
0.665910983874863 
0.665785563548068 
0.665660614869553 
0.665536136835560 
0.665412128366921 
0.665288588310447 
0.665165515440338 
0.665042908459617 
0.664920766001570 
0.664799086631207 
0.664677868846728 
0.664557111081014 
0.664436811703094 
0.664316969019657 
0.664197581276536 
0.664078646660215 
0.663960163299321 
0.663842129266136 
0.663724542578084 
0.663607401199237 
0.663490703041802 
0.663374445967619 
0.663258627789636 
0.663143246273392 
0.663028299138492 
0.662913784060070 
0.662799698670243 
0.662686040559571 
0.662572807278490 
0.662459996338753 
0.662347605214847 
0.662235631345414 
0.662124072134653 
0.662012924953721 
0.661902187142115 
0.661791856009047 
0.661681928834813 
0.661572402872149 
0.661463275347571 
0.661354543462712 
0.661246204395646 
0.661138255302193 
0.661030693317228 
0.660923515555962 
0.660816719115224 
0.660710301074721 
0.660604258498297 
0.660498588435165 
0.660393287921142 
0.660288353979859 
0.660183783623965 
0.660079573856315 
0.659975721671141 
0.659872224055221 
0.659769077989012 
0.659666280447797 
0.659563828402791 
0.659461718822246 
0.659359948672542 
0.659258514919248 
0.659157414528189 
0.659056644466473 
0.658956201703523 
0.658856083212071 
0.658756285969159 
0.658656806957096 
0.658557643164419 
0.658458791586823 
0.658360249228078 
0.658262013100930 
0.658164080227971 
0.658066447642505 
0.657969112389388 
0.657872071525843 
0.657775322122265 
0.657678861262997 
0.657582686047097 
0.657486793589069 
0.657391181019589 
0.657295845486200 
0.657200784153989 
0.657105994206248 
0.657011472845101 
0.656917217292127 
0.656823224788949 
0.656729492597803 
0.656636018002092 
0.656542798306914 
0.656449830839566 
0.656357112950034 
0.656264642011453 
0.656172415420551 
0.656080430598073 
0.655988684989173 
0.655897176063802 
0.655805901317055 
0.655714858269514 
0.655624044467557 
0.655533457483654 
0.655443094916637 
0.655352954391952 
0.655263033561891 
0.655173330105798 
0.655083841730259 
0.654994566169275 
0.654905501184401 
0.654816644564886 
0.654727994127772 
0.654639547717989 
0.654551303208421 
0.654463258499955 
0.654375411521518 
0.654287760230084 
0.654200302610668 
0.654113036676304 
0.654025960468002 
0.653939072054685 
0.653852369533115 
0.653765851027793 
0.653679514690853 
0.653593358701928 
0.653507381268009 
0.653421580623282 
0.653335955028951 
0.653250502773048 
0.653165222170226 
0.653080111561537 
0.652995169314197 
0.652910393821336 
0.652825783501736 
0.652741336799557 
0.652657052184044 
0.652572928149231 
0.652488963213627 
0.652405155919894 
0.652321504834510 
0.652238008547425 
0.652154665671707 
0.652071474843180 
0.651988434720043 
0.651905543982500 
0.651822801332357 
0.651740205492636 
0.651657755207163 
0.651575449240161 
0.651493286375834 
0.651411265417937 
0.651329385189360 
0.651247644531687 
0.651166042304763 
0.651084577386258 
0.651003248671219 
0.650922055071629 
0.650840995515962 
0.650760068948732 
0.650679274330044 
0.650598610635151 
0.650518076853998 
0.650437671990781 
0.650357395063492 
0.650277245103485 
0.650197221155024 
0.650117322274846 
0.650037547531726 
0.649957896006040 
0.649878366789341 
0.649798958983928 
0.649719671702428 
0.649640504067386 
0.649561455210850 
0.649482524273971 
0.649403710406608 
0.649325012766933 
0.649246430521055 
0.649167962842641 
0.649089608912551 
0.649011367918474 
0.648933239054586 
0.648855221521199 
0.648777314524430 
0.648699517275880 
0.648621828992314 
0.648544248895358 
0.648466776211200 
0.648389410170310 
0.648312150007151 
0.648234994959925 
0.648157944270312 
0.648080997183218 
0.648004152946547 
0.647927410810972 
0.647850770029719 
0.647774229858362 
0.647697789554628 
0.647621448378217 
0.647545205590623 
0.647469060454977 
0.647393012235888 
0.647317060199305 
0.647241203612388 
0.647165441743380 
0.647089773861503 
0.647014199236853 
0.646938717140314 
0.646863326843476 
0.646788027618567 
0.646712818738392 
0.646637699476287 
0.646562669106077 
0.646487726902049 
0.646412872138935 
0.646338104091900 
0.646263422036543 
0.646188825248912 
0.646114313005520 
0.646039884583379 
0.645965539260038 
0.645891276313634 
0.645817095022951 
0.645742994667489 
0.645668974527539 
0.645595033884279 
0.645521172019861 
0.645447388217520 
0.645373681761693 
0.645300051938139 
0.645226498034073 
0.645153019338304 
0.645079615141392 
0.645006284735798 
0.644933027416057 
0.644859842478950 
0.644786729223685 
0.644713686952087 
0.644640714968799 
0.644567812581483 
0.644494979101029 
0.644422213841774 
0.644349516121730 
0.644276885262806 
0.644204320591046 
0.644131821436869 
0.644059387135309 
0.643987017026268 
0.643914710454763 
0.643842466771181 
0.643770285331537 
0.643698165497730 
0.643626106637804 
0.643554108126205 
0.643482169344048 
0.643410289679363 
0.643338468527366 
0.643266705290704 
0.643194999379711 
0.643123350212658 
0.643051757215990 
0.642980219824571 
0.642908737481913 
0.642837309640399 
0.642765935761504 
0.642694615315999 
0.642623347784156 
0.642552132655932 
0.642480969431149 
0.642409857619660 
0.642338796741504 
0.642267786327044 
0.642196825917097 
0.642125915063044 
0.642055053326929 
0.641984240281535 
0.641913475510458 
0.641842758608147 
0.641772089179941 
0.641701466842076 
0.641630891221688 
0.641560361956784 
0.641489878696202 
0.641419441099553 
0.641349048837142 
0.641278701589869 
0.641208399049114 
0.641138140916605 
0.641067926904260 
0.640997756734023 
0.640927630137672 
0.640857546856613 
0.640787506641662 
0.640717509252805 
0.640647554458946 
0.640577642037635 
0.640507771774795 
0.640437943464420 
0.640368156908274 
0.640298411915572 
0.640228708302653 
0.640159045892646 
0.640089424515125 
0.640019844005762 
0.639950304205975 
0.639880804962565 
0.639811346127357 
0.639741927556844 
0.639672549111821 
0.639603210657028 
0.639533912060795 
0.639464653194687 
0.639395433933164 
0.639326254153238 
0.639257113734148 
0.639188012557035 
0.639118950504640 
0.639049927460999 
0.638980943311170 
0.638911997940962 
0.638843091236676 
0.638774223084880 
0.638705393372188 
0.638636601985057 
0.638567848809612 
0.638499133731486 
0.638430456635678 
0.638361817406442 
0.638293215927184 
0.638224652080391 
0.638156125747581 
0.638087636809272 
0.638019185144975 
0.637950770633213 
0.637882393151552 
0.637814052576673 
0.637745748784438 
0.637677481650008 
0.637609251047957 
0.637541056852426 
0.637472898937274 
0.637404777176272 
0.637336691443300 
0.637268641612562 
0.637200627558827 
0.637132649157668 
0.637064706285737 
0.636996798821029 
0.636928926643182 
0.636861089633765 
0.636793287676595 
0.636725520658044 
0.636657788467367 
0.636590090997030 
0.636522428143042 
0.636454799805286 
0.636387205887860 
0.636319646299416 
0.636252120953486 
0.636184629768827 
0.636117172669744 
0.636049749586415 
0.635982360455214 
0.635915005219023 
0.635847683827530 
0.635780396237532 
0.635713142413216 
0.635645922326432 
0.635578735956956 
0.635511583292740 
0.635444464330149 
0.635377379074177 
0.635310327538662 
0.635243309746472 
0.635176325729684 
0.635109375529742 
0.635042459197603 
0.634975576793866 
0.634908728388874 
0.634841914062818 
0.634775133905808 
0.634708388017929 
0.634641676509294 
0.634574999500060 
0.634508357120442 
0.634441749510708 
0.634375176821154 
0.634308639212064 
0.634242136853665 
0.634175669926046 
0.634109238619092 
0.634042843132375 
0.633976483675054 
0.633910160465750 
0.633843873732416 
0.633777623712190 
0.633711410651245 
0.633645234804620 
0.633579096436054 
0.633512995817796 
0.633446933230420 
0.633380908962632 
0.633314923311060 
0.633248976580049 
0.633183069081451 
0.633117201134400 
0.633051373065095 
0.632985585206575 
0.632919837898486 
0.632854131486858 
0.632788466323868 
0.632722842767609 
0.632657261181856 
0.632591721935834 
0.632526225403976 
0.632460771965699 
0.632395362005165 
0.632329995911042 
0.632264674076287 
0.632199396897899 
0.632134164776697 
0.632068978117089 
0.632003837326844 
0.631938742816864 
0.631873695000961 
0.631808694295626 
0.631743741119812 
0.631678835894703 
0.631613979043495 
0.631549170991172 
0.631484412164282 
0.631419702990709 
0.631355043899459 
0.631290435320421 
0.631225877684151 
0.631161371421639 
0.631096916964076 
0.631032514742626 
0.630968165188186 
0.630903868731152 
0.630839625801173 
0.630775436826906 
0.630711302235767 
0.630647222453682 
0.630583197904821 
0.630519229011338 
0.630455316193105 
0.630391459867438 
0.630327660448817 
0.630263918348610 
0.630200233974770 
0.630136607731555 
0.630073040019218 
0.630009531233710 
0.629946081766364 
0.629882692003577 
0.629819362326495 
0.629756093110685 
0.629692884725802 
0.629629737535258 
0.629566651895881 
0.629503628157572 
0.629440666662960 
0.629377767747054 
0.629314931736892 
0.629252158951183 
0.629189449699965 
0.629126804284233 
0.629064222995601 
0.629001706115932 
0.628939253916995 
0.628876866660107 
0.628814544595782 
0.628752287963390 
0.628690096990806 
0.628627971894074 
0.628565912877074 
0.628503920131189 
0.628441993834985 
0.628380134153892 
0.628318341239899 
0.628256615231249 
0.628194956252149 
0.628133364412489 
0.628071839807564 
0.628010382517812 
0.627948992608567 
0.627887670129808 
0.627826415115938 
0.627765227585560 
0.627704107541277 
0.627643054969491 
0.627582069840231 
0.627521152106983 
0.627460301706532 
0.627399518558829 
0.627338802566859 
0.627278153616532 
0.627217571576580 
0.627157056298472 
0.627096607616347 
0.627036225346951 
0.626975909289594 
0.626915659226121 
0.626855474920895 
0.626795356120785 
0.626735302555189 
0.626675313936042 
0.626615389957859 
0.626555530297775 
0.626495734615610 
0.626436002553935 
0.626376333738152 
0.626316727776594 
0.626257184260618 
0.626197702764727 
0.626138282846689 
0.626078924047674 
0.626019625892392 
0.625960387889250 
0.625901209530506 
0.625842090292446 
0.625783029635547 
0.625724027004675 
0.625665081829267 
0.625606193523529 
0.625547361486647 
0.625488585102984 
0.625429863742311 
0.625371196760018 
0.625312583497345 
0.625254023281612 
0.625195515426455 
0.625137059232067 
0.625078653985446 
0.625020298960636 
0.624961993418984 
0.624903736609398 
0.624845527768600 
0.624787366121390 
0.624729250880911 
0.624671181248918 
0.624613156416044 
0.624555175562074 
0.624497237856219 
0.624439342457393 
0.624381488514490 
0.624323675166665 
0.624265901543613 
0.624208166765858 
0.624150469945030 
0.624092810184160 
0.624035186577959 
0.623977598213114 
0.623920044168570 
0.623862523515830 
0.623805035319239 
0.623747578636284 
0.623690152517880 
0.623632756008669 
0.623575388147318 
0.623518047966808 
0.623460734494737 
0.623403446753611 
0.623346183761149 
0.623288944530576 
0.623231728070918 
0.623174533387310 
0.623117359481289 
0.623060205351090 
0.623003069991954 
0.622945952396418 
0.622888851554621 
0.622831766454599 
0.622774696082583 
0.622717639423303 
0.622660595460280 
0.622603563176127 
0.622546541552846 
0.622489529572124 
0.622432526215628 
0.622375530465303 
0.622318541303665 
0.622261557714094 
0.622204578681129 
0.622147603190754 
0.622090630230698 
0.622033658790711 
0.621976687862866 
0.621919716441836 
0.621862743525181 
0.621805768113634 
0.621748789211382 
0.621691805826341 
0.621634816970444 
0.621577821659911 
0.621520818915523 
0.621463807762898 
0.621406787232760 
0.621349756361211 
0.621292714189988 
0.621235659766738 
0.621178592145272 
0.621121510385830 
0.621064413555332 
0.621007300727638 
0.620950170983797 
0.620893023412296 
0.620835857109308 
0.620778671178938 
0.620721464733458 
0.620664236893556 
0.620606986788561 
0.620549713556682 
0.620492416345241 
0.620435094310894 
0.620377746619859 
0.620320372448139 
0.620262970981740 
0.620205541416887 
0.620148082960236 
0.620090594829087 
0.620033076251589 
0.619975526466947 
0.619917944725621 
0.619860330289528 
0.619802682432232 
0.619745000439145 
0.619687283607714 
0.619629531247604 
0.619571742680888 
0.619513917242227 
0.619456054279051 
0.619398153151729 
0.619340213233750 
0.619282233911890 
0.619224214586378 
0.619166154671068 
0.619108053593595 
0.619049910795539 
0.618991725732581 
0.618933497874658 
0.618875226706117 
0.618816911725867 
0.618758552447518 
0.618700148399538 
0.618641699125384 
0.618583204183654 
0.618524663148217 
0.618466075608350 
0.618407441168873 
0.618348759450282 
0.618290030088872 
0.618231252736869 
0.618172427062552 
0.618113552750378 
0.618054629501098 
0.617995657031877 
0.617936635076409 
0.617877563385031 
0.617818441724834 
0.617759269879773 
0.617700047650769 
0.617640774855822 
0.617581451330104 
0.617522076926067 
0.617462651513535 
0.617403174979799 
0.617343647229715 
0.617284068185790 
0.617224437788270 
0.617164755995226 
0.617105022782637 
0.617045238144466 
0.616985402092742 
0.616925514657631 
0.616865575887503 
0.616805585849009 
0.616745544627132 
0.616685452325260 
0.616625309065235 
0.616565114987408 
0.616504870250689 
0.616444575032594 
0.616384229529281 
0.616323833955588 
0.616263388545068 
0.616202893550013 
0.616142349241472 
0.616081755909274 
0.616021113862035 
0.615960423427162 
0.615899684950855 
0.615838898798095 
0.615778065352632 
0.615717185016969 
0.615656258212322 
0.615595285378597 
0.615534266974339 
0.615473203476682 
0.615412095381293 
0.615350943202301 
0.615289747472217 
0.615228508741856 
0.615167227580236 
0.615105904574471 
0.615044540329663 
0.614983135468770 
0.614921690632470 
0.614860206479022 
0.614798683684096 
0.614737122940614 
0.614675524958567 
0.614613890464816 
0.614552220202894 
0.614490514932788 
0.614428775430709 
0.614367002488848 
0.614305196915124 
0.614243359532917 
0.614181491180785 
0.614119592712174 
0.614057664995106 
0.613995708911863 
0.613933725358656 
0.613871715245275 
0.613809679494730 
0.613747619042879 
0.613685534838047 
0.613623427840620 
0.613561299022640 
0.613499149367380 
0.613436979868907 
0.613374791531638 
0.613312585369874 
0.613250362407337 
0.613188123676683 
0.613125870219010 
0.613063603083356 
0.613001323326186 
0.612939032010871 
0.612876730207155 
0.612814418990615 
0.612752099442118 
0.612689772647264 
0.612627439695827 
0.612565101681184 
0.612502759699752 
0.612440414850401 
0.612378068233885 
0.612315720952251 
0.612253374108259 
0.612191028804792 
0.612128686144272 
0.612066347228072 
0.612004013155929 
0.611941685025361 
0.611879363931086 
0.611817050964443 
0.611754747212822 
0.611692453759091 
0.611630171681037 
0.611567902050813 
0.611505645934387 
0.611443404391004 
0.611381178472660 
0.611318969223583 
0.611256777679719 
0.611194604868246 
0.611132451807085 
0.611070319504431 
0.611008208958297 
0.610946121156077 
0.610884057074114 
0.610822017677297 
0.610760003918664 
0.610698016739028 
0.610636057066620 
0.610574125816747 
0.610512223891473 
0.610450352179317 
0.610388511554967 
0.610326702879023 
0.610264926997749 
0.610203184742855 
0.610141476931287 
0.610079804365055 
0.610018167831066 
0.609956568100982 
0.609895005931104 
0.609833482062273 
0.609771997219788 
0.609710552113349 
0.609649147437019 
0.609587783869205 
0.609526462072658 
0.609465182694496 
0.609403946366240 
0.609342753703873 
0.609281605307915 
0.609220501763515 
0.609159443640563 
0.609098431493814 
0.609037465863028 
0.608976547273129 
0.608915676234374 
0.608854853242538 
0.608794078779112 
0.608733353311508 
0.608672677293284 
0.608612051164370 
0.608551475351309 
0.608490950267505 
0.608430476313483 
0.608370053877143 
0.608309683334040 
0.608249365047645 
0.608189099369635 
0.608128886640162 
0.608068727188146 
0.608008621331552 
0.607948569377678 
0.607888571623440 
0.607828628355649 
0.607768739851298 
0.607708906377834 
0.607649128193436 
0.607589405547278 
0.607529738679797 
0.607470127822945 
0.607410573200442 
0.607351075028015 
0.607291633513637 
0.607232248857743 
0.607172921253453 
0.607113650886771 
0.607054437936785 
0.606995282575846 
0.606936184969742 
0.606877145277859 
0.606818163653327 
0.606759240243160 
0.606700375188376 
0.606641568624111 
0.606582820679713 
0.606524131478837 
0.606465501139505 
0.606406929774178 
0.606348417489798 
0.606289964387824 
0.606231570564257 
0.606173236109651 
0.606114961109112 
0.606056745642287 
0.605998589783343 
0.605940493600935 
0.605882457158159 
0.605824480512510 
0.605766563715809 
0.605708706814146 
0.605650909847799 
0.605593172851149 
0.605535495852595 
0.605477878874459 
0.605420321932886 
0.605362825037738 
0.605305388192497 
0.605248011394145 
0.605190694633064 
0.605133437892919 
0.605076241150551 
0.605019104375866 
0.604962027531727 
0.604905010573850 
0.604848053450702 
0.604791156103404 
0.604734318465635 
0.604677540463549 
0.604620822015695 
0.604564163032939 
0.604507563418405 
0.604451023067416 
0.604394541867444 
0.604338119698077 
0.604281756430989 
0.604225451929927 
0.604169206050703 
0.604113018641206 
0.604056889541417 
0.604000818583448 
0.603944805591582 
0.603888850382340 
0.603832952764548 
0.603777112539428 
0.603721329500699 
0.603665603434692 
0.603609934120486 
0.603554321330044 
0.603498764828381 
0.603443264373734 
0.603387819717750 
0.603332430605694 
0.603277096776657 
0.603221817963795 
0.603166593894570 
0.603111424291008 
0.603056308869968 
0.603001247343430 
0.602946239418787 
0.602891284799156 
0.602836383183695 
0.602781534267932 
0.602726737744109 
0.602671993301533 
0.602617300626932 
0.602562659404827 
0.602508069317911 
0.602453530047428 
0.602399041273568 
0.602344602675870 
0.602290213933614 
0.602235874726241 
0.602181584733762 
0.602127343637171 
0.602073151118870 
0.602019006863090 
0.601964910556310 
0.601910861887689 
0.601856860549482 
0.601802906237471 
0.601748998651384 
0.601695137495313 
0.601641322478141 
0.601587553313946 
0.601533829722421 
0.601480151429274 
0.601426518166631 
0.601372929673434 
0.601319385695821 
0.601265885987518 
0.601212430310205 
0.601159018433882 
0.601105650137230 
0.601052325207951 
0.600999043443109 
0.600945804649456 
0.600892608643746 
0.600839455253037 
0.600786344314986 
0.600733275678127 
0.600680249202135 
0.600627264758080 
0.600574322228671 
0.600521421508474 
0.600468562504125 
0.600415745134531 
0.600362969331045 
0.600310235037633 
0.600257542211028 
0.600204890820860 
0.600152280849776 
0.600099712293546 
0.600047185161140 
0.599994699474804 
0.599942255270115 
0.599889852596008 
0.599837491514801 
0.599785172102196 
0.599732894447265 
0.599680658652413 
0.599628464833335 
0.599576313118949 
0.599524203651308 
0.599472136585507 
0.599420112089562 
0.599368130344280 
0.599316191543105 
0.599264295891959 
0.599212443609052 
0.599160634924690 
0.599108870081057 
0.599057149331991 
0.599005472942734 
0.598953841189675 
0.598902254360078 
0.598850712751789 
0.598799216672939 
0.598747766441625 
0.598696362385579 
0.598645004841834 
0.598593694156362 
0.598542430683709 
0.598491214786623 
0.598440046835657 
0.598388927208779 
0.598337856290954 
0.598286834473733 
0.598235862154818 
0.598184939737633 
0.598134067630873 
0.598083246248060 
0.598032476007078 
0.597981757329711 
0.597931090641175 
0.597880476369640 
0.597829914945752 
0.597779406802151 
0.597728952372979 
0.597678552093396 
0.597628206399090 
0.597577915725779 
0.597527680508719 
0.597477501182218 
0.597427378179128 
0.597377311930371 
0.597327302864433 
0.597277351406886 
0.597227457979897 
0.597177623001749 
0.597127846886365 
0.597078130042828 
0.597028472874921 
0.596978875780659 
0.596929339151836 
0.596879863373570 
0.596830448823868 
0.596781095873188 
0.596731804884009 
0.596682576210419 
0.596633410197701 
0.596584307181939 
0.596535267489620 
0.596486291437264 
0.596437379331050 
0.596388531466458 
0.596339748127923 
0.596291029588501 
0.596242376109545 
0.596193787940391 
0.596145265318065 
0.596096808466991 
0.596048417598717 
0.596000092911660 
0.595951834590851 
0.595903642807703 
0.595855517719790 
0.595807459470636 
0.595759468189521 
0.595711543991301 
0.595663686976236 
0.595615897229836 
0.595568174822719 
0.595520519810482 
0.595472932233585 
0.595425412117252 
0.595377959471375 
0.595330574290444 
0.595283256553476 
0.595236006223969 
0.595188823249862 
0.595141707563506 
0.595094659081649 
0.595047677705436 
0.595000763320416 
0.594953915796559 
0.594907134988290 
0.594860420734529 
0.594813772858746 
0.594767191169018 
0.594720675458107 
0.594674225503540 
0.594627841067699 
0.594581521897928 
0.594535267726633 
0.594489078271409 
0.594442953235163 
0.594396892306249 
0.594350895158608 
0.594304961451923 
0.594259090831769 
0.594213282929783 
0.594167537363827 
0.594121853738173 
0.594076231643673 
0.594030670657961 
0.593985170345631 
0.593939730258449 
0.593894349935543 
0.593849028903620 
0.593803766677173 
0.593758562758697 
0.593713416638908 
0.593668327796967 
0.593623295700703 
0.593578319806848 
0.593533399561262 
0.593488534399170 
0.593443723745402 
0.593398967014624 
0.593354263611590 
0.593309612931374 
0.593265014359621 
0.593220467272791 
0.593175971038406 
0.593131525015299 
0.593087128553859 
0.593042780996291 
0.592998481676853 
0.592954229922121 
0.592910025051232 
0.592865866376139 
0.592821753201860 
0.592777684826741 
0.592733660542694 
0.592689679635460 
0.592645741384856 
0.592601845065031 
0.592557989944716 
0.592514175287472 
0.592470400351946 
0.592426664392118 
0.592382966657554 
0.592339306393651 
0.592295682841888 
0.592252095240074 
0.592208542822594 
0.592165024820653 
0.592121540462526 
0.592078088973795 
0.592034669577602 
0.591991281494883 
0.591947923944609 
0.591904596144034 
0.591861297308925 
0.591818026653804 
0.591774783392186 
0.591731566736810 
0.591688375899877 
0.591645210093280 
0.591602068528838 
0.591558950418522 
0.591515854974690 
0.591472781410306 
0.591429728939178 
0.591386696776165 
0.591343684137416 
0.591300690240582 
0.591257714305038 
0.591214755552100 
0.591171813205244 
0.591128886490316 
0.591085974635748 
0.591043076872766 
0.591000192435600 
0.590957320561694 
0.590914460491903 
0.590871611470705 
0.590828772746395 
0.590785943571286 
0.590743123201905 
0.590700310899188 
0.590657505928669 
0.590614707560672 
0.590571915070499 
0.590529127738610 
0.590486344850806 
0.590443565698411 
0.590400789578446 
0.590358015793803 
0.590315243653416 
0.590272472472429 
0.590229701572360 
0.590186930281264 
0.590144157933893 
0.590101383871847 
0.590058607443732 
0.590015828005306 
0.589973044919627 
0.589930257557193 
0.589887465296081 
0.589844667522084 
0.589801863628846 
0.589759053017984 
0.589716235099216 
0.589673409290482 
0.589630575018061 
0.589587731716685 
0.589544878829649 
0.589502015808914 
0.589459142115211 
0.589416257218142 
0.589373360596269 
0.589330451737205 
0.589287530137705 
0.589244595303742 
0.589201646750589 
0.589158684002894 
0.589115706594744 
0.589072714069741 
0.589029705981058 
0.588986681891497 
0.588943641373549 
0.588900584009438 
0.588857509391172 
0.588814417120587 
0.588771306809382 
0.588728178079159 
0.588685030561451 
0.588641863897754 
0.588598677739549 
0.588555471748328 
0.588512245595603 
0.588468998962930 
0.588425731541916 
0.588382443034226 
0.588339133151592 
0.588295801615814 
0.588252448158756 
0.588209072522348 
0.588165674458576 
0.588122253729478 
0.588078810107123 
0.588035343373613 
0.587991853321052 
0.587948339751540 
0.587904802477147 
0.587861241319894 
0.587817656111726 
0.587774046694496 
0.587730412919926 
0.587686754649593 
0.587643071754886 
0.587599364116987 
0.587555631626834 
0.587511874185089 
0.587468091702105 
0.587424284097896 
0.587380451302096 
0.587336593253926 
0.587292709902165 
0.587248801205099 
0.587204867130502 
0.587160907655587 
0.587116922766973 
0.587072912460651 
0.587028876741942 
0.586984815625461 
0.586940729135085 
0.586896617303911 
0.586852480174217 
0.586808317797433 
0.586764130234097 
0.586719917553823 
0.586675679835261 
0.586631417166063 
0.586587129642844 
0.586542817371150 
0.586498480465415 
0.586454119048933 
0.586409733253811 
0.586365323220941 
0.586320889099957 
0.586276431049200 
0.586231949235679 
0.586187443835035 
0.586142915031495 
0.586098363017838 
0.586053787995352 
0.586009190173791 
0.585964569771333 
0.585919927014534 
0.585875262138283 
0.585830575385752 
0.585785867008351 
0.585741137265672 
0.585696386425438 
0.585651614763449 
0.585606822563518 
0.585562010117418 
0.585517177724813 
0.585472325693197 
0.585427454337820 
0.585382563981620 
0.585337654955146 
0.585292727596478 
0.585247782251149 
0.585202819272055 
0.585157839019366 
0.585112841860434 
0.585067828169697 
0.585022798328574 
0.584977752725358 
0.584932691755113 
0.584887615819553 
0.584842525326928 
0.584797420691897 
0.584752302335402 
0.584707170684542 
0.584662026172426 
0.584616869238040 
0.584571700326104 
0.584526519886914 
0.584481328376196 
0.584436126254947 
0.584390913989270 
0.584345692050211 
0.584300460913590 
0.584255221059826 
0.584209972973759 
0.584164717144472 
0.584119454065110 
0.584074184232683 
0.584028908147889 
0.583983626314915 
0.583938339241242 
0.583893047437452 
0.583847751417026 
0.583802451696148 
0.583757148793496 
0.583711843230050 
0.583666535528877 
0.583621226214935 
0.583575915814866 
0.583530604856791 
0.583485293870108 
0.583439983385288 
0.583394673933671 
0.583349366047269 
0.583304060258562 
0.583258757100305 
0.583213457105331 
0.583168160806356 
0.583122868735793 
0.583077581425561 
0.583032299406905 
0.582987023210214 
0.582941753364844 
0.582896490398949 
0.582851234839306 
0.582805987211160 
0.582760748038062 
0.582715517841712 
0.582670297141813 
0.582625086455929 
0.582579886299342 
0.582534697184922 
0.582489519623002 
0.582444354121252 
0.582399201184563 
0.582354061314940 
0.582308935011398 
0.582263822769857 
0.582218725083059 
0.582173642440471 
0.582128575328209 
0.582083524228965 
0.582038489621931 
0.581993471982736 
0.581948471783393 
0.581903489492235 
0.581858525573876 
0.581813580489161 
0.581768654695133 
0.581723748644993 
0.581678862788073 
0.581633997569814 
0.581589153431741 
0.581544330811447 
0.581499530142580 
0.581454751854832 
0.581409996373934 
0.581365264121652 
0.581320555515781 
0.581275870970155 
0.581231210894645 
0.581186575695165 
0.581141965773679 
0.581097381528214 
0.581052823352867 
0.581008291637814 
0.580963786769326 
0.580919309129783 
0.580874859097678 
0.580830437047639 
0.580786043350439 
0.580741678373008 
0.580697342478444 
0.580653036026024 
0.580608759371218 
0.580564512865694 
0.580520296857327 
0.580476111690208 
0.580431957704645 
0.580387835237170 
0.580343744620539 
0.580299686183728 
0.580255660251938 
0.580211667146586 
0.580167707185297 
0.580123780681899 
0.580079887946408 
0.580036029285018 
0.579992205000082 
0.579948415390098 
0.579904660749681 
0.579860941369550 
0.579817257536494 
0.579773609533349 
0.579729997638967 
0.579686422128184 
0.579642883271786 
0.579599381336472 
0.579555916584816 
0.579512489275226 
0.579469099661904 
0.579425747994799 
0.579382434519563 
0.579339159477506 
0.579295923105543 
0.579252725636146 
0.579209567297298 
0.579166448312432 
0.579123368900388 
0.579080329275350 
0.579037329646800 
0.578994370219461 
0.578951451193239 
0.578908572763174 
0.578865735119380 
0.578822938446996 
0.578780182926127 
0.578737468731795 
0.578694796033885 
0.578652164997088 
0.578609575780862 
0.578567028539371 
0.578524523421444 
0.578482060570527 
0.578439640124638 
0.578397262216323 
0.578354926972618 
0.578312634515009 
0.578270384959398 
0.578228178416065 
0.578186014989642 
0.578143894779082 
0.578101817877635 
0.578059784372823 
0.578017794346427 
0.577975847874466 
0.577933945027186 
0.577892085869052 
0.577850270458742 
0.577808498849148 
0.577766771087375 
0.577725087214747 
0.577683447266823 
0.577641851273404 
0.577600299258555 
0.577558791240628 
0.577517327232290 
0.577475907240547 
0.577434531266788 
0.577393199306822 
0.577351911350919 
0.577310667383861 
0.577269467384995 
0.577228311328288 
0.577187199182395 
0.577146130910714 
0.577105106471468 
0.577064125817772 
0.577023188897715 
0.576982295654441 
0.576941446026242 
0.576900639946643 
0.576859877344501 
0.576819158144109 
0.576778482265288 
0.576737849623511 
0.576697260129998 
0.576656713691847 
0.576616210212140 
0.576575749590074 
0.576535331721082 
0.576494956496969 
0.576454623806034 
0.576414333533218 
0.576374085560232 
0.576333879765706 
0.576293716025332 
0.576253594212005 
0.576213514195982 
0.576173475845026 
0.576133479024566 
0.576093523597845 
0.576053609426089 
0.576013736368655 
0.575973904283201 
0.575934113025845 
0.575894362451330 
0.575854652413189 
0.575814982763909 
0.575775353355102 
0.575735764037671 
0.575696214661977 
0.575656705078009 
0.575617235135552 
0.575577804684359 
0.575538413574312 
0.575499061655601 
0.575459748778885 
0.575420474795460 
0.575381239557431 
0.575342042917873 
0.575302884730997 
0.575263764852318 
0.575224683138815 
0.575185639449089 
0.575146633643532 
0.575107665584476 
0.575068735136357 
0.575029842165865 
0.574990986542099 
0.574952168136718 
0.574913386824088 
0.574874642481431 
0.574835934988965 
0.574797264230049 
0.574758630091319 
0.574720032462824 
0.574681471238163 
0.574642946314611 
0.574604457593248 
0.574566004979084 
0.574527588381178 
0.574489207712759 
0.574450862891338 
0.574412553838824 
0.574374280481625 
0.574336042750759 
0.574297840581951 
0.574259673915734 
0.574221542697541 
0.574183446877794 
0.574145386411995 
0.574107361260803 
0.574069371390120 
0.574031416771161 
0.573993497380527 
0.573955613200274 
0.573917764217973 
0.573879950426774 
0.573842171825461 
0.573804428418499 
0.573766720216089 
0.573729047234206 
0.573691409494639 
0.573653807025028 
0.573616239858896 
0.573578708035673 
0.573541211600721 
0.573503750605351 
0.573466325106837 
0.573428935168431 
0.573391580859359 
0.573354262254830 
0.573316979436033 
0.573279732490123 
0.573242521510216 
0.573205346595369 
0.573168207850560 
0.573131105386663 
0.573094039320420 
0.573057009774402 
0.573020016876975 
0.572983060762253 
0.572946141570052 
0.572909259445840 
0.572872414540673 
0.572835607011138 
0.572798837019287 
0.572762104732564 
0.572725410323730 
0.572688753970778 
0.572652135856858 
0.572615556170179 
0.572579015103913 
0.572542512856105 
0.572506049629560 
0.572469625631738 
0.572433241074643 
0.572396896174700 
0.572360591152639 
0.572324326233360 
0.572288101645811 
0.572251917622845 
0.572215774401080 
0.572179672220759 
0.572143611325596 
0.572107591962626 
0.572071614382043 
0.572035678837044 
0.571999785583659 
0.571963934880583 
0.571928126989003 
0.571892362172419 
0.571856640696466 
0.571820962828726 
0.571785328838545 
0.571749738996837 
0.571714193575895 
0.571678692849191 
0.571643237091177 
0.571607826577086 
0.571572461582720 
0.571537142384254 
0.571501869258016 
0.571466642480286 
0.571431462327078 
0.571396329073926 
0.571361242995675 
0.571326204366258 
0.571291213458485 
0.571256270543824 
0.571221375892181 
0.571186529771686 
0.571151732448477 
0.571116984186476 
0.571082285247181 
0.571047635889446 
0.571013036369270 
0.570978486939580 
0.570943987850022 
0.570909539346755 
0.570875141672241 
0.570840795065035 
0.570806499759595 
0.570772255986072 
0.570738063970119 
0.570703923932695 
0.570669836089882 
0.570635800652690 
0.570601817826882 
0.570567887812794 
0.570534010805162 
0.570500186992953 
0.570466416559198 
0.570432699680843 
0.570399036528578 
0.570365427266703 
0.570331872052972 
0.570298371038467 
0.570264924367451 
0.570231532177251 
0.570198194598130 
0.570164911753174 
0.570131683758180 
0.570098510721551 
0.570065392744200 
0.570032329919454 
0.569999322332970 
0.569966370062650 
0.569933473178572 
0.569900631742916 
0.569867845809904 
0.569835115425743 
0.569802440628569 
0.569769821448407 
0.569737257907129 
0.569704750018417 
0.569672297787741 
0.569639901212327 
0.569607560281146 
0.569575274974896 
0.569543045265998 
0.569510871118592 
0.569478752488537 
0.569446689323421 
0.569414681562568 
0.569382729137060 
0.569350831969751 
0.569318989975292 
0.569287203060161 
0.569255471122695 
0.569223794053124 
0.569192171733607 
0.569160604038281 
0.569129090833301 
0.569097631976889 
0.569066227319387 
0.569034876703310 
0.569003579963402 
0.568972336926696 
0.568941147412572 
0.568910011232825 
0.568878928191726 
0.568847898086089 
0.568816920705344 
0.568785995831603 
0.568755123239730 
0.568724302697422 
0.568693533965275 
0.568662816796860 
0.568632150938808 
0.568601536130875 
0.568570972106029 
0.568540458590526 
0.568509995303988 
0.568479581959485 
0.568449218263617 
0.568418903916593 
0.568388638612313 
0.568358422038448 
0.568328253876528 
0.568298133802021 
0.568268061484416 
0.568238036587304 
0.568208058768468 
0.568178127679961 
0.568148242968190 
0.568118404274006 
0.568088611232778 
0.568058863474490 
0.568029160623813 
0.567999502300199 
0.567969888117964 
0.567940317686370 
0.567910790609713 
0.567881306487408 
0.567851864914076 
0.567822465479630 
0.567793107769359 
0.567763791364018 
0.567734515839913 
0.567705280768991 
0.567676085718925 
0.567646930253202 
0.567617813931216 
0.567588736308351 
0.567559696936077 
0.567530695362033 
0.567501731130123 
0.567472803780603 
0.567443912850178 
0.567415057872087 
0.567386238376199 
0.567357453889107 
0.567328703934220 
0.567299988031858 
0.567271305699345 
0.567242656451107 
0.567214039798767 
0.567185455251237 
0.567156902314824 
0.567128380493318 
0.567099889288098 
0.567071428198223 
0.567042996720538 
0.567014594349769 
0.566986220578625 
0.566957874897898 
0.566929556796564 
0.566901265761884 
0.566873001279508 
0.566844762833571 
0.566816549906804 
0.566788361980631 
0.566760198535269 
0.566732059049841 
0.566703943002471 
0.566675849870389 
0.566647779130037 
0.566619730257170 
0.566591702726960 
0.566563696014102 
0.566535709592912 
0.566507742937438 
0.566479795521554 
0.566451866819071 
0.566423956303833 
0.566396063449824 
0.566368187731266 
0.566340328622723 
0.566312485599200 
0.566284658136244 
0.566256845710042 
0.566229047797520 
0.566201263876444 
0.566173493425513 
0.566145735924458 
0.566117990854137 
0.566090257696627 
0.566062535935321 
0.566034825055015 
0.566007124542006 
0.565979433884178 
0.565951752571087 
0.565924080094054 
0.565896415946249 
0.565868759622772 
0.565841110620742 
0.565813468439372 
0.565785832580052 
0.565758202546425 
0.565730577844468 
0.565702957982558 
0.565675342471552 
0.565647730824855 
0.565620122558486 
0.565592517191150 
0.565564914244300 
0.565537313242199 
0.565509713711982 
0.565482115183712 
0.565454517190443 
0.565426919268263 
0.565399320956355 
0.565371721797044 
0.565344121335843 
0.565316519121496 
0.565288914706026 
0.565261307644768 
0.565233697496413 
0.565206083823037 
0.565178466190141 
0.565150844166672 
0.565123217325058 
0.565095585241229 
0.565067947494641 
0.565040303668296 
0.565012653348757 
0.564984996126168 
0.564957331594261 
0.564929659350368 
0.564901978995427 
0.564874290133989 
0.564846592374217 
0.564818885327890 
0.564791168610393 
0.564763441840721 
0.564735704641461 
0.564707956638791 
0.564680197462462 
0.564652426745785 
0.564624644125611 
0.564596849242315 
0.564569041739775 
0.564541221265342 
0.564513387469823 
0.564485540007443 
0.564457678535822 
0.564429802715942 
0.564401912212109 
0.564374006691922 
0.564346085826231 
0.564318149289105 
0.564290196757779 
0.564262227912627 
0.564234242437102 
0.564206240017705 
0.564178220343930 
0.564150183108218 
0.564122128005910 
0.564094054735195 
0.564065962997062 
0.564037852495245 
0.564009722936172 
0.563981574028914 
0.563953405485130 
0.563925217019010 
0.563897008347227 
0.563868779188878 
0.563840529265430 
0.563812258300667 
0.563783966020633 
0.563755652153578 
0.563727316429907 
0.563698958582121 
0.563670578344769 
0.563642175454390 
0.563613749649466 
0.563585300670366 
0.563556828259299 
0.563528332160263 
0.563499812118995 
0.563471267882927 
0.563442699201137 
0.563414105824304 
0.563385487504669 
0.563356843995985 
0.563328175053484 
0.563299480433834 
0.563270759895102 
0.563242013196720 
0.563213240099447 
0.563184440365344 
0.563155613757738 
0.563126760041193 
0.563097878981490 
0.563068970345596 
0.563040033901645 
0.563011069418917 
0.562982076667820 
0.562953055419871 
0.562924005447686 
0.562894926524966 
0.562865818426484 
0.562836680928083 
0.562807513806665 
0.562778316840186 
0.562749089807660 
0.562719832489152 
0.562690544665785 
0.562661226119740 
0.562631876634263 
0.562602495993673 
0.562573083983368 
0.562543640389838 
0.562514165000677 
0.562484657604596 
0.562455117991436 
0.562425545952188 
0.562395941279008 
0.562366303765238 
0.562336633205423 
0.562306929395334 
0.562277192131987 
0.562247421213672 
0.562217616439966 
0.562187777611767 
0.562157904531312 
0.562127997002204 
0.562098054829435 
0.562068077819414 
0.562038065779989 
0.562008018520475 
0.561977935851678 
0.561947817585917 
0.561917663537052 
0.561887473520507 
0.561857247353290 
0.561826984854020 
0.561796685842946 
0.561766350141969 
0.561735977574660 
0.561705567966281 
0.561675121143804 
0.561644636935923 
0.561614115173070 
0.561583555687435 
0.561552958312969 
0.561522322885400 
0.561491649242245 
0.561460937222812 
0.561430186668205 
0.561399397421337 
0.561368569326923 
0.561337702231486 
0.561306795983354 
0.561275850432659 
0.561244865431329 
0.561213840833085 
0.561182776493431 
0.561151672269644 
0.561120528020763 
0.561089343607574 
0.561058118892596 
0.561026853740065 
0.560995548015913 
0.560964201587749 
0.560932814324839 
0.560901386098081 
0.560869916779981 
0.560838406244630 
0.560806854367672 
0.560775261026284 
0.560743626099139 
0.560711949466384 
0.560680231009603 
0.560648470611791 
0.560616668157322 
0.560584823531916 
0.560552936622606 
0.560521007317711 
0.560489035506799 
0.560457021080656 
0.560424963931259 
0.560392863951742 
0.560360721036364 
0.560328535080485 
0.560296305980535 
0.560264033633985 
0.560231717939327 
0.560199358796043 
0.560166956104590 
0.560134509766370 
0.560102019683722 
0.560069485759897 
0.560036907899047 
0.560004286006214 
0.559971619987319 
0.559938909749156 
0.559906155199390 
0.559873356246552 
0.559840512800047 
0.559807624770157 
0.559774692068049 
0.559741714605790 
0.559708692296362 
0.559675625053682 
0.559642512792625 
0.559609355429055 
0.559576152879851 
0.559542905062948 
0.559509611897373 
0.559476273303289 
0.559442889202044 
0.559409459516223 
0.559375984169702 
0.559342463087709 
0.559308896196890 
0.559275283425374 
0.559241624702849 
0.559207919960635 
0.559174169131765 
0.559140372151071 
0.559106528955269 
0.559072639483050 
0.559038703675179 
0.559004721474588 
0.558970692826480 
0.558936617678434 
0.558902495980507 
0.558868327685351 
0.558834112748323 
0.558799851127592 
0.558765542784267 
0.558731187682509 
0.558696785789648 
0.558662337076310 
0.558627841516536 
0.558593299087902 
0.558558709771647 
0.558524073552790 
0.558489390420257 
0.558454660367002 
0.558419883390126 
0.558385059491002 
0.558350188675386 
0.558315270953540 
0.558280306340341 
0.558245294855398 
0.558210236523157 
0.558175131373005 
0.558139979439376 
0.558104780761846 
0.558069535385228 
0.558034243359657 
0.557998904740681 
0.557963519589333 
0.557928087972210 
0.557892609961533 
0.557857085635216 
0.557821515076915 
0.557785898376082 
0.557750235627999 
0.557714526933820 
0.557678772400592 
0.557642972141280 
0.557607126274772 
0.557571234925891 
0.557535298225387 
0.557499316309925 
0.557463289322070 
0.557427217410253 
0.557391100728741 
0.557354939437589 
0.557318733702592 
0.557282483695223 
0.557246189592569 
0.557209851577247 
0.557173469837334 
0.557137044566265 
0.557100575962742 
0.557064064230630 
0.557027509578841 
0.556990912221221 
0.556954272376422 
0.556917590267779 
0.556880866123163 
0.556844100174856 
0.556807292659390 
0.556770443817414 
0.556733553893524 
0.556696623136119 
0.556659651797234 
0.556622640132383 
0.556585588400387 
0.556548496863217 
0.556511365785820 
0.556474195435955 
0.556436986084022 
0.556399738002901 
0.556362451467778 
0.556325126755984 
0.556287764146835 
0.556250363921465 
0.556212926362674 
0.556175451754773 
0.556137940383430 
0.556100392535530 
0.556062808499031 
0.556025188562829 
0.555987533016626 
0.555949842150809 
0.555912116256331 
0.555874355624599 
0.555836560547373 
0.555798731316665 
0.555760868224654 
0.555722971563604 
0.555685041625786 
0.555647078703420 
0.555609083088615 
0.555571055073321 
0.555532994949289 
0.555494903008039 
0.555456779540843 
0.555418624838705 
0.555380439192359 
0.555342222892273 
0.555303976228661 
0.555265699491500 
0.555227392970567 
0.555189056955469 
0.555150691735689 
0.555112297600642 
0.555073874839733 
0.555035423742425 
0.554996944598312 
0.554958437697205 
0.554919903329215 
0.554881341784846 
0.554842753355102 
0.554804138331584 
0.554765497006603 
0.554726829673297 
0.554688136625745 
0.554649418159097 
0.554610674569693 
0.554571906155197 
0.554533113214730 
0.554494296049003 
0.554455454960451 
0.554416590253377 
0.554377702234088 
0.554338791211034 
0.554299857494950 
0.554260901398994 
0.554221923238891 
0.554182923333068 
0.554143902002792 
0.554104859572308 
0.554065796368969 
0.554026712723376 
0.553987608969497 
0.553948485444799 
0.553909342490373 
0.553870180451044 
0.553830999675499 
0.553791800516387 
0.553752583330432 
0.553713348478535 
0.553674096325865 
0.553634827241958 
0.553595541600801 
0.553556239780909 
0.553516922165406 
0.553477589142088 
0.553438241103488 
0.553398878446935 
0.553359501574594 
0.553320110893519 
0.553280706815685 
0.553241289758013 
0.553201860142397 
0.553162418395715 
0.553122964949839 
0.553083500241629 
0.553044024712934 
0.553004538810566 
0.552965042986285 
0.552925537696765 
0.552886023403555 
0.552846500573034 
0.552806969676354 
0.552767431189384 
0.552727885592635 
0.552688333371185 
0.552648775014589 
0.552609211016795 
0.552569641876036 
0.552530068094724 
0.552490490179332 
0.552450908640273 
0.552411323991768 
0.552371736751705 
0.552332147441496 
0.552292556585923 
0.552252964712975 
0.552213372353682 
0.552173780041942 
0.552134188314335 
0.552094597709942 
0.552055008770141 
0.552015422038414 
0.551975838060135 
0.551936257382356 
0.551896680553591 
0.551857108123588 
0.551817540643099 
0.551777978663642 
0.551738422737265 
0.551698873416293 
0.551659331253079 
0.551619796799755 
0.551580270607962 
0.551540753228595 
0.551501245211530 
0.551461747105356 
0.551422259457100 
0.551382782811953 
0.551343317712986 
0.551303864700872 
0.551264424313597 
0.551224997086183 
0.551185583550391 
0.551146184234442 
0.551106799662720 
0.551067430355488 
0.551028076828597 
0.550988739593196 
0.550949419155443 
0.550910116016215 
0.550870830670825 
0.550831563608734 
0.550792315313267 
0.550753086261332 
0.550713876923139 
0.550674687761927 
0.550635519233687 
0.550596371786897 
0.550557245862248 
0.550518141892391 
0.550479060301672 
0.550440001505885 
0.550400965912021 
0.550361953918024 
0.550322965912561 
0.550284002274783 
0.550245063374106 
0.550206149569991 
0.550167261211737 
0.550128398638270 
0.550089562177951 
0.550050752148390 
0.550011968856260 
0.549973212597128 
0.549934483655288 
0.549895782303613 
0.549857108803400 
0.549818463404238 
0.549779846343881 
0.549741257848129 
0.549702698130722 
0.549664167393239 
0.549625665825016 
0.549587193603066 
0.549548750892013 
0.549510337844041 
0.549471954598847 
0.549433601283611 
0.549395278012974 
0.549356984889029 
0.549318722001327 
0.549280489426891 
0.549242287230239 
0.549204115463431 
0.549165974166117 
0.549127863365603 
0.549089783076930 
0.549051733302960 
0.549013714034488 
0.548975725250352 
0.548937766917569 
0.548899838991470 
0.548861941415872 
0.548824074123234 
0.548786237034850 
0.548748430061044 
0.548710653101387 
0.548672906044917 
0.548635188770385 
0.548597501146501 
0.548559843032215 
0.548522214276986 
0.548484614721086 
0.548447044195908 
0.548409502524292 
0.548371989520862 
0.548334504992375 
0.548297048738097 
0.548259620550170 
0.548222220214017 
0.548184847508742 
0.548147502207553 
0.548110184078197 
0.548072892883406 
0.548035628381357 
0.547998390326142 
0.547961178468255 
0.547923992555094 
0.547886832331459 
0.547849697540080 
0.547812587922148 
0.547775503217850 
0.547738443166930 
0.547701407509247 
0.547664395985343 
0.547627408337030 
0.547590444307972 
0.547553503644282 
0.547516586095127 
0.547479691413336 
0.547442819356011 
0.547405969685153 
0.547369142168276 
0.547332336579047 
0.547295552697900 
0.547258790312676 
0.547222049219251 
0.547185329222167 
0.547148630135261 
0.547111951782290 
0.547075293997559 
0.547038656626532 
0.547002039526449 
0.546965442566935 
0.546928865630589 
0.546892308613581 
0.546855771426225 
0.546819253993544 
0.546782756255825 
0.546746278169160 
0.546709819705961 
0.546673380855473 
0.546636961624257 
0.546600562036659 
0.546564182135258 
0.546527821981287 
0.546491481655035 
0.546455161256224 
0.546418860904359 
0.546382580739046 
0.546346320920289 
0.546310081628753 
0.546273863065996 
0.546237665454670 
0.546201489038685 
0.546165334083349 
0.546129200875458 
0.546093089723363 
0.546057000956992 
0.546020934927840 
0.545984892008917 
0.545948872594657 
0.545912877100789 
0.545876905964171 
0.545840959642578 
0.545805038614455 
0.545769143378625 
0.545733274453961 
0.545697432379017 
0.545661617711614 
0.545625831028394 
0.545590072924330 
0.545554344012196 
0.545518644922005 
0.545482976300404 
0.545447338810036 
0.545411733128866 
0.545376159949472 
0.545340619978306 
0.545305113934921 
0.545269642551169 
0.545234206570370 
0.545198806746459 
0.545163443843100 
0.545128118632786 
0.545092831895909 
0.545057584419824 
0.545022376997879 
0.544987210428448 
0.544952085513938 
0.544917003059793 
0.544881963873490 
0.544846968763528 
0.544812018538412 
0.544777114005643 
0.544742255970698 
0.544707445236031 
0.544672682600061 
0.544637968856190 
0.544603304791804 
0.544568691187323 
0.544534128815233 
0.544499618439155 
0.544465160812931 
0.544430756679724 
0.544396406771151 
0.544362111806434 
0.544327872491586 
0.544293689518613 
0.544259563564761 
0.544225495291782 
0.544191485345247 
0.544157534353871 
0.544123642928897 
0.544089811663498 
0.544056041132229 
0.544022331890502 
0.543988684474111 
0.543955099398788 
0.543921577159803 
0.543888118231594 
0.543854723067441 
0.543821392099181 
0.543788125736952 
0.543754924368986 
0.543721788361427 
0.543688718058194 
0.543655713780878 
0.543622775828671 
0.543589904478335 
0.543557099984195 
0.543524362578177 
0.543491692469864 
0.543459089846590 
0.543426554873564 
0.543394087694010 
0.543361688429349 
0.543329357179398 
0.543297094022587 
0.543264899016208 
0.543232772196680 
0.543200713579833 
0.543168723161213 
0.543136800916397 
0.543104946801333 
0.543073160752683 
0.543041442688186 
0.543009792507029 
0.542978210090230 
0.542946695301024 
0.542915247985260 
0.542883867971810 
0.542852555072968 
0.542821309084867 
0.542790129787889 
0.542759016947086 
0.542727970312588 
0.542696989620024 
0.542666074590937 
0.542635224933190 
0.542604440341386 
0.542573720497261 
0.542543065070096 
0.542512473717106 
0.542481946083840 
0.542451481804555 
0.542421080502606 
0.542390741790810 
0.542360465271812 
0.542330250538447 
0.542300097174080 
0.542270004752957 
0.542239972840532 
0.542210000993790 
0.542180088761564 
0.542150235684845 
0.542120441297075 
0.542090705124436 
0.542061026686133 
0.542031405494666 
0.542001841056085 
0.541972332870253 
0.541942880431084 
0.541913483226783 
0.541884140740071 
0.541854852448408 
0.541825617824202 
0.541796436335012 
0.541767307443744 
0.541738230608842 
0.541709205284462 
0.541680230920656 
0.541651306963524 
0.541622432855388 
0.541593608034935 
0.541564831937368 
0.541536103994550 
0.541507423635128 
0.541478790284676 
0.541450203365807 
0.541421662298302 
0.541393166499216 
0.541364715382989 
0.541336308361554 
0.541307944844435 
0.541279624238842 
0.541251345949766 
0.541223109380068 
0.541194913930565 
0.541166759000110 
0.541138643985674 
0.541110568282424 
0.541082531283794 
0.541054532381560 
0.541026570965908 
0.540998646425503 
0.540970758147553 
0.540942905517878 
0.540915087920969 
0.540887304740048 
0.540859555357132 
0.540831839153094 
0.540804155507715 
0.540776503799748 
0.540748883406972 
0.540721293706250 
0.540693734073584 
0.540666203884173 
0.540638702512469 
0.540611229332232 
0.540583783716586 
0.540556365038079 
0.540528972668735 
0.540501605980114 
0.540474264343371 
0.540446947129313 
0.540419653708457 
0.540392383451093 
0.540365135727342 
0.540337909907221 
0.540310705360704 
0.540283521457786 
0.540256357568547 
0.540229213063223 
0.540202087312267 
0.540174979686426 
0.540147889556803 
0.540120816294934 
0.540093759272861 
0.540066717863207 
0.540039691439248 
0.540012679374998 
0.539985681045283 
0.539958695825826 
0.539931723093324 
0.539904762225542 
0.539877812601389 
0.539850873601017 
0.539823944605898 
0.539797024998927 
0.539770114164509 
0.539743211488655 
0.539716316359080 
0.539689428165297 
0.539662546298726 
0.539635670152785 
0.539608799123001 
0.539581932607113 
0.539555070005177 
0.539528210719675 
0.539501354155628 
0.539474499720701 
0.539447646825324 
0.539420794882796 
0.539393943309411 
0.539367091524566 
0.539340238950888 
0.539313385014343 
0.539286529144366 
0.539259670773976 
0.539232809339901 
0.539205944282702 
0.539179075046896 
0.539152201081080 
0.539125321838061 
0.539098436774977 
0.539071545353425 
0.539044647039590 
0.539017741304368 
0.538990827623502 
0.538963905477698 
0.538936974352760 
0.538910033739716 
0.538883083134946 
0.538856122040301 
0.538829149963241 
0.538802166416951 
0.538775170920469 
0.538748162998811 
0.538721142183092 
0.538694108010646 
0.538667060025148 
0.538639997776735 
0.538612920822121 
0.538585828724710 
0.538558721054715 
0.538531597389268 
0.538504457312526 
0.538477300415786 
0.538450126297581 
0.538422934563794 
0.538395724827749 
0.538368496710309 
0.538341249839977 
0.538313983852985 
0.538286698393378 
0.538259393113104 
0.538232067672097 
0.538204721738352 
0.538177354988003 
0.538149967105393 
0.538122557783145 
0.538095126722218 
0.538067673631977 
0.538040198230243 
0.538012700243347 
0.537985179406178 
0.537957635462225 
0.537930068163619 
0.537902477271167 
0.537874862554380 
0.537847223791505 
0.537819560769541 
0.537791873284261 
0.537764161140221 
0.537736424150773 
0.537708662138062 
0.537680874933033 
0.537653062375421 
0.537625224313740 
0.537597360605275 
0.537569471116055 
0.537541555720837 
0.537513614303075 
0.537485646754886 
0.537457652977020 
0.537429632878813 
0.537401586378146 
0.537373513401394 
0.537345413883376 
0.537317287767295 
0.537289135004680 
0.537260955555319 
0.537232749387194 
0.537204516476406 
0.537176256807100 
0.537147970371389 
0.537119657169272 
0.537091317208544 
0.537062950504714 
0.537034557080912 
0.537006136967791 
0.536977690203437 
0.536949216833268 
0.536920716909928 
0.536892190493189 
0.536863637649841 
0.536835058453587 
0.536806452984929 
0.536777821331060 
0.536749163585747 
0.536720479849217 
0.536691770228043 
0.536663034835018 
0.536634273789045 
0.536605487215006 
0.536576675243652 
0.536547838011467 
0.536518975660554 
0.536490088338506 
0.536461176198281 
0.536432239398075 
0.536403278101198 
0.536374292475941 
0.536345282695454 
0.536316248937615 
0.536287191384898 
0.536258110224250 
0.536229005646956 
0.536199877848511 
0.536170727028491 
0.536141553390420 
0.536112357141642 
0.536083138493188 
0.536053897659645 
0.536024634859025 
0.535995350312638 
0.535966044244950 
0.535936716883462 
0.535907368458570 
0.535877999203439 
0.535848609353864 
0.535819199148145 
0.535789768826948 
0.535760318633174 
0.535730848811826 
0.535701359609876 
0.535671851276131 
0.535642324061098 
0.535612778216852 
0.535583213996897 
0.535553631656040 
0.535524031450247 
0.535494413636511 
0.535464778472722 
0.535435126217524 
0.535405457130181 
0.535375771470446 
0.535346069498422 
0.535316351474423 
0.535286617658842 
0.535256868312016 
0.535227103694084 
0.535197324064859 
0.535167529683685 
0.535137720809307 
0.535107897699732 
0.535078060612095 
0.535048209802528 
0.535018345526019 
0.534988468036285 
0.534958577585636 
0.534928674424844 
0.534898758803014 
0.534868830967448 
0.534838891163522 
0.534808939634556 
0.534778976621685 
0.534749002363739 
0.534719017097117 
0.534689021055662 
0.534659014470546 
0.534628997570148 
0.534598970579940 
0.534568933722373 
0.534538887216762 
0.534508831279180 
0.534478766122350 
0.534448691955541 
0.534418608984465 
0.534388517411180 
0.534358417433992 
0.534328309247367 
0.534298193041835 
0.534268069003909 
0.534237937316000 
0.534207798156337 
0.534177651698894 
0.534147498113315 
0.534117337564847 
0.534087170214275 
0.534056996217862 
0.534026815727292 
0.533996628889616 
0.533966435847205 
0.533936236737706 
0.533906031694001 
0.533875820844167 
0.533845604311451 
0.533815382214237 
0.533785154666024 
0.533754921775407 
0.533724683646063 
0.533694440376736 
0.533664192061237 
0.533633938788437 
0.533603680642269 
0.533573417701736 
0.533543150040920 
0.533512877728998 
0.533482600830259 
0.533452319404125 
0.533422033505181 
0.533391743183202 
0.533361448483189 
0.533331149445405 
0.533300846105420 
0.533270538494153 
0.533240226637922 
0.533209910558495 
0.533179590273149 
0.533149265794725 
0.533118937131692 
0.533088604288212 
0.533058267264209 
0.533027926055440 
0.532997580653566 
0.532967231046233 
0.532936877217151 
0.532906519146171 
0.532876156809377 
0.532845790179166 
0.532815419224340 
0.532785043910197 
0.532754664198625 
0.532724280048192 
0.532693891414249 
0.532663498249027 
0.532633100501734 
0.532602698118660 
0.532572291043277 
0.532541879216347 
0.532511462576026 
0.532481041057970 
0.532450614595444 
0.532420183119428 
0.532389746558733 
0.532359304840102 
0.532328857888330 
0.532298405626371 
0.532267947975449 
0.532237484855174 
0.532207016183652 
0.532176541877599 
0.532146061852457 
0.532115576022501 
0.532085084300958 
0.532054586600120 
0.532024082831450 
0.531993572905706 
0.531963056733045 
0.531932534223139 
0.531902005285284 
0.531871469828516 
0.531840927761717 
0.531810378993729 
0.531779823433457 
0.531749260989988 
0.531718691572689 
0.531688115091318 
0.531657531456131 
0.531626940577986 
0.531596342368445 
0.531565736739880 
0.531535123605571 
0.531504502879809 
0.531473874477995 
0.531443238316737 
0.531412594313944 
0.531381942388925 
0.531351282462479 
0.531320614456986 
0.531289938296499 
0.531259253906833 
0.531228561215647 
0.531197860152534 
0.531167150649099 
0.531136432639042 
0.531105706058235 
0.531074970844803 
0.531044226939191 
0.531013474284242 
0.530982712825266 
0.530951942510105 
0.530921163289198 
0.530890375115651 
0.530859577945285 
0.530828771736705 
0.530797956451344 
0.530767132053526 
0.530736298510507 
0.530705455792526 
0.530674603872845 
0.530643742727790 
0.530612872336792 
0.530581992682417 
0.530551103750396 
0.530520205529656 
0.530489298012342 
0.530458381193839 
0.530427455072785 
0.530396519651090 
0.530365574933942 
0.530334620929815 
0.530303657650467 
0.530272685110943 
0.530241703329567 
0.530210712327933 
0.530179712130890 
0.530148702766523 
0.530117684266134 
0.530086656664213 
0.530055619998406 
0.530024574309481 
0.529993519641290 
0.529962456040720 
0.529931383557650 
0.529900302244891 
0.529869212158136 
0.529838113355889 
0.529807005899405 
0.529775889852613 
0.529744765282044 
0.529713632256744 
0.529682490848197 
0.529651341130226 
0.529620183178902 
0.529589017072447 
0.529557842891127 
0.529526660717142 
0.529495470634517 
0.529464272728985 
0.529433067087863 
0.529401853799927 
0.529370632955288 
0.529339404645247 
0.529308168962171 
0.529276925999346 
0.529245675850830 
0.529214418611310 
0.529183154375950 
0.529151883240234 
0.529120605299816 
0.529089320650352 
0.529058029387346 
0.529026731605980 
0.528995427400952 
0.528964116866307 
0.528932800095265 
0.528901477180057 
0.528870148211749 
0.528838813280069 
0.528807472473238 
0.528776125877797 
0.528744773578432 
0.528713415657805 
0.528682052196383 
0.528650683272268 
0.528619308961028 
0.528587929335531 
0.528556544465785 
0.528525154418768 
0.528493759258278 
0.528462359044773 
0.528430953835219 
0.528399543682946 
0.528368128637499 
0.528336708744505 
0.528305284045532 
0.528273854577967 
0.528242420374888 
0.528210981464950 
0.528179537872273 
0.528148089616337 
0.528116636711885 
0.528085179168835 
0.528053716992194 
0.528022250181987 
0.527990778733184 
0.527959302635651 
0.527927821874091 
0.527896336428010 
0.527864846271677 
0.527833351374112 
0.527801851699061 
0.527770347205002 
0.527738837845142 
0.527707323567443 
0.527675804314639 
0.527644280024275 
0.527612750628754 
0.527581216055394 
0.527549676226494 
0.527518131059408 
0.527486580466639 
0.527455024355932 
0.527423462630384 
0.527391895188564 
0.527360321924640 
0.527328742728518 
0.527297157485996 
0.527265566078918 
0.527233968385345 
0.527202364279733 
0.527170753633129 
0.527139136313357 
0.527107512185237 
0.527075881110794 
0.527044242949485 
0.527012597558433 
0.526980944792672 
0.526949284505392 
0.526917616548201 
0.526885940771388 
0.526854257024195 
0.526822565155100 
0.526790865012098 
0.526759156442999 
0.526727439295718 
0.526695713418586 
0.526663978660654 
0.526632234872006 
0.526600481904078 
0.526568719609981 
0.526536947844823 
0.526505166466034 
0.526473375333705 
0.526441574310916 
0.526409763264069 
0.526377942063230 
0.526346110582458 
0.526314268700153 
0.526282416299387 
0.526250553268244 
0.526218679500154 
0.526186794894236 
0.526154899355623 
0.526122992795803 
0.526091075132943 
0.526059146292213 
0.526027206206119 
0.525995254814815 
0.525963292066416 
0.525931317917318 
0.525899332332493 
0.525867335285794 
0.525835326760249 
0.525803306748346 
0.525771275252316 
0.525739232284399 
0.525707177867121 
0.525675112033542 
0.525643034827508 
0.525610946303891 
0.525578846528820 
0.525546735579899 
0.525514613546424 
0.525482480529577 
0.525450336642619 
0.525418182011069 
0.525386016772871 
0.525353841078549 
0.525321655091350 
0.525289458987376 
0.525257252955703 
0.525225037198484 
0.525192811931047 
0.525160577381965 
0.525128333793128 
0.525096081419793 
0.525063820530619 
0.525031551407693 
0.524999274346532 
0.524966989656085 
0.524934697658706 
0.524902398690119 
0.524870093099368 
0.524837781248750 
0.524805463513736 
0.524773140282866 
0.524740811957649 
0.524708478952429 
0.524676141694241 
0.524643800622660 
0.524611456189622 
0.524579108859241 
0.524546759107604 
0.524514407422554 
0.524482054303459 
0.524449700260966 
0.524417345816737 
0.524384991503181 
0.524352637863158 
0.524320285449683 
0.524287934825609 
0.524255586563299 
0.524223241244286 
0.524190899458920 
0.524158561806006 
0.524126228892426 
0.524093901332752 
0.524061579748852 
0.524029264769484 
0.523996957029872 
0.523964657171292 
0.523932365840630 
0.523900083689942 
0.523867811376008 
0.523835549559875 
0.523803298906393 
0.523771060083750 
0.523738833763000 
0.523706620617585 
0.523674421322856 
0.523642236555591 
0.523610066993505 
0.523577913314768 
0.523545776197512 
0.523513656319348 
0.523481554356873 
0.523449470985185 
0.523417406877395 
0.523385362704147 
0.523353339133134 
0.523321336828624 
0.523289356450986 
0.523257398656223 
0.523225464095509 
0.523193553414733 
0.523161667254052 
0.523129806247445 
0.523097971022283 
0.523066162198899 
0.523034380390178 
0.523002626201144 
0.522970900228564 
0.522939203060565 
0.522907535276256 
0.522875897445361 
0.522844290127874 
0.522812713873715 
0.522781169222399 
0.522749656702730 
0.522718176832493 
0.522686730118169 
0.522655317054662 
0.522623938125039 
0.522592593800284 
0.522561284539067 
0.522530010787531 
0.522498772979084 
0.522467571534221 
0.522436406860347 
0.522405279351620 
0.522374189388814 
0.522343137339189 
0.522312123556382 
0.522281148380309 
0.522250212137084 
0.522219315138954 
0.522188457684246 
0.522157640057331 
0.522126862528598 
0.522096125354451 
0.522065428777310 
0.522034773025633 
0.522004158313950 
0.521973584842904 
0.521943052799319 
0.521912562356264 
0.521882113673147 
0.521851706895801 
0.521821342156605 
0.521791019574596 
0.521760739255605 
0.521730501292399 
0.521700305764834 
0.521670152740018 
0.521640042272488 
0.521609974404387 
0.521579949165661 
0.521549966574258 
0.521520026636335 
0.521490129346478 
0.521460274687922 
0.521430462632790 
0.521400693142323 
0.521370966167127 
0.521341281647430 
0.521311639513330 
0.521282039685061 
0.521252482073258 
0.521222966579229 
0.521193493095232 
0.521164061504748 
0.521134671682771 
0.521105323496090 
0.521076016803578 
0.521046751456482 
0.521017527298720 
0.520988344167172 
0.520959201891978 
0.520930100296839 
0.520901039199311 
0.520872018411108 
0.520843037738403 
0.520814096982124 
0.520785195938259 
0.520756334398156 
0.520727512148818 
0.520698728973205 
0.520669984650531 
0.520641278956563 
0.520612611663913 
0.520583982542331 
0.520555391358999 
0.520526837878823 
0.520498321864712 
0.520469843077877 
0.520441401278099 
0.520412996224020 
0.520384627673416 
0.520356295383475 
0.520327999111063 
0.520299738612995 
0.520271513646305 
0.520243323968498 
0.520215169337818 
0.520187049513494 
0.520158964255995 
0.520130913327279 
0.520102896491029 
0.520074913512898 
0.520046964160741 
0.520019048204845 
0.519991165418155 
0.519963315576495 
0.519935498458788 
0.519907713847263 
0.519879961527669 
0.519852241289472 
0.519824552926055 
0.519796896234913 
0.519769271017838 
0.519741677081104 
0.519714114235644 
0.519686582297222 
0.519659081086603 
0.519631610429710 
0.519604170157784 
0.519576760107536 
0.519549380121288 
0.519522030047117 
0.519494709738986 
0.519467419056874 
0.519440157866899 
0.519412926041432 
0.519385723459208 
0.519358550005437 
0.519331405571892 
0.519304290057008 
0.519277203365969 
0.519250145410783 
0.519223116110362 
0.519196115390584 
0.519169143184359 
0.519142199431679 
0.519115284079671 
0.519088397082634 
0.519061538402079 
0.519034708006756 
0.519007905872674 
0.518981131983123 
0.518954386328674 
0.518927668907192 
0.518900979723824 
0.518874318790992 
0.518847686128373 
0.518821081762883 
0.518794505728636 
0.518767958066913 
0.518741438826121 
0.518714948061735 
0.518688485836251 
0.518662052219115 
0.518635647286660 
0.518609271122027 
0.518582923815083 
0.518556605462336 
0.518530316166837 
0.518504056038084 
0.518477825191909 
0.518451623750375 
0.518425451841649 
0.518399309599887 
0.518373197165096 
0.518347114683006 
0.518321062304929 
0.518295040187608 
0.518269048493074 
0.518243087388488 
0.518217157045977 
0.518191257642475 
0.518165389359551 
0.518139552383233 
0.518113746903834 
0.518087973115766 
0.518062231217361 
0.518036521410670 
0.518010843901282 
0.517985198898117 
0.517959586613239 
0.517934007261638 
0.517908461061036 
0.517882948231678 
0.517857468996116 
0.517832023579002 
0.517806612206873 
0.517781235107932 
0.517755892511833 
0.517730584649461 
0.517705311752713 
0.517680074054275 
0.517654871787401 
0.517629705185691 
0.517604574482869 
0.517579479912558 
0.517554421708060 
0.517529400102131 
0.517504415326762 
0.517479467612953 
0.517454557190499 
0.517429684287765 
0.517404849131472 
0.517380051946477 
0.517355292955561 
0.517330572379213 
0.517305890435424 
0.517281247339471 
0.517256643303716 
0.517232078537398 
0.517207553246436 
0.517183067633226 
0.517158621896447 
0.517134216230872 
0.517109850827172 
0.517085525871735 
0.517061241546486 
0.517036998028700 
0.517012795490840 
0.516988634100372 
0.516964514019612 
0.516940435405554 
0.516916398409717 
0.516892403177988 
0.516868449850478 
0.516844538561372 
0.516820669438791 
0.516796842604660 
0.516773058174572 
0.516749316257669 
0.516725616956516 
0.516701960366991 
0.516678346578170 
0.516654775672226 
0.516631247724328 
0.516607762802545 
0.516584320967758 
0.516560922273576 
0.516537566766260 
0.516514254484643 
0.516490985460070 
0.516467759716332 
0.516444577269608 
0.516421438128413 
0.516398342293556 
0.516375289758095 
0.516352280507303 
0.516329314518635 
0.516306391761708 
0.516283512198280 
0.516260675782229 
0.516237882459553 
0.516215132168361 
0.516192424838873 
0.516169760393430 
0.516147138746499 
0.516124559804695 
0.516102023466796 
0.516079529623773 
0.516057078158816 
0.516034668947370 
0.516012301857175 
0.515989976748311 
0.515967693473235 
0.515945451876850 
0.515923251796546 
0.515901093062267 
0.515878975496575 
0.515856898914714 
0.515834863124682 
0.515812867927310 
0.515790913116332 
0.515768998478473 
0.515747123793532 
0.515725288834468 
0.515703493367489 
0.515681737152150 
0.515660019941445 
0.515638341481904 
0.515616701513698 
0.515595099770739 
0.515573535980785 
0.515552009865548 
0.515530521140801 
0.515509069516490 
0.515487654696848 
0.515466276380503 
0.515444934260599 
0.515423628024907 
0.515402357355945 
0.515381121931097 
0.515359921422728 
0.515338755498307 
0.515317623820527 
0.515296526047424 
0.515275461832498 
0.515254430824838 
0.515233432669237 
0.515212467006320 
0.515191533472661 
0.515170631700908 
0.515149761319899 
0.515128921954785 
0.515108113227155 
0.515087334755146 
0.515066586153570 
0.515045867034030 
0.515025177005035 
0.515004515672120 
0.514983882637962 
0.514963277502491 
0.514942699863007 
0.514922149314292 
0.514901625448723 
0.514881127856377 
0.514860656125147 
0.514840209840844 
0.514819788587306 
0.514799391946504 
0.514779019498642 
0.514758670822261 
0.514738345494342 
0.514718043090398 
0.514697763184581 
0.514677505349768 
0.514657269157664 
0.514637054178885 
0.514616859983061 
0.514596686138914 
0.514576532214352 
0.514556397776552 
0.514536282392049 
0.514516185626810 
0.514496107046326 
0.514476046215681 
0.514456002699636 
0.514435976062702 
0.514415965869217 
0.514395971683414 
0.514375993069495 
0.514356029591703 
0.514336080814382 
0.514316146302049 
0.514296225619458 
0.514276318331660 
0.514256424004063 
0.514236542202499 
0.514216672493273 
0.514196814443225 
0.514176967619780 
0.514157131591011 
0.514137305925677 
0.514117490193285 
0.514097683964133 
0.514077886809360 
0.514058098300990 
0.514038318011978 
0.514018545516251 
0.513998780388754 
0.513979022205487 
0.513959270543544 
0.513939524981153 
0.513919785097710 
0.513900050473817 
0.513880320691313 
0.513860595333309 
0.513840873984216 
0.513821156229782 
0.513801441657113 
0.513781729854706 
0.513762020412474 
0.513742312921770 
0.513722606975417 
0.513702902167722 
0.513683198094509 
0.513663494353131 
0.513643790542495 
0.513624086263079 
0.513604381116951 
0.513584674707787 
0.513564966640882 
0.513545256523173 
0.513525543963244 
0.513505828571347 
0.513486109959408 
0.513466387741041 
0.513446661531559 
0.513426930947983 
0.513407195609047 
0.513387455135207 
0.513367709148654 
0.513347957273309 
0.513328199134839 
0.513308434360651 
0.513288662579902 
0.513268883423501 
0.513249096524108 
0.513229301516136 
0.513209498035755 
0.513189685720885 
0.513169864211201 
0.513150033148127 
0.513130192174834 
0.513110340936241 
0.513090479079004 
0.513070606251518 
0.513050722103908 
0.513030826288025 
0.513010918457439 
0.512990998267432 
0.512971065374991 
0.512951119438799 
0.512931160119228 
0.512911187078330 
0.512891199979825 
0.512871198489095 
0.512851182273168 
0.512831151000715 
0.512811104342031 
0.512791041969028 
0.512770963555224 
0.512750868775725 
0.512730757307218 
0.512710628827959 
0.512690483017752 
0.512670319557946 
0.512650138131413 
0.512629938422539 
0.512609720117210 
0.512589482902795 
0.512569226468137 
0.512548950503531 
0.512528654700719 
0.512508338752869 
0.512488002354565 
0.512467645201788 
0.512447266991908 
0.512426867423666 
0.512406446197162 
0.512386003013838 
0.512365537576470 
0.512345049589151 
0.512324538757278 
0.512304004787540 
0.512283447387908 
0.512262866267619 
0.512242261137167 
0.512221631708290 
0.512200977693962 
0.512180298808381 
0.512159594766957 
0.512138865286309 
0.512118110084248 
0.512097328879779 
0.512076521393084 
0.512055687345524 
0.512034826459624 
0.512013938459078 
0.511993023068735 
0.511972080014603 
0.511951109023843 
0.511930109824765 
0.511909082146834 
0.511888025720663 
0.511866940278017 
0.511845825551815 
0.511824681276134 
0.511803507186211 
0.511782303018451 
0.511761068510429 
0.511739803400905 
0.511718507429824 
0.511697180338332 
0.511675821868786 
0.511654431764765 
0.511633009771082 
0.511611555633805 
0.511590069100270 
0.511568549919095 
0.511546997840206 
0.511525412614853 
0.511503793995633 
0.511482141736511 
0.511460455592851 
0.511438735321434 
0.511416980680495 
0.511395191429742 
0.511373367330394 
0.511351508145211 
0.511329613638527 
0.511307683576286 
0.511285717726078 
0.511263715857181 
0.511241677740594 
0.511219603149084 
0.511197491857226 
0.511175343641452 
0.511153158280092 
0.511130935553421 
0.511108675243716 
0.511086377135299 
0.511064041014590 
0.511041666670168 
0.511019253892817 
0.510996802475590 
0.510974312213862 
0.510951782905395 
