1.000000000000000 
0.176789708020309 
0.176038282379431 
0.175973202847457 
0.175949010675375 
0.175936034394561 
0.175927610296687 
0.175921432517903 
0.175916500109677 
0.175912309855247 
0.175908580763586 
0.175905142914644 
0.175901886830137 
0.175898738164981 
0.175895644088264 
0.175892565503077 
0.175889472376694 
0.175886340818575 
0.175883151185756 
0.175879886815746 
0.175876533155571 
0.175873077148155 
0.175869506790098 
0.175865810806128 
0.175861978404523 
0.175857999089659 
0.175853862515469 
0.175849558368560 
0.175845076273059 
0.175840405711530 
0.175835535957830 
0.175830456018893 
0.175825154583183 
0.175819619974131 
0.175813840107262 
0.175807802450012 
0.175801493983489 
0.175794901165552 
0.175788009894742 
0.175780805474684 
0.175773272578647 
0.175765395214022 
0.175757156686509 
0.175748539563855 
0.175739525638995 
0.175730095892495 
0.175720230454458 
0.175709908564549 
0.175699108532595 
0.175687807697225 
0.175675982383750 
0.175663607861023 
0.175650658297264 
0.175637106714856 
0.175622924944128 
0.175608083576148 
0.175592551914564 
0.175576297926558 
0.175559288192953 
0.175541487857584 
0.175522860576007 
0.175503368463675 
0.175482972043698 
0.175461630194356 
0.175439300096518 
0.175415937181182 
0.175391495077334 
0.175365925560388 
0.175339178501460 
0.175311201817788 
0.175281941424622 
0.175251341188936 
0.175219342885371 
0.175185886154815 
0.175150908466103 
0.175114345081315 
0.175076129024432 
0.175036191057803 
0.174994459659397 
0.174950861008992 
0.174905318980320 
0.174857755140592 
0.174808088758190 
0.174756236819303 
0.174702114054354 
0.174645632975066 
0.174586703923051 
0.174525235130840 
0.174461132796259 
0.174394301171095 
0.174324642664982 
0.174252057965435 
0.174176446174947 
0.174097704966032 
0.174015730755081 
0.173930418895819 
0.173841663893107 
0.173749359637766 
0.173653399662982 
0.173553677422763 
0.173450086592787 
0.173342521393834 
0.173230876937841 
0.173115049596432 
0.172994937391584 
0.172870440407866 
0.172741461225461 
0.172607905372931 
0.172469681798411 
0.172326703357652 
0.172178887317028 
0.172026155869341 
0.171868436659920 
0.171705663320251 
0.171537776006010 
0.171364721936128 
0.171186455929175 
0.171002940933118 
0.170814148544226 
0.170620059510686 
0.170420664216291 
0.170215963139420 
0.170005967282397 
0.169790698566303 
0.169570190186256 
0.169344486922288 
0.169113645401043 
0.168877734303718 
0.168636834515960 
0.168391039215737 
0.168140453895650 
0.167885196316616 
0.167625396390427 
0.167361195989293 
0.167092748681174 
0.166820219390424 
0.166543783984054 
0.166263628784715 
0.165979950012319 
0.165692953157057 
0.165402852287366 
0.165109869297202 
0.164814233097712 
0.164516178759104 
0.164215946609120 
0.163913781295078 
0.163609930816882 
0.163304645538744 
0.162998177187611 
0.162690777846387 
0.162382698950063 
0.162074190292753 
0.161765499053399 
0.161456868847597 
0.161148538812572 
0.160840742731815 
0.160533708205320 
0.160227655870741 
0.159922798680094 
0.159619341235923 
0.159317479190155 
0.159017398708122 
0.158719275999553 
0.158423276917632 
0.158129556626599 
0.157838259337732 
0.157549518113021 
0.157263454735299 
0.156980179643170 
0.156699791928603 
0.156422379394762 
0.156148018671279 
0.155876775383911 
0.155608704375302 
0.155343849973360 
0.155082246303595 
0.154823917641650 
0.154568878802133 
0.154317135559808 
0.154068685099127 
0.153823516488104 
0.153581611172484 
0.153342943486233 
0.153107481174389 
0.152875185924412 
0.152646013902246 
0.152419916289429 
0.152196839817715 
0.151976727297838 
0.151759518139199 
0.151545148857475 
0.151333553567301 
0.151124664457482 
0.150918412246315 
0.150714726614975 
0.150513536617074 
0.150314771062861 
0.150118358876771 
0.149924229427366 
0.149732312828982 
0.149542540214763 
0.149354843980991 
0.149169158003023 
0.148985417823355 
0.148803560812646 
0.148623526304797 
0.148445255707361 
0.148268692588771 
0.148093782744028 
0.147920474240562 
0.147748717446081 
0.147578465040213 
0.147409672011754 
0.147242295643250 
0.147076295484589 
0.146911633317138 
0.146748273109847 
0.146586180968556 
0.146425325079655 
0.146265675648996 
0.146107204836860 
0.145949886689618 
0.145793697068566 
0.145638613576310 
0.145484615480940 
0.145331683638197 
0.145179800411694 
0.145028949591276 
0.144879116309535 
0.144730286956518 
0.144582449092660 
0.144435591360032 
0.144289703392026 
0.144144775721677 
0.144000799688864 
0.143857767346761 
0.143715671367931 
0.143574504950572 
0.143434261725472 
0.143294935664305 
0.143156520989933 
0.143019012089418 
0.142882403430460 
0.142746689481949 
0.142611864639326 
0.142477923155383 
0.142344859077037 
0.142212666188600 
0.142081337961914 
0.141950867513628 
0.141821247569815 
0.141692470437984 
0.141564527986432 
0.141437411630785 
0.141311112327496 
0.141185620573923 
0.141060926414590 
0.140937019453141 
0.140813888869437 
0.140691523441237 
0.140569911569859 
0.140449041309196 
0.140328900397519 
0.140209476291430 
0.140090756201406 
0.139972727128432 
0.139855375901152 
0.139738689213141 
0.139622653659849 
0.139507255774876 
0.139392482065239 
0.139278319045401 
0.139164753269816 
0.139051771363852 
0.138939360052940 
0.138827506189893 
0.138716196780332 
0.138605419006207 
0.138495160247447 
0.138385408101748 
0.138276150402573 
0.138167375235445 
0.138059070952591 
0.137951226186050 
0.137843829859322 
0.137736871197654 
0.137630339737045 
0.137524225332076 
0.137418518162599 
0.137313208739390 
0.137208287908798 
0.137103746856454 
0.136999577110050 
0.136895770541239 
0.136792319366660 
0.136689216148097 
0.136586453791761 
0.136484025546722 
0.136381925002438 
0.136280146085413 
0.136178683054948 
0.136077530497989 
0.135976683323055 
0.135876136753274 
0.135775886318513 
0.135675927846628 
0.135576257453873 
0.135476871534494 
0.135377766749557 
0.135278940015093 
0.135180388489597 
0.135082109560997 
0.134984100833151 
0.134886360111992 
0.134788885391405 
0.134691674838957 
0.134594726781569 
0.134498039691251 
0.134401612170993 
0.134305442940917 
0.134209530824786 
0.134113874736941 
0.134018473669768 
0.133923326681737 
0.133828432886089 
0.133733791440207 
0.133639401535721 
0.133545262389350 
0.133451373234526 
0.133357733313779 
0.133264341871897 
0.133171198149854 
0.133078301379467 
0.132985650778790 
0.132893245548191 
0.132801084867097 
0.132709167891368 
0.132617493751251 
0.132526061549909 
0.132434870362446 
0.132343919235423 
0.132253207186801 
0.132162733206301 
0.132072496256113 
0.131982495271942 
0.131892729164356 
0.131803196820382 
0.131713897105341 
0.131624828864886 
0.131535990927192 
0.131447382105302 
0.131359001199576 
0.131270847000226 
0.131182918289899 
0.131095213846301 
0.131007732444805 
0.130920472861053 
0.130833433873488 
0.130746614265829 
0.130660012829427 
0.130573628365514 
0.130487459687286 
0.130401505621832 
0.130315765011867 
0.130230236717255 
0.130144919616308 
0.130059812606843 
0.129974914606992 
0.129890224555739 
0.129805741413195 
0.129721464160591 
0.129637391800004 
0.129553523353792 
0.129469857863777 
0.129386394390148 
0.129303132010124 
0.129220069816366 
0.129137206915173 
0.129054542424467 
0.128972075471599 
0.128889805190978 
0.128807730721578 
0.128725851204318 
0.128644165779350 
0.128562673583297 
0.128481373746436 
0.128400265389883 
0.128319347622784 
0.128238619539548 
0.128158080217135 
0.128077728712428 
0.127997564059716 
0.127917585268278 
0.127837791320124 
0.127758181167873 
0.127678753732793 
0.127599507903025 
0.127520442531972 
0.127441556436888 
0.127362848397642 
0.127284317155684 
0.127205961413203 
0.127127779832467 
0.127049771035360 
0.126971933603099 
0.126894266076133 
0.126816766954211 
0.126739434696620 
0.126662267722582 
0.126585264411809 
0.126508423105190 
0.126431742105629 
0.126355219679005 
0.126278854055249 
0.126202643429549 
0.126126585963645 
0.126050679787237 
0.125974922999479 
0.125899313670563 
0.125823849843388 
0.125748529535297 
0.125673350739901 
0.125598311428957 
0.125523409554318 
0.125448643049948 
0.125374009833991 
0.125299507810899 
0.125225134873618 
0.125150888905825 
0.125076767784220 
0.125002769380861 
0.124928891565567 
0.124855132208346 
0.124781489181892 
0.124707960364116 
0.124634543640724 
0.124561236907839 
0.124488038074668 
0.124414945066192 
0.124341955825909 
0.124269068318595 
0.124196280533093 
0.124123590485125 
0.124050996220122 
0.123978495816047 
0.123906087386239 
0.123833769082229 
0.123761539096553 
0.123689395665525 
0.123617337071976 
0.123545361647940 
0.123473467777282 
0.123401653898232 
0.123329918505850 
0.123258260154361 
0.123186677459390 
0.123115169100054 
0.123043733820893 
0.122972370433656 
0.122901077818886 
0.122829854927324 
0.122758700781108 
0.122687614474735 
0.122616595175816 
0.122545642125563 
0.122474754639051 
0.122403932105200 
0.122333173986511 
0.122262479818528 
0.122191849209029 
0.122121281836957 
0.122050777451073 
0.121980335868369 
0.121909956972203 
0.121839640710208 
0.121769387091951 
0.121699196186389 
0.121629068119092 
0.121559003069307 
0.121489001266812 
0.121419062988651 
0.121349188555702 
0.121279378329151 
0.121209632706871 
0.121139952119707 
0.121070337027746 
0.121000787916525 
0.120931305293258 
0.120861889683048 
0.120792541625159 
0.120723261669328 
0.120654050372139 
0.120584908293501 
0.120515835993216 
0.120446834027671 
0.120377902946656 
0.120309043290328 
0.120240255586325 
0.120171540347038 
0.120102898067052 
0.120034329220763 
0.119965834260170 
0.119897413612842 
0.119829067680082 
0.119760796835254 
0.119692601422301 
0.119624481754449 
0.119556438113070 
0.119488470746741 
0.119420579870445 
0.119352765664958 
0.119285028276379 
0.119217367815816 
0.119149784359204 
0.119082277947286 
0.119014848585681 
0.118947496245114 
0.118880220861721 
0.118813022337480 
0.118745900540725 
0.118678855306753 
0.118611886438494 
0.118544993707266 
0.118478176853573 
0.118411435587967 
0.118344769591949 
0.118278178518891 
0.118211661995014 
0.118145219620355 
0.118078850969767 
0.118012555593911 
0.117946333020258 
0.117880182754074 
0.117814104279393 
0.117748097059976 
0.117682160540240 
0.117616294146160 
0.117550497286132 
0.117484769351805 
0.117419109718861 
0.117353517747760 
0.117287992784417 
0.117222534160851 
0.117157141195753 
0.117091813195009 
0.117026549452161 
0.116961349248798 
0.116896211854886 
0.116831136529026 
0.116766122518654 
0.116701169060145 
0.116636275378875 
0.116571440689182 
0.116506664194268 
0.116441945086010 
0.116377282544703 
0.116312675738717 
0.116248123824073 
0.116183625943937 
0.116119181228025 
0.116054788791931 
0.115990447736356 
0.115926157146265 
0.115861916089930 
0.115797723617913 
0.115733578761927 
0.115669480533624 
0.115605427923277 
0.115541419898372 
0.115477455402096 
0.115413533351740 
0.115349652636984 
0.115285812118097 
0.115222010624023 
0.115158246950374 
0.115094519857323 
0.115030828067369 
0.114967170263026 
0.114903545084384 
0.114839951126578 
0.114776386937140 
0.114712851013240 
0.114649341798833 
0.114585857681680 
0.114522396990274 
0.114458957990645 
0.114395538883057 
0.114332137798617 
0.114268752795742 
0.114205381856553 
0.114142022883139 
0.114078673693742 
0.114015332018833 
0.113951995497094 
0.113888661671330 
0.113825327984289 
0.113761991774423 
0.113698650271598 
0.113635300592769 
0.113571939737636 
0.113508564584319 
0.113445171885063 
0.113381758262033 
0.113318320203225 
0.113254854058557 
0.113191356036200 
0.113127822199228 
0.113064248462674 
0.113000630591100 
0.112936964196810 
0.112873244738840 
0.112809467522909 
0.112745627702518 
0.112681720281425 
0.112617740117760 
0.112553681930070 
0.112489540305628 
0.112425309711394 
0.112360984508029 
0.112296558967440 
0.112232027294349 
0.112167383652449 
0.112102622195690 
0.112037737105333 
0.111972722633352 
0.111907573152779 
0.111842283215564 
0.111776847618400 
0.111711261476896 
0.111645520308281 
0.111579620122610 
0.111513557522146 
0.111447329808248 
0.111380935094666 
0.111314372425667 
0.111247641896919 
0.111180744776475 
0.111113683622734 
0.111046462395738 
0.110979086557822 
0.110911563159394 
0.110843900905603 
0.110776110199854 
0.110708203160595 
0.110640193608513 
0.110572097022186 
0.110503930461454 
0.110435712458889 
0.110367462881131 
0.110299202762987 
0.110230954118275 
0.110162739732236 
0.110094582940896 
0.110026507403058 
0.109958536870605 
0.109890694962542 
0.109823004947735 
0.109755489540699 
0.109688170714047 
0.109621069530413 
0.109554205995911 
0.109487598936346 
0.109421265896760 
0.109355223064145 
0.109289485212685 
0.109224065670349 
0.109158976305321 
0.109094227530449 
0.109029828323726 
0.108965786262734 
0.108902107570913 
0.108838797173609 
0.108775858761917 
0.108713294862520 
0.108651106911811 
0.108589295332846 
0.108527859613834 
0.108466798387017 
0.108406109507056 
0.108345790128120 
0.108285836779070 
0.108226245436259 
0.108167011593566 
0.108108130329388 
0.108049596370406 
0.107991404151974 
0.107933547875073 
0.107876021559773 
0.107818819095213 
0.107761934286104 
0.107705360895809 
0.107649092686020 
0.107593123453140 
0.107537447061373 
0.107482057472668 
0.107426948773540 
0.107372115198889 
0.107317551152880 
0.107263251227017 
0.107209210215449 
0.107155423127697 
0.107101885198832 
0.107048591897275 
0.106995538930321 
0.106942722247523 
0.106890138042063 
0.106837782750262 
0.106785653049368 
0.106733745853760 
0.106682058309747 
0.106630587789082 
0.106579331881374 
0.106528288385534 
0.106477455300407 
0.106426830814756 
0.106376413296707 
0.106326201282839 
0.106276193466994 
0.106226388688989 
0.106176785923282 
0.106127384267750 
0.106078182932631 
0.106029181229729 
0.105980378561952 
0.105931774413234 
0.105883368338899 
0.105835159956497 
0.105787148937131 
0.105739334997318 
0.105691717891358 
0.105644297404240 
0.105597073345058 
0.105550045540939 
0.105503213831451 
0.105456578063478 
0.105410138086533 
0.105363893748479 
0.105317844891628 
0.105271991349195 
0.105226332942065 
0.105180869475852 
0.105135600738216 
0.105090526496419 
0.105045646495081 
0.105000960454132 
0.104956468066919 
0.104912168998473 
0.104868062883896 
0.104824149326883 
0.104780427898342 
0.104736898135121 
0.104693559539224 
0.104650411575560 
0.104607453672120 
0.104564685218694 
0.104522105566053 
0.104479714025240 
0.104437509866948 
0.104395492320999 
0.104353660575917 
0.104312013778622 
0.104270551034210 
0.104229271405862 
0.104188173914842 
0.104147257540641 
0.104106521221202 
0.104065963853278 
0.104025584292904 
0.103985381355975 
0.103945353818939 
0.103905500419594 
0.103865819857998 
0.103826310797468 
0.103786971865683 
0.103747801655867 
0.103708798728063 
0.103669961610486 
0.103631288800931 
0.103592778768258 
0.103554429953926 
0.103516240773576 
0.103478209618645 
0.103440334858026 
0.103402614839741 
0.103365047892633 
0.103327632328069 
0.103290366441642 
0.103253248514877 
0.103216276816910 
0.103179449606168 
0.103142765132011 
0.103106221636357 
0.103069817355266 
0.103033550520497 
0.102997419361015 
0.102961422104454 
0.102925556978545 
0.102889822212476 
0.102854216038217 
0.102818736691783 
0.102783382414444 
0.102748151453882 
0.102713042065293 
0.102678052512430 
0.102643181068590 
0.102608426017558 
0.102573785654483 
0.102539258286707 
0.102504842234551 
0.102470535832033 
0.102436337427559 
0.102402245384559 
0.102368258082076 
0.102334373915323 
0.102300591296192 
0.102266908653734 
0.102233324434605 
0.102199837103473 
0.102166445143408 
0.102133147056237 
0.102099941362881 
0.102066826603665 
0.102033801338617 
0.102000864147750 
0.101968013631322 
0.101935248410098 
0.101902567125590 
0.101869968440302 
0.101837451037958 
0.101805013623735 
0.101772654924495 
0.101740373689006 
0.101708168688178 
0.101676038715295 
0.101643982586244 
0.101611999139759 
0.101580087237662 
0.101548245765110 
0.101516473630850 
0.101484769767475 
0.101453133131683 
0.101421562704546 
0.101390057491779 
0.101358616524004 
0.101327238857030 
0.101295923572120 
0.101264669776261 
0.101233476602427 
0.101202343209843 
0.101171268784234 
0.101140252538069 
0.101109293710787 
0.101078391569015 
0.101047545406764 
0.101016754545607 
0.100986018334829 
0.100955336151562 
0.100924707400882 
0.100894131515878 
0.100863607957686 
0.100833136215498 
0.100802715806512 
0.100772346275861 
0.100742027196485 
0.100711758168970 
0.100681538821333 
0.100651368808758 
0.100621247813292 
0.100591175543485 
0.100561151733975 
0.100531176145036 
0.100501248562064 
0.100471368795017 
0.100441536677810 
0.100411752067656 
0.100382014844362 
0.100352324909585 
0.100322682186038 
0.100293086616665 
0.100263538163770 
0.100234036808119 
0.100204582548003 
0.100175175398282 
0.100145815389398 
0.100116502566371 
0.100087236987779 
0.100058018724716 
0.100028847859761 
0.099999724485922 
0.099970648705586 
0.099941620629481 
0.099912640375629 
0.099883708068322 
0.099854823837111 
0.099825987815803 
0.099797200141491 
0.099768460953598 
0.099739770392957 
0.099711128600910 
0.099682535718448 
0.099653991885380 
0.099625497239535 
0.099597051916010 
0.099568656046443 
0.099540309758341 
0.099512013174434 
0.099483766412079 
0.099455569582703 
0.099427422791284 
0.099399326135879 
0.099371279707186 
0.099343283588154 
0.099315337853623 
0.099287442570014 
0.099259597795051 
0.099231803577516 
0.099204059957046 
0.099176366963970 
0.099148724619156 
0.099121132933920 
0.099093591909945 
0.099066101539229 
0.099038661804074 
0.099011272677085 
0.098983934121202 
0.098956646089753 
0.098929408526526 
0.098902221365862 
0.098875084532761 
0.098847997943019 
0.098820961503358 
0.098793975111589 
0.098767038656778 
0.098740152019422 
0.098713315071642 
0.098686527677376 
0.098659789692587 
0.098633100965475 
0.098606461336689 
0.098579870639553 
0.098553328700289 
0.098526835338246 
0.098500390366131 
0.098473993590237 
0.098447644810678 
0.098421343821621 
0.098395090411515 
0.098368884363329 
0.098342725454772 
0.098316613458530 
0.098290548142481 
0.098264529269930 
0.098238556599816 
0.098212629886939 
0.098186748882166 
0.098160913332648 
0.098135122982019 
0.098109377570599 
0.098083676835596 
0.098058020511294 
0.098032408329245 
0.098006840018454 
0.097981315305555 
0.097955833914995 
0.097930395569200 
0.097904999988736 
0.097879646892484 
0.097854335997786 
0.097829067020608 
0.097803839675681 
0.097778653676649 
0.097753508736209 
0.097728404566244 
0.097703340877960 
0.097678317382009 
0.097653333788612 
0.097628389807682 
0.097603485148935 
0.097578619522003 
0.097553792636543 
0.097529004202339 
0.097504253929405 
0.097479541528078 
0.097454866709113 
0.097430229183769 
0.097405628663910 
0.097381064862068 
0.097356537491536 
0.097332046266444 
0.097307590901826 
0.097283171113705 
0.097258786619146 
0.097234437136332 
0.097210122384623 
0.097185842084617 
0.097161595958210 
0.097137383728646 
0.097113205120580 
0.097089059860116 
0.097064947674867 
0.097040868293993 
0.097016821448253 
0.096992806870038 
0.096968824293421 
0.096944873454184 
0.096920954089866 
0.096897065939789 
0.096873208745094 
0.096849382248772 
0.096825586195692 
0.096801820332629 
0.096778084408290 
0.096754378173339 
0.096730701380417 
0.096707053784167 
0.096683435141254 
0.096659845210381 
0.096636283752304 
0.096612750529854 
0.096589245307950 
0.096565767853607 
0.096542317935955 
0.096518895326245 
0.096495499797862 
0.096472131126330 
0.096448789089324 
0.096425473466672 
0.096402184040365 
0.096378920594557 
0.096355682915571 
0.096332470791901 
0.096309284014212 
0.096286122375344 
0.096262985670309 
0.096239873696289 
0.096216786252638 
0.096193723140878 
0.096170684164689 
0.096147669129915 
0.096124677844552 
0.096101710118745 
0.096078765764782 
0.096055844597083 
0.096032946432195 
0.096010071088787 
0.095987218387633 
0.095964388151609 
0.095941580205680 
0.095918794376891 
0.095896030494351 
0.095873288389227 
0.095850567894732 
0.095827868846102 
0.095805191080594 
0.095782534437471 
0.095759898757980 
0.095737283885347 
0.095714689664752 
0.095692115943323 
0.095669562570116 
0.095647029396098 
0.095624516274131 
0.095602023058957 
0.095579549607180 
0.095557095777248 
0.095534661429436 
0.095512246425828 
0.095489850630299 
0.095467473908497 
0.095445116127822 
0.095422777157412 
0.095400456868120 
0.095378155132495 
0.095355871824766 
0.095333606820821 
0.095311359998185 
0.095289131236003 
0.095266920415021 
0.095244727417564 
0.095222552127515 
0.095200394430301 
0.095178254212865 
0.095156131363651 
0.095134025772585 
0.095111937331050 
0.095089865931868 
0.095067811469281 
0.095045773838931 
0.095023752937837 
0.095001748664378 
0.094979760918271 
0.094957789600553 
0.094935834613558 
0.094913895860898 
0.094891973247448 
0.094870066679317 
0.094848176063835 
0.094826301309534 
0.094804442326124 
0.094782599024475 
0.094760771316601 
0.094738959115635 
0.094717162335817 
0.094695380892470 
0.094673614701980 
0.094651863681784 
0.094630127750343 
0.094608406827131 
0.094586700832612 
0.094565009688224 
0.094543333316362 
0.094521671640356 
0.094500024584460 
0.094478392073828 
0.094456774034502 
0.094435170393389 
0.094413581078254 
0.094392006017690 
0.094370445141114 
0.094348898378742 
0.094327365661578 
0.094305846921394 
0.094284342090719 
0.094262851102819 
0.094241373891683 
0.094219910392010 
0.094198460539191 
0.094177024269293 
0.094155601519053 
0.094134192225851 
0.094112796327705 
0.094091413763254 
0.094070044471746 
0.094048688393017 
0.094027345467489 
0.094006015636149 
0.093984698840536 
0.093963395022734 
0.093942104125351 
0.093920826091513 
0.093899560864849 
0.093878308389483 
0.093857068610013 
0.093835841471505 
0.093814626919489 
0.093793424899929 
0.093772235359233 
0.093751058244223 
0.093729893502139 
0.093708741080621 
0.093687600927698 
0.093666472991780 
0.093645357221648 
0.093624253566444 
0.093603161975660 
0.093582082399129 
0.093561014787015 
0.093539959089805 
0.093518915258300 
0.093497883243604 
0.093476862997115 
0.093455854470522 
0.093434857615787 
0.093413872385147 
0.093392898731095 
0.093371936606382 
0.093350985964002 
0.093330046757188 
0.093309118939402 
0.093288202464330 
0.093267297285871 
0.093246403358134 
0.093225520635427 
0.093204649072254 
0.093183788623304 
0.093162939243446 
0.093142100887722 
0.093121273511344 
0.093100457069680 
0.093079651518257 
0.093058856812744 
0.093038072908957 
0.093017299762844 
0.092996537330488 
0.092975785568090 
0.092955044431977 
0.092934313878580 
0.092913593864443 
0.092892884346212 
0.092872185280627 
0.092851496624521 
0.092830818334816 
0.092810150368508 
0.092789492682679 
0.092768845234474 
0.092748207981107 
0.092727580879857 
0.092706963888055 
0.092686356963088 
0.092665760062391 
