1.000000000000000 
0.176554558691541 
0.175979296468540 
0.175938768093481 
0.175922766944065 
0.175912911222688 
0.175905306161291 
0.175898622438207 
0.175892271945651 
0.175885942768689 
0.175879443516751 
0.175872640913899 
0.175865431264026 
0.175857725994380 
0.175849443673333 
0.175840505245320 
0.175830830961809 
0.175820338246034 
0.175808940086322 
0.175796543731541 
0.175783049556389 
0.175768350016109 
0.175752328640031 
0.175734859031101 
0.175715803849521 
0.175695013765809 
0.175672326373435 
0.175647565054815 
0.175620537797346 
0.175591035958694 
0.175558832983072 
0.175523683072764 
0.175485319821961 
0.175443454823040 
0.175397776258940 
0.175347947499201 
0.175293605721710 
0.175234360587170 
0.175169792998813 
0.175099453985944 
0.175022863756378 
0.174939510969696 
0.174848852290349 
0.174750312286709 
0.174643283749028 
0.174527128505521 
0.174401178820971 
0.174264739466026 
0.174117090546910 
0.173957491184182 
0.173785184124628 
0.173599401361685 
0.173399370826309 
0.173184324191245 
0.172953505806748 
0.172706182754653 
0.172441655970192 
0.172159272337512 
0.171858437616085 
0.171538630002465 
0.171199414076848 
0.170840454828987 
0.170461531406194 
0.170062550180706 
0.169643556698432 
0.169204746049832 
0.168746471200265 
0.168269248834686 
0.167773762312652 
0.167260861395258 
0.166731558495417 
0.166187021314569 
0.165628561857913 
0.165057621960501 
0.164475755599942 
0.163884608409177 
0.163285894925503 
0.162681374211235 
0.162072824549956 
0.161462017955640 
0.160850695228226 
0.160240542249736 
0.159633168144007 
0.159030085826938 
0.158432695360729 
0.157842270403367 
0.157259947921343 
0.156686721216206 
0.156123436208949 
0.155570790833878 
0.155029337317037 
0.154499487053842 
0.153981517755729 
0.153475582505006 
0.152981720339534 
0.152499867982611 
0.152029872337472 
0.151571503378787 
0.151124467094865 
0.150688418163359 
0.150262972079735 
0.149847716501299 
0.149442221619151 
0.149046049424378 
0.148658761790419 
0.148279927347239 
0.147909127170677 
0.147545959348524 
0.147190042510801 
0.146841018424562 
0.146498553754225 
0.146162341079740 
0.145832099250746 
0.145507573139549 
0.145188532843509 
0.144874772381178 
0.144566107928058 
0.144262375647060 
0.143963429183811 
0.143669136914950 
0.143379379054513 
0.143094044735671 
0.142813029189398 
0.142536231136243 
0.142263550492408 
0.141994886468010 
0.141730136106792 
0.141469193285697 
0.141211948163276 
0.140958287040501 
0.140708092578339 
0.140461244304202 
0.140217619334213 
0.139977093239333 
0.139739540989431 
0.139504837918921 
0.139272860668907 
0.139043488072643 
0.138816601962187 
0.138592087883704 
0.138369835716390 
0.138149740195239 
0.137931701341096 
0.137715624802687 
0.137501422115337 
0.137289010880136 
0.137078314866054 
0.136869264036399 
0.136661794500319 
0.136455848390152 
0.136251373666284 
0.136048323852745 
0.135846657708960 
0.135646338845426 
0.135447335293404 
0.135249619040665 
0.135053165546561 
0.134857953250166 
0.134663963084844 
0.134471178011392 
0.134279582580129 
0.134089162530085 
0.133899904431082 
0.133711795372177 
0.133524822697828 
0.133338973791416 
0.133154235904332 
0.132970596027851 
0.132788040804384 
0.132606556474277 
0.132426128854148 
0.132246743342764 
0.132068384950409 
0.131891038347816 
0.131714687930787 
0.131539317896686 
0.131364912329047 
0.131191455286601 
0.131018930893128 
0.130847323424605 
0.130676617390403 
0.130506797605453 
0.130337849250727 
0.130169757919787 
0.130002509649706 
0.129836090935291 
0.129670488726165 
0.129505690407000 
0.129341683761833 
0.129178456924018 
0.129015998313957 
0.128854296567116 
0.128693340455179 
0.128533118803326 
0.128373620406600 
0.128214833948261 
0.128056747922696 
0.127899350565177 
0.127742629790350 
0.127586573140853 
0.127431167747115 
0.127276400298880 
0.127122257028705 
0.126968723707291 
0.126815785650299 
0.126663427736063 
0.126511634433487 
0.126360389839316 
0.126209677723919 
0.126059481584697 
0.125909784706258 
0.125760570226473 
0.125611821207576 
0.125463520711473 
0.125315651878409 
0.125168198008188 
0.125021142642992 
0.124874469650981 
0.124728163309627 
0.124582208387808 
0.124436590225560 
0.124291294810369 
0.124146308848839 
0.124001619832540 
0.123857216096906 
0.123713086872041 
0.123569222324431 
0.123425613588651 
0.123282252788349 
0.123139133045974 
0.122996248480956 
0.122853594196281 
0.122711166253687 
0.122568961637922 
0.122426978210816 
0.122285214656054 
0.122143670415806 
0.122002345620452 
0.121861241012786 
0.121720357868129 
0.121579697911779 
0.121439263235240 
0.121299056212566 
0.121159079418102 
0.121019335546792 
0.120879827338067 
0.120740557504253 
0.120601528664234 
0.120462743283062 
0.120324203617987 
0.120185911671334 
0.120047869150523 
0.119910077435409 
0.119772537553075 
0.119635250160078 
0.119498215532120 
0.119361433561012 
0.119224903758757 
0.119088625268528 
0.118952596882214 
0.118816817064207 
0.118681283981020 
0.118545995536255 
0.118410949410441 
0.118276143105123 
0.118141573990613 
0.118007239356691 
0.117873136465514 
0.117739262605940 
0.117605615148399 
0.117472191599418 
0.117338989654843 
0.117206007250785 
0.117073242611299 
0.116940694291785 
0.116808361217133 
0.116676242713671 
0.116544338534013 
0.116412648874019 
0.116281174381146 
0.116149916153628 
0.116018875730034 
0.115888055068931 
0.115757456518531 
0.115627082776370 
0.115496936839217 
0.115367021943577 
0.115237341497295 
0.115107899002854 
0.114978697973089 
0.114849741840084 
0.114721033858089 
0.114592577001250 
0.114464373857033 
0.114336426516077 
0.114208736459260 
0.114081304442650 
0.113954130380929 
0.113827213229867 
0.113700550868314 
0.113574139980150 
0.113447975936693 
0.113322052680021 
0.113196362607926 
0.113070896461392 
0.112945643215951 
0.112820589978879 
0.112695721895119 
0.112571022066074 
0.112446471487148 
0.112322049012238 
0.112197731356344 
0.112073493151224 
0.111949307073584 
0.111825144070469 
0.111700973711944 
0.111576764706027 
0.111452485613640 
0.111328105799708 
0.111203596647506 
0.111078933042827 
0.110954095099311 
0.110829070044812 
0.110703854124426 
0.110578454309635 
0.110452889554536 
0.110327191334450 
0.110201403261759 
0.110075579705096 
0.109949783521173 
0.109824083196768 
0.109698549832554 
0.109573254433799 
0.109448265892418 
0.109323649876668 
0.109199468640820 
0.109075781582754 
0.108952646252443 
0.108830119465232 
0.108708258197131 
0.108587120018549 
0.108466762935538 
0.108347244630079 
0.108228621200990 
0.108110945587074 
0.107994265893401 
0.107878623838608 
0.107764053502839 
0.107650580495537 
0.107538221595041 
0.107426984850818 
0.107316870092763 
0.107207869763499 
0.107099969977814 
0.106993151714662 
0.106887392056860 
0.106782665407663 
0.106678944628664 
0.106576202058150 
0.106474410382173 
0.106373543341973 
0.106273576271178 
0.106174486464508 
0.106076253386842 
0.105978858737363 
0.105882286388140 
0.105786522219804 
0.105691553878781 
0.105597370480951 
0.105503962285548 
0.105411320360889 
0.105319436260351 
0.105228301723275 
0.105137908411478 
0.105048247688160 
0.104959310442430 
0.104871086959678 
0.104783566835625 
0.104696738930130 
0.104610591355783 
0.104525111495663 
0.104440286044581 
0.104356101068270 
0.104272542075502 
0.104189594098573 
0.104107241778383 
0.104025469450878 
0.103944261232364 
0.103863601101722 
0.103783472978117 
0.103703860793233 
0.103624748557455 
0.103546120419734 
0.103467960721106 
0.103390254042050 
0.103312985244006 
0.103236139505461 
0.103159702353138 
0.103083659688755 
0.103007997811986 
0.102932703440086 
0.102857763724789 
0.102783166266920 
0.102708899129221 
0.102634950847787 
0.102561310442497 
0.102487967426712 
0.102414911816537 
0.102342134139790 
0.102269625444817 
0.102197377309218 
0.102125381848444 
0.102053631724224 
0.101982120152655 
0.101910840911778 
0.101839788348381 
0.101768957383734 
0.101698343517915 
0.101627942832397 
0.101557751990477 
0.101487768235215 
0.101417989384518 
0.101348413823039 
0.101279040490635 
0.101209868867161 
0.101140898953490 
0.101072131248705 
0.101003566723520 
0.100935206790100 
0.100867053268513 
0.100799108350178 
0.100731374558749 
0.100663854708913 
0.100596551863696 
0.100529469290856 
0.100462610418971 
0.100395978793861 
0.100329578035906 
0.100263411798824 
0.100197483730414 
0.100131797435677 
0.100066356442689 
0.100001164171503 
0.099936223906261 
0.099871538770673 
0.099807111706872 
0.099742945457639 
0.099679042551933 
0.099615405293558 
0.099552035752831 
0.099488935761021 
0.099426106907341 
0.099363550538244 
0.099301267758786 
0.099239259435788 
0.099177526202571 
0.099116068465009 
0.099054886408694 
0.098993980007000 
0.098933349029844 
0.098872993052996 
0.098812911467753 
0.098753103490864 
0.098693568174575 
0.098634304416693 
0.098575310970579 
0.098516586454994 
0.098458129363748 
0.098399938075084 
0.098342010860780 
0.098284345894906 
0.098226941262254 
0.098169794966391 
0.098112904937348 
0.098056269038921 
0.097999885075603 
0.097943750799130 
0.097887863914668 
0.097832222086627 
0.097776822944133 
0.097721664086144 
0.097666743086255 
0.097612057497168 
0.097557604854876 
0.097503382682543 
0.097449388494119 
0.097395619797685 
0.097342074098560 
0.097288748902160 
0.097235641716646 
0.097182750055357 
0.097130071439046 
0.097077603397933 
0.097025343473586 
0.096973289220628 
0.096921438208301 
0.096869788021881 
0.096818336263968 
0.096767080555633 
0.096716018537465 
0.096665147870501 
0.096614466237052 
0.096563971341440 
0.096513660910645 
0.096463532694865 
0.096413584468009 
0.096363814028105 
0.096314219197659 
0.096264797823943 
0.096215547779225 
0.096166466960960 
0.096117553291908 
0.096068804720239 
0.096020219219569 
0.095971794788977 
0.095923529452978 
0.095875421261462 
0.095827468289616 
0.095779668637802 
0.095732020431426 
0.095684521820771 
0.095637170980826 
0.095589966111073 
0.095542905435282 
0.095495987201271 
0.095449209680666 
0.095402571168639 
0.095356069983639 
0.095309704467114 
0.095263472983218 
0.095217373918521 
0.095171405681702 
0.095125566703238 
0.095079855435094 
0.095034270350400 
0.094988809943132 
0.094943472727780 
0.094898257239030 
0.094853162031421 
0.094808185679025 
0.094763326775108 
0.094718583931797 
0.094673955779749 
0.094629440967818 
0.094585038162718 
0.094540746048700 
0.094496563327210 
0.094452488716571 
0.094408520951649 
0.094364658783527 
0.094320900979183 
0.094277246321168 
0.094233693607284 
0.094190241650271 
0.094146889277488 
0.094103635330600 
0.094060478665274 
0.094017418150863 
0.093974452670109 
0.093931581118838 
0.093888802405657 
0.093846115451663 
0.093803519190147 
0.093761012566299 
0.093718594536927 
0.093676264070163 
0.093634020145180 
0.093591861751915 
0.093549787890788 
0.093507797572423 
0.093465889817376 
0.093424063655862 
0.093382318127483 
0.093340652280960 
0.093299065173869 
0.093257555872371 
0.093216123450953 
0.093174766992160 
0.093133485586339 
0.093092278331379 
0.093051144332447 
0.093010082701735 
0.092969092558198 
0.092928173027302 
0.092887323240760 
0.092846542336280 
0.092805829457307 
0.092765183752764 
0.092724604376794 
0.092684090488499 
0.092643641251687 
0.092603255834602 
0.092562933409664 
0.092522673153209 
0.092482474245215 
0.092442335869034 
0.092402257211124 
0.092362237460771 
0.092322275809812 
0.092282371452353 
0.092242523584479 
0.092202731403972 
0.092162994110008 
0.092123310902864 
0.092083680983604 
0.092044103553777 
0.092004577815090 
0.091965102969092 
0.091925678216832 
0.091886302758527 
0.091846975793208 
0.091807696518367 
0.091768464129584 
0.091729277820156 
0.091690136780701 
0.091651040198767 
0.091611987258411 
0.091572977139778 
0.091534009018663 
0.091495082066053 
0.091456195447661 
0.091417348323439 
0.091378539847071 
0.091339769165460 
0.091301035418177 
0.091262337736904 
0.091223675244850 
0.091185047056142 
0.091146452275199 
0.091107889996068 
0.091069359301748 
0.091030859263474 
0.090992388939976 
0.090953947376707 
0.090915533605034 
0.090877146641400 
0.090838785486447 
0.090800449124099 
0.090762136520605 
0.090723846623547 
0.090685578360789 
0.090647330639401 
0.090609102344516 
0.090570892338152 
0.090532699457970 
0.090494522515989 
0.090456360297240 
0.090418211558362 
0.090380075026148 
0.090341949396014 
0.090303833330429 
0.090265725457257 
0.090227624368061 
0.090189528616327 
0.090151436715623 
0.090113347137711 
0.090075258310583 
0.090037168616443 
0.089999076389633 
0.089960979914505 
0.089922877423253 
0.089884767093692 
0.089846647047022 
0.089808515345563 
0.089770369990476 
0.089732208919505 
0.089694030004739 
0.089655831050410 
0.089617609790779 
0.089579363888114 
0.089541090930796 
0.089502788431608 
0.089464453826224 
0.089426084471973 
0.089387677646911 
0.089349230549279 
0.089310740297401 
0.089272203930105 
0.089233618407751 
0.089194980613944 
0.089156287358038 
0.089117535378523 
0.089078721347416 
0.089039841875741 
0.089000893520237 
0.088961872791390 
0.088922776162900 
0.088883600082691 
0.088844340985551 
0.088804995307479 
0.088765559501801 
0.088726030057075 
0.088686403516800 
0.088646676500855 
0.088606845728625 
0.088566908043627 
0.088526860439471 
0.088486700086873 
0.088446424361411 
0.088406030871614 
0.088365517486936 
0.088324882365085 
0.088284123978153 
0.088243241136919 
0.088202233012700 
0.088161099156096 
0.088119839512027 
0.088078454430425 
0.088036944672117 
0.087995311409408 
0.087953556221049 
0.087911681081393 
0.087869688343667 
0.087827580717438 
0.087785361240519 
0.087743033245683 
0.087700600322701 
0.087658066276330 
0.087615435080963 
0.087572710832702 
0.087529897699677 
0.087486999871405 
0.087444021507967 
0.087400966689703 
0.087357839368093 
0.087314643318327 
0.087271382094015 
0.087228058984330 
0.087184676973774 
0.087141238704628 
0.087097746442042 
0.087054202041602 
0.087010606919121 
0.086966962022326 
0.086923267804029 
0.086879524196299 
0.086835730585137 
0.086791885785080 
0.086747988013147 
0.086704034861518 
0.086660023268309 
0.086615949485834 
0.086571809045715 
0.086527596720251 
0.086483306479497 
0.086438931443595 
0.086394463830018 
0.086349894895594 
0.086305214873511 
0.086260412905932 
0.086215476973570 
0.086170393824503 
0.086125148905956 
0.086079726304730 
0.086034108704651 
0.085988277373187 
0.085942212194276 
0.085895891770882 
0.085849293628777 
0.085802394562595 
0.085755171175492 
0.085707600673310 
0.085659661979896 
0.085611337237151 
0.085562613734249 
0.085513486266318 
0.085463959845855 
0.085414052577600 
0.085363798370205 
0.085313249025953 
0.085262475173445 
0.085211565546497 
0.085160624304883 
0.085109766427134 
0.085059111603207 
0.085008777390371 
0.084958872552649 
0.084909491432846 
0.084860709945118 
0.084812583426657 
0.084765146260311 
0.084718412950658 
0.084672380227726 
0.084627029747352 
0.084582331018347 
0.084538244277473 
0.084494723126583 
0.084451716826842 
0.084409172206897 
0.084367035185023 
0.084325251932519 
0.084283769720581 
0.084242537499184 
0.084201506257064 
0.084160629208993 
0.084119861851861 
0.084079161925757 
0.084038489310953 
0.083997805886953 
0.083957075375831 
0.083916263188931 
0.083875336293847 
0.083834263117162 
0.083793013497749 
0.083751558705253 
0.083709871538401 
0.083667926517721 
0.083625700186539 
0.083583171532189 
0.083540322535358 
0.083497138848733 
0.083453610595664 
0.083409733265149 
0.083365508661120 
0.083320945843146 
0.083276061974811 
0.083230882979335 
0.083185443894597 
0.083139788826814 
0.083093970427310 
0.083048048860060 
0.083002090284554 
0.082956164939684 
0.082910344967908 
0.082864702153378 
0.082819305755767 
0.082774220601979 
0.082729505556346 
0.082685212436206 
0.082641385385055 
0.082598060669179 
0.082555266831440 
0.082513025119163 
0.082471350100177 
0.082430250388280 
0.082389729412680 
0.082349786181555 
0.082310416005137 
0.082271611156992 
0.082233361462761 
0.082195654813334 
0.082158477604730 
0.082121815110089 
0.082085651790878 
0.082049971554974 
0.082014757969157 
0.081979994432999 
0.081945664320410 
0.081911751094247 
0.081878238398614 
0.081845110132730 
0.081812350509577 
0.081779944101990 
0.081747875878363 
0.081716131229775 
0.081684695989970 
0.081653556449427 
0.081622699364489 
0.081592111962368 
0.081561781942720 
0.081531697476341 
0.081501847201458 
0.081472220218037 
0.081442806080417 
0.081413594788591 
0.081384576778349 
0.081355742910533 
0.081327084459556 
0.081298593101364 
0.081270260900967 
0.081242080299678 
0.081214044102142 
0.081186145463259 
0.081158377875077 
0.081130735153725 
0.081103211426452 
0.081075801118795 
0.081048498941967 
0.081021299880449 
0.080994199179871 
0.080967192335158 
0.080940275079000 
0.080913443370644 
0.080886693385027 
0.080860021502266 
0.080833424297497 
0.080806898531084 
0.080780441139190 
0.080754049224718 
0.080727720048610 
0.080701451021508 
0.080675239695774 
0.080649083757860 
0.080622981021014 
0.080596929418329 
0.080570926996118 
0.080544971907599 
0.080519062406895 
0.080493196843335 
0.080467373656032 
0.080441591368750 
0.080415848585032 
0.080390143983582 
0.080364476313901 
0.080338844392154 
0.080313247097260 
0.080287683367204 
0.080262152195552 
0.080236652628154 
0.080211183760050 
0.080185744732538 
0.080160334730417 
0.080134952979389 
0.080109598743619 
0.080084271323550 
0.080058970053361 
0.080033694299312 
0.080008443457700 
0.079983216953058 
0.079958014236464 
0.079932834783952 
0.079907678095016 
0.079882543691211 
0.079857431114839 
0.079832339927708 
0.079807269709981 
0.079782220059079 
0.079757190588672 
0.079732180927712 
0.079707190719541 
0.079682219621049 
0.079657267301883 
0.079632333443710 
0.079607417739519 
0.079582519892975 
0.079557639617806 
0.079532776637232 
0.079507930683430 
0.079483101497031 
0.079458288826646 
0.079433492428430 
0.079408712065662 
0.079383947508362 
0.079359198532919 
0.079334464921757 
0.079309746463010 
0.079285042950219 
0.079260354182059 
0.079235679962063 
0.079211020098379 
0.079186374403537 
0.079161742694225 
0.079137124791088 
0.079112520518534 
0.079087929704546 
0.079063352180517 
0.079038787781088 
0.079014236343995 
0.078989697709927 
0.078965171722391 
0.078940658227586 
0.078916157074289 
0.078891668113731 
0.078867191199504 
0.078842726187451 
0.078818272935579 
0.078793831303964 
0.078769401154672 
0.078744982351677 
0.078720574760781 
0.078696178249553 
0.078671792687253 
0.078647417944770 
0.078623053894564 
0.078598700410606 
0.078574357368322 
0.078550024644544 
0.078525702117458 
0.078501389666561 
0.078477087172611 
0.078452794517587 
0.078428511584648 
0.078404238258095 
0.078379974423331 
0.078355719966829 
0.078331474776096 
0.078307238739641 
0.078283011746944 
0.078258793688425 
0.078234584455415 
0.078210383940133 
0.078186192035653 
0.078162008635882 
0.078137833635536 
0.078113666930114 
0.078089508415877 
0.078065357989822 
0.078041215549668 
0.078017080993829 
0.077992954221397 
0.077968835132120 
0.077944723626386 
0.077920619605203 
0.077896522970182 
0.077872433623519 
0.077848351467979 
0.077824276406879 
0.077800208344074 
0.077776147183936 
0.077752092831346 
0.077728045191673 
0.077704004170765 
0.077679969674928 
0.077655941610918 
0.077631919885925 
0.077607904407559 
0.077583895083836 
0.077559891823169 
0.077535894534350 
0.077511903126542 
0.077487917509263 
0.077463937592375 
0.077439963286071 
0.077415994500869 
0.077392031147590 
0.077368073137353 
0.077344120381564 
0.077320172791898 
0.077296230280297 
0.077272292758951 
0.077248360140288 
0.077224432336969 
0.077200509261867 
0.077176590828065 
0.077152676948837 
0.077128767537646 
0.077104862508122 
0.077080961774063 
0.077057065249414 
0.077033172848260 
0.077009284484818 
0.076985400073419 
0.076961519528504 
0.076937642764609 
0.076913769696352 
0.076889900238429 
0.076866034305595 
0.076842171812657 
0.076818312674462 
0.076794456805883 
0.076770604121811 
0.076746754537142 
0.076722907966763 
0.076699064325545 
0.076675223528325 
0.076651385489899 
0.076627550125005 
0.076603717348316 
0.076579887074420 
0.076556059217816 
0.076532233692893 
0.076508410413922 
0.076484589295038 
0.076460770250233 
0.076436953193335 
0.076413138037998 
0.076389324697686 
0.076365513085659 
0.076341703114959 
0.076317894698391 
0.076294087748513 
0.076270282177615 
0.076246477897707 
0.076222674820498 
0.076198872857384 
0.076175071919426 
0.076151271917337 
0.076127472761457 
0.076103674361744 
0.076079876627747 
0.076056079468591 
0.076032282792952 
0.076008486509042 
0.075984690524587 
0.075960894746802 
0.075937099082374 
0.075913303437435 
0.075889507717537 
0.075865711827637 
0.075841915672063 
0.075818119154492 
0.075794322177925 
0.075770524644659 
0.075746726456260 
0.075722927513532 
0.075699127716491 
0.075675326964333 
0.075651525155406 
0.075627722187171 
0.075603917956173 
0.075580112358012 
0.075556305287297 
0.075532496637619 
0.075508686301506 
0.075484874170390 
0.075461060134565 
0.075437244083141 
0.075413425904012 
0.075389605483798 
0.075365782707811 
0.075341957459998 
0.075318129622901 
0.075294299077597 
0.075270465703652 
0.075246629379064 
0.075222789980205 
0.075198947381767 
0.075175101456695 
0.075151252076126 
0.075127399109330 
0.075103542423631 
0.075079681884344 
0.075055817354699 
0.075031948695769 
0.075008075766383 
0.074984198423052 
0.074960316519880 
0.074936429908471 
0.074912538437846 
0.074888641954339 
0.074864740301498 
0.074840833319982 
0.074816920847456 
0.074793002718470 
0.074769078764344 
0.074745148813048 
0.074721212689069 
0.074697270213279 
0.074673321202791 
0.074649365470820 
0.074625402826523 
0.074601433074843 
0.074577456016342 
0.074553471447019 
0.074529479158139 
0.074505478936030 
0.074481470561887 
0.074457453811564 
0.074433428455347 
0.074409394257728 
0.074385350977158 
0.074361298365797 
0.074337236169241 
0.074313164126242 
0.074289081968417 
0.074264989419929 
0.074240886197164 
0.074216772008388 
0.074192646553380 
0.074168509523053 
0.074144360599046 
0.074120199453304 
0.074096025747622 
0.074071839133179 
0.074047639250032 
0.074023425726582 
0.073999198179022 
0.073974956210737 
0.073950699411675 
0.073926427357689 
0.073902139609820 
0.073877835713553 
0.073853515198023 
0.073829177575163 
0.073804822338813 
0.073780448963760 
0.073756056904721 
0.073731645595259 
0.073707214446631 
0.073682762846549 
0.073658290157873 
0.073633795717205 
0.073609278833384 
0.073584738785887 
0.073560174823111 
0.073535586160529 
0.073510971978726 
0.073486331421281 
0.073461663592503 
0.073436967554992 
0.073412242327029 
0.073387486879755 
0.073362700134153 
0.073337880957786 
0.073313028161289 
0.073288140494590 
0.073263216642833 
0.073238255221983 
0.073213254774078 
0.073188213762115 
0.073163130564520 
0.073138003469177 
0.073112830666995 
0.073087610244947 
0.073062340178570 
0.073037018323874 
0.073011642408624 
0.072986210022959 
0.072960718609309 
0.072935165451586 
0.072909547663616 
0.072883862176814 
0.072858105727096 
0.072832274841052 
0.072806365821460 
0.072780374732219 
0.072754297382874 
0.072728129312965 
0.072701865776537 
0.072675501727274 
0.072649031804886 
0.072622450323596 
0.072595751263834 
0.072568928268584 
0.072541974646243 
0.072514883382325 
0.072487647162960 
0.072460258413776 
0.072432709358513 
0.072404992102459 
0.072377098746556 
0.072349021538545 
0.072320753067775 
0.072292286509918 
0.072263615926583 
0.072234736622289 
0.072205645557109 
0.072176341807149 
0.072146827057058 
0.072117106099006 
0.072087187302306 
0.072057083008573 
0.072026809801333 
0.071996388599000 
0.071965844528097 
0.071935206550675 
0.071904506844693 
0.071873779965390 
0.071843061844023 
0.071812388701929 
0.071781795968101 
0.071751317285203 
0.071720983673506 
0.071690822898335 
0.071660859059816 
0.071631112398743 
0.071601599293271 
0.071572332409298 
0.071543320962815 
0.071514571053800 
0.071486086036371 
0.071457866897164 
0.071429912621426 
0.071402220533370 
0.071374786603123 
0.071347605717077 
0.071320671911581 
0.071293978571959 
0.071267518599975 
0.071241284553419 
0.071215268761544 
0.071189463419932 
0.071163860668017 
0.071138452652129 
0.071113231576496 
0.071088189744267 
0.071063319590281 
0.071038613707016 
0.071014064864869 
0.070989666027751 
0.070965410364776 
0.070941291258696 
0.070917302311612 
0.070893437348421 
0.070869690418359 
0.070846055794941 
0.070822527974590 
0.070799101674143 
0.070775771827449 
0.070752533581213 
0.070729382290222 
0.070706313512078 
0.070683323001549 
0.070660406704614 
0.070637560752290 
0.070614781454311 
0.070592065292705 
0.070569408915330 
0.070546809129412 
0.070524262895107 
0.070501767319148 
0.070479319648563 
0.070456917264519 
0.070434557676298 
0.070412238515411 
0.070389957529878 
0.070367712578665 
0.070345501626303 
0.070323322737678 
0.070301174073006 
0.070279053882979 
0.070256960504108 
0.070234892354231 
0.070212847928211 
0.070190825793800 
0.070168824587682 
0.070146843011683 
0.070124879829138 
0.070102933861427 
0.070081003984656 
0.070059089126492 
0.070037188263136 
0.070015300416440 
0.069993424651154 
0.069971560072294 
0.069949705822633 
0.069927861080318 
0.069906025056582 
0.069884196993570 
0.069862376162257 
0.069840561860470 
0.069818753410993 
0.069796950159754 
0.069775151474099 
0.069753356741136 
0.069731565366145 
0.069709776771066 
0.069687990393041 
0.069666205683011 
0.069644422104370 
0.069622639131677 
0.069600856249396 
0.069579072950692 
0.069557288736265 
0.069535503113211 
0.069513715593924 
0.069491925695020 
0.069470132936286 
0.069448336839663 
0.069426536928223 
0.069404732725192 
0.069382923752960 
0.069361109532112 
0.069339289580465 
0.069317463412106 
0.069295630536433 
0.069273790457184 
0.069251942671473 
0.069230086668800 
0.069208221930065 
0.069186347926548 
0.069164464118885 
0.069142569956006 
0.069120664874051 
0.069098748295257 
0.069076819626799 
0.069054878259600 
0.069032923567086 
0.069010954903901 
0.068988971604550 
0.068966972981994 
0.068944958326167 
0.068922926902427 
0.068900877949910 
0.068878810679815 
0.068856724273569 
0.068834617880900 
0.068812490617788 
0.068790341564288 
0.068768169762219 
0.068745974212699 
0.068723753873518 
0.068701507656338 
0.068679234423693 
0.068656932985788 
0.068634602097066 
0.068612240452532 
0.068589846683814 
0.068567419354932 
0.068544956957757 
0.068522457907132 
0.068499920535636 
0.068477343087955 
0.068454723714831 
0.068432060466565 
0.068409351286041 
0.068386594001236 
0.068363786317202 
0.068340925807466 
0.068318009904855 
0.068295035891713 
0.068272000889499 
0.068248901847774 
0.068225735532610 
0.068202498514445 
0.068179187155482 
0.068155797596739 
0.068132325744930 
0.068108767259429 
0.068085117539658 
0.068061371713363 
0.068037524626387 
0.068013570834767 
0.067989504600178 
0.067965319890077 
0.067941010384240 
0.067916569489793 
0.067891990367356 
0.067867265971403 
0.067842389108608 
0.067817352518430 
0.067792148980780 
0.067766771455892 
0.067741213261573 
0.067715468292450 
0.067689531284601 
0.067663398126570 
0.067637066214152 
0.067610534841192 
0.067583805612040 
0.067556882853622 
0.067529773997094 
0.067502489892078 
0.067475045012365 
0.067447457512504 
0.067419749101542 
0.067391944713917 
0.067364071977204 
0.067336160499517 
0.067308241021825 
0.067280344497979 
0.067252501174067 
0.067224739737243 
0.067197086592860 
0.067169565310368 
0.067142196256970 
0.067114996417356 
0.067087979381136 
0.067061155468465 
0.067034531959160 
0.067008113390293 
0.066981901890739 
0.066955897526570 
0.066930098637550 
0.066904502151006 
0.066879103864750 
0.066853898694964 
0.066828880888159 
0.066804044198556 
0.066779382033584 
0.066754887570989 
0.066730553851300 
0.066706373849417 
0.066682340528849 
0.066658446881797 
0.066634685957937 
0.066611050884326 
0.066587534878530 
0.066564131256683 
0.066540833437945 
0.066517634946512 
0.066494529412133 
0.066471510569903 
0.066448572259911 
0.066425708427238 
0.066402913122640 
0.066380180504197 
0.066357504840105 
0.066334880512743 
0.066312302024063 
0.066289764002330 
0.066267261210157 
0.066244788553767 
0.066222341093336 
0.066199914054272 
0.066177502839180 
0.066155103040311 
0.066132710452161 
0.066110321083925 
0.066087931171466 
0.066065537188409 
0.066043135856004 
0.066020724151388 
0.065998299313818 
0.065975858848681 
0.065953400528831 
0.065930922393092 
0.065908422741731 
0.065885900128784 
0.065863353351209 
0.065840781434942 
0.065818183617963 
0.065795559330613 
0.065772908173457 
0.065750229893015 
0.065727524355782 
0.065704791520958 
0.065682031412307 
0.065659244089608 
0.065636429620099 
0.065613588050285 
0.065590719378486 
0.065567823528373 
0.065544900323766 
0.065521949464839 
0.065498970505890 
0.065475962834718 
0.065452925653674 
0.065429857962374 
0.065406758542056 
0.065383625941580 
0.065360458465041 
0.065337254161027 
0.065314010813564 
0.065290725934894 
0.065267396760268 
0.065244020245082 
0.065220593064801 
0.065197111618275 
0.065173572035233 
0.065149970188991 
0.065126301715617 
0.065102562041096 
0.065078746418328 
0.065054849976074 
0.065030867782405 
0.065006794924360 
0.064982626608241 
0.064958358281338 
0.064933985778119 
0.064909505492064 
0.064884914573216 
0.064860211149613 
0.064835394568196 
0.064810465647593 
0.064785426931539 
0.064760282927845 
0.064735040314445 
0.064709708091670 
0.064684297659426 
0.064658822799996 
0.064633299552236 
0.064607745970884 
0.064582181774899 
0.064556627899856 
0.064531105979770 
0.064505637791491 
0.064480244698715 
0.064454947131901 
0.064429764135383 
0.064404713004624 
0.064379809026483 
0.064355065325262 
0.064330492808261 
0.064306100198924 
0.064281894139394 
0.064257879345717 
0.064234058797201 
0.064210433944219 
0.064187004921276 
0.064163770755186 
0.064140729561096 
0.064117878721653 
0.064095215046775 
0.064072734913097 
0.064050434383378 
0.064028309306967 
0.064006355402921 
0.063984568327607 
0.063962943728740 
0.063941477287719 
0.063920164752069 
0.063899001959584 
0.063877984855646 
0.063857109504950 
0.063836372098757 
0.063815768958578 
0.063795296537087 
0.063774951416900 
0.063754730307755 
0.063734630042546 
0.063714647572546 
0.063694779962110 
0.063675024383211 
0.063655378109360 
0.063635838510275 
0.063616403046175 
0.063597069262389 
0.063577834784195 
0.063558697311946 
0.063539654616487 
0.063520704534864 
0.063501844966369 
0.063483073868850 
0.063464389255344 
0.063445789190970 
0.063427271790087 
0.063408835213708 
0.063390477667126 
0.063372197397767 
0.063353992693224 
0.063335861879475 
0.063317803319250 
0.063299815410548 
0.063281896585284 
0.063264045308046 
0.063246260074951 
0.063228539412597 
0.063210881877094 
0.063193286053160 
0.063175750553275 
0.063158274016897 
0.063140855109715 
0.063123492522941 
0.063106184972640 
0.063088931199078 
0.063071729966107 
0.063054580060555 
0.063037480291642 
0.063020429490402 
0.063003426509118 
0.062986470220766 
0.062969559518459 
0.062952693314903 
0.062935870541845 
0.062919090149534 
0.062902351106172 
0.062885652397365 
0.062868993025581 
0.062852372009593 
0.062835788383928 
0.062819241198309 
0.062802729517089 
0.062786252418689 
0.062769808995018 
0.062753398350904 
0.062737019603502 
0.062720671881710 
0.062704354325564 
0.062688066085642 
0.062671806322447 
0.062655574205788 
0.062639368914152 
0.062623189634065 
0.062607035559444 
0.062590905890946 
0.062574799835288 
0.062558716604580 
0.062542655415620 
0.062526615489199 
0.062510596049370 
0.062494596322722 
0.062478615537622 
0.062462652923448 
0.062446707709801 
0.062430779125691 
0.062414866398714 
0.062398968754190 
0.062383085414293 
0.062367215597131 
0.062351358515827 
0.062335513377538 
0.062319679382462 
0.062303855722803 
0.062288041581690 
0.062272236132066 
0.062256438535525 
0.062240647941106 
0.062224863484029 
0.062209084284386 
0.062193309445766 
0.062177538053816 
0.062161769174746 
0.062146001853747 
0.062130235113341 
0.062114467951650 
0.062098699340569 
0.062082928223857 
0.062067153515116 
0.062051374095668 
0.062035588812321 
0.062019796475012 
0.062003995854318 
0.061988185678834 
0.061972364632400 
0.061956531351186 
0.061940684420594 
0.061924822372011 
0.061908943679359 
0.061893046755465 
0.061877129948232 
0.061861191536589 
0.061845229726232 
0.061829242645131 
0.061813228338809 
0.061797184765367 
0.061781109790274 
0.061765001180901 
0.061748856600801 
0.061732673603750 
0.061716449627540 
0.061700181987545 
0.061683867870070 
0.061667504325518 
0.061651088261405 
0.061634616435264 
0.061618085447494 
0.061601491734235 
0.061584831560354 
0.061568101012643 
0.061551295993385 
0.061534412214414 
0.061517445191901 
0.061500390242053 
0.061483242478017 
0.061465996808270 
0.061448647936869 
0.061431190365941 
0.061413618400859 
0.061395926158607 
0.061378107579873 
0.061360156445440 
0.061342066397496 
0.061323830966485 
0.061305443604120 
0.061286897723158 
0.061268186744464 
0.061249304151782 
0.061230243554505 
0.061210998758485 
0.061191563844714 
0.061171933255331 
0.061152101886060 
0.061132065183747 
0.061111819247201 
0.061091360929077 
0.061070687936086 
0.061049798924428 
0.061028693587063 
0.061007372729257 
0.060985838328892 
0.060964093578239 
0.060942142904372 
0.060919991966035 
0.060897647625671 
0.060875117896311 
0.060852411864104 
0.060829539588388 
0.060806511982176 
0.060783340676826 
0.060760037875268 
0.060736616198556 
0.060713088530570 
0.060689467865549 
0.060665767162662 
0.060641999211221 
0.060618176509397 
0.060594311158447 
0.060570414773686 
0.060546498412611 
0.060522572519950 
0.060498646888823 
0.060474730636762 
0.060450832195057 
0.060426959309710 
0.060403119052179 
0.060379317838167 
0.060355561452733 
0.060331855080199 
0.060308203337433 
0.060284610309318 
0.060261079585370 
0.060237614296662 
0.060214217152368 
0.060190890475401 
0.060167636236745 
0.060144456088201 
0.060121351393351 
0.060098323256632 
0.060075372550469 
0.060052499940474 
0.060029705908739 
0.060006990775280 
0.059984354717742 
0.059961797789418 
0.059939319935715 
0.059916921009160 
0.059894600783042 
0.059872358963798 
0.059850195202247 
0.059828109103736 
0.059806100237325 
0.059784168144052 
0.059762312344378 
0.059740532344863 
0.059718827644159 
0.059697197738343 
0.059675642125677 
0.059654160310822 
0.059632751808556 
0.059611416147039 
0.059590152870656 
0.059568961542471 
0.059547841746337 
0.059526793088670 
0.059505815199925 
0.059484907735794 
0.059464070378160 
0.059443302835802 
0.059422604844900 
0.059401976169334 
0.059381416600808 
0.059360925958811 
0.059340504090423 
0.059320150869989 
0.059299866198672 
0.059279650003888 
0.059259502238644 
0.059239422880788 
0.059219411932176 
0.059199469417773 
0.059179595384684 
0.059159789901140 
0.059140053055435 
0.059120384954816 
0.059100785724357 
0.059081255505790 
0.059061794456330 
0.059042402747474 
0.059023080563796 
0.059003828101741 
0.058984645568408 
0.058965533180348 
0.058946491162361 
0.058927519746306 
0.058908619169933 
0.058889789675718 
0.058871031509727 
0.058852344920503 
0.058833730157971 
0.058815187472374 
0.058796717113237 
0.058778319328357 
0.058759994362829 
0.058741742458105 
0.058723563851073 
0.058705458773195 
0.058687427449653 
0.058669470098550 
0.058651586930141 
0.058633778146100 
0.058616043938817 
0.058598384490750 
0.058580799973795 
0.058563290548704 
0.058545856364535 
0.058528497558143 
0.058511214253702 
0.058494006562268 
0.058476874581373 
0.058459818394660 
0.058442838071546 
0.058425933666923 
0.058409105220895 
0.058392352758539 
0.058375676289711 
0.058359075808869 
0.058342551294939 
0.058326102711202 
0.058309730005221 
0.058293433108779 
0.058277211937865 
0.058261066392669 
0.058244996357615 
0.058229001701410 
0.058213082277124 
0.058197237922290 
0.058181468459022 
0.058165773694165 
0.058150153419454 
0.058134607411699 
0.058119135432984 
0.058103737230890 
0.058088412538730 
0.058073161075799 
0.058057982547637 
0.058042876646319 
0.058027843050737 
0.058012881426917 
0.057997991428322 
0.057983172696191 
0.057968424859868 
0.057953747537149 
0.057939140334639 
0.057924602848104 
0.057910134662843 
0.057895735354057 
0.057881404487226 
0.057867141618487 
0.057852946295021 
0.057838818055433 
0.057824756430144 
0.057810760941777 
0.057796831105546 
0.057782966429643 
0.057769166415627 
0.057755430558812 
0.057741758348649 
0.057728149269104 
0.057714602799045 
0.057701118412611 
0.057687695579584 
0.057674333765755 
0.057661032433293 
0.057647791041088 
0.057634609045117 
0.057621485898779 
0.057608421053236 
0.057595413957750 
0.057582464060002 
0.057569570806416 
0.057556733642465 
0.057543952012982 
0.057531225362449 
0.057518553135289 
0.057505934776146 
0.057493369730158 
0.057480857443220 
0.057468397362239 
0.057455988935384 
0.057443631612326 
0.057431324844465 
0.057419068085159 
0.057406860789931 
0.057394702416681 
0.057382592425879 
0.057370530280760 
0.057358515447500 
0.057346547395391 
0.057334625597007 
0.057322749528361 
0.057310918669054 
0.057299132502418 
0.057287390515646 
0.057275692199923 
0.057264037050543 
0.057252424567022 
0.057240854253206 
0.057229325617361 
0.057217838172274 
0.057206391435330 
0.057194984928598 
0.057183618178895 
0.057172290717860 
0.057161002082009 
0.057149751812792 
0.057138539456643 
0.057127364565020 
0.057116226694445 
0.057105125406541 
0.057094060268056 
0.057083030850889 
0.057072036732108 
0.057061077493967 
0.057050152723916 
0.057039262014608 
0.057028404963901 
0.057017581174859 
0.057006790255746 
0.056996031820022 
0.056985305486327 
0.056974610878472 
0.056963947625417 
0.056953315361260 
0.056942713725204 
0.056932142361541 
0.056921600919622 
0.056911089053825 
0.056900606423531 
0.056890152693082 
0.056879727531751 
0.056869330613703 
0.056858961617960 
0.056848620228356 
0.056838306133497 
0.056828019026720 
0.056817758606049 
0.056807524574146 
0.056797316638269 
0.056787134510222 
0.056776977906310 
0.056766846547287 
0.056756740158307 
0.056746658468876 
0.056736601212798 
0.056726568128130 
0.056716558957120 
0.056706573446166 
0.056696611345756 
0.056686672410419 
0.056676756398673 
0.056666863072968 
0.056656992199638 
0.056647143548844 
0.056637316894525 
0.056627512014340 
0.056617728689621 
0.056607966705315 
0.056598225849936 
0.056588505915506 
0.056578806697513 
0.056569127994849 
0.056559469609765 
0.056549831347817 
0.056540213017815 
0.056530614431772 
0.056521035404859 
0.056511475755346 
0.056501935304560 
0.056492413876832 
0.056482911299453 
0.056473427402620 
0.056463962019394 
0.056454514985646 
0.056445086140020 
0.056435675323880 
0.056426282381265 
0.056416907158846 
0.056407549505880 
0.056398209274169 
0.056388886318012 
0.056379580494164 
0.056370291661798 
0.056361019682456 
0.056351764420013 
0.056342525740635 
0.056333303512736 
0.056324097606946 
0.056314907896063 
0.056305734255020 
0.056296576560850 
0.056287434692639 
0.056278308531500 
0.056269197960530 
0.056260102864778 
0.056251023131207 
0.056241958648663 
0.056232909307840 
0.056223875001243 
0.056214855623159 
0.056205851069627 
0.056196861238399 
0.056187886028916 
0.056178925342273 
0.056169979081190 
0.056161047149982 
0.056152129454531 
0.056143225902256 
0.056134336402083 
0.056125460864425 
0.056116599201143 
0.056107751325531 
0.056098917152280 
0.056090096597459 
0.056081289578486 
0.056072496014104 
0.056063715824358 
0.056054948930569 
0.056046195255310 
0.056037454722385 
0.056028727256805 
0.056020012784766 
0.056011311233626 
0.056002622531886 
0.055993946609165 
0.055985283396183 
0.055976632824739 
0.055967994827691 
0.055959369338936 
0.055950756293392 
0.055942155626977 
0.055933567276594 
0.055924991180109 
0.055916427276335 
0.055907875505015 
0.055899335806804 
0.055890808123251 
0.055882292396785 
0.055873788570696 
0.055865296589123 
0.055856816397033 
0.055848347940211 
0.055839891165241 
0.055831446019493 
0.055823012451109 
0.055814590408988 
0.055806179842772 
0.055797780702832 
0.055789392940256 
0.055781016506833 
0.055772651355046 
0.055764297438052 
0.055755954709674 
0.055747623124388 
0.055739302637312 
0.055730993204193 
0.055722694781394 
0.055714407325885 
0.055706130795233 
0.055697865147590 
0.055689610341679 
0.055681366336789 
0.055673133092762 
0.055664910569984 
0.055656698729372 
0.055648497532369 
0.055640306940932 
0.055632126917525 
0.055623957425103 
0.055615798427112 
0.055607649887477 
0.055599511770590 
0.055591384041305 
0.055583266664930 
0.055575159607218 
0.055567062834358 
0.055558976312968 
0.055550900010089 
0.055542833893174 
0.055534777930085 
0.055526732089080 
0.055518696338814 
0.055510670648323 
0.055502654987022 
0.055494649324701 
0.055486653631514 
0.055478667877971 
0.055470692034937 
0.055462726073623 
0.055454769965579 
0.055446823682692 
0.055438887197174 
0.055430960481563 
0.055423043508710 
0.055415136251779 
0.055407238684243 
0.055399350779870 
0.055391472512729 
0.055383603857175 
0.055375744787850 
0.055367895279676 
0.055360055307851 
0.055352224847843 
0.055344403875386 
0.055336592366475 
0.055328790297362 
0.055320997644553 
0.055313214384799 
0.055305440495098 
0.055297675952685 
0.055289920735032 
0.055282174819843 
0.055274438185048 
0.055266710808801 
0.055258992669476 
0.055251283745665 
0.055243584016169 
0.055235893460000 
0.055228212056373 
0.055220539784709 
0.055212876624622 
0.055205222555924 
0.055197577558620 
0.055189941612900 
0.055182314699141 
0.055174696797903 
0.055167087889922 
0.055159487956114 
0.055151896977564 
0.055144314935532 
0.055136741811440 
0.055129177586877 
0.055121622243595 
0.055114075763503 
0.055106538128668 
0.055099009321308 
0.055091489323796 
0.055083978118651 
0.055076475688538 
0.055068982016267 
0.055061497084788 
0.055054020877193 
0.055046553376706 
0.055039094566691 
0.055031644430638 
0.055024202952172 
0.055016770115044 
0.055009345903130 
0.055001930300431 
0.054994523291069 
0.054987124859284 
0.054979734989438 
0.054972353666003 
0.054964980873570 
0.054957616596838 
0.054950260820618 
0.054942913529829 
0.054935574709496 
0.054928244344749 
0.054920922420820 
0.054913608923046 
0.054906303836858 
0.054899007147789 
0.054891718841468 
0.054884438903616 
0.054877167320051 
0.054869904076681 
0.054862649159504 
0.054855402554607 
0.054848164248163 
0.054840934226434 
0.054833712475764 
0.054826498982580 
0.054819293733392 
0.054812096714790 
0.054804907913443 
0.054797727316097 
0.054790554909576 
0.054783390680777 
0.054776234616674 
0.054769086704311 
0.054761946930806 
0.054754815283346 
0.054747691749188 
0.054740576315656 
0.054733468970144 
0.054726369700107 
0.054719278493069 
0.054712195336618 
0.054705120218402 
0.054698053126133 
0.054690994047582 
0.054683942970581 
0.054676899883023 
0.054669864772853 
0.054662837628080 
0.054655818436761 
0.054648807187016 
0.054641803867015 
0.054634808464979 
0.054627820969187 
0.054620841367966 
0.054613869649695 
0.054606905802801 
0.054599949815762 
0.054593001677104 
0.054586061375401 
0.054579128899270 
0.054572204237380 
0.054565287378439 
0.054558378311205 
0.054551477024475 
0.054544583507091 
0.054537697747939 
0.054530819735945 
0.054523949460073 
0.054517086909333 
0.054510232072771 
0.054503384939472 
0.054496545498559 
0.054489713739196 
0.054482889650579 
0.054476073221944 
0.054469264442563 
0.054462463301740 
0.054455669788816 
0.054448883893167 
0.054442105604201 
0.054435334911359 
0.054428571804114 
0.054421816271973 
0.054415068304472 
0.054408327891178 
0.054401595021691 
0.054394869685637 
0.054388151872675 
0.054381441572490 
0.054374738774796 
0.054368043469337 
0.054361355645881 
0.054354675294227 
0.054348002404195 
0.054341336965638 
0.054334678968428 
0.054328028402468 
0.054321385257680 
0.054314749524014 
0.054308121191445 
0.054301500249969 
0.054294886689607 
0.054288280500401 
0.054281681672417 
0.054275090195741 
0.054268506060482 
0.054261929256772 
0.054255359774762 
0.054248797604623 
0.054242242736547 
0.054235695160747 
0.054229154867453 
0.054222621846917 
0.054216096089409 
0.054209577585217 
0.054203066324646 
0.054196562298023 
0.054190065495689 
0.054183575908003 
0.054177093525342 
0.054170618338100 
0.054164150336687 
0.054157689511528 
0.054151235853066 
0.054144789351759 
0.054138349998081 
0.054131917782518 
0.054125492695574 
0.054119074727768 
0.054112663869632 
0.054106260111712 
0.054099863444567 
0.054093473858773 
0.054087091344917 
0.054080715893599 
0.054074347495433 
0.054067986141045 
0.054061631821074 
0.054055284526171 
0.054048944247001 
0.054042610974237 
0.054036284698567 
0.054029965410689 
0.054023653101314 
0.054017347761163 
0.054011049380967 
0.054004757951467 
0.053998473463420 
0.053992195907588 
0.053985925274744 
0.053979661555673 
0.053973404741168 
0.053967154822032 
0.053960911789080 
0.053954675633132 
0.053948446345022 
0.053942223915588 
0.053936008335682 
0.053929799596162 
0.053923597687894 
0.053917402601755 
0.053911214328627 
0.053905032859404 
0.053898858184985 
0.053892690296279 
0.053886529184200 
0.053880374839674 
0.053874227253629 
0.053868086417008 
0.053861952320754 
0.053855824955819 
0.053849704313165 
0.053843590383759 
0.053837483158574 
0.053831382628591 
0.053825288784798 
0.053819201618187 
0.053813121119761 
0.053807047280525 
0.053800980091491 
0.053794919543679 
0.053788865628114 
0.053782818335826 
0.053776777657853 
0.053770743585235 
0.053764716109023 
0.053758695220270 
0.053752680910034 
0.053746673169381 
0.053740671989380 
0.053734677361107 
0.053728689275643 
0.053722707724072 
0.053716732697485 
0.053710764186978 
0.053704802183652 
0.053698846678612 
0.053692897662967 
0.053686955127833 
0.053681019064330 
0.053675089463580 
0.053669166316713 
0.053663249614861 
0.053657339349162 
0.053651435510759 
0.053645538090796 
0.053639647080422 
0.053633762470796 
0.053627884253072 
0.053622012418415 
0.053616146957992 
0.053610287862973 
0.053604435124532 
0.053598588733848 
0.053592748682104 
0.053586914960487 
0.053581087560185 
0.053575266472394 
0.053569451688309 
0.053563643199133 
0.053557840996071 
0.053552045070330 
0.053546255413123 
0.053540472015665 
0.053534694869176 
0.053528923964877 
0.053523159293995 
0.053517400847760 
0.053511648617403 
0.053505902594162 
0.053500162769276 
0.053494429133987 
0.053488701679543 
0.053482980397191 
0.053477265278186 
0.053471556313782 
0.053465853495240 
0.053460156813821 
0.053454466260791 
0.053448781827419 
0.053443103504977 
0.053437431284740 
0.053431765157985 
0.053426105115995 
0.053420451150054 
0.053414803251449 
0.053409161411470 
0.053403525621412 
0.053397895872571 
0.053392272156247 
0.053386654463743 
0.053381042786365 
0.053375437115422 
0.053369837442225 
0.053364243758089 
0.053358656054333 
0.053353074322278 
0.053347498553248 
0.053341928738569 
0.053336364869572 
0.053330806937590 
0.053325254933960 
0.053319708850019 
0.053314168677111 
0.053308634406581 
0.053303106029777 
0.053297583538050 
0.053292066922755 
0.053286556175249 
0.053281051286892 
0.053275552249048 
0.053270059053082 
0.053264571690366 
0.053259090152270 
0.053253614430172 
0.053248144515449 
0.053242680399483 
0.053237222073660 
0.053231769529367 
0.053226322757995 
0.053220881750940 
0.053215446499597 
0.053210016995369 
0.053204593229658 
0.053199175193872 
0.053193762879420 
0.053188356277716 
0.053182955380176 
0.053177560178220 
0.053172170663272 
0.053166786826755 
0.053161408660103 
0.053156036154745 
0.053150669302118 
0.053145308093663 
0.053139952520821 
0.053134602575039 
0.053129258247765 
0.053123919530454 
0.053118586414560 
0.053113258891543 
0.053107936952868 
0.053102620590000 
0.053097309794407 
0.053092004557565 
0.053086704870951 
0.053081410726044 
0.053076122114329 
0.053070839027293 
0.053065561456427 
0.053060289393227 
0.053055022829190 
0.053049761755820 
0.053044506164620 
0.053039256047101 
0.053034011394776 
0.053028772199161 
0.053023538451778 
0.053018310144150 
0.053013087267806 
0.053007869814277 
0.053002657775101 
0.052997451141815 
0.052992249905965 
0.052987054059097 
0.052981863592763 
0.052976678498519 
0.052971498767923 
0.052966324392539 
0.052961155363935 
0.052955991673682 
0.052950833313356 
0.052945680274536 
0.052940532548807 
0.052935390127757 
0.052930253002976 
0.052925121166063 
0.052919994608617 
0.052914873322244 
0.052909757298552 
0.052904646529155 
0.052899541005672 
0.052894440719724 
0.052889345662937 
0.052884255826944 
0.052879171203378 
0.052874091783881 
0.052869017560096 
0.052863948523672 
0.052858884666265 
0.052853825979529 
0.052848772455130 
0.052843724084733 
0.052838680860011 
0.052833642772641 
0.052828609814304 
0.052823581976686 
0.052818559251478 
0.052813541630376 
0.052808529105079 
0.052803521667293 
0.052798519308730 
0.052793522021102 
0.052788529796131 
0.052783542625542 
0.052778560501064 
0.052773583414431 
0.052768611357386 
0.052763644321672 
0.052758682299040 
0.052753725281244 
0.052748773260046 
0.052743826227211 
0.052738884174509 
0.052733947093718 
0.052729014976617 
0.052724087814994 
0.052719165600640 
0.052714248325353 
0.052709335980937 
0.052704428559197 
0.052699526051949 
0.052694628451011 
0.052689735748206 
0.052684847935366 
0.052679965004326 
0.052675086946926 
0.052670213755014 
0.052665345420441 
0.052660481935066 
0.052655623290752 
0.052650769479368 
0.052645920492789 
0.052641076322896 
0.052636236961576 
0.052631402400720 
0.052626572632228 
0.052621747648003 
0.052616927439955 
0.052612112000000 
0.052607301320060 
0.052602495392063 
0.052597694207942 
0.052592897759638 
0.052588106039096 
0.052583319038270 
0.052578536749115 
0.052573759163597 
0.052568986273686 
0.052564218071359 
0.052559454548599 
0.052554695697395 
0.052549941509744 
0.052545191977644 
0.052540447093107 
0.052535706848143 
0.052530971234777 
0.052526240245034 
0.052521513870948 
0.052516792104559 
0.052512074937914 
0.052507362363066 
0.052502654372074 
0.052497950957005 
0.052493252109931 
0.052488557822932 
0.052483868088095 
0.052479182897511 
0.052474502243280 
0.052469826117508 
0.052465154512308 
0.052460487419801 
0.052455824832111 
0.052451166741373 
0.052446513139727 
0.052441864019319 
0.052437219372304 
0.052432579190843 
0.052427943467103 
0.052423312193258 
0.052418685361492 
0.052414062963992 
0.052409444992954 
0.052404831440581 
0.052400222299084 
0.052395617560678 
0.052391017217590 
0.052386421262050 
0.052381829686296 
0.052377242482575 
0.052372659643139 
0.052368081160250 
0.052363507026173 
0.052358937233185 
0.052354371773568 
0.052349810639611 
0.052345253823611 
0.052340701317873 
0.052336153114709 
0.052331609206437 
0.052327069585385 
0.052322534243887 
0.052318003174284 
0.052313476368926 
0.052308953820170 
0.052304435520381 
0.052299921461929 
0.052295411637195 
0.052290906038566 
0.052286404658438 
0.052281907489212 
0.052277414523300 
0.052272925753119 
0.052268441171095 
0.052263960769662 
0.052259484541262 
0.052255012478343 
0.052250544573363 
0.052246080818787 
0.052241621207087 
0.052237165730746 
0.052232714382250 
0.052228267154096 
0.052223824038791 
0.052219385028845 
0.052214950116780 
0.052210519295124 
0.052206092556413 
0.052201669893193 
0.052197251298017 
0.052192836763444 
0.052188426282046 
0.052184019846397 
0.052179617449085 
0.052175219082701 
0.052170824739848 
0.052166434413137 
0.052162048095184 
0.052157665778616 
0.052153287456069 
0.052148913120185 
0.052144542763615 
0.052140176379018 
0.052135813959064 
0.052131455496428 
0.052127100983795 
0.052122750413857 
0.052118403779316 
0.052114061072883 
0.052109722287275 
0.052105387415219 
0.052101056449452 
0.052096729382715 
0.052092406207763 
0.052088086917355 
0.052083771504261 
0.052079459961260 
0.052075152281137 
0.052070848456687 
0.052066548480715 
0.052062252346032 
0.052057960045461 
0.052053671571829 
0.052049386917977 
0.052045106076750 
0.052040829041006 
0.052036555803606 
0.052032286357426 
0.052028020695347 
0.052023758810260 
0.052019500695065 
0.052015246342669 
0.052010995745990 
0.052006748897953 
0.052002505791493 
0.051998266419555 
0.051994030775090 
0.051989798851060 
0.051985570640435 
0.051981346136194 
0.051977125331325 
0.051972908218825 
0.051968694791700 
0.051964485042965 
0.051960278965644 
0.051956076552769 
0.051951877797383 
0.051947682692537 
0.051943491231289 
0.051939303406709 
0.051935119211875 
0.051930938639875 
0.051926761683803 
0.051922588336765 
0.051918418591875 
0.051914252442258 
0.051910089881045 
0.051905930901377 
0.051901775496405 
0.051897623659291 
0.051893475383201 
0.051889330661315 
0.051885189486820 
0.051881051852912 
0.051876917752798 
0.051872787179691 
0.051868660126817 
0.051864536587409 
0.051860416554710 
0.051856300021972 
0.051852186982454 
0.051848077429429 
0.051843971356175 
0.051839868755983 
0.051835769622149 
0.051831673947983 
0.051827581726800 
0.051823492951927 
0.051819407616700 
0.051815325714465 
0.051811247238574 
0.051807172182392 
0.051803100539292 
0.051799032302656 
0.051794967465876 
0.051790906022353 
0.051786847965498 
0.051782793288731 
0.051778741985482 
0.051774694049189 
0.051770649473301 
0.051766608251274 
0.051762570376578 
0.051758535842688 
0.051754504643091 
0.051750476771281 
0.051746452220764 
0.051742430985055 
0.051738413057677 
0.051734398432165 
0.051730387102060 
0.051726379060917 
0.051722374302297 
0.051718372819770 
0.051714374606919 
0.051710379657334 
0.051706387964616 
0.051702399522373 
0.051698414324225 
0.051694432363802 
0.051690453634741 
0.051686478130690 
0.051682505845307 
0.051678536772259 
0.051674570905222 
0.051670608237883 
0.051666648763938 
0.051662692477092 
0.051658739371059 
0.051654789439566 
0.051650842676346 
0.051646899075142 
0.051642958629709 
0.051639021333809 
0.051635087181214 
0.051631156165708 
0.051627228281082 
0.051623303521137 
0.051619381879686 
0.051615463350549 
0.051611547927556 
0.051607635604547 
0.051603726375371 
0.051599820233890 
0.051595917173971 
0.051592017189493 
0.051588120274345 
0.051584226422424 
0.051580335627640 
0.051576447883907 
0.051572563185155 
0.051568681525319 
0.051564802898346 
0.051560927298192 
0.051557054718823 
0.051553185154214 
0.051549318598350 
0.051545455045226 
0.051541594488845 
0.051537736923224 
0.051533882342384 
0.051530030740360 
0.051526182111195 
0.051522336448941 
0.051518493747662 
0.051514654001429 
0.051510817204324 
0.051506983350439 
0.051503152433875 
0.051499324448743 
0.051495499389163 
0.051491677249266 
0.051487858023193 
0.051484041705092 
0.051480228289123 
0.051476417769456 
0.051472610140268 
0.051468805395748 
0.051465003530096 
0.051461204537517 
0.051457408412230 
0.051453615148463 
0.051449824740451 
0.051446037182441 
0.051442252468690 
0.051438470593464 
0.051434691551038 
0.051430915335696 
0.051427141941736 
0.051423371363460 
0.051419603595184 
0.051415838631230 
0.051412076465933 
0.051408317093637 
0.051404560508694 
0.051400806705466 
0.051397055678325 
0.051393307421655 
0.051389561929846 
0.051385819197300 
0.051382079218426 
0.051378341987647 
0.051374607499392 
0.051370875748100 
0.051367146728223 
0.051363420434217 
0.051359696860554 
0.051355976001709 
0.051352257852173 
0.051348542406441 
0.051344829659022 
0.051341119604432 
0.051337412237198 
0.051333707551855 
0.051330005542950 
0.051326306205038 
0.051322609532683 
0.051318915520461 
0.051315224162954 
0.051311535454757 
0.051307849390473 
0.051304165964715 
0.051300485172106 
0.051296807007277 
0.051293131464868 
0.051289458539534 
0.051285788225932 
0.051282120518734 
0.051278455412619 
0.051274792902277 
0.051271132982406 
0.051267475647715 
0.051263820892923 
0.051260168712755 
0.051256519101949 
0.051252872055252 
0.051249227567419 
0.051245585633216 
0.051241946247418 
0.051238309404809 
0.051234675100184 
0.051231043328346 
0.051227414084106 
0.051223787362289 
0.051220163157725 
0.051216541465257 
0.051212922279734 
0.051209305596017 
0.051205691408975 
0.051202079713489 
0.051198470504445 
0.051194863776742 
0.051191259525287 
0.051187657744997 
0.051184058430798 
0.051180461577626 
0.051176867180425 
0.051173275234151 
0.051169685733766 
0.051166098674243 
0.051162514050565 
0.051158931857724 
0.051155352090720 
0.051151774744565 
0.051148199814277 
0.051144627294886 
0.051141057181431 
0.051137489468958 
0.051133924152526 
0.051130361227201 
0.051126800688057 
0.051123242530180 
0.051119686748665 
0.051116133338614 
0.051112582295141 
0.051109033613367 
0.051105487288424 
0.051101943315451 
0.051098401689598 
0.051094862406025 
0.051091325459900 
0.051087790846400 
0.051084258560711 
0.051080728598029 
0.051077200953558 
0.051073675622514 
0.051070152600119 
0.051066631881605 
0.051063113462214 
0.051059597337197 
0.051056083501813 
0.051052571951332 
0.051049062681030 
0.051045555686196 
0.051042050962126 
0.051038548504124 
0.051035048307505 
0.051031550367593 
0.051028054679721 
0.051024561239229 
0.051021070041467 
0.051017581081798 
0.051014094355587 
0.051010609858214 
0.051007127585064 
0.051003647531534 
0.051000169693028 
0.050996694064960 
0.050993220642751 
0.050989749421834 
0.050986280397650 
0.050982813565648 
0.050979348921285 
0.050975886460030 
0.050972426177358 
0.050968968068756 
0.050965512129715 
0.050962058355740 
0.050958606742342 
0.050955157285042 
0.050951709979369 
0.050948264820862 
0.050944821805067 
0.050941380927541 
0.050937942183847 
0.050934505569560 
0.050931071080263 
0.050927638711546 
0.050924208459009 
0.050920780318261 
0.050917354284918 
0.050913930354608 
0.050910508522966 
0.050907088785633 
0.050903671138264 
0.050900255576519 
0.050896842096067 
0.050893430692587 
0.050890021361767 
0.050886614099301 
0.050883208900894 
0.050879805762258 
0.050876404679117 
0.050873005647199 
0.050869608662243 
0.050866213719997 
0.050862820816217 
0.050859429946667 
0.050856041107120 
0.050852654293358 
0.050849269501172 
0.050845886726359 
0.050842505964726 
0.050839127212091 
0.050835750464277 
0.050832375717116 
0.050829002966449 
0.050825632208127 
0.050822263438007 
0.050818896651956 
0.050815531845848 
0.050812169015566 
0.050808808157004 
0.050805449266060 
0.050802092338643 
0.050798737370671 
0.050795384358067 
0.050792033296766 
0.050788684182710 
0.050785337011847 
0.050781991780139 
0.050778648483551 
0.050775307118057 
0.050771967679642 
0.050768630164297 
0.050765294568022 
0.050761960886824 
0.050758629116721 
0.050755299253737 
0.050751971293904 
0.050748645233264 
0.050745321067865 
0.050741998793764 
0.050738678407028 
0.050735359903730 
0.050732043279952 
0.050728728531782 
0.050725415655320 
0.050722104646671 
0.050718795501949 
0.050715488217277 
0.050712182788784 
0.050708879212609 
0.050705577484898 
0.050702277601807 
0.050698979559496 
0.050695683354136 
0.050692388981905 
0.050689096438991 
0.050685805721586 
0.050682516825894 
0.050679229748124 
0.050675944484495 
0.050672661031232 
0.050669379384569 
0.050666099540748 
0.050662821496019 
0.050659545246639 
0.050656270788874 
0.050652998118996 
0.050649727233287 
0.050646458128034 
0.050643190799537 
0.050639925244097 
0.050636661458028 
0.050633399437650 
0.050630139179290 
0.050626880679283 
0.050623623933972 
0.050620368939709 
0.050617115692853 
0.050613864189768 
0.050610614426830 
0.050607366400419 
0.050604120106925 
0.050600875542745 
0.050597632704283 
0.050594391587952 
0.050591152190170 
0.050587914507366 
0.050584678535974 
0.050581444272436 
0.050578211713204 
0.050574980854732 
0.050571751693487 
0.050568524225941 
0.050565298448574 
0.050562074357874 
0.050558851950336 
0.050555631222461 
0.050552412170761 
0.050549194791751 
0.050545979081958 
0.050542765037912 
0.050539552656153 
0.050536341933228 
0.050533132865693 
0.050529925450106 
0.050526719683039 
0.050523515561067 
0.050520313080773 
0.050517112238748 
0.050513913031592 
0.050510715455908 
0.050507519508310 
0.050504325185418 
0.050501132483858 
0.050497941400265 
0.050494751931281 
0.050491564073555 
0.050488377823741 
0.050485193178504 
0.050482010134515 
0.050478828688449 
0.050475648836992 
0.050472470576836 
0.050469293904679 
0.050466118817227 
0.050462945311194 
0.050459773383299 
0.050456603030269 
0.050453434248838 
0.050450267035748 
0.050447101387747 
0.050443937301590 
0.050440774774039 
0.050437613801862 
0.050434454381838 
0.050431296510748 
0.050428140185382 
0.050424985402538 
0.050421832159018 
0.050418680451634 
0.050415530277203 
0.050412381632551 
0.050409234514507 
0.050406088919910 
0.050402944845606 
0.050399802288446 
0.050396661245289 
0.050393521713000 
0.050390383688451 
0.050387247168521 
0.050384112150096 
0.050380978630069 
0.050377846605338 
0.050374716072809 
0.050371587029396 
0.050368459472017 
0.050365333397598 
0.050362208803072 
0.050359085685378 
0.050355964041462 
0.050352843868276 
0.050349725162780 
0.050346607921939 
0.050343492142726 
0.050340377822119 
0.050337264957104 
0.050334153544673 
0.050331043581825 
0.050327935065564 
0.050324827992901 
0.050321722360855 
0.050318618166451 
0.050315515406718 
0.050312414078696 
0.050309314179427 
0.050306215705962 
0.050303118655357 
0.050300023024676 
0.050296928810987 
0.050293836011368 
0.050290744622900 
0.050287654642670 
0.050284566067776 
0.050281478895316 
0.050278393122400 
0.050275308746141 
0.050272225763660 
0.050269144172081 
0.050266063968538 
0.050262985150170 
0.050259907714122 
0.050256831657546 
0.050253756977597 
0.050250683671442 
0.050247611736249 
0.050244541169193 
0.050241471967459 
0.050238404128234 
0.050235337648711 
0.050232272526093 
0.050229208757586 
0.050226146340401 
0.050223085271760 
0.050220025548885 
0.050216967169008 
0.050213910129366 
0.050210854427203 
0.050207800059766 
0.050204747024312 
0.050201695318100 
0.050198644938400 
0.050195595882482 
0.050192548147626 
0.050189501731117 
0.050186456630246 
0.050183412842309 
0.050180370364609 
0.050177329194454 
0.050174289329159 
0.050171250766043 
0.050168213502433 
0.050165177535661 
0.050162142863064 
0.050159109481986 
0.050156077389776 
0.050153046583790 
0.050150017061387 
0.050146988819935 
0.050143961856806 
0.050140936169377 
0.050137911755033 
0.050134888611164 
0.050131866735163 
0.050128846124434 
0.050125826776381 
0.050122808688417 
0.050119791857960 
0.050116776282433 
0.050113761959265 
0.050110748885891 
0.050107737059752 
0.050104726478292 
0.050101717138965 
0.050098709039225 
0.050095702176537 
0.050092696548368 
0.050089692152191 
0.050086688985487 
0.050083687045739 
0.050080686330436 
0.050077686837076 
0.050074688563159 
0.050071691506192 
0.050068695663685 
0.050065701033158 
0.050062707612131 
0.050059715398133 
0.050056724388699 
0.050053734581365 
0.050050745973677 
0.050047758563186 
0.050044772347443 
0.050041787324011 
0.050038803490455 
0.050035820844346 
0.050032839383260 
0.050029859104778 
0.050026880006486 
0.050023902085977 
0.050020925340848 
0.050017949768701 
0.050014975367143 
0.050012002133788 
0.050009030066253 
0.050006059162161 
0.050003089419140 
0.050000120834825 
0.049997153406854 
0.049994187132869 
0.049991222010521 
0.049988258037463 
0.049985295211354 
0.049982333529858 
0.049979372990643 
0.049976413591386 
0.049973455329764 
0.049970498203462 
0.049967542210169 
0.049964587347580 
0.049961633613394 
0.049958681005314 
0.049955729521051 
0.049952779158319 
0.049949829914836 
0.049946881788327 
0.049943934776522 
0.049940988877153 
0.049938044087959 
0.049935100406685 
0.049932157831080 
0.049929216358896 
0.049926275987891 
0.049923336715830 
0.049920398540480 
0.049917461459613 
0.049914525471009 
0.049911590572449 
0.049908656761719 
0.049905724036613 
0.049902792394928 
0.049899861834463 
0.049896932353027 
0.049894003948429 
0.049891076618485 
0.049888150361017 
0.049885225173848 
0.049882301054809 
0.049879378001735 
0.049876456012464 
0.049873535084840 
0.049870615216712 
0.049867696405932 
0.049864778650359 
0.049861861947854 
0.049858946296285 
0.049856031693522 
0.049853118137442 
0.049850205625925 
0.049847294156856 
0.049844383728126 
0.049841474337627 
0.049838565983259 
0.049835658662926 
0.049832752374534 
0.049829847115996 
0.049826942885227 
0.049824039680150 
0.049821137498690 
0.049818236338778 
0.049815336198346 
0.049812437075335 
0.049809538967686 
0.049806641873348 
0.049803745790273 
0.049800850716417 
0.049797956649741 
0.049795063588209 
0.049792171529791 
0.049789280472462 
0.049786390414198 
0.049783501352983 
0.049780613286802 
0.049777726213646 
0.049774840131511 
0.049771955038397 
0.049769070932306 
0.049766187811247 
0.049763305673231 
0.049760424516277 
0.049757544338403 
0.049754665137634 
0.049751786912000 
0.049748909659533 
0.049746033378271 
0.049743158066256 
0.049740283721532 
0.049737410342149 
0.049734537926163 
0.049731666471630 
0.049728795976612 
0.049725926439176 
0.049723057857391 
0.049720190229332 
0.049717323553078 
0.049714457826710 
0.049711593048316 
0.049708729215984 
0.049705866327811 
0.049703004381895 
0.049700143376337 
0.049697283309246 
0.049694424178730 
0.049691565982904 
0.049688708719887 
0.049685852387801 
0.049682996984772 
0.049680142508931 
0.049677288958411 
0.049674436331350 
0.049671584625890 
0.049668733840177 
0.049665883972362 
0.049663035020596 
0.049660186983038 
0.049657339857848 
0.049654493643193 
0.049651648337240 
0.049648803938161 
0.049645960444135 
0.049643117853340 
0.049640276163961 
0.049637435374187 
0.049634595482207 
0.049631756486218 
0.049628918384419 
0.049626081175012 
0.049623244856204 
0.049620409426205 
0.049617574883230 
0.049614741225496 
0.049611908451224 
0.049609076558639 
0.049606245545970 
0.049603415411449 
0.049600586153312 
0.049597757769798 
0.049594930259153 
0.049592103619620 
0.049589277849452 
0.049586452946902 
0.049583628910227 
0.049580805737690 
0.049577983427555 
0.049575161978090 
0.049572341387567 
0.049569521654261 
0.049566702776452 
0.049563884752422 
0.049561067580457 
0.049558251258845 
0.049555435785882 
0.049552621159862 
0.049549807379086 
0.049546994441857 
0.049544182346482 
0.049541371091271 
0.049538560674538 
0.049535751094600 
0.049532942349778 
0.049530134438396 
0.049527327358780 
0.049524521109263 
0.049521715688177 
0.049518911093861 
0.049516107324656 
0.049513304378905 
0.049510502254956 
0.049507700951160 
0.049504900465871 
0.049502100797447 
0.049499301944248 
0.049496503904640 
0.049493706676989 
0.049490910259666 
0.049488114651044 
0.049485319849502 
0.049482525853420 
0.049479732661181 
0.049476940271173 
0.049474148681784 
0.049471357891411 
0.049468567898447 
0.049465778701295 
0.049462990298356 
0.049460202688036 
0.049457415868746 
0.049454629838897 
0.049451844596906 
0.049449060141190 
0.049446276470173 
0.049443493582279 
0.049440711475936 
0.049437930149576 
0.049435149601633 
0.049432369830545 
0.049429590834752 
0.049426812612698 
0.049424035162830 
0.049421258483597 
0.049418482573453 
0.049415707430853 
0.049412933054256 
0.049410159442124 
0.049407386592922 
0.049404614505119 
0.049401843177184 
0.049399072607593 
0.049396302794822 
0.049393533737350 
0.049390765433661 
0.049387997882241 
0.049385231081578 
0.049382465030165 
0.049379699726495 
0.049376935169067 
0.049374171356382 
0.049371408286941 
0.049368645959253 
0.049365884371824 
0.049363123523169 
0.049360363411802 
0.049357604036241 
0.049354845395005 
0.049352087486620 
0.049349330309611 
0.049346573862508 
0.049343818143842 
0.049341063152149 
0.049338308885965 
0.049335555343832 
0.049332802524293 
0.049330050425893 
0.049327299047182 
0.049324548386711 
0.049321798443035 
0.049319049214710 
0.049316300700296 
0.049313552898356 
0.049310805807456 
0.049308059426162 
0.049305313753046 
0.049302568786681 
0.049299824525644 
0.049297080968514 
0.049294338113870 
0.049291595960300 
0.049288854506387 
0.049286113750722 
0.049283373691898 
0.049280634328509 
0.049277895659152 
0.049275157682428 
0.049272420396940 
0.049269683801291 
0.049266947894091 
0.049264212673949 
0.049261478139479 
0.049258744289296 
0.049256011122019 
0.049253278636269 
0.049250546830668 
0.049247815703842 
0.049245085254421 
0.049242355481034 
0.049239626382316 
0.049236897956902 
0.049234170203431 
0.049231443120544 
0.049228716706884 
0.049225990961098 
0.049223265881833 
0.049220541467741 
0.049217817717476 
0.049215094629693 
0.049212372203050 
0.049209650436208 
0.049206929327831 
0.049204208876583 
0.049201489081134 
0.049198769940153 
0.049196051452314 
0.049193333616291 
0.049190616430763 
0.049187899894409 
0.049185184005913 
0.049182468763958 
0.049179754167232 
0.049177040214425 
0.049174326904228 
0.049171614235336 
0.049168902206446 
0.049166190816254 
0.049163480063465 
0.049160769946780 
0.049158060464907 
0.049155351616552 
0.049152643400427 
0.049149935815243 
0.049147228859717 
0.049144522532565 
0.049141816832507 
0.049139111758264 
0.049136407308561 
0.049133703482124 
0.049131000277682 
0.049128297693965 
0.049125595729707 
0.049122894383642 
0.049120193654509 
0.049117493541046 
0.049114794041995 
0.049112095156102 
0.049109396882110 
0.049106699218770 
0.049104002164832 
0.049101305719048 
0.049098609880172 
0.049095914646963 
0.049093220018180 
0.049090525992583 
0.049087832568937 
0.049085139746005 
0.049082447522557 
0.049079755897363 
0.049077064869193 
0.049074374436821 
0.049071684599025 
0.049068995354582 
0.049066306702271 
0.049063618640877 
0.049060931169182 
0.049058244285973 
0.049055557990040 
0.049052872280171 
0.049050187155159 
0.049047502613801 
0.049044818654891 
0.049042135277228 
0.049039452479613 
0.049036770260849 
0.049034088619740 
0.049031407555093 
0.049028727065716 
0.049026047150421 
0.049023367808019 
0.049020689037325 
0.049018010837156 
0.049015333206329 
0.049012656143666 
0.049009979647988 
0.049007303718120 
0.049004628352887 
0.049001953551119 
0.048999279311646 
0.048996605633297 
0.048993932514909 
0.048991259955316 
0.048988587953356 
0.048985916507868 
0.048983245617695 
0.048980575281678 
0.048977905498664 
0.048975236267499 
0.048972567587032 
0.048969899456113 
0.048967231873595 
0.048964564838333 
0.048961898349182 
0.048959232405001 
0.048956567004650 
0.048953902146989 
0.048951237830883 
0.048948574055196 
0.048945910818796 
0.048943248120551 
0.048940585959333 
0.048937924334012 
0.048935263243465 
0.048932602686565 
0.048929942662192 
0.048927283169223 
0.048924624206542 
0.048921965773030 
0.048919307867571 
0.048916650489053 
0.048913993636363 
0.048911337308391 
0.048908681504029 
0.048906026222170 
0.048903371461709 
0.048900717221542 
0.048898063500567 
0.048895410297685 
0.048892757611796 
0.048890105441806 
0.048887453786617 
0.048884802645137 
0.048882152016275 
0.048879501898939 
0.048876852292042 
0.048874203194496 
0.048871554605218 
0.048868906523122 
0.048866258947127 
0.048863611876153 
0.048860965309122 
0.048858319244954 
0.048855673682576 
0.048853028620914 
0.048850384058895 
0.048847739995448 
0.048845096429503 
0.048842453359994 
0.048839810785855 
0.048837168706020 
0.048834527119426 
0.048831886025013 
0.048829245421721 
0.048826605308491 
0.048823965684266 
0.048821326547990 
0.048818687898612 
0.048816049735077 
0.048813412056336 
0.048810774861338 
0.048808138149036 
0.048805501918385 
0.048802866168338 
0.048800230897853 
0.048797596105888 
0.048794961791403 
0.048792327953358 
0.048789694590716 
0.048787061702442 
0.048784429287500 
0.048781797344858 
0.048779165873484 
0.048776534872348 
0.048773904340420 
0.048771274276673 
0.048768644680083 
0.048766015549623 
0.048763386884271 
0.048760758683005 
0.048758130944805 
0.048755503668651 
0.048752876853527 
0.048750250498416 
0.048747624602303 
0.048744999164174 
0.048742374183019 
0.048739749657824 
0.048737125587583 
0.048734501971286 
0.048731878807926 
0.048729256096499 
0.048726633836000 
0.048724012025427 
0.048721390663779 
0.048718769750055 
0.048716149283256 
0.048713529262385 
0.048710909686446 
0.048708290554445 
0.048705671865387 
0.048703053618280 
0.048700435812134 
0.048697818445958 
0.048695201518765 
0.048692585029567 
0.048689968977378 
0.048687353361214 
0.048684738180091 
0.048682123433027 
0.048679509119043 
0.048676895237156 
0.048674281786389 
0.048671668765767 
0.048669056174311 
0.048666444011047 
0.048663832275002 
0.048661220965204 
0.048658610080681 
0.048655999620464 
0.048653389583583 
0.048650779969072 
0.048648170775963 
0.048645562003292 
0.048642953650095 
0.048640345715409 
0.048637738198272 
0.048635131097725 
0.048632524412806 
0.048629918142559 
0.048627312286027 
0.048624706842252 
0.048622101810280 
0.048619497189159 
0.048616892977935 
0.048614289175657 
0.048611685781375 
0.048609082794139 
0.048606480213002 
0.048603878037016 
0.048601276265236 
0.048598674896717 
0.048596073930516 
0.048593473365689 
0.048590873201296 
0.048588273436395 
0.048585674070047 
0.048583075101315 
0.048580476529262 
0.048577878352950 
0.048575280571445 
0.048572683183812 
0.048570086189119 
0.048567489586433 
0.048564893374825 
0.048562297553363 
0.048559702121118 
0.048557107077164 
0.048554512420573 
0.048551918150419 
0.048549324265778 
0.048546730765725 
0.048544137649338 
0.048541544915695 
0.048538952563875 
0.048536360592958 
0.048533769002026 
0.048531177790160 
0.048528586956444 
0.048525996499960 
0.048523406419795 
0.048520816715035 
0.048518227384766 
0.048515638428076 
0.048513049844053 
0.048510461631789 
0.048507873790372 
0.048505286318895 
0.048502699216450 
0.048500112482132 
0.048497526115033 
0.048494940114250 
0.048492354478879 
0.048489769208016 
0.048487184300759 
0.048484599756208 
0.048482015573462 
0.048479431751622 
0.048476848289790 
0.048474265187067 
0.048471682442557 
0.048469100055365 
0.048466518024595 
0.048463936349354 
0.048461355028747 
0.048458774061882 
0.048456193447868 
0.048453613185814 
0.048451033274831 
0.048448453714030 
0.048445874502521 
0.048443295639417 
0.048440717123833 
0.048438138954882 
0.048435561131680 
0.048432983653342 
0.048430406518985 
0.048427829727726 
0.048425253278684 
0.048422677170978 
0.048420101403728 
0.048417525976054 
0.048414950887077 
0.048412376135921 
0.048409801721708 
0.048407227643561 
0.048404653900605 
0.048402080491966 
0.048399507416769 
0.048396934674141 
0.048394362263210 
0.048391790183104 
0.048389218432951 
0.048386647011883 
0.048384075919028 
0.048381505153519 
0.048378934714487 
0.048376364601065 
0.048373794812386 
0.048371225347585 
0.048368656205795 
0.048366087386153 
0.048363518887794 
0.048360950709856 
0.048358382851476 
0.048355815311792 
0.048353248089943 
0.048350681185069 
0.048348114596310 
0.048345548322806 
0.048342982363701 
0.048340416718135 
0.048337851385251 
0.048335286364193 
0.048332721654106 
0.048330157254134 
0.048327593163423 
0.048325029381119 
0.048322465906368 
0.048319902738317 
0.048317339876116 
0.048314777318912 
0.048312215065854 
0.048309653116094 
0.048307091468781 
0.048304530123066 
0.048301969078100 
0.048299408333037 
0.048296847887028 
0.048294287739228 
0.048291727888790 
0.048289168334869 
0.048286609076620 
0.048284050113199 
0.048281491443762 
0.048278933067467 
0.048276374983470 
0.048273817190929 
0.048271259689004 
0.048268702476853 
0.048266145553636 
0.048263588918513 
0.048261032570645 
0.048258476509193 
0.048255920733319 
0.048253365242185 
0.048250810034954 
0.048248255110788 
0.048245700468854 
0.048243146108314 
0.048240592028334 
0.048238038228079 
0.048235484706714 
0.048232931463406 
0.048230378497322 
0.048227825807630 
0.048225273393496 
0.048222721254090 
0.048220169388581 
0.048217617796137 
0.048215066475928 
0.048212515427125 
0.048209964648898 
0.048207414140418 
0.048204863900857 
0.048202313929387 
0.048199764225180 
0.048197214787408 
0.048194665615246 
0.048192116707868 
0.048189568064446 
0.048187019684156 
0.048184471566173 
0.048181923709673 
0.048179376113831 
0.048176828777823 
0.048174281700827 
0.048171734882018 
0.048169188320576 
0.048166642015677 
0.048164095966500 
0.048161550172223 
0.048159004632025 
0.048156459345086 
0.048153914310586 
0.048151369527704 
0.048148824995622 
0.048146280713520 
0.048143736680578 
0.048141192895981 
0.048138649358908 
0.048136106068542 
0.048133563024066 
0.048131020224662 
0.048128477669514 
0.048125935357807 
0.048123393288722 
0.048120851461446 
0.048118309875163 
0.048115768529057 
0.048113227422313 
0.048110686554118 
0.048108145923657 
0.048105605530117 
0.048103065372683 
0.048100525450543 
0.048097985762883 
0.048095446308891 
0.048092907087755 
0.048090368098662 
0.048087829340801 
0.048085290813359 
0.048082752515527 
0.048080214446493 
0.048077676605446 
0.048075138991575 
0.048072601604070 
0.048070064442122 
0.048067527504920 
0.048064990791655 
0.048062454301517 
0.048059918033699 
0.048057381987390 
0.048054846161783 
0.048052310556068 
0.048049775169438 
0.048047240001086 
0.048044705050203 
0.048042170315981 
0.048039635797614 
0.048037101494295 
0.048034567405216 
0.048032033529570 
0.048029499866552 
0.048026966415354 
0.048024433175171 
0.048021900145197 
0.048019367324627 
0.048016834712654 
0.048014302308472 
0.048011770111278 
0.048009238120264 
0.048006706334627 
0.048004174753562 
0.048001643376265 
0.047999112201930 
0.047996581229753 
0.047994050458930 
0.047991519888657 
0.047988989518129 
0.047986459346544 
0.047983929373096 
0.047981399596983 
0.047978870017401 
0.047976340633547 
0.047973811444618 
0.047971282449809 
0.047968753648319 
0.047966225039344 
0.047963696622082 
0.047961168395728 
0.047958640359481 
0.047956112512539 
0.047953584854099 
0.047951057383357 
0.047948530099512 
0.047946003001761 
0.047943476089303 
0.047940949361333 
0.047938422817052 
0.047935896455656 
0.047933370276343 
0.047930844278312 
0.047928318460760 
0.047925792822885 
0.047923267363886 
0.047920742082961 
0.047918216979307 
0.047915692052123 
0.047913167300606 
0.047910642723956 
0.047908118321370 
0.047905594092047 
0.047903070035184 
0.047900546149980 
0.047898022435633 
0.047895498891341 
0.047892975516303 
0.047890452309717 
0.047887929270779 
0.047885406398690 
0.047882883692646 
0.047880361151847 
0.047877838775489 
0.047875316562770 
0.047872794512890 
0.047870272625044 
0.047867750898433 
0.047865229332253 
0.047862707925701 
0.047860186677976 
0.047857665588275 
0.047855144655795 
0.047852623879734 
0.047850103259290 
0.047847582793658 
0.047845062482038 
0.047842542323626 
0.047840022317618 
0.047837502463212 
0.047834982759605 
0.047832463205993 
0.047829943801572 
0.047827424545540 
0.047824905437092 
0.047822386475425 
0.047819867659735 
0.047817348989218 
0.047814830463070 
0.047812312080486 
0.047809793840662 
0.047807275742793 
0.047804757786076 
0.047802239969705 
0.047799722292874 
0.047797204754778 
0.047794687354614 
0.047792170091574 
0.047789652964853 
0.047787135973645 
0.047784619117144 
0.047782102394545 
0.047779585805039 
0.047777069347822 
0.047774553022086 
0.047772036827024 
0.047769520761829 
0.047767004825694 
0.047764489017810 
0.047761973337371 
0.047759457783567 
0.047756942355592 
0.047754427052635 
0.047751911873890 
0.047749396818545 
0.047746881885793 
0.047744367074824 
0.047741852384828 
0.047739337814995 
0.047736823364516 
0.047734309032579 
0.047731794818374 
0.047729280721090 
0.047726766739916 
0.047724252874039 
0.047721739122650 
0.047719225484935 
0.047716711960082 
0.047714198547278 
0.047711685245710 
0.047709172054566 
0.047706658973031 
0.047704146000291 
0.047701633135534 
0.047699120377943 
0.047696607726704 
0.047694095181002 
0.047691582740022 
0.047689070402948 
0.047686558168963 
0.047684046037252 
0.047681534006996 
0.047679022077381 
0.047676510247587 
0.047673998516797 
0.047671486884192 
0.047668975348955 
0.047666463910266 
0.047663952567306 
0.047661441319255 
0.047658930165293 
0.047656419104599 
0.047653908136353 
0.047651397259734 
0.047648886473920 
0.047646375778088 
0.047643865171417 
0.047641354653084 
0.047638844222264 
0.047636333878135 
0.047633823619872 
0.047631313446652 
0.047628803357647 
0.047626293352035 
0.047623783428988 
0.047621273587680 
0.047618763827285 
0.047616254146975 
0.047613744545923 
0.047611235023301 
0.047608725578279 
0.047606216210030 
0.047603706917722 
0.047601197700528 
0.047598688557615 
0.047596179488153 
0.047593670491310 
0.047591161566256 
0.047588652712156 
0.047586143928179 
0.047583635213490 
0.047581126567256 
0.047578617988641 
0.047576109476812 
0.047573601030933 
0.047571092650167 
0.047568584333678 
0.047566076080628 
0.047563567890181 
0.047561059761497 
0.047558551693738 
0.047556043686065 
0.047553535737637 
0.047551027847615 
0.047548520015156 
0.047546012239420 
0.047543504519563 
0.047540996854745 
0.047538489244120 
0.047535981686844 
0.047533474182075 
0.047530966728966 
0.047528459326670 
0.047525951974343 
0.047523444671137 
0.047520937416204 
0.047518430208696 
0.047515923047764 
0.047513415932558 
0.047510908862229 
0.047508401835925 
0.047505894852796 
0.047503387911988 
0.047500881012648 
0.047498374153924 
0.047495867334962 
0.047493360554907 
0.047490853812902 
0.047488347108092 
0.047485840439621 
0.047483333806630 
0.047480827208261 
0.047478320643656 
0.047475814111955 
0.047473307612297 
0.047470801143821 
0.047468294705665 
0.047465788296967 
0.047463281916864 
0.047460775564491 
0.047458269238984 
0.047455762939477 
0.047453256665104 
0.047450750414999 
0.047448244188293 
0.047445737984118 
0.047443231801604 
0.047440725639882 
0.047438219498081 
0.047435713375328 
0.047433207270752 
0.047430701183479 
0.047428195112636 
0.047425689057347 
0.047423183016737 
0.047420676989929 
0.047418170976047 
0.047415664974212 
0.047413158983544 
0.047410653003165 
0.047408147032194 
0.047405641069748 
0.047403135114948 
0.047400629166907 
0.047398123224742 
0.047395617287570 
0.047393111354504 
0.047390605424657 
0.047388099497141 
0.047385593571069 
0.047383087645551 
0.047380581719697 
0.047378075792615 
0.047375569863415 
0.047373063931201 
0.047370557995082 
0.047368052054162 
0.047365546107544 
0.047363040154334 
0.047360534193632 
0.047358028224540 
0.047355522246160 
0.047353016257589 
0.047350510257928 
0.047348004246273 
0.047345498221722 
0.047342992183369 
0.047340486130310 
0.047337980061637 
0.047335473976445 
0.047332967873823 
0.047330461752864 
0.047327955612656 
0.047325449452289 
0.047322943270849 
0.047320437067423 
0.047317930841097 
0.047315424590956 
0.047312918316082 
0.047310412015558 
0.047307905688466 
0.047305399333885 
0.047302892950895 
0.047300386538573 
0.047297880095997 
0.047295373622243 
0.047292867116385 
0.047290360577498 
0.047287854004652 
0.047285347396921 
0.047282840753375 
0.047280334073083 
0.047277827355112 
0.047275320598530 
0.047272813802402 
0.047270306965795 
0.047267800087770 
0.047265293167389 
0.047262786203715 
0.047260279195808 
0.047257772142726 
0.047255265043526 
0.047252757897266 
0.047250250703000 
0.047247743459782 
0.047245236166665 
0.047242728822701 
0.047240221426941 
0.047237713978433 
0.047235206476225 
0.047232698919364 
0.047230191306894 
0.047227683637862 
0.047225175911308 
0.047222668126276 
0.047220160281805 
0.047217652376934 
0.047215144410701 
0.047212636382143 
0.047210128290294 
0.047207620134188 
0.047205111912859 
0.047202603625337 
0.047200095270652 
0.047197586847832 
0.047195078355906 
0.047192569793898 
0.047190061160833 
0.047187552455735 
0.047185043677624 
0.047182534825522 
0.047180025898447 
0.047177516895418 
0.047175007815449 
0.047172498657557 
0.047169989420754 
0.047167480104052 
0.047164970706462 
0.047162461226993 
0.047159951664652 
0.047157442018447 
0.047154932287381 
0.047152422470458 
0.047149912566679 
0.047147402575046 
0.047144892494556 
0.047142382324208 
0.047139872062997 
0.047137361709917 
0.047134851263962 
0.047132340724123 
0.047129830089389 
0.047127319358748 
0.047124808531188 
0.047122297605694 
0.047119786581249 
0.047117275456835 
0.047114764231433 
0.047112252904022 
0.047109741473578 
0.047107229939078 
0.047104718299496 
0.047102206553805 
0.047099694700974 
0.047097182739974 
0.047094670669771 
0.047092158489333 
0.047089646197623 
0.047087133793604 
0.047084621276236 
0.047082108644480 
0.047079595897293 
0.047077083033629 
0.047074570052446 
0.047072056952694 
0.047069543733323 
0.047067030393284 
0.047064516931524 
0.047062003346988 
0.047059489638620 
0.047056975805362 
0.047054461846155 
0.047051947759936 
0.047049433545644 
0.047046919202213 
0.047044404728575 
0.047041890123663 
0.047039375386406 
0.047036860515732 
0.047034345510566 
0.047031830369833 
0.047029315092454 
0.047026799677351 
0.047024284123441 
0.047021768429642 
0.047019252594867 
0.047016736618030 
0.047014220498042 
0.047011704233811 
0.047009187824244 
0.047006671268247 
0.047004154564724 
0.047001637712574 
0.046999120710698 
0.046996603557993 
0.046994086253353 
0.046991568795673 
0.046989051183844 
0.046986533416755 
0.046984015493292 
0.046981497412343 
0.046978979172789 
0.046976460773513 
0.046973942213393 
0.046971423491306 
0.046968904606127 
0.046966385556730 
0.046963866341984 
0.046961346960760 
0.046958827411923 
0.046956307694337 
0.046953787806867 
0.046951267748370 
0.046948747517706 
0.046946227113730 
0.046943706535297 
0.046941185781257 
0.046938664850461 
0.046936143741754 
0.046933622453982 
0.046931100985989 
0.046928579336613 
0.046926057504694 
0.046923535489067 
0.046921013288566 
0.046918490902023 
0.046915968328267 
0.046913445566124 
0.046910922614419 
0.046908399471974 
0.046905876137609 
0.046903352610141 
0.046900828888387 
0.046898304971157 
0.046895780857264 
0.046893256545514 
0.046890732034714 
0.046888207323666 
0.046885682411173 
0.046883157296031 
0.046880631977037 
0.046878106452984 
0.046875580722664 
0.046873054784864 
0.046870528638371 
0.046868002281970 
0.046865475714439 
0.046862948934558 
0.046860421941103 
0.046857894732847 
0.046855367308562 
0.046852839667015 
0.046850311806972 
0.046847783727196 
0.046845255426447 
0.046842726903484 
0.046840198157061 
0.046837669185932 
0.046835139988846 
0.046832610564549 
0.046830080911788 
0.046827551029304 
0.046825020915836 
0.046822490570120 
0.046819959990889 
0.046817429176876 
0.046814898126808 
0.046812366839410 
0.046809835313405 
0.046807303547513 
0.046804771540451 
0.046802239290934 
0.046799706797671 
0.046797174059372 
0.046794641074743 
0.046792107842486 
0.046789574361300 
0.046787040629884 
0.046784506646930 
0.046781972411131 
0.046779437921173 
0.046776903175742 
0.046774368173521 
0.046771832913188 
0.046769297393420 
0.046766761612890 
0.046764225570268 
0.046761689264221 
0.046759152693412 
0.046756615856503 
0.046754078752152 
0.046751541379014 
0.046749003735739 
0.046746465820976 
0.046743927633372 
0.046741389171567 
0.046738850434200 
0.046736311419908 
0.046733772127323 
0.046731232555074 
0.046728692701788 
0.046726152566086 
0.046723612146589 
0.046721071441913 
0.046718530450670 
0.046715989171470 
0.046713447602920 
0.046710905743623 
0.046708363592177 
0.046705821147179 
0.046703278407222 
0.046700735370896 
0.046698192036784 
0.046695648403472 
0.046693104469537 
0.046690560233554 
0.046688015694096 
0.046685470849730 
0.046682925699023 
0.046680380240534 
0.046677834472823 
0.046675288394443 
0.046672742003944 
0.046670195299875 
0.046667648280777 
0.046665100945190 
0.046662553291651 
0.046660005318692 
0.046657457024841 
0.046654908408623 
0.046652359468559 
0.046649810203166 
0.046647260610959 
0.046644710690445 
0.046642160440132 
0.046639609858522 
0.046637058944112 
0.046634507695397 
0.046631956110867 
0.046629404189008 
0.046626851928303 
0.046624299327231 
0.046621746384266 
0.046619193097880 
0.046616639466537 
0.046614085488701 
0.046611531162830 
0.046608976487380 
0.046606421460799 
0.046603866081535 
0.046601310348028 
0.046598754258718 
0.046596197812037 
0.046593641006415 
0.046591083840278 
0.046588526312046 
0.046585968420136 
0.046583410162962 
0.046580851538929 
0.046578292546444 
0.046575733183904 
0.046573173449706 
0.046570613342239 
0.046568052859891 
0.046565492001043 
0.046562930764073 
0.046560369147352 
0.046557807149251 
0.046555244768132 
0.046552682002355 
0.046550118850276 
0.046547555310242 
0.046544991380601 
0.046542427059694 
0.046539862345857 
0.046537297237420 
0.046534731732712 
0.046532165830053 
0.046529599527762 
0.046527032824150 
0.046524465717527 
0.046521898206194 
0.046519330288449 
0.046516761962586 
0.046514193226893 
0.046511624079653 
0.046509054519144 
0.046506484543640 
0.046503914151409 
0.046501343340715 
0.046498772109815 
0.046496200456963 
0.046493628380406 
0.046491055878388 
0.046488482949146 
0.046485909590913 
0.046483335801916 
0.046480761580377 
0.046478186924512 
0.046475611832534 
0.046473036302648 
0.046470460333054 
0.046467883921950 
0.046465307067524 
0.046462729767960 
0.046460152021438 
0.046457573826132 
0.046454995180207 
0.046452416081829 
0.046449836529154 
0.046447256520331 
0.046444676053508 
0.046442095126824 
0.046439513738413 
0.046436931886403 
0.046434349568917 
0.046431766784073 
0.046429183529981 
0.046426599804745 
0.046424015606465 
0.046421430933236 
0.046418845783143 
0.046416260154268 
0.046413674044687 
0.046411087452469 
0.046408500375677 
0.046405912812368 
0.046403324760593 
0.046400736218397 
0.046398147183818 
0.046395557654889 
0.046392967629635 
0.046390377106076 
0.046387786082226 
0.046385194556092 
0.046382602525673 
0.046380009988963 
0.046377416943951 
0.046374823388617 
0.046372229320936 
0.046369634738876 
0.046367039640397 
0.046364444023455 
0.046361847885997 
0.046359251225964 
0.046356654041289 
0.046354056329902 
0.046351458089722 
0.046348859318663 
0.046346260014632 
0.046343660175528 
0.046341059799245 
0.046338458883667 
0.046335857426674 
0.046333255426137 
0.046330652879920 
0.046328049785881 
0.046325446141869 
0.046322841945727 
0.046320237195289 
0.046317631888384 
0.046315026022832 
0.046312419596447 
0.046309812607032 
0.046307205052388 
0.046304596930303 
0.046301988238561 
0.046299378974936 
0.046296769137195 
0.046294158723099 
0.046291547730399 
0.046288936156839 
0.046286324000154 
0.046283711258074 
0.046281097928317 
0.046278484008596 
0.046275869496616 
0.046273254390071 
0.046270638686649 
0.046268022384031 
0.046265405479887 
0.046262787971879 
0.046260169857664 
0.046257551134885 
0.046254931801182 
0.046252311854184 
0.046249691291510 
0.046247070110773 
0.046244448309577 
0.046241825885515 
0.046239202836173 
0.046236579159129 
0.046233954851951 
0.046231329912198 
0.046228704337420 
0.046226078125159 
0.046223451272947 
0.046220823778306 
0.046218195638751 
0.046215566851787 
0.046212937414908 
0.046210307325600 
0.046207676581341 
0.046205045179598 
0.046202413117827 
0.046199780393477 
0.046197147003986 
0.046194512946784 
0.046191878219289 
0.046189242818910 
0.046186606743046 
0.046183969989087 
0.046181332554413 
0.046178694436392 
0.046176055632384 
0.046173416139737 
0.046170775955791 
0.046168135077875 
0.046165493503305 
0.046162851229391 
0.046160208253429 
0.046157564572706 
0.046154920184498 
0.046152275086070 
0.046149629274678 
0.046146982747564 
0.046144335501962 
0.046141687535094 
0.046139038844170 
0.046136389426392 
0.046133739278946 
0.046131088399012 
0.046128436783756 
0.046125784430330 
0.046123131335881 
