1.000000000000000 
0.504120133148915 
0.484535341802207 
0.481611486229643 
0.480580604136912 
0.480058298358920 
0.479744589898763 
0.479536532773790 
0.479389082171430 
0.479279423279513 
0.479194795803285 
0.479127525303447 
0.479072730975891 
0.479027167897452 
0.478988599534674 
0.478955437705717 
0.478926526008901 
0.478901004258252 
0.478878220695127 
0.478857673453944 
0.478838970534021 
0.478821801816591 
0.478805919120239 
0.478791121740448 
0.478777245804304 
0.478764156325864 
0.478751741203129 
0.478739906630608 
0.478728573557098 
0.478717674924187 
0.478707153494158 
0.478696960127098 
0.478687052403851 
0.478677393517057 
0.478667951372009 
0.478658697852831 
0.478649608219864 
0.478640660611922 
0.478631835632857 
0.478623116006381 
0.478614486286405 
0.478605932612853 
0.478597442504855 
0.478589004684876 
0.478580608928543 
0.478572245935912 
0.478563907220733 
0.478555585014843 
0.478547272185365 
0.478538962162766 
0.478530648878153 
0.478522326708485 
0.478513990428547 
0.478505635168755 
0.478497256377987 
0.478488849790759 
0.478480411398174 
0.478471937422147 
0.478463424292499 
0.478454868626542 
0.478446267210853 
0.478437616984980 
0.478428915026831 
0.478420158539557 
0.478411344839757 
0.478402471346840 
0.478393535573432 
0.478384535116697 
0.478375467650474 
0.478366330918146 
0.478357122726159 
0.478347840938125 
0.478338483469441 
0.478329048282384 
0.478319533381617 
0.478309936810080 
0.478300256645221 
0.478290490995528 
0.478280637997346 
0.478270695811939 
0.478260662622788 
0.478250536633080 
0.478240316063400 
0.478229999149584 
0.478219584140729 
0.478209069297341 
0.478198452889620 
0.478187733195849 
0.478176908500902 
0.478165977094847 
0.478154937271630 
0.478143787327858 
0.478132525561640 
0.478121150271511 
0.478109659755409 
0.478098052309720 
0.478086326228368 
0.478074479801964 
0.478062511316994 
0.478050419055048 
0.478038201292098 
0.478025856297801 
0.478013382334842 
0.478000777658305 
0.477988040515074 
0.477975169143262 
0.477962161771663 
0.477949016619224 
0.477935731894546 
0.477922305795398 
0.477908736508251 
0.477895022207834 
0.477881161056696 
0.477867151204798 
0.477852990789099 
0.477838677933178 
0.477824210746848 
0.477809587325795 
0.477794805751217 
0.477779864089489 
0.477764760391815 
0.477749492693911 
0.477734059015683 
0.477718457360914 
0.477702685716964 
0.477686742054475 
0.477670624327077 
0.477654330471110 
0.477637858405342 
0.477621206030699 
0.477604371230001 
0.477587351867698 
0.477570145789613 
0.477552750822692 
0.477535164774758 
0.477517385434263 
0.477499410570053 
0.477481237931131 
0.477462865246428 
0.477444290224570 
0.477425510553659 
0.477406523901050 
0.477387327913132 
0.477367920215117 
0.477348298410824 
0.477328460082477 
0.477308402790493 
0.477288124073285 
0.477267621447061 
0.477246892405629 
0.477225934420199 
0.477204744939198 
0.477183321388079 
0.477161661169137 
0.477139761661327 
0.477117620220083 
0.477095234177144 
0.477072600840379 
0.477049717493615 
0.477026581396472 
0.477003189784195 
0.476979539867493 
0.476955628832381 
0.476931453840023 
0.476907012026577 
0.476882300503048 
0.476857316355142 
0.476832056643116 
0.476806518401646 
0.476780698639685 
0.476754594340331 
0.476728202460694 
0.476701519931776 
0.476674543658341 
0.476647270518800 
0.476619697365094 
0.476591821022583 
0.476563638289938 
0.476535145939038 
0.476506340714868 
0.476477219335430 
0.476447778491643 
0.476418014847266 
0.476387925038810 
0.476357505675461 
0.476326753339012 
0.476295664583792 
0.476264235936602 
0.476232463896662 
0.476200344935555 
0.476167875497182 
0.476135051997720 
0.476101870825587 
0.476068328341410 
0.476034420878005 
0.476000144740354 
0.475965496205595 
0.475930471523020 
0.475895066914069 
0.475859278572341 
0.475823102663610 
0.475786535325843 
0.475749572669228 
0.475712210776211 
0.475674445701537 
0.475636273472300 
0.475597690088001 
0.475558691520616 
0.475519273714663 
0.475479432587291 
0.475439164028362 
0.475398463900558 
0.475357328039480 
0.475315752253767 
0.475273732325223 
0.475231264008946 
0.475188343033474 
0.475144965100937 
0.475101125887219 
0.475056821042131 
0.475012046189591 
0.474966796927818 
0.474921068829535 
0.474874857442178 
0.474828158288127 
0.474780966864934 
0.474733278645574 
0.474685089078698 
0.474636393588904 
0.474587187577016 
0.474537466420378 
0.474487225473155 
0.474436460066652 
0.474385165509641 
0.474333337088703 
0.474280970068580 
0.474228059692545 
0.474174601182775 
0.474120589740755 
0.474066020547675 
0.474010888764853 
0.473955189534170 
0.473898917978516 
0.473842069202253 
0.473784638291691 
0.473726620315579 
0.473668010325610 
0.473608803356941 
0.473548994428726 
0.473488578544672 
0.473427550693597 
0.473365905850016 
0.473303638974735 
0.473240745015465 
0.473177218907448 
0.473113055574101 
0.473048249927678 
0.472982796869944 
0.472916691292870 
0.472849928079340 
0.472782502103879 
0.472714408233393 
0.472645641327931 
0.472576196241462 
0.472506067822664 
0.472435250915739 
0.472363740361240 
0.472291530996915 
0.472218617658571 
0.472144995180952 
0.472070658398640 
0.471995602146967 
0.471919821262949 
0.471843310586237 
0.471766064960084 
0.471688079232334 
0.471609348256420 
0.471529866892392 
0.471449630007951 
0.471368632479510 
0.471286869193267 
0.471204335046297 
0.471121024947661 
0.471036933819538 
0.470952056598367 
0.470866388236011 
0.470779923700937 
0.470692657979414 
0.470604586076731 
0.470515703018422 
0.470426003851525 
0.470335483645840 
0.470244137495216 
0.470151960518850 
0.470058947862606 
0.469965094700342 
0.469870396235263 
0.469774847701285 
0.469678444364415 
0.469581181524148 
0.469483054514872 
0.469384058707308 
0.469284189509936 
0.469183442370460 
0.469081812777274 
0.468979296260947 
0.468875888395721 
0.468771584801020 
0.468666381142971 
0.468560273135948 
0.468453256544112 
0.468345327182976 
0.468236480920975 
0.468126713681047 
0.468016021442227 
0.467904400241254 
0.467791846174177 
0.467678355397984 
0.467563924132225 
0.467448548660660 
0.467332225332896 
0.467214950566052 
0.467096720846408 
0.466977532731078 
0.466857382849684 
0.466736267906026 
0.466614184679764 
0.466491130028113 
0.466367100887518 
0.466242094275353 
0.466116107291603 
0.465989137120570 
0.465861181032556 
0.465732236385561 
0.465602300626970 
0.465471371295249 
0.465339446021626 
0.465206522531783 
0.465072598647528 
0.464937672288476 
0.464801741473714 
0.464664804323467 
0.464526859060749 
0.464387904013021 
0.464247937613820 
0.464106958404387 
0.463964965035290 
0.463821956268028 
0.463677930976630 
0.463532888149228 
0.463386826889624 
0.463239746418849 
0.463091646076693 
0.462942525323218 
0.462792383740271 
0.462641221032955 
0.462489037031090 
0.462335831690664 
0.462181605095240 
0.462026357457365 
0.461870089119929 
0.461712800557528 
0.461554492377774 
0.461395165322598 
0.461234820269521 
0.461073458232888 
0.460911080365082 
0.460747687957705 
0.460583282442728 
0.460417865393607 
0.460251438526366 
0.460084003700650 
0.459915562920736 
0.459746118336509 
0.459575672244412 
0.459404227088339 
0.459231785460507 
0.459058350102280 
0.458883923904951 
0.458708509910479 
0.458532111312203 
0.458354731455487 
0.458176373838335 
0.457997042111961 
0.457816740081308 
0.457635471705525 
0.457453241098396 
0.457270052528710 
0.457085910420604 
0.456900819353837 
0.456714784064017 
0.456527809442785 
0.456339900537937 
0.456151062553510 
0.455961300849785 
0.455770620943271 
0.455579028506606 
0.455386529368421 
0.455193129513143 
0.454998835080738 
0.454803652366406 
0.454607587820209 
0.454410648046644 
0.454212839804173 
0.454014170004671 
0.453814645712828 
0.453614274145499 
0.453413062670975 
0.453211018808221 
0.453008150226025 
0.452804464742112 
0.452599970322182 
0.452394675078897 
0.452188587270810 
0.451981715301215 
0.451774067716959 
0.451565653207187 
0.451356480602019 
0.451146558871177 
0.450935897122538 
0.450724504600649 
0.450512390685162 
0.450299564889222 
0.450086036857784 
0.449871816365889 
0.449656913316862 
0.449441337740464 
0.449225099790982 
0.449008209745270 
0.448790678000712 
0.448572515073152 
0.448353731594762 
0.448134338311845 
0.447914346082594 
0.447693765874794 
0.447472608763467 
0.447250885928479 
0.447028608652072 
0.446805788316367 
0.446582436400806 
0.446358564479547 
0.446134184218821 
0.445909307374219 
0.445683945787958 
0.445458111386081 
0.445231816175637 
0.445005072241795 
0.444777891744923 
0.444550286917638 
0.444322270061812 
0.444093853545519 
0.443865049799984 
0.443635871316452 
0.443406330643066 
0.443176440381695 
0.442946213184700 
0.442715661751729 
0.442484798826437 
0.442253637193198 
0.442022189673788 
0.441790469124043 
0.441558488430501 
0.441326260507005 
0.441093798291312 
0.440861114741664 
0.440628222833354 
0.440395135555271 
0.440161865906429 
0.439928426892502 
0.439694831522334 
0.439461092804436 
0.439227223743495 
0.438993237336867 
0.438759146571069 
0.438524964418266 
0.438290703832776 
0.438056377747548 
0.437821999070668 
0.437587580681873 
0.437353135429054 
0.437118676124773 
0.436884215542815 
0.436649766414724 
0.436415341426356 
0.436180953214481 
0.435946614363355 
0.435712337401362 
0.435478134797628 
0.435244018958708 
0.435010002225263 
0.434776096868770 
0.434542315088285 
0.434308669007201 
0.434075170670070 
0.433841832039433 
0.433608664992715 
0.433375681319127 
0.433142892716620 
0.432910310788882 
0.432677947042387 
0.432445812883464 
0.432213919615426 
0.431982278435757 
0.431750900433302 
0.431519796585579 
0.431288977756072 
0.431058454691620 
0.430828238019853 
0.430598338246658 
0.430368765753745 
0.430139530796230 
0.429910643500303 
0.429682113860939 
0.429453951739696 
0.429226166862545 
0.428998768817785 
0.428771767054005 
0.428545170878149 
0.428318989453590 
0.428093231798323 
0.427867906783207 
0.427643023130266 
0.427418589411078 
0.427194614045229 
0.426971105298823 
0.426748071283110 
0.426525519953117 
0.426303459106405 
0.426081896381903 
0.425860839258769 
0.425640295055371 
0.425420270928327 
0.425200773871613 
0.424981810715761 
0.424763388127110 
0.424545512607162 
0.424328190491985 
0.424111427951725 
0.423895230990149 
0.423679605444312 
0.423464556984248 
0.423250091112785 
0.423036213165404 
0.422822928310182 
0.422610241547810 
0.422398157711679 
0.422186681468050 
0.421975817316273 
0.421765569589117 
0.421555942453124 
0.421346939909082 
0.421138565792516 
0.420930823774306 
0.420723717361321 
0.420517249897147 
0.420311424562877 
0.420106244377961 
0.419901712201139 
0.419697830731408 
0.419494602509071 
0.419292029916839 
0.419090115181003 
0.418888860372651 
0.418688267408944 
0.418488338054465 
0.418289073922597 
0.418090476476976 
0.417892547032977 
0.417695286759268 
0.417498696679396 
0.417302777673440 
0.417107530479691 
0.416912955696387 
0.416719053783483 
0.416525825064473 
0.416333269728250 
0.416141387830978 
0.415950179298038 
0.415759643925998 
0.415569781384590 
0.415380591218758 
0.415192072850710 
0.415004225581985 
0.414817048595593 
0.414630540958134 
0.414444701621969 
0.414259529427383 
0.414075023104799 
0.413891181276987 
0.413708002461313 
0.413525485071962 
0.413343627422219 
0.413162427726734 
0.412981884103792 
0.412801994577628 
0.412622757080693 
0.412444169455971 
0.412266229459274 
0.412088934761554 
0.411912282951194 
0.411736271536324 
0.411560897947113 
0.411386159538063 
0.411212053590293 
0.411038577313838 
0.410865727849904 
0.410693502273132 
0.410521897593861 
0.410350910760360 
0.410180538661044 
0.410010778126692 
0.409841625932648 
0.409673078800972 
0.409505133402621 
0.409337786359581 
0.409171034246969 
0.409004873595148 
0.408839300891782 
0.408674312583901 
0.408509905079909 
0.408346074751596 
0.408182817936104 
0.408020130937871 
0.407858010030566 
0.407696451458948 
0.407535451440755 
0.407375006168531 
0.407215111811411 
0.407055764516912 
0.406896960412661 
0.406738695608105 
0.406580966196194 
0.406423768255016 
0.406267097849406 
0.406110951032536 
0.405955323847452 
0.405800212328581 
0.405645612503211 
0.405491520392943 
0.405337932015086 
0.405184843384039 
0.405032250512629 
0.404880149413417 
0.404728536099970 
0.404577406588105 
0.404426756897071 
0.404276583050732 
0.404126881078712 
0.403977647017462 
0.403828876911355 
0.403680566813706 
0.403532712787771 
0.403385310907716 
0.403238357259531 
0.403091847941953 
0.402945779067315 
0.402800146762377 
0.402654947169137 
0.402510176445598 
0.402365830766490 
0.402221906324005 
0.402078399328446 
0.401935306008883 
0.401792622613766 
0.401650345411511 
0.401508470691059 
0.401366994762406 
0.401225913957083 
0.401085224628656 
0.400944923153153 
0.400805005929500 
0.400665469379882 
0.400526309950141 
0.400387524110102 
0.400249108353891 
0.400111059200239 
0.399973373192741 
0.399836046900102 
0.399699076916375 
0.399562459861166 
0.399426192379791 
0.399290271143478 
0.399154692849485 
0.399019454221233 
0.398884552008417 
0.398749982987099 
0.398615743959766 
0.398481831755404 
0.398348243229543 
0.398214975264270 
0.398082024768261 
0.397949388676757 
0.397817063951601 
0.397685047581163 
0.397553336580343 
0.397421927990522 
0.397290818879499 
0.397160006341449 
0.397029487496848 
0.396899259492408 
0.396769319500978 
0.396639664721477 
0.396510292378807 
0.396381199723759 
0.396252384032912 
0.396123842608543 
0.395995572778527 
0.395867571896244 
0.395739837340472 
0.395612366515306 
0.395485156850044 
0.395358205799116 
0.395231510841980 
0.395105069483051 
0.394978879251600 
0.394852937701715 
0.394727242412194 
0.394601790986512 
0.394476581052757 
0.394351610263582 
0.394226876296170 
0.394102376852210 
0.393978109657862 
0.393854072463768 
0.393730263045046 
0.393606679201296 
0.393483318756627 
0.393360179559706 
0.393237259483778 
0.393114556426749 
0.392992068311239 
0.392869793084693 
0.392747728719453 
0.392625873212873 
0.392504224587452 
0.392382780890960 
0.392261540196594 
0.392140500603139 
0.392019660235139 
0.391899017243090 
0.391778569803633 
0.391658316119781 
0.391538254421127 
0.391418382964091 
0.391298700032155 
0.391179203936140 
0.391059893014457 
0.390940765633395 
0.390821820187396 
0.390703055099368 
0.390584468820976 
0.390466059832958 
0.390347826645428 
0.390229767798212 
0.390111881861159 
0.389994167434492 
0.389876623149122 
0.389759247666982 
0.389642039681361 
0.389524997917245 
0.389408121131633 
0.389291408113871 
0.389174857685977 
0.389058468702959 
0.388942240053111 
0.388826170658332 
0.388710259474405 
0.388594505491294 
0.388478907733390 
0.388363465259785 
0.388248177164512 
0.388133042576754 
0.388018060661070 
0.387903230617561 
0.387788551682061 
0.387674023126265 
0.387559644257857 
0.387445414420610 
0.387331332994456 
0.387217399395538 
0.387103613076233 
0.386989973525121 
0.386876480266973 
0.386763132862657 
0.386649930909055 
0.386536874038929 
0.386423961920738 
0.386311194258443 
0.386198570791278 
0.386086091293482 
0.385973755573987 
0.385861563476069 
0.385749514876990 
0.385637609687570 
0.385525847851757 
0.385414229346108 
0.385302754179310 
0.385191422391596 
0.385080234054161 
0.384969189268547 
0.384858288165965 
0.384747530906621 
0.384636917678993 
0.384526448699054 
0.384416124209503 
0.384305944478940 
0.384195909801037 
0.384086020493654 
0.383976276897940 
0.383866679377427 
0.383757228317072 
0.383647924122306 
0.383538767218038 
0.383429758047659 
0.383320897072033 
0.383212184768449 
0.383103621629586 
0.382995208162463 
0.382886944887358 
0.382778832336757 
0.382670871054271 
0.382563061593544 
0.382455404517187 
0.382347900395696 
0.382240549806374 
0.382133353332245 
0.382026311561005 
0.381919425083946 
0.381812694494914 
0.381706120389254 
0.381599703362817 
0.381493444010892 
0.381387342927267 
0.381281400703200 
0.381175617926494 
0.381069995180519 
0.380964533043317 
0.380859232086696 
0.380754092875347 
0.380649115965993 
0.380544301906573 
0.380439651235432 
0.380335164480542 
0.380230842158766 
0.380126684775142 
0.380022692822184 
0.379918866779222 
0.379815207111784 
0.379711714270984 
0.379608388692963 
0.379505230798330 
0.379402240991678 
0.379299419661095 
0.379196767177713 
0.379094283895294 
0.378991970149844 
0.378889826259274 
0.378787852523055 
0.378686049221918 
0.378584416617616 
0.378482954952665 
0.378381664450143 
0.378280545313517 
0.378179597726491 
0.378078821852877 
0.377978217836501 
0.377877785801144 
0.377777525850483 
0.377677438068087 
0.377577522517413 
0.377477779241836 
0.377378208264710 
0.377278809589449 
0.377179583199601 
0.377080529058991 
0.376981647111851 
0.376882937282983 
0.376784399477926 
0.376686033583168 
0.376587839466353 
0.376489816976508 
0.376391965944298 
0.376294286182279 
0.376196777485183 
0.376099439630199 
0.376002272377288 
0.375905275469489 
0.375808448633248 
0.375711791578770 
0.375615304000344 
0.375518985576716 
0.375422835971462 
0.375326854833349 
0.375231041796727 
0.375135396481912 
0.375039918495595 
0.374944607431229 
0.374849462869441 
0.374754484378455 
0.374659671514486 
0.374565023822175 
0.374470540835019 
0.374376222075752 
0.374282067056823 
0.374188075280795 
0.374094246240779 
0.374000579420853 
0.373907074296502 
0.373813730335038 
0.373720546996020 
0.373627523731690 
0.373534659987394 
0.373441955201991 
0.373349408808277 
0.373257020233398 
0.373164788899263 
0.373072714222947 
0.372980795617091 
0.372889032490305 
0.372797424247559 
0.372705970290566 
0.372614670018176 
0.372523522826749 
0.372432528110517 
0.372341685261959 
0.372250993672157 
0.372160452731148 
0.372070061828260 
0.371979820352477 
0.371889727692739 
0.371799783238287 
0.371709986378966 
0.371620336505547 
0.371530833010016 
0.371441475285879 
0.371352262728431 
0.371263194735052 
0.371174270705467 
0.371085490041999 
0.370996852149828 
0.370908356437248 
0.370820002315879 
0.370731789200910 
0.370643716511307 
0.370555783670033 
0.370467990104244 
0.370380335245473 
0.370292818529831 
0.370205439398165 
0.370118197296237 
0.370031091674873 
0.369944121990111 
0.369857287703356 
0.369770588281500 
0.369684023197047 
0.369597591928222 
0.369511293959098 
0.369425128779677 
0.369339095885980 
0.369253194780140 
0.369167424970468 
0.369081785971523 
0.368996277304177 
0.368910898495640 
0.368825649079554 
0.368740528595969 
0.368655536591403 
0.368570672618880 
0.368485936237908 
0.368401327014508 
0.368316844521208 
0.368232488337037 
0.368148258047519 
0.368064153244650 
0.367980173526869 
0.367896318499023 
0.367812587772362 
0.367728980964451 
0.367645497699142 
0.367562137606535 
0.367478900322897 
0.367395785490616 
0.367312792758119 
0.367229921779813 
0.367147172215988 
0.367064543732760 
0.366982036001966 
0.366899648701097 
0.366817381513160 
0.366735234126643 
0.366653206235368 
0.366571297538405 
0.366489507739973 
0.366407836549319 
0.366326283680613 
0.366244848852836 
0.366163531789653 
0.366082332219314 
0.366001249874521 
0.365920284492308 
0.365839435813923 
0.365758703584701 
0.365678087553933 
0.365597587474764 
0.365517203104035 
0.365436934202170 
0.365356780533037 
0.365276741863849 
0.365196817964996 
0.365117008609950 
0.365037313575118 
0.364957732639712 
0.364878265585621 
0.364798912197306 
0.364719672261643 
0.364640545567810 
0.364561531907164 
0.364482631073111 
0.364403842860989 
0.364325167067932 
0.364246603492775 
0.364168151935903 
0.364089812199164 
0.364011584085731 
0.363933467399995 
0.363855461947452 
0.363777567534587 
0.363699783968786 
0.363622111058189 
0.363544548611636 
0.363467096438516 
0.363389754348696 
0.363312522152410 
0.363235399660179 
0.363158386682693 
0.363081483030743 
0.363004688515110 
0.362928002946492 
0.362851426135424 
0.362774957892178 
0.362698598026714 
0.362622346348566 
0.362546202666800 
0.362470166789920 
0.362394238525819 
0.362318417681692 
0.362242704063993 
0.362167097478353 
0.362091597729533 
0.362016204621372 
0.361940917956729 
0.361865737537420 
0.361790663164194 
0.361715694636664 
0.361640831753276 
0.361566074311265 
0.361491422106621 
0.361416874934034 
0.361342432586892 
0.361268094857218 
0.361193861535664 
0.361119732411468 
0.361045707272443 
0.360971785904944 
0.360897968093846 
0.360824253622535 
0.360750642272896 
0.360677133825283 
0.360603728058520 
0.360530424749876 
0.360457223675090 
0.360384124608316 
0.360311127322169 
0.360238231587677 
0.360165437174324 
0.360092743850008 
0.360020151381073 
0.359947659532308 
0.359875268066950 
0.359802976746680 
0.359730785331656 
0.359658693580500 
0.359586701250321 
0.359514808096728 
0.359443013873839 
0.359371318334303 
0.359299721229313 
0.359228222308614 
0.359156821320547 
0.359085518012040 
0.359014312128643 
0.358943203414553 
0.358872191612630 
0.358801276464424 
0.358730457710201 
0.358659735088951 
0.358589108338450 
0.358518577195241 
0.358448141394695 
0.358377800671033 
0.358307554757346 
0.358237403385620 
0.358167346286786 
0.358097383190729 
0.358027513826327 
0.357957737921479 
0.357888055203144 
0.357818465397360 
0.357748968229287 
0.357679563423229 
0.357610250702675 
0.357541029790325 
0.357471900408133 
0.357402862277318 
0.357333915118424 
0.357265058651331 
0.357196292595300 
0.357127616669002 
0.357059030590553 
0.356990534077546 
0.356922126847083 
0.356853808615810 
0.356785579099941 
0.356717438015315 
0.356649385077402 
0.356581420001341 
0.356513542501984 
0.356445752293924 
0.356378049091527 
0.356310432608952 
0.356242902560198 
0.356175458659132 
0.356108100619519 
0.356040828155047 
0.355973640979377 
0.355906538806146 
0.355839521349015 
0.355772588321700 
0.355705739437992 
0.355638974411803 
0.355572292957165 
0.355505694788295 
0.355439179619600 
0.355372747165712 
0.355306397141510 
0.355240129262166 
0.355173943243144 
0.355107838800251 
0.355041815649656 
0.354975873507913 
0.354910012091985 
0.354844231119278 
0.354778530307653 
0.354712909375475 
0.354647368041604 
0.354581906025447 
0.354516523046968 
0.354451218826719 
0.354385993085853 
0.354320845546155 
0.354255775930059 
0.354190783960676 
0.354125869361810 
0.354061031857983 
0.353996271174455 
0.353931587037241 
0.353866979173135 
0.353802447309733 
0.353737991175444 
0.353673610499511 
0.353609305012036 
0.353545074444002 
0.353480918527272 
0.353416836994623 
0.353352829579766 
0.353288896017355 
0.353225036043000 
0.353161249393296 
0.353097535805830 
0.353033895019203 
0.352970326773033 
0.352906830807994 
0.352843406865811 
0.352780054689279 
0.352716774022281 
0.352653564609808 
0.352590426197958 
0.352527358533960 
0.352464361366188 
0.352401434444168 
0.352338577518600 
0.352275790341359 
0.352213072665526 
0.352150424245369 
0.352087844836388 
0.352025334195313 
0.351962892080110 
0.351900518250003 
0.351838212465479 
0.351775974488289 
0.351713804081484 
0.351651701009402 
0.351589665037695 
0.351527695933327 
0.351465793464579 
0.351403957401078 
0.351342187513786 
0.351280483575027 
0.351218845358477 
0.351157272639196 
0.351095765193614 
0.351034322799552 
0.350972945236222 
0.350911632284252 
0.350850383725661 
0.350789199343901 
0.350728078923856 
0.350667022251822 
0.350606029115550 
0.350545099304238 
0.350484232608527 
0.350423428820525 
0.350362687733807 
0.350302009143417 
0.350241392845870 
0.350180838639173 
0.350120346322820 
0.350059915697787 
0.349999546566562 
0.349939238733131 
0.349878992002978 
0.349818806183106 
0.349758681082051 
0.349698616509837 
0.349638612278031 
0.349578668199723 
0.349518784089534 
0.349458959763616 
0.349399195039656 
0.349339489736895 
0.349279843676099 
0.349220256679578 
0.349160728571199 
0.349101259176371 
0.349041848322049 
0.348982495836747 
0.348923201550526 
0.348863965295002 
0.348804786903343 
0.348745666210275 
0.348686603052080 
0.348627597266586 
0.348568648693183 
0.348509757172814 
0.348450922547976 
0.348392144662718 
0.348333423362642 
0.348274758494894 
0.348216149908180 
0.348157597452746 
0.348099100980378 
0.348040660344414 
0.347982275399726 
0.347923946002719 
0.347865672011343 
0.347807453285059 
0.347749289684880 
0.347691181073324 
0.347633127314422 
0.347575128273733 
0.347517183818320 
0.347459293816742 
0.347401458139072 
0.347343676656860 
0.347285949243147 
0.347228275772462 
0.347170656120801 
0.347113090165625 
0.347055577785863 
0.346998118861891 
0.346940713275533 
0.346883360910044 
0.346826061650128 
0.346768815381890 
0.346711621992848 
0.346654481371937 
0.346597393409473 
0.346540357997162 
0.346483375028080 
0.346426444396679 
0.346369565998743 
0.346312739731422 
0.346255965493180 
0.346199243183812 
0.346142572704422 
0.346085953957407 
0.346029386846447 
0.345972871276499 
0.345916407153784 
0.345859994385758 
0.345803632881125 
0.345747322549804 
0.345691063302915 
0.345634855052778 
0.345578697712885 
0.345522591197902 
0.345466535423640 
0.345410530307035 
0.345354575766156 
0.345298671720172 
0.345242818089335 
0.345187014794972 
0.345131261759470 
0.345075558906254 
0.345019906159772 
0.344964303445475 
0.344908750689811 
0.344853247820195 
0.344797794765001 
0.344742391453535 
0.344687037816039 
0.344631733783634 
0.344576479288336 
0.344521274263035 
0.344466118641466 
0.344411012358185 
0.344355955348567 
0.344300947548777 
0.344245988895757 
0.344191079327196 
0.344136218781527 
0.344081407197883 
0.344026644516118 
0.343971930676745 
0.343917265620944 
0.343862649290528 
0.343808081627931 
0.343753562576196 
0.343699092078930 
0.343644670080314 
0.343590296525060 
0.343535971358403 
0.343481694526078 
0.343427465974306 
0.343373285649768 
0.343319153499582 
0.343265069471288 
0.343211033512824 
0.343157045572519 
0.343103105599056 
0.343049213541466 
0.342995369349100 
0.342941572971617 
0.342887824358950 
0.342834123461306 
0.342780470229123 
0.342726864613079 
0.342673306564049 
0.342619796033099 
0.342566332971460 
0.342512917330517 
0.342459549061774 
0.342406228116867 
0.342352954447507 
0.342299728005480 
0.342246548742637 
0.342193416610868 
0.342140331562076 
0.342087293548168 
0.342034302521040 
0.341981358432555 
0.341928461234522 
0.341875610878684 
0.341822807316709 
0.341770050500152 
0.341717340380461 
0.341664676908950 
0.341612060036782 
0.341559489714951 
0.341506965894279 
0.341454488525389 
0.341402057558692 
0.341349672944374 
0.341297334632383 
0.341245042572407 
0.341192796713868 
0.341140597005909 
0.341088443397380 
0.341036335836808 
0.340984274272407 
0.340932258652051 
0.340880288923269 
0.340828365033228 
0.340776486928731 
0.340724654556181 
0.340672867861600 
0.340621126790591 
0.340569431288344 
0.340517781299623 
0.340466176768749 
0.340414617639600 
0.340363103855589 
0.340311635359669 
0.340260212094306 
0.340208834001490 
0.340157501022702 
0.340106213098930 
0.340054970170651 
0.340003772177823 
0.339952619059869 
0.339901510755687 
0.339850447203632 
0.339799428341510 
0.339748454106575 
0.339697524435524 
0.339646639264486 
0.339595798529013 
0.339545002164092 
0.339494250104124 
0.339443542282929 
0.339392878633727 
0.339342259089151 
0.339291683581236 
0.339241152041410 
0.339190664400507 
0.339140220588747 
0.339089820535743 
0.339039464170489 
0.338989151421370 
0.338938882216153 
0.338888656481989 
0.338838474145401 
0.338788335132301 
0.338738239367976 
0.338688186777090 
0.338638177283686 
0.338588210811173 
0.338538287282351 
0.338488406619394 
0.338438568743843 
0.338388773576640 
0.338339021038087 
0.338289311047868 
0.338239643525060 
0.338190018388119 
0.338140435554883 
0.338090894942584 
0.338041396467844 
0.337991940046665 
0.337942525594463 
0.337893153026036 
0.337843822255590 
0.337794533196742 
0.337745285762505 
0.337696079865315 
0.337646915417014 
0.337597792328867 
0.337548710511561 
0.337499669875210 
0.337450670329364 
0.337401711783005 
0.337352794144560 
0.337303917321895 
0.337255081222345 
0.337206285752684 
0.337157530819150 
0.337108816327461 
0.337060142182793 
0.337011508289808 
0.336962914552648 
0.336914360874964 
0.336865847159879 
0.336817373310031 
0.336768939227562 
0.336720544814142 
0.336672189970944 
0.336623874598689 
0.336575598597616 
0.336527361867522 
0.336479164307739 
0.336431005817167 
0.336382886294266 
0.336334805637068 
0.336286763743173 
0.336238760509780 
0.336190795833668 
0.336142869611222 
0.336094981738431 
0.336047132110908 
0.335999320623880 
0.335951547172202 
0.335903811650375 
0.335856113952535 
0.335808453972477 
0.335760831603661 
0.335713246739214 
0.335665699271930 
0.335618189094300 
0.335570716098502 
0.335523280176416 
0.335475881219630 
0.335428519119450 
0.335381193766900 
0.335333905052751 
0.335286652867501 
0.335239437101404 
0.335192257644467 
0.335145114386460 
0.335098007216933 
0.335050936025212 
0.335003900700419 
0.334956901131459 
0.334909937207059 
0.334863008815748 
0.334816115845877 
0.334769258185631 
0.334722435723030 
0.334675648345937 
0.334628895942063 
0.334582178398998 
0.334535495604182 
0.334488847444938 
0.334442233808478 
0.334395654581905 
0.334349109652206 
0.334302598906300 
0.334256122231004 
0.334209679513063 
0.334163270639157 
0.334116895495895 
0.334070553969842 
0.334024245947502 
0.333977971315348 
0.333931729959820 
0.333885521767328 
0.333839346624268 
0.333793204417024 
0.333747095031976 
0.333701018355511 
0.333654974274013 
0.333608962673889 
0.333562983441582 
0.333517036463552 
0.333471121626296 
0.333425238816355 
0.333379387920322 
0.333333568824848 
0.333287781416646 
0.333242025582494 
0.333196301209253 
0.333150608183859 
0.333104946393342 
0.333059315724805 
0.333013716065477 
0.332968147302672 
0.332922609323833 
0.332877102016507 
0.332831625268365 
0.332786178967203 
0.332740763000954 
0.332695377257692 
0.332650021625626 
0.332604695993114 
0.332559400248668 
0.332514134280961 
0.332468897978834 
0.332423691231277 
0.332378513927474 
0.332333365956766 
0.332288247208690 
0.332243157572956 
0.332198096939477 
0.332153065198350 
0.332108062239865 
0.332063087954525 
0.332018142233036 
0.331973224966299 
0.331928336045443 
0.331883475361804 
0.331838642806948 
0.331793838272650 
0.331749061650923 
0.331704312833993 
0.331659591714331 
0.331614898184639 
0.331570232137851 
0.331525593467148 
0.331480982065942 
0.331436397827909 
0.331391840646955 
0.331347310417244 
0.331302807033179 
0.331258330389430 
0.331213880380914 
0.331169456902807 
0.331125059850543 
0.331080689119814 
0.331036344606579 
0.330992026207054 
0.330947733817714 
0.330903467335315 
0.330859226656861 
0.330815011679635 
0.330770822301185 
0.330726658419320 
0.330682519932122 
0.330638406737941 
0.330594318735399 
0.330550255823384 
0.330506217901053 
0.330462204867846 
0.330418216623450 
0.330374253067839 
0.330330314101248 
0.330286399624185 
0.330242509537419 
0.330198643741994 
0.330154802139214 
0.330110984630658 
0.330067191118157 
0.330023421503818 
0.329979675690007 
0.329935953579352 
0.329892255074726 
0.329848580079280 
0.329804928496418 
0.329761300229794 
0.329717695183322 
0.329674113261164 
0.329630554367730 
0.329587018407681 
0.329543505285924 
0.329500014907605 
0.329456547178117 
0.329413102003085 
0.329369679288382 
0.329326278940097 
0.329282900864570 
0.329239544968351 
0.329196211158226 
0.329152899341201 
0.329109609424495 
0.329066341315556 
0.329023094922037 
0.328979870151797 
0.328936666912911 
0.328893485113653 
0.328850324662489 
0.328807185468091 
0.328764067439309 
0.328720970485201 
0.328677894514998 
0.328634839438111 
0.328591805164129 
0.328548791602809 
0.328505798664084 
0.328462826258046 
0.328419874294954 
0.328376942685208 
0.328334031339368 
0.328291140168145 
0.328248269082380 
0.328205417993067 
0.328162586811322 
0.328119775448380 
0.328076983815615 
0.328034211824512 
0.327991459386665 
0.327948726413785 
0.327906012817686 
0.327863318510274 
0.327820643403549 
0.327777987409598 
0.327735350440595 
0.327692732408779 
0.327650133226483 
0.327607552806085 
0.327564991060030 
0.327522447900819 
0.327479923241008 
0.327437416993181 
0.327394929069978 
0.327352459384064 
0.327310007848127 
0.327267574374883 
0.327225158877058 
0.327182761267392 
0.327140381458623 
0.327098019363487 
0.327055674894715 
0.327013347965021 
0.326971038487091 
0.326928746373596 
0.326886471537171 
0.326844213890408 
0.326801973345853 
0.326759749816000 
0.326717543213288 
0.326675353450087 
0.326633180438705 
0.326591024091360 
0.326548884320189 
0.326506761037245 
0.326464654154487 
0.326422563583759 
0.326380489236805 
0.326338431025242 
0.326296388860580 
0.326254362654178 
0.326212352317276 
0.326170357760963 
0.326128378896183 
0.326086415633719 
0.326044467884193 
0.326002535558052 
0.325960618565566 
0.325918716816833 
0.325876830221749 
0.325834958690013 
0.325793102131124 
0.325751260454367 
0.325709433568802 
0.325667621383277 
0.325625823806392 
0.325584040746522 
0.325542272111786 
0.325500517810046 
0.325458777748911 
0.325417051835719 
0.325375339977530 
0.325333642081127 
0.325291958052996 
0.325250287799323 
0.325208631226002 
0.325166988238598 
0.325125358742374 
0.325083742642263 
0.325042139842846 
0.325000550248389 
0.324958973762788 
0.324917410289585 
0.324875859731976 
0.324834321992765 
0.324792796974384 
0.324751284578879 
0.324709784707899 
0.324668297262689 
0.324626822144089 
0.324585359252522 
0.324543908487974 
0.324502469750010 
0.324461042937749 
0.324419627949855 
0.324378224684547 
0.324336833039564 
0.324295452912184 
0.324254084199203 
0.324212726796913 
0.324171380601129 
0.324130045507142 
0.324088721409736 
0.324047408203173 
0.324006105781183 
0.323964814036961 
0.323923532863147 
0.323882262151829 
0.323841001794527 
0.323799751682200 
0.323758511705204 
0.323717281753312 
0.323676061715708 
0.323634851480958 
0.323593650937009 
0.323552459971190 
0.323511278470188 
0.323470106320042 
0.323428943406147 
0.323387789613231 
0.323346644825351 
0.323305508925881 
0.323264381797500 
0.323223263322195 
0.323182153381242 
0.323141051855193 
0.323099958623872 
0.323058873566366 
0.323017796561010 
0.322976727485385 
0.322935666216301 
0.322894612629783 
0.322853566601077 
0.322812528004627 
0.322771496714066 
0.322730472602199 
0.322689455541011 
0.322648445401647 
0.322607442054390 
0.322566445368662 
0.322525455213019 
0.322484471455128 
0.322443493961755 
0.322402522598764 
0.322361557231102 
0.322320597722777 
0.322279643936870 
0.322238695735497 
0.322197752979813 
0.322156815529997 
0.322115883245239 
0.322074955983728 
0.322034033602640 
0.321993115958125 
0.321952202905296 
0.321911294298220 
0.321870389989897 
0.321829489832248 
0.321788593676116 
0.321747701371230 
0.321706812766210 
0.321665927708559 
0.321625046044620 
0.321584167619598 
0.321543292277518 
0.321502419861232 
0.321461550212391 
0.321420683171432 
0.321379818577581 
0.321338956268818 
0.321298096081874 
0.321257237852210 
0.321216381414007 
0.321175526600148 
0.321134673242219 
0.321093821170462 
0.321052970213784 
0.321012120199748 
0.320971270954527 
0.320930422302925 
0.320889574068331 
0.320848726072729 
0.320807878136658 
0.320767030079218 
0.320726181718044 
0.320685332869278 
0.320644483347576 
0.320603632966087 
0.320562781536416 
0.320521928868632 
0.320481074771244 
0.320440219051176 
0.320399361513764 
0.320358501962725 
0.320317640200161 
0.320276776026519 
0.320235909240584 
0.320195039639474 
0.320154167018605 
0.320113291171679 
0.320072411890681 
0.320031528965846 
0.319990642185641 
0.319949751336772 
0.319908856204139 
0.319867956570830 
0.319827052218113 
0.319786142925414 
0.319745228470293 
0.319704308628446 
0.319663383173667 
0.319622451877844 
0.319581514510953 
0.319540570841024 
0.319499620634143 
0.319458663654420 
0.319417699663987 
0.319376728422986 
0.319335749689539 
0.319294763219755 
0.319253768767705 
0.319212766085411 
0.319171754922840 
0.319130735027877 
0.319089706146339 
0.319048668021931 
0.319007620396274 
0.318966563008868 
0.318925495597100 
0.318884417896217 
0.318843329639348 
0.318802230557469 
0.318761120379419 
0.318719998831878 
0.318678865639388 
0.318637720524328 
0.318596563206923 
0.318555393405253 
0.318514210835232 
0.318473015210636 
0.318431806243099 
0.318390583642112 
0.318349347115047 
0.318308096367151 
0.318266831101555 
0.318225551019315 
0.318184255819392 
0.318142945198701 
0.318101618852103 
0.318060276472454 
0.318018917750608 
0.317977542375453 
0.317936150033949 
0.317894740411145 
0.317853313190228 
0.317811868052553 
0.317770404677693 
0.317728922743483 
0.317687421926059 
0.317645901899925 
0.317604362338005 
0.317562802911709 
0.317521223290975 
0.317479623144364 
0.317438002139139 
0.317396359941322 
0.317354696215779 
0.317313010626329 
0.317271302835824 
0.317229572506249 
0.317187819298838 
0.317146042874175 
0.317104242892318 
0.317062419012926 
0.317020570895382 
0.316978698198948 
0.316936800582886 
0.316894877706644 
0.316852929229985 
0.316810954813175 
0.316768954117158 
0.316726926803739 
0.316684872535777 
0.316642790977387 
0.316600681794170 
0.316558544653412 
0.316516379224331 
0.316474185178311 
0.316431962189160 
0.316389709933366 
0.316347428090393 
0.316305116342932 
0.316262774377216 
0.316220401883330 
0.316177998555527 
0.316135564092552 
0.316093098197989 
0.316050600580617 
0.316008070954779 
0.315965509040762 
0.315922914565178 
0.315880287261374 
0.315837626869866 
0.315794933138744 
0.315752205824124 
0.315709444690599 
0.315666649511719 
0.315623820070461 
0.315580956159710 
0.315538057582791 
0.315495124153956 
0.315452155698924 
0.315409152055422 
0.315366113073720 
0.315323038617207 
0.315279928562946 
0.315236782802259 
0.315193601241317 
0.315150383801712 
0.315107130421079 
0.315063841053707 
0.315020515671133 
0.314977154262761 
0.314933756836500 
0.314890323419372 
0.314846854058122 
0.314803348819870 
0.314759807792707 
0.314716231086321 
0.314672618832609 
0.314628971186283 
0.314585288325470 
0.314541570452298 
0.314497817793471 
0.314454030600844 
0.314410209151955 
0.314366353750575 
0.314322464727208 
0.314278542439589 
0.314234587273149 
0.314190599641455 
0.314146579986648 
0.314102528779792 
0.314058446521269 
0.314014333741078 
0.313970190999136 
0.313926018885513 
0.313881818020650 
0.313837589055526 
0.313793332671782 
0.313749049581796 
0.313704740528730 
0.313660406286507 
0.313616047659740 
0.313571665483632 
0.313527260623783 
0.313482833975990 
0.313438386465970 
0.313393919049011 
0.313349432709604 
0.313304928460988 
0.313260407344656 
0.313215870429799 
0.313171318812698 
0.313126753616061 
0.313082175988279 
0.313037587102679 
0.312992988156679 
0.312948380370916 
0.312903764988311 
0.312859143273097 
0.312814516509785 
0.312769886002102 
0.312725253071871 
0.312680619057868 
0.312635985314628 
0.312591353211232 
0.312546724130039 
0.312502099465407 
0.312457480622389 
0.312412869015403 
0.312368266066881 
0.312323673205902 
0.312279091866818 
0.312234523487880 
0.312189969509830 
0.312145431374526 
0.312100910523538 
0.312056408396777 
0.312011926431129 
0.311967466059059 
0.311923028707308 
0.311878615795519 
0.311834228734964 
0.311789868927242 
0.311745537763029 
0.311701236620854 
0.311656966865894 
0.311612729848818 
0.311568526904676 
0.311524359351784 
0.311480228490697 
0.311436135603208 
0.311392081951373 
0.311348068776601 
0.311304097298766 
0.311260168715418 
0.311216284200958 
0.311172444905928 
0.311128651956333 
0.311084906452982 
0.311041209470916 
0.310997562058862 
0.310953965238727 
0.310910420005164 
0.310866927325158 
0.310823488137676 
0.310780103353358 
0.310736773854244 
0.310693500493548 
0.310650284095477 
0.310607125455094 
0.310564025338217 
0.310520984481340 
0.310478003591622 
0.310435083346881 
0.310392224395667 
0.310349427357294 
0.310306692821985 
0.310264021350992 
0.310221413476772 
0.310178869703166 
0.310136390505640 
0.310093976331504 
0.310051627600194 
0.310009344703562 
0.309967128006174 
0.309924977845637 
0.309882894532952 
0.309840878352878 
0.309798929564284 
0.309757048400556 
0.309715235069999 
0.309673489756249 
0.309631812618681 
0.309590203792853 
0.309548663390950 
0.309507191502209 
0.309465788193406 
0.309424453509276 
0.309383187473010 
0.309341990086684 
0.309300861331760 
0.309259801169538 
0.309218809541634 
0.309177886370449 
0.309137031559648 
0.309096244994614 
0.309055526542942 
0.309014876054889 
0.308974293363847 
0.308933778286806 
0.308893330624811 
0.308852950163423 
0.308812636673169 
0.308772389910004 
0.308732209615741 
0.308692095518488 
0.308652047333090 
0.308612064761560 
0.308572147493494 
0.308532295206510 
0.308492507566631 
0.308452784228719 
0.308413124836851 
0.308373529024734 
0.308333996416082 
0.308294526624993 
0.308255119256342 
0.308215773906131 
0.308176490161853 
0.308137267602858 
0.308098105800694 
0.308059004319455 
0.308019962716104 
0.307980980540811 
0.307942057337279 
0.307903192643045 
0.307864385989804 
0.307825636903707 
0.307786944905659 
0.307748309511591 
0.307709730232770 
0.307671206576066 
0.307632738044217 
0.307594324136097 
0.307555964346980 
0.307517658168790 
0.307479405090343 
0.307441204597605 
0.307403056173912 
0.307364959300200 
0.307326913455242 
0.307288918115865 
0.307250972757158 
0.307213076852683 
0.307175229874687 
0.307137431294299 
0.307099680581728 
0.307061977206439 
0.307024320637357 
0.306986710343052 
0.306949145791893 
0.306911626452251 
0.306874151792648 
0.306836721281934 
0.306799334389443 
0.306761990585162 
0.306724689339872 
0.306687430125326 
0.306650212414371 
0.306613035681097 
0.306575899401014 
0.306538803051149 
0.306501746110210 
0.306464728058724 
0.306427748379155 
0.306390806556047 
0.306353902076145 
0.306317034428546 
0.306280203104789 
0.306243407599006 
0.306206647408038 
0.306169922031555 
0.306133230972175 
0.306096573735583 
0.306059949830659 
0.306023358769583 
0.305986800067960 
0.305950273244913 
0.305913777823245 
0.305877313329512 
0.305840879294151 
0.305804475251596 
0.305768100740394 
0.305731755303315 
0.305695438487466 
0.305659149844405 
0.305622888930271 
0.305586655305867 
0.305550448536817 
0.305514268193641 
0.305478113851898 
0.305441985092295 
0.305405881500805 
0.305369802668786 
0.305333748193101 
0.305297717676236 
0.305261710726423 
0.305225726957758 
0.305189765990328 
0.305153827450332 
0.305117910970212 
0.305082016188763 
0.305046142751271 
0.305010290309641 
0.304974458522508 
0.304938647055386 
0.304902855580786 
0.304867083778345 
0.304831331334955 
0.304795597944893 
0.304759883309958 
0.304724187139588 
0.304688509151000 
0.304652849069325 
0.304617206627720 
0.304581581567511 
0.304545973638312 
0.304510382598173 
0.304474808213681 
0.304439250260095 
0.304403708521468 
0.304368182790777 
0.304332672870039 
0.304297178570421 
0.304261699712363 
0.304226236125690 
0.304190787649715 
0.304155354133350 
0.304119935435219 
0.304084531423728 
0.304049141977183 
0.304013766983872 
0.303978406342141 
0.303943059960489 
0.303907727757629 
0.303872409662562 
0.303837105614622 
0.303801815563564 
0.303766539469570 
0.303731277303317 
0.303696029046006 
0.303660794689366 
0.303625574235710 
0.303590367697898 
0.303555175099368 
0.303519996474110 
0.303484831866652 
0.303449681332034 
0.303414544935754 
0.303379422753746 
0.303344314872293 
0.303309221387979 
0.303274142407598 
0.303239078048057 
0.303204028436296 
0.303168993709157 
0.303133974013269 
0.303098969504920 
0.303063980349905 
0.303029006723377 
0.302994048809673 
0.302959106802145 
0.302924180902969 
0.302889271322958 
0.302854378281342 
0.302819502005577 
0.302784642731089 
0.302749800701044 
0.302714976166130 
0.302680169384280 
0.302645380620417 
0.302610610146194 
0.302575858239705 
0.302541125185216 
0.302506411272867 
0.302471716798389 
0.302437042062789 
0.302402387372055 
0.302367753036842 
0.302333139372158 
0.302298546697051 
0.302263975334301 
0.302229425610072 
0.302194897853606 
0.302160392396906 
0.302125909574393 
0.302091449722595 
0.302057013179824 
0.302022600285841 
0.301988211381548 
0.301953846808671 
0.301919506909426 
0.301885192026240 
0.301850902501408 
0.301816638676813 
0.301782400893622 
0.301748189491985 
0.301714004810745 
0.301679847187166 
0.301645716956659 
0.301611614452503 
0.301577540005591 
0.301543493944166 
0.301509476593589 
0.301475488276079 
0.301441529310510 
0.301407600012161 
0.301373700692515 
0.301339831659054 
0.301305993215057 
0.301272185659412 
0.301238409286443 
0.301204664385733 
0.301170951241966 
0.301137270134775 
0.301103621338595 
0.301070005122531 
0.301036421750226 
0.301002871479757 
0.300969354563506 
0.300935871248076 
0.300902421774203 
0.300869006376648 
0.300835625284156 
0.300802278719362 
0.300768966898740 
0.300735690032545 
0.300702448324780 
0.300669241973156 
0.300636071169054 
0.300602936097505 
0.300569836937173 
0.300536773860349 
0.300503747032937 
0.300470756614454 
0.300437802758055 
0.300404885610527 
0.300372005312314 
0.300339161997541 
0.300306355794036 
0.300273586823363 
0.300240855200863 
0.300208161035691 
0.300175504430854 
0.300142885483276 
0.300110304283837 
0.300077760917420 
0.300045255462980 
0.300012787993617 
0.299980358576612 
0.299947967273507 
0.299915614140180 
0.299883299226896 
0.299851022578406 
0.299818784233988 
0.299786584227558 
0.299754422587722 
0.299722299337863 
0.299690214496232 
0.299658168076007 
0.299626160085397 
0.299594190527704 
0.299562259401431 
0.299530366700343 
0.299498512413570 
0.299466696525682 
0.299434919016781 
0.299403179862591 
0.299371479034526 
0.299339816499793 
0.299308192221479 
0.299276606158625 
0.299245058266322 
0.299213548495796 
0.299182076794488 
0.299150643106152 
0.299119247370927 
0.299087889525425 
0.299056569502816 
0.299025287232909 
0.298994042642252 
0.298962835654186 
0.298931666188950 
0.298900534163753 
0.298869439492847 
0.298838382087615 
0.298807361856663 
0.298776378705877 
0.298745432538500 
0.298714523255236 
0.298683650754279 
0.298652814931439 
0.298622015680174 
0.298591252891690 
0.298560526455004 
0.298529836257019 
0.298499182182567 
0.298468564114526 
0.298437981933853 
0.298407435519660 
0.298376924749282 
0.298346449498342 
0.298316009640816 
0.298285605049092 
0.298255235594042 
0.298224901145073 
0.298194601570187 
0.298164336736046 
0.298134106508037 
0.298103910750314 
0.298073749325864 
0.298043622096559 
0.298013528923203 
0.297983469665609 
0.297953444182620 
0.297923452332194 
0.297893493971425 
0.297863568956603 
0.297833677143274 
0.297803818386260 
0.297773992539753 
0.297744199457299 
0.297714438991886 
0.297684710995985 
0.297655015321570 
0.297625351820192 
0.297595720342983 
0.297566120740732 
0.297536552863900 
0.297507016562669 
0.297477511686970 
0.297448038086537 
0.297418595610927 
0.297389184109561 
0.297359803431756 
0.297330453426767 
0.297301133943809 
0.297271844832083 
0.297242585940828 
0.297213357119336 
0.297184158216984 
0.297154989083270 
0.297125849567819 
0.297096739520432 
0.297067658791119 
0.297038607230098 
0.297009584687826 
0.296980591015051 
0.296951626062796 
0.296922689682412 
0.296893781725586 
0.296864902044355 
0.296836050491154 
0.296807226918808 
0.296778431180568 
0.296749663130125 
0.296720922621624 
0.296692209509689 
0.296663523649432 
0.296634864896482 
0.296606233106977 
0.296577628137618 
0.296549049845647 
0.296520498088882 
0.296491972725717 
0.296463473615149 
0.296435000616782 
0.296406553590839 
0.296378132398185 
0.296349736900317 
0.296321366959403 
0.296293022438260 
0.296264703200386 
0.296236409109969 
0.296208140031880 
0.296179895831708 
0.296151676375734 
0.296123481530967 
0.296095311165140 
0.296067165146715 
0.296039043344895 
0.296010945629624 
0.295982871871601 
0.295954821942284 
0.295926795713881 
0.295898793059368 
0.295870813852497 
0.295842857967784 
0.295814925280535 
0.295787015666825 
0.295759129003524 
0.295731265168276 
0.295703424039527 
0.295675605496505 
0.295647809419231 
0.295620035688528 
0.295592284186014 
0.295564554794106 
0.295536847396011 
0.295509161875747 
0.295481498118126 
0.295453856008755 
0.295426235434050 
0.295398636281219 
0.295371058438280 
0.295343501794038 
0.295315966238113 
0.295288451660906 
0.295260957953615 
0.295233485008247 
0.295206032717588 
0.295178600975218 
0.295151189675513 
0.295123798713630 
0.295096427985523 
0.295069077387915 
0.295041746818314 
0.295014436175016 
0.294987145357083 
0.294959874264354 
0.294932622797431 
0.294905390857699 
0.294878178347293 
0.294850985169112 
0.294823811226813 
0.294796656424811 
0.294769520668266 
0.294742403863084 
0.294715305915921 
0.294688226734164 
0.294661166225941 
0.294634124300111 
0.294607100866255 
0.294580095834690 
0.294553109116441 
0.294526140623240 
0.294499190267550 
0.294472257962526 
0.294445343622029 
0.294418447160622 
0.294391568493556 
0.294364707536766 
0.294337864206875 
0.294311038421192 
0.294284230097691 
0.294257439155023 
0.294230665512494 
0.294203909090080 
0.294177169808407 
0.294150447588758 
0.294123742353057 
0.294097054023866 
0.294070382524398 
0.294043727778476 
0.294017089710568 
0.293990468245752 
0.293963863309727 
0.293937274828810 
0.293910702729911 
0.293884146940558 
0.293857607388858 
0.293831084003525 
0.293804576713853 
0.293778085449717 
0.293751610141578 
0.293725150720464 
0.293698707117968 
0.293672279266246 
0.293645867098009 
0.293619470546528 
0.293593089545620 
0.293566724029633 
0.293540373933473 
0.293514039192566 
0.293487719742872 
0.293461415520862 
0.293435126463539 
0.293408852508415 
0.293382593593516 
0.293356349657369 
0.293330120638992 
0.293303906477911 
0.293277707114126 
0.293251522488141 
0.293225352540929 
0.293199197213938 
0.293173056449095 
0.293146930188788 
0.293120818375870 
0.293094720953648 
0.293068637865887 
0.293042569056800 
0.293016514471041 
0.292990474053704 
0.292964447750314 
0.292938435506841 
0.292912437269665 
0.292886452985594 
0.292860482601861 
0.292834526066103 
0.292808583326369 
0.292782654331119 
0.292756739029202 
0.292730837369875 
0.292704949302782 
0.292679074777953 
0.292653213745806 
0.292627366157143 
0.292601531963141 
0.292575711115338 
0.292549903565653 
0.292524109266360 
0.292498328170100 
0.292472560229867 
0.292446805399009 
0.292421063631229 
0.292395334880562 
0.292369619101396 
0.292343916248451 
0.292318226276782 
0.292292549141778 
0.292266884799145 
0.292241233204919 
0.292215594315459 
0.292189968087431 
0.292164354477818 
0.292138753443915 
0.292113164943315 
0.292087588933921 
0.292062025373926 
0.292036474221825 
0.292010935436408 
0.291985408976749 
0.291959894802199 
0.291934392872401 
0.291908903147284 
0.291883425587040 
0.291857960152139 
0.291832506803318 
0.291807065501578 
0.291781636208191 
0.291756218884690 
0.291730813492854 
0.291705419994724 
0.291680038352595 
0.291654668529005 
0.291629310486739 
0.291603964188825 
0.291578629598529 
0.291553306679355 
0.291527995395047 
0.291502695709575 
0.291477407587134 
0.291452130992153 
0.291426865889276 
0.291401612243378 
0.291376370019547 
0.291351139183081 
0.291325919699496 
0.291300711534519 
0.291275514654081 
0.291250329024326 
0.291225154611588 
0.291199991382413 
0.291174839303538 
0.291149698341902 
0.291124568464633 
0.291099449639045 
0.291074341832648 
0.291049245013140 
0.291024159148392 
0.290999084206463 
0.290974020155592 
0.290948966964191 
0.290923924600854 
0.290898893034338 
0.290873872233580 
0.290848862167681 
0.290823862805903 
0.290798874117685 
0.290773896072617 
0.290748928640447 
0.290723971791089 
0.290699025494609 
0.290674089721237 
0.290649164441341 
0.290624249625438 
0.290599345244209 
0.290574451268462 
0.290549567669174 
0.290524694417434 
0.290499831484490 
0.290474978841729 
0.290450136460667 
0.290425304312966 
0.290400482370409 
0.290375670604919 
0.290350868988544 
0.290326077493465 
0.290301296091985 
0.290276524756538 
0.290251763459671 
0.290227012174063 
0.290202270872503 
0.290177539527903 
0.290152818113292 
0.290128106601811 
0.290103404966720 
0.290078713181379 
0.290054031219276 
0.290029359053986 
0.290004696659208 
0.289980044008751 
0.289955401076500 
0.289930767836473 
0.289906144262774 
0.289881530329611 
0.289856926011291 
0.289832331282216 
0.289807746116882 
0.289783170489873 
0.289758604375882 
0.289734047749685 
0.289709500586150 
0.289684962860227 
0.289660434546953 
0.289635915621461 
0.289611406058964 
0.289586905834759 
0.289562414924225 
0.289537933302820 
0.289513460946081 
0.289488997829624 
0.289464543929145 
0.289440099220414 
0.289415663679276 
0.289391237281647 
0.289366820003524 
0.289342411820969 
0.289318012710110 
0.289293622647146 
0.289269241608352 
0.289244869570067 
0.289220506508685 
0.289196152400676 
0.289171807222566 
0.289147470950954 
0.289123143562485 
0.289098825033882 
0.289074515341906 
0.289050214463389 
0.289025922375221 
0.289001639054341 
0.288977364477751 
0.288953098622506 
0.288928841465706 
0.288904592984505 
0.288880353156120 
0.288856121957802 
0.288831899366856 
0.288807685360646 
0.288783479916568 
0.288759283012071 
0.288735094624649 
0.288710914731843 
0.288686743311222 
0.288662580340428 
0.288638425797118 
0.288614279658995 
0.288590141903807 
0.288566012509342 
0.288541891453418 
0.288517778713902 
0.288493674268691 
0.288469578095714 
0.288445490172938 
0.288421410478361 
0.288397338990025 
0.288373275685982 
0.288349220544342 
0.288325173543227 
0.288301134660798 
0.288277103875240 
0.288253081164766 
0.288229066507624 
0.288205059882074 
0.288181061266418 
0.288157070638975 
0.288133087978085 
0.288109113262114 
0.288085146469457 
0.288061187578528 
0.288037236567759 
0.288013293415600 
0.287989358100530 
0.287965430601034 
0.287941510895638 
0.287917598962856 
0.287893694781244 
0.287869798329365 
0.287845909585789 
0.287822028529111 
0.287798155137947 
0.287774289390909 
0.287750431266634 
0.287726580743766 
0.287702737800959 
0.287678902416880 
0.287655074570208 
0.287631254239633 
0.287607441403853 
0.287583636041572 
0.287559838131496 
0.287536047652346 
0.287512264582846 
0.287488488901725 
0.287464720587724 
0.287440959619577 
0.287417205976027 
0.287393459635833 
0.287369720577726 
0.287345988780462 
0.287322264222798 
0.287298546883482 
0.287274836741270 
0.287251133774912 
0.287227437963152 
0.287203749284745 
0.287180067718432 
0.287156393242965 
0.287132725837074 
0.287109065479496 
0.287085412148963 
0.287061765824200 
0.287038126483930 
0.287014494106860 
0.286990868671693 
0.286967250157131 
0.286943638541858 
0.286920033804557 
0.286896435923901 
0.286872844878550 
0.286849260647150 
0.286825683208348 
0.286802112540761 
0.286778548623011 
0.286754991433697 
0.286731440951410 
0.286707897154725 
0.286684360022199 
0.286660829532382 
0.286637305663801 
0.286613788394971 
0.286590277704383 
0.286566773570521 
0.286543275971850 
0.286519784886804 
0.286496300293817 
0.286472822171291 
0.286449350497604 
0.286425885251128 
0.286402426410202 
0.286378973953147 
0.286355527858265 
0.286332088103830 
0.286308654668098 
0.286285227529301 
0.286261806665636 
0.286238392055287 
0.286214983676407 
0.286191581507127 
0.286168185525550 
0.286144795709745 
0.286121412037769 
0.286098034487635 
0.286074663037333 
0.286051297664826 
0.286027938348045 
0.286004585064891 
0.285981237793239 
0.285957896510921 
0.285934561195746 
0.285911231825487 
0.285887908377888 
0.285864590830660 
0.285841279161473 
0.285817973347961 
0.285794673367738 
0.285771379198369 
0.285748090817380 
0.285724808202273 
0.285701531330504 
0.285678260179486 
0.285654994726612 
0.285631734949210 
0.285608480824588 
0.285585232330012 
0.285561989442701 
0.285538752139835 
0.285515520398550 
0.285492294195940 
0.285469073509065 
0.285445858314929 
0.285422648590499 
0.285399444312694 
0.285376245458388 
0.285353052004421 
0.285329863927565 
0.285306681204557 
0.285283503812085 
0.285260331726793 
0.285237164925271 
0.285214003384058 
0.285190847079650 
0.285167695988491 
0.285144550086969 
0.285121409351420 
0.285098273758139 
0.285075143283353 
0.285052017903245 
0.285028897593943 
0.285005782331516 
0.284982672091981 
0.284959566851299 
0.284936466585379 
0.284913371270066 
0.284890280881148 
0.284867195394359 
0.284844114785368 
0.284821039029790 
0.284797968103177 
0.284774901981025 
0.284751840638755 
0.284728784051737 
0.284705732195280 
0.284682685044630 
0.284659642574957 
0.284636604761379 
0.284613571578945 
0.284590543002629 
0.284567519007352 
0.284544499567970 
0.284521484659249 
0.284498474255906 
0.284475468332588 
0.284452466863859 
0.284429469824222 
0.284406477188113 
0.284383488929885 
0.284360505023819 
0.284337525444130 
0.284314550164959 
0.284291579160368 
0.284268612404335 
0.284245649870780 
0.284222691533538 
0.284199737366360 
0.284176787342925 
0.284153841436831 
0.284130899621597 
0.284107961870663 
0.284085028157379 
0.284062098455024 
0.284039172736785 
0.284016250975779 
0.283993333145017 
0.283970419217445 
0.283947509165914 
0.283924602963188 
0.283901700581951 
0.283878801994786 
0.283855907174198 
0.283833016092602 
0.283810128722310 
0.283787245035558 
0.283764365004482 
0.283741488601117 
0.283718615797426 
0.283695746565257 
0.283672880876370 
0.283650018702433 
0.283627160015009 
0.283604304785575 
0.283581452985497 
0.283558604586044 
0.283535759558385 
0.283512917873590 
0.283490079502628 
0.283467244416362 
0.283444412585551 
0.283421583980850 
0.283398758572812 
0.283375936331881 
0.283353117228391 
0.283330301232565 
0.283307488314529 
0.283284678444292 
0.283261871591745 
0.283239067726684 
0.283216266818783 
0.283193468837593 
0.283170673752559 
0.283147881533021 
0.283125092148188 
0.283102305567157 
0.283079521758905 
0.283056740692294 
0.283033962336064 
0.283011186658836 
0.282988413629104 
0.282965643215240 
0.282942875385495 
0.282920110108002 
0.282897347350750 
0.282874587081618 
0.282851829268352 
0.282829073878571 
0.282806320879760 
0.282783570239282 
0.282760821924358 
0.282738075902080 
0.282715332139418 
0.282692590603192 
0.282669851260092 
0.282647114076673 
0.282624379019357 
0.282601646054422 
0.282578915148008 
0.282556186266109 
0.282533459374593 
0.282510734439181 
0.282488011425439 
0.282465290298806 
0.282442571024555 
0.282419853567834 
0.282397137893632 
0.282374423966799 
0.282351711752021 
0.282329001213860 
0.282306292316693 
0.282283585024776 
0.282260879302194 
0.282238175112889 
0.282215472420638 
0.282192771189066 
0.282170071381649 
0.282147372961696 
0.282124675892366 
0.282101980136651 
0.282079285657386 
0.282056592417243 
0.282033900378731 
0.282011209504207 
0.281988519755848 
0.281965831095677 
0.281943143485541 
0.281920456887142 
0.281897771261992 
0.281875086571437 
0.281852402776665 
0.281829719838681 
0.281807037718336 
0.281784356376291 
0.281761675773050 
0.281738995868927 
0.281716316624079 
0.281693637998479 
0.281670959951921 
0.281648282444032 
0.281625605434261 
0.281602928881863 
0.281580252745938 
0.281557576985394 
0.281534901558956 
0.281512226425169 
0.281489551542411 
0.281466876868863 
0.281444202362534 
0.281421527981236 
0.281398853682606 
0.281376179424104 
0.281353505162997 
0.281330830856367 
0.281308156461108 
0.281285481933940 
0.281262807231382 
0.281240132309777 
0.281217457125280 
0.281194781633857 
0.281172105791285 
0.281149429553149 
0.281126752874856 
0.281104075711620 
0.281081398018465 
0.281058719750232 
0.281036040861566 
0.281013361306930 
0.280990681040598 
0.280968000016650 
0.280945318188986 
0.280922635511312 
0.280899951937151 
0.280877267419830 
0.280854581912498 
0.280831895368115 
0.280809207739452 
0.280786518979090 
0.280763829039434 
0.280741137872695 
0.280718445430907 
0.280695751665915 
0.280673056529382 
0.280650359972787 
0.280627661947435 
0.280604962404440 
0.280582261294745 
0.280559558569106 
0.280536854178114 
0.280514148072173 
0.280491440201507 
0.280468730516187 
0.280446018966091 
0.280423305500939 
0.280400590070278 
0.280377872623486 
0.280355153109772 
0.280332431478192 
0.280309707677625 
0.280286981656810 
0.280264253364306 
0.280241522748527 
0.280218789757728 
0.280196054340024 
0.280173316443371 
0.280150576015581 
0.280127833004321 
0.280105087357120 
0.280082339021371 
0.280059587944327 
0.280036834073112 
0.280014077354720 
0.279991317736018 
0.279968555163752 
0.279945789584554 
0.279923020944936 
0.279900249191296 
0.279877474269931 
0.279854696127033 
0.279831914708694 
0.279809129960911 
0.279786341829590 
0.279763550260550 
0.279740755199543 
0.279717956592221 
0.279695154384177 
0.279672348520941 
0.279649538947976 
0.279626725610691 
0.279603908454443 
0.279581087424554 
0.279558262466293 
0.279535433524903 
0.279512600545599 
0.279489763473580 
0.279466922254022 
0.279444076832102 
0.279421227153000 
0.279398373161886 
0.279375514803959 
0.279352652024435 
0.279329784768550 
0.279306912981580 
0.279284036608847 
0.279261155595724 
0.279238269887638 
0.279215379430088 
0.279192484168643 
0.279169584048966 
0.279146679016808 
0.279123769018017 
0.279100853998561 
0.279077933904515 
0.279055008682089 
0.279032078277635 
0.279009142637659 
0.278986201708814 
0.278963255437931 
0.278940303772011 
0.278917346658244 
0.278894384044031 
0.278871415876972 
0.278848442104892 
0.278825462675852 
0.278802477538148 
0.278779486640342 
0.278756489931252 
0.278733487359980 
0.278710478875916 
0.278687464428754 
0.278664443968494 
0.278641417445468 
0.278618384810349 
0.278595346014152 
0.278572301008268 
0.278549249744455 
0.278526192174856 
0.278503128252026 
0.278480057928930 
0.278456981158961 
0.278433897895957 
0.278410808094208 
0.278387711708477 
0.278364608693999 
0.278341499006514 
0.278318382602271 
0.278295259438039 
0.278272129471123 
0.278248992659384 
0.278225848961252 
0.278202698335722 
0.278179540742394 
0.278156376141466 
0.278133204493767 
0.278110025760760 
0.278086839904549 
0.278063646887912 
0.278040446674296 
0.278017239227850 
0.277994024513418 
0.277970802496571 
0.277947573143613 
0.277924336421583 
0.277901092298306 
0.277877840742357 
0.277854581723120 
0.277831315210765 
0.277808041176284 
0.277784759591498 
0.277761470429074 
0.277738173662519 
0.277714869266219 
0.277691557215447 
0.277668237486350 
0.277644910055996 
0.277621574902355 
0.277598232004345 
0.277574881341806 
0.277551522895534 
0.277528156647294 
0.277504782579818 
0.277481400676824 
0.277458010923020 
0.277434613304131 
0.277411207806877 
0.277387794419013 
0.277364373129323 
0.277340943927639 
0.277317506804827 
0.277294061752812 
0.277270608764593 
0.277247147834241 
0.277223678956889 
0.277200202128772 
0.277176717347209 
0.277153224610607 
0.277129723918481 
0.277106215271450 
0.277082698671250 
0.277059174120714 
0.277035641623800 
0.277012101185585 
0.276988552812264 
0.276964996511160 
0.276941432290715 
0.276917860160494 
0.276894280131195 
0.276870692214635 
0.276847096423748 
0.276823492772601 
0.276799881276373 
0.276776261951363 
0.276752634814991 
0.276728999885779 
0.276705357183357 
0.276681706728455 
0.276658048542908 
0.276634382649637 
0.276610709072646 
0.276587027837026 
0.276563338968934 
0.276539642495580 
0.276515938445238 
0.276492226847227 
0.276468507731898 
0.276444781130630 
0.276421047075818 
0.276397305600861 
0.276373556740140 
0.276349800529033 
0.276326037003872 
0.276302266201955 
0.276278488161508 
0.276254702921695 
0.276230910522584 
0.276207111005143 
0.276183304411223 
0.276159490783547 
0.276135670165672 
0.276111842602007 
0.276088008137760 
0.276064166818950 
0.276040318692374 
0.276016463805587 
0.275992602206895 
0.275968733945321 
0.275944859070605 
0.275920977633165 
0.275897089684093 
0.275873195275121 
0.275849294458623 
0.275825387287558 
0.275801473815480 
0.275777554096518 
0.275753628185335 
0.275729696137118 
0.275705758007555 
0.275681813852827 
0.275657863729552 
0.275633907694805 
0.275609945806062 
0.275585978121203 
0.275562004698468 
0.275538025596458 
0.275514040874096 
0.275490050590613 
0.275466054805521 
0.275442053578602 
0.275418046969868 
0.275394035039563 
0.275370017848116 
0.275345995456144 
0.275321967924403 
0.275297935313796 
0.275273897685334 
0.275249855100118 
0.275225807619323 
0.275201755304170 
0.275177698215918 
0.275153636415824 
0.275129569965145 
0.275105498925110 
0.275081423356889 
0.275057343321594 
0.275033258880245 
0.275009170093764 
0.274985077022944 
0.274960979728437 
0.274936878270745 
0.274912772710186 
0.274888663106894 
0.274864549520783 
0.274840432011561 
0.274816310638674 
0.274792185461331 
0.274768056538465 
0.274743923928723 
0.274719787690457 
0.274695647881701 
0.274671504560169 
0.274647357783235 
0.274623207607921 
0.274599054090886 
0.274574897288416 
0.274550737256412 
0.274526574050380 
0.274502407725419 
0.274478238336212 
0.274454065937012 
0.274429890581639 
0.274405712323481 
0.274381531215459 
0.274357347310046 
0.274333160659242 
0.274308971314580 
0.274284779327111 
0.274260584747398 
0.274236387625516 
0.274212188011042 
0.274187985953055 
0.274163781500127 
0.274139574700326 
0.274115365601202 
0.274091154249787 
0.274066940692611 
0.274042724975665 
0.274018507144421 
0.273994287243835 
0.273970065318335 
0.273945841411823 
0.273921615567675 
0.273897387828732 
0.273873158237319 
0.273848926835232 
0.273824693663745 
0.273800458763607 
0.273776222175038 
0.273751983937750 
0.273727744090925 
0.273703502673239 
0.273679259722850 
0.273655015277403 
0.273630769374042 
0.273606522049409 
0.273582273339639 
0.273558023280372 
0.273533771906760 
0.273509519253475 
0.273485265354694 
0.273461010244117 
0.273436753954981 
0.273412496520051 
0.273388237971627 
0.273363978341556 
0.273339717661238 
0.273315455961617 
0.273291193273203 
0.273266929626080 
0.273242665049900 
0.273218399573902 
0.273194133226890 
0.273169866037289 
0.273145598033104 
0.273121329241961 
0.273097059691089 
0.273072789407342 
0.273048518417200 
0.273024246746782 
0.272999974421837 
0.272975701467770 
0.272951427909644 
0.272927153772184 
0.272902879079784 
0.272878603856513 
0.272854328126129 
0.272830051912077 
0.272805775237505 
0.272781498125262 
0.272757220597918 
0.272732942677753 
0.272708664386783 
0.272684385746760 
0.272660106779164 
0.272635827505235 
0.272611547945962 
0.272587268122098 
0.272562988054169 
0.272538707762463 
0.272514427267063 
0.272490146587829 
0.272465865744426 
0.272441584756311 
0.272417303642752 
0.272393022422821 
0.272368741115422 
0.272344459739278 
0.272320178312929 
0.272295896854769 
0.272271615383024 
0.272247333915764 
0.272223052470916 
0.272198771066262 
0.272174489719436 
0.272150208447947 
0.272125927269170 
0.272101646200358 
0.272077365258646 
0.272053084461039 
0.272028803824442 
0.272004523365648 
0.271980243101338 
0.271955963048096 
0.271931683222408 
0.271907403640661 
0.271883124319147 
0.271858845274074 
0.271834566521562 
0.271810288077643 
0.271786009958271 
0.271761732179315 
0.271737454756570 
0.271713177705754 
0.271688901042505 
0.271664624782391 
0.271640348940911 
0.271616073533489 
0.271591798575487 
0.271567524082187 
0.271543250068813 
0.271518976550509 
0.271494703542368 
0.271470431059400 
0.271446159116563 
0.271421887728730 
0.271397616910725 
0.271373346677291 
0.271349077043113 
0.271324808022796 
0.271300539630878 
0.271276271881835 
0.271252004790063 
0.271227738369886 
0.271203472635561 
0.271179207601253 
0.271154943281055 
0.271130679688989 
0.271106416838988 
0.271082154744902 
0.271057893420495 
0.271033632879442 
0.271009373135330 
0.270985114201652 
0.270960856091800 
0.270936598819078 
0.270912342396673 
0.270888086837686 
0.270863832155102 
0.270839578361796 
0.270815325470524 
0.270791073493932 
0.270766822444546 
0.270742572334758 
0.270718323176847 
0.270694074982950 
0.270669827765070 
0.270645581535079 
0.270621336304701 
0.270597092085513 
0.270572848888942 
0.270548606726270 
0.270524365608599 
0.270500125546889 
0.270475886551923 
0.270451648634321 
0.270427411804521 
0.270403176072775 
0.270378941449173 
0.270354707943591 
0.270330475565727 
0.270306244325083 
0.270282014230954 
0.270257785292426 
0.270233557518383 
0.270209330917493 
0.270185105498193 
0.270160881268715 
0.270136658237043 
0.270112436410937 
0.270088215797927 
0.270063996405287 
0.270039778240049 
0.270015561308996 
0.269991345618649 
0.269967131175279 
0.269942917984887 
0.269918706053200 
0.269894495385674 
0.269870285987488 
0.269846077863535 
0.269821871018421 
0.269797665456463 
0.269773461181686 
0.269749258197798 
0.269725056508218 
0.269700856116049 
0.269676657024084 
0.269652459234789 
0.269628262750308 
0.269604067572471 
0.269579873702766 
0.269555681142350 
0.269531489892038 
0.269507299952301 
0.269483111323272 
0.269458924004722 
0.269434737996067 
0.269410553296371 
0.269386369904325 
0.269362187818263 
0.269338007036142 
0.269313827555535 
0.269289649373652 
0.269265472487307 
0.269241296892936 
0.269217122586584 
0.269192949563905 
0.269168777820144 
0.269144607350152 
0.269120438148373 
0.269096270208852 
0.269072103525209 
0.269047938090657 
0.269023773897991 
0.268999610939578 
0.268975449207369 
0.268951288692876 
0.268927129387185 
0.268902971280950 
0.268878814364382 
0.268854658627253 
0.268830504058889 
0.268806350648168 
0.268782198383515 
0.268758047252908 
0.268733897243865 
0.268709748343444 
0.268685600538240 
0.268661453814380 
0.268637308157532 
0.268613163552879 
0.268589019985144 
0.268564877438557 
0.268540735896884 
0.268516595343403 
0.268492455760897 
0.268468317131677 
0.268444179437554 
0.268420042659845 
0.268395906779368 
0.268371771776459 
0.268347637630930 
0.268323504322104 
0.268299371828793 
0.268275240129298 
0.268251109201414 
0.268226979022411 
0.268202849569058 
0.268178720817585 
0.268154592743719 
0.268130465322648 
0.268106338529046 
0.268082212337048 
0.268058086720255 
0.268033961651745 
0.268009837104048 
0.267985713049164 
0.267961589458542 
0.267937466303099 
0.267913343553189 
0.267889221178632 
0.267865099148693 
0.267840977432073 
0.267816855996932 
0.267792734810858 
0.267768613840885 
0.267744493053485 
0.267720372414558 
0.267696251889436 
0.267672131442895 
0.267648011039115 
0.267623890641710 
0.267599770213724 
0.267575649717610 
0.267551529115238 
0.267527408367908 
0.267503287436314 
0.267479166280563 
0.267455044860187 
0.267430923134095 
0.267406801060622 
0.267382678597501 
0.267358555701849 
0.267334432330189 
0.267310308438435 
0.267286183981893 
0.267262058915260 
0.267237933192611 
0.267213806767412 
0.267189679592517 
0.267165551620138 
0.267141422801891 
0.267117293088741 
0.267093162431036 
0.267069030778496 
0.267044898080216 
0.267020764284645 
0.266996629339600 
0.266972493192252 
0.266948355789141 
0.266924217076154 
0.266900076998547 
0.266875935500913 
0.266851792527204 
0.266827648020715 
0.266803501924099 
0.266779354179335 
0.266755204727762 
0.266731053510049 
0.266706900466216 
0.266682745535604 
0.266658588656897 
0.266634429768116 
0.266610268806611 
0.266586105709060 
0.266561940411468 
0.266537772849179 
0.266513602956860 
0.266489430668491 
0.266465255917389 
0.266441078636185 
0.266416898756845 
0.266392716210640 
0.266368530928173 
0.266344342839358 
0.266320151873440 
0.266295957958967 
0.266271761023820 
0.266247560995195 
0.266223357799593 
0.266199151362853 
0.266174941610123 
0.266150728465874 
0.266126511853885 
0.266102291697269 
0.266078067918459 
0.266053840439205 
0.266029609180589 
0.266005374063009 
0.265981135006199 
0.265956891929214 
0.265932644750453 
0.265908393387649 
0.265884137757860 
0.265859877777490 
0.265835613362299 
0.265811344427380 
0.265787070887186 
0.265762792655519 
0.265738509645534 
0.265714221769778 
0.265689928940150 
0.265665631067930 
0.265641328063782 
0.265617019837756 
0.265592706299303 
0.265568387357267 
0.265544062919914 
0.265519732894933 
0.265495397189435 
0.265471055709964 
0.265446708362516 
0.265422355052553 
0.265397995684991 
0.265373630164234 
0.265349258394179 
0.265324880278219 
0.265300495719280 
0.265276104619806 
0.265251706881792 
0.265227302406796 
0.265202891095953 
0.265178472849988 
0.265154047569243 
0.265129615153684 
0.265105175502936 
0.265080728516285 
0.265056274092699 
0.265031812130875 
0.265007342529230 
0.264982865185939 
0.264958379998964 
0.264933886866068 
0.264909385684848 
0.264884876352763 
0.264860358767155 
0.264835832825291 
0.264811298424385 
0.264786755461631 
0.264762203834239 
0.264737643439457 
0.264713074174631 
0.264688495937217 
0.264663908624825 
0.264639312135268 
0.264614706366595 
0.264590091217129 
0.264565466585530 
0.264540832370806 
0.264516188472389 
0.264491534790174 
0.264466871224558 
0.264442197676505 
0.264417514047592 
0.264392820240057 
0.264368116156863 
0.264343401701752 
0.264318676779305 
0.264293941295000 
0.264269195155272 
0.264244438267589 
0.264219670540496 
0.264194891883703 
0.264170102208142 
0.264145301426044 
0.264120489451007 
0.264095666198062 
0.264070831583772 
0.264045985526293 
0.264021127945457 
0.263996258762849 
0.263971377901901 
0.263946485287961 
0.263921580848400 
0.263896664512685 
0.263871736212476 
0.263846795881713 
0.263821843456719 
0.263796878876281 
0.263771902081756 
0.263746913017180 
0.263721911629351 
0.263696897867930 
0.263671871685563 
0.263646833037961 
0.263621781884030 
0.263596718185959 
0.263571641909348 
0.263546553023296 
0.263521451500525 
0.263496337317491 
0.263471210454502 
0.263446070895806 
0.263420918629743 
0.263395753648836 
0.263370575949903 
0.263345385534189 
0.263320182407477 
0.263294966580202 
0.263269738067554 
0.263244496889626 
0.263219243071497 
0.263193976643366 
0.263168697640650 
0.263143406104128 
0.263118102080019 
0.263092785620124 
0.263067456781903 
0.263042115628618 
0.263016762229420 
0.262991396659464 
0.262966018999987 
0.262940629338446 
0.262915227768593 
0.262889814390580 
0.262864389311031 
0.262838952643159 
0.262813504506835 
0.262788045028671 
0.262762574342104 
0.262737092587473 
0.262711599912054 
0.262686096470181 
0.262660582423260 
0.262635057939849 
0.262609523195690 
0.262583978373763 
0.262558423664343 
0.262532859264980 
0.262507285380574 
0.262481702223378 
0.262456110013015 
0.262430508976474 
0.262404899348122 
0.262379281369684 
0.262353655290245 
0.262328021366218 
0.262302379861312 
0.262276731046497 
0.262251075199961 
0.262225412607059 
0.262199743560254 
0.262174068359031 
0.262148387309851 
0.262122700726041 
0.262097008927707 
0.262071312241639 
0.262045611001203 
0.262019905546218 
0.261994196222826 
0.261968483383373 
0.261942767386258 
0.261917048595797 
0.261891327382047 
0.261865604120665 
0.261839879192709 
0.261814152984499 
0.261788425887395 
0.261762698297623 
0.261736970616082 
0.261711243248125 
0.261685516603365 
0.261659791095443 
0.261634067141816 
0.261608345163538 
0.261582625585008 
0.261556908833762 
0.261531195340200 
0.261505485537377 
0.261479779860741 
0.261454078747875 
0.261428382638251 
0.261402691972983 
0.261377007194573 
0.261351328746628 
0.261325657073641 
0.261299992620688 
0.261274335833205 
0.261248687156712 
0.261223047036550 
0.261197415917643 
0.261171794244216 
0.261146182459559 
0.261120581005763 
0.261094990323480 
0.261069410851673 
0.261043843027356 
0.261018287285387 
0.260992744058202 
0.260967213775595 
0.260941696864490 
0.260916193748708 
0.260890704848760 
0.260865230581645 
0.260839771360616 
0.260814327595000 
0.260788899689991 
0.260763488046477 
0.260738093060834 
0.260712715124779 
0.260687354625176 
0.260662011943887 
0.260636687457620 
0.260611381537774 
0.260586094550306 
0.260560826855582 
0.260535578808274 
0.260510350757228 
0.260485143045348 
0.260459956009512 
0.260434789980460 
0.260409645282714 
0.260384522234489 
0.260359421147619 
0.260334342327512 
0.260309286073059 
0.260284252676604 
0.260259242423884 
0.260234255594009 
0.260209292459403 
0.260184353285822 
0.260159438332282 
0.260134547851093 
0.260109682087821 
0.260084841281317 
0.260060025663696 
0.260035235460367 
0.260010470890035 
0.259985732164749 
0.259961019489904 
0.259936333064282 
0.259911673080099 
0.259887039723039 
0.259862433172298 
0.259837853600642 
0.259813301174457 
0.259788776053815 
0.259764278392523 
0.259739808338205 
0.259715366032358 
0.259690951610438 
0.259666565201920 
0.259642206930384 
0.259617876913602 
0.259593575263597 
0.259569302086765 
0.259545057483928 
0.259520841550430 
0.259496654376252 
0.259472496046069 
0.259448366639365 
0.259424266230518 
0.259400194888899 
0.259376152678967 
0.259352139660366 
0.259328155888023 
0.259304201412250 
0.259280276278830 
0.259256380529127 
0.259232514200183 
0.259208677324808 
0.259184869931691 
0.259161092045480 
0.259137343686898 
0.259113624872841 
0.259089935616455 
0.259066275927255 
0.259042645811204 
0.259019045270810 
0.258995474305229 
0.258971932910360 
0.258948421078922 
0.258924938800547 
0.258901486061891 
0.258878062846697 
0.258854669135895 
0.258831304907698 
0.258807970137661 
0.258784664798793 
0.258761388861614 
0.258738142294274 
0.258714925062585 
0.258691737130126 
0.258668578458331 
0.258645449006537 
0.258622348732078 
0.258599277590353 
0.258576235534900 
0.258553222517449 
0.258530238488016 
0.258507283394955 
0.258484357185014 
0.258461459803432 
0.258438591193963 
0.258415751298949 
0.258392940059400 
0.258370157415031 
0.258347403304314 
0.258324677664557 
0.258301980431918 
0.258279311541506 
0.258256670927399 
0.258234058522698 
0.258211474259576 
0.258188918069334 
0.258166389882441 
0.258143889628561 
0.258121417236624 
0.258098972634842 
0.258076555750766 
0.258054166511323 
0.258031804842831 
0.258009470671064 
0.257987163921275 
0.257964884518234 
0.257942632386252 
0.257920407449210 
0.257898209630605 
0.257876038853568 
0.257853895040894 
0.257831778115068 
0.257809687998300 
0.257787624612532 
0.257765587879477 
0.257743577720630 
0.257721594057317 
0.257699636810683 
0.257677705901727 
0.257655801251321 
0.257633922780237 
0.257612070409144 
0.257590244058649 
0.257568443649297 
0.257546669101586 
0.257524920335993 
0.257503197272988 
0.257481499833025 
0.257459827936599 
0.257438181504201 
0.257416560456380 
0.257394964713725 
0.257373394196881 
0.257351848826567 
0.257330328523572 
0.257308833208772 
0.257287362803145 
0.257265917227769 
0.257244496403823 
0.257223100252603 
0.257201728695533 
0.257180381654162 
0.257159059050165 
0.257137760805359 
0.257116486841713 
0.257095237081326 
0.257074011446458 
0.257052809859528 
0.257031632243095 
0.257010478519900 
0.256989348612831 
0.256968242444937 
0.256947159939454 
0.256926101019776 
0.256905065609460 
0.256884053632256 
0.256863065012073 
0.256842099672996 
0.256821157539282 
0.256800238535374 
0.256779342585880 
0.256758469615591 
0.256737619549471 
0.256716792312652 
0.256695987830463 
0.256675206028390 
0.256654446832104 
0.256633710167445 
0.256612995960424 
0.256592304137231 
0.256571634624227 
0.256550987347938 
0.256530362235065 
0.256509759212481 
0.256489178207221 
0.256468619146478 
0.256448081957626 
0.256427566568188 
0.256407072905860 
0.256386600898494 
0.256366150474093 
0.256345721560829 
0.256325314087030 
0.256304927981170 
0.256284563171868 
0.256264219587925 
0.256243897158261 
0.256223595811958 
0.256203315478234 
0.256183056086467 
0.256162817566164 
0.256142599846974 
0.256122402858700 
0.256102226531264 
0.256082070794745 
0.256061935579346 
0.256041820815400 
0.256021726433376 
0.256001652363882 
0.255981598537653 
0.255961564885537 
0.255941551338527 
0.255921557827731 
0.255901584284390 
0.255881630639857 
0.255861696825618 
0.255841782773273 
0.255821888414550 
0.255802013681284 
0.255782158505438 
0.255762322819080 
0.255742506554408 
0.255722709643720 
0.255702932019434 
0.255683173614092 
0.255663434360334 
0.255643714190919 
0.255624013038719 
0.255604330836704 
0.255584667517964 
0.255565023015706 
0.255545397263230 
0.255525790193954 
0.255506201741402 
0.255486631839201 
0.255467080421099 
0.255447547420942 
0.255428032772679 
0.255408536410376 
0.255389058268200 
0.255369598280425 
0.255350156381430 
0.255330732505715 
0.255311326587857 
0.255291938562574 
0.255272568364675 
0.255253215929071 
0.255233881190788 
0.255214564084968 
0.255195264546839 
0.255175982511758 
0.255156717915184 
0.255137470692685 
0.255118240779933 
0.255099028112725 
0.255079832626957 
0.255060654258637 
0.255041492943898 
0.255022348618964 
0.255003221220185 
0.254984110684026 
0.254965016947059 
0.254945939945978 
0.254926879617600 
0.254907835898842 
0.254888808726748 
0.254869798038474 
0.254850803771312 
0.254831825862661 
0.254812864250040 
0.254793918871096 
0.254774989663597 
0.254756076565428 
0.254737179514618 
0.254718298449295 
0.254699433307738 
0.254680584028344 
0.254661750549634 
0.254642932810268 
0.254624130749034 
0.254605344304857 
0.254586573416782 
0.254567818023999 
0.254549078065832 
0.254530353481745 
0.254511644211333 
0.254492950194328 
0.254474271370608 
0.254455607680192 
0.254436959063237 
0.254418325460054 
0.254399706811090 
0.254381103056931 
0.254362514138318 
0.254343939996146 
0.254325380571445 
0.254306835805413 
0.254288305639382 
0.254269790014847 
0.254251288873454 
0.254232802157007 
0.254214329807458 
0.254195871766925 
0.254177427977675 
0.254158998382151 
0.254140582922938 
0.254122181542794 
0.254103794184636 
0.254085420791546 
0.254067061306768 
0.254048715673718 
0.254030383835979 
0.254012065737294 
0.253993761321583 
0.253975470532931 
0.253957193315608 
0.253938929614039 
0.253920679372827 
0.253902442536759 
0.253884219050793 
0.253866008860053 
0.253847811909856 
0.253829628145686 
0.253811457513220 
0.253793299958293 
0.253775155426946 
0.253757023865392 
0.253738905220014 
0.253720799437397 
0.253702706464308 
0.253684626247697 
0.253666558734690 
0.253648503872621 
0.253630461608992 
0.253612431891510 
0.253594414668064 
0.253576409886732 
0.253558417495786 
0.253540437443687 
0.253522469679088 
0.253504514150841 
0.253486570807994 
0.253468639599775 
0.253450720475625 
0.253432813385168 
0.253414918278228 
0.253397035104827 
0.253379163815178 
0.253361304359708 
0.253343456689025 
0.253325620753949 
0.253307796505495 
0.253289983894873 
0.253272182873500 
0.253254393392987 
0.253236615405156 
0.253218848862025 
0.253201093715814 
0.253183349918948 
0.253165617424055 
0.253147896183960 
0.253130186151700 
0.253112487280509 
0.253094799523831 
0.253077122835313 
0.253059457168801 
0.253041802478350 
0.253024158718221 
0.253006525842879 
0.252988903806990 
0.252971292565439 
0.252953692073302 
0.252936102285871 
0.252918523158637 
0.252900954647300 
0.252883396707762 
0.252865849296140 
0.252848312368747 
0.252830785882107 
0.252813269792950 
0.252795764058217 
0.252778268635045 
0.252760783480789 
0.252743308553001 
0.252725843809440 
0.252708389208077 
0.252690944707078 
0.252673510264822 
0.252656085839894 
0.252638671391088 
0.252621266877392 
0.252603872258007 
0.252586487492337 
0.252569112539988 
0.252551747360785 
0.252534391914730 
0.252517046162049 
0.252499710063173 
0.252482383578728 
0.252465066669545 
0.252447759296658 
0.252430461421304 
0.252413173004918 
0.252395894009144 
0.252378624395826 
0.252361364127010 
0.252344113164938 
0.252326871472054 
0.252309639011004 
0.252292415744627 
0.252275201635974 
0.252257996648280 
0.252240800744987 
0.252223613889736 
0.252206436046365 
0.252189267178902 
0.252172107251572 
0.252154956228806 
0.252137814075228 
0.252120680755644 
0.252103556235065 
0.252086440478693 
0.252069333451928 
0.252052235120356 
0.252035145449760 
0.252018064406111 
0.252000991955575 
0.251983928064499 
0.251966872699431 
0.251949825827107 
0.251932787414448 
0.251915757428556 
0.251898735836731 
0.251881722606459 
0.251864717705407 
0.251847721101430 
0.251830732762566 
0.251813752657041 
0.251796780753266 
0.251779817019826 
0.251762861425489 
0.251745913939213 
0.251728974530132 
0.251712043167555 
0.251695119820977 
0.251678204460073 
0.251661297054693 
0.251644397574856 
0.251627505990772 
0.251610622272815 
0.251593746391542 
0.251576878317678 
0.251560018022128 
0.251543165475964 
0.251526320650429 
0.251509483516941 
0.251492654047090 
0.251475832212630 
0.251459017985483 
0.251442211337744 
0.251425412241684 
0.251408620669721 
0.251391836594456 
0.251375059988641 
0.251358290825203 
0.251341529077231 
0.251324774717969 
0.251308027720832 
0.251291288059387 
0.251274555707365 
0.251257830638663 
0.251241112827335 
0.251224402247579 
0.251207698873763 
0.251191002680415 
0.251174313642207 
0.251157631733969 
0.251140956930688 
0.251124289207499 
0.251107628539700 
0.251090974902732 
0.251074328272187 
0.251057688623803 
0.251041055933474 
0.251024430177239 
0.251007811331286 
0.250991199371946 
0.250974594275699 
0.250957996019174 
0.250941404579135 
0.250924819932493 
0.250908242056300 
0.250891670927753 
0.250875106524191 
0.250858548823089 
0.250841997802065 
0.250825453438863 
0.250808915711382 
0.250792384597649 
0.250775860075824 
0.250759342124210 
0.250742830721247 
0.250726325845492 
0.250709827475652 
0.250693335590550 
0.250676850169160 
0.250660371190570 
0.250643898634002 
0.250627432478809 
0.250610972704466 
0.250594519290583 
0.250578072216893 
0.250561631463250 
0.250545197009650 
0.250528768836186 
0.250512346923088 
0.250495931250720 
0.250479521799552 
0.250463118550179 
0.250446721483312 
0.250430330579793 
0.250413945820563 
0.250397567186704 
0.250381194659404 
0.250364828219964 
0.250348467849801 
0.250332113530451 
0.250315765243565 
0.250299422970899 
0.250283086694333 
0.250266756395850 
0.250250432057542 
0.250234113661622 
0.250217801190400 
0.250201494626306 
0.250185193951870 
0.250168899149732 
0.250152610202636 
0.250136327093440 
0.250120049805099 
0.250103778320675 
0.250087512623330 
0.250071252696333 
0.250054998523057 
0.250038750086973 
0.250022507371657 
0.250006270360771 
0.249990039038097 
0.249973813387498 
0.249957593392956 
0.249941379038519 
0.249925170308361 
0.249908967186738 
0.249892769658004 
0.249876577706604 
0.249860391317083 
0.249844210474079 
0.249828035162315 
0.249811865366612 
0.249795701071885 
0.249779542263129 
0.249763388925441 
0.249747241043993 
0.249731098604067 
0.249714961591010 
0.249698829990273 
0.249682703787387 
0.249666582967965 
0.249650467517716 
0.249634357422425 
0.249618252667962 
0.249602153240284 
0.249586059125430 
0.249569970309515 
0.249553886778751 
0.249537808519418 
0.249521735517875 
0.249505667760574 
0.249489605234034 
0.249473547924858 
0.249457495819723 
0.249441448905394 
0.249425407168699 
0.249409370596553 
0.249393339175940 
0.249377312893926 
0.249361291737645 
0.249345275694309 
0.249329264751208 
0.249313258895692 
0.249297258115194 
0.249281262397219 
0.249265271729334 
0.249249286099193 
0.249233305494507 
0.249217329903062 
0.249201359312704 
0.249185393711360 
0.249169433087020 
0.249153477427745 
0.249137526721657 
0.249121580956949 
0.249105640121877 
0.249089704204771 
0.249073773194011 
0.249057847078056 
0.249041925845421 
0.249026009484693 
0.249010097984511 
0.248994191333580 
0.248978289520675 
0.248962392534621 
0.248946500364316 
0.248930612998704 
0.248914730426806 
0.248898852637692 
0.248882979620494 
0.248867111364404 
0.248851247858668 
0.248835389092591 
0.248819535055547 
0.248803685736947 
0.248787841126275 
0.248772001213064 
0.248756165986906 
0.248740335437445 
0.248724509554380 
0.248708688327467 
0.248692871746515 
0.248677059801381 
0.248661252481988 
0.248645449778301 
0.248629651680338 
0.248613858178177 
0.248598069261934 
0.248582284921791 
0.248566505147969 
0.248550729930746 
0.248534959260451 
0.248519193127457 
0.248503431522186 
0.248487674435108 
0.248471921856754 
0.248456173777689 
0.248440430188527 
0.248424691079935 
0.248408956442632 
0.248393226267361 
0.248377500544939 
0.248361779266207 
0.248346062422064 
0.248330350003448 
0.248314642001342 
0.248298938406780 
0.248283239210834 
0.248267544404620 
0.248251853979295 
0.248236167926065 
0.248220486236169 
0.248204808900905 
0.248189135911592 
0.248173467259613 
0.248157802936373 
0.248142142933322 
0.248126487241965 
0.248110835853828 
0.248095188760491 
0.248079545953559 
0.248063907424695 
0.248048273165588 
0.248032643167973 
0.248017017423613 
0.248001395924316 
0.247985778661938 
0.247970165628350 
0.247954556815474 
0.247938952215275 
0.247923351819744 
0.247907755620910 
0.247892163610836 
0.247876575781633 
0.247860992125430 
0.247845412634412 
0.247829837300776 
0.247814266116767 
0.247798699074665 
0.247783136166779 
0.247767577385451 
0.247752022723069 
0.247736472172037 
0.247720925724805 
0.247705383373851 
0.247689845111687 
0.247674310930851 
0.247658780823920 
0.247643254783501 
0.247627732802234 
0.247612214872786 
0.247596700987858 
0.247581191140182 
0.247565685322524 
0.247550183527673 
0.247534685748451 
0.247519191977714 
0.247503702208346 
0.247488216433252 
0.247472734645373 
0.247457256837686 
0.247441783003184 
0.247426313134893 
0.247410847225869 
0.247395385269200 
0.247379927257993 
0.247364473185390 
0.247349023044557 
0.247333576828683 
0.247318134530988 
0.247302696144723 
0.247287261663158 
0.247271831079603 
0.247256404387375 
0.247240981579828 
0.247225562650342 
0.247210147592322 
0.247194736399193 
0.247179329064413 
0.247163925581456 
0.247148525943826 
0.247133130145058 
0.247117738178700 
0.247102350038329 
0.247086965717551 
0.247071585209982 
0.247056208509277 
0.247040835609109 
0.247025466503172 
0.247010101185185 
0.246994739648885 
0.246979381888038 
0.246964027896436 
0.246948677667882 
0.246933331196212 
0.246917988475280 
0.246902649498954 
0.246887314261136 
0.246871982755749 
0.246856654976731 
0.246841330918038 
0.246826010573658 
0.246810693937591 
0.246795381003863 
0.246780071766516 
0.246764766219619 
0.246749464357259 
0.246734166173537 
0.246718871662580 
0.246703580818529 
0.246688293635557 
0.246673010107846 
0.246657730229598 
0.246642453995038 
0.246627181398404 
0.246611912433961 
0.246596647095985 
0.246581385378781 
0.246566127276662 
0.246550872783968 
0.246535621895044 
0.246520374604271 
0.246505130906034 
0.246489890794737 
0.246474654264813 
0.246459421310695 
0.246444191926849 
0.246428966107755 
0.246413743847904 
0.246398525141804 
0.246383309983989 
0.246368098369002 
0.246352890291405 
0.246337685745778 
0.246322484726714 
0.246307287228826 
0.246292093246736 
0.246276902775092 
0.246261715808553 
0.246246532341787 
0.246231352369489 
0.246216175886364 
0.246201002887130 
0.246185833366526 
0.246170667319301 
0.246155504740226 
0.246140345624082 
0.246125189965661 
0.246110037759776 
0.246094889001253 
0.246079743684934 
0.246064601805669 
0.246049463358332 
0.246034328337799 
0.246019196738974 
0.246004068556764 
0.245988943786090 
0.245973822421896 
0.245958704459133 
0.245943589892768 
0.245928478717775 
0.245913370929142 
0.245898266521883 
0.245883165491012 
0.245868067831564 
0.245852973538578 
0.245837882607111 
0.245822795032229 
0.245807710809020 
0.245792629932575 
0.245777552398001 
0.245762478200420 
0.245747407334962 
0.245732339796769 
0.245717275580996 
0.245702214682814 
0.245687157097392 
0.245672102819933 
0.245657051845628 
0.245642004169697 
0.245626959787361 
0.245611918693861 
0.245596880884441 
0.245581846354359 
0.245566815098886 
0.245551787113305 
0.245536762392903 
0.245521740932983 
0.245506722728859 
0.245491707775856 
0.245476696069314 
0.245461687604565 
0.245446682376969 
0.245431680381888 
0.245416681614696 
0.245401686070784 
