1.000000000000000 
0.050785937880485 
0.050705491248709 
0.050697923660325 
0.050695113549503 
0.050693666378510 
0.050692783465205 
0.050692183644966 
0.050691744411698 
0.050691404491436 
0.050691130018698 
0.050690900784061 
0.050690703972891 
0.050690531053377 
0.050690376115245 
0.050690234928267 
0.050690104380968 
0.050689982131230 
0.050689866380618 
0.050689755723899 
0.050689649045928 
0.050689545449273 
0.050689444202370 
0.050689344701685 
0.050689246443660 
0.050689149003609 
0.050689052019637 
0.050688955180243 
0.050688858214662 
0.050688760885267 
0.050688662981533 
0.050688564315215 
0.050688464716444 
0.050688364030571 
0.050688262115570 
0.050688158839906 
0.050688054080771 
0.050687947722604 
0.050687839655858 
0.050687729775955 
0.050687617982405 
0.050687504178046 
0.050687388268403 
0.050687270161127 
0.050687149765510 
0.050687026992071 
0.050686901752175 
0.050686773957721 
0.050686643520841 
0.050686510353650 
0.050686374368016 
0.050686235475345 
0.050686093586396 
0.050685948611111 
0.050685800458447 
0.050685649036237 
0.050685494251049 
0.050685336008057 
0.050685174210920 
0.050685008761666 
0.050684839560583 
0.050684666506113 
0.050684489494749 
0.050684308420934 
0.050684123176968 
0.050683933652912 
0.050683739736492 
0.050683541313012 
0.050683338265255 
0.050683130473400 
0.050682917814927 
0.050682700164527 
0.050682477394010 
0.050682249372217 
0.050682015964923 
0.050681777034748 
0.050681532441062 
0.050681282039888 
0.050681025683810 
0.050680763221869 
0.050680494499472 
0.050680219358284 
0.050679937636128 
0.050679649166881 
0.050679353780370 
0.050679051302257 
0.050678741553936 
0.050678424352415 
0.050678099510206 
0.050677766835200 
0.050677426130558 
0.050677077194577 
0.050676719820574 
0.050676353796752 
0.050675978906076 
0.050675594926133 
0.050675201629000 
0.050674798781102 
0.050674386143071 
0.050673963469600 
0.050673530509294 
0.050673087004519 
0.050672632691241 
0.050672167298875 
0.050671690550114 
0.050671202160767 
0.050670701839589 
0.050670189288104 
0.050669664200428 
0.050669126263088 
0.050668575154835 
0.050668010546453 
0.050667432100565 
0.050666839471434 
0.050666232304758 
0.050665610237466 
0.050664972897499 
0.050664319903601 
0.050663650865088 
0.050662965381628 
0.050662263043007 
0.050661543428891 
0.050660806108583 
0.050660050640781 
0.050659276573318 
0.050658483442911 
0.050657670774894 
0.050656838082948 
0.050655984868832 
0.050655110622094 
0.050654214819794 
0.050653296926206 
0.050652356392522 
0.050651392656549 
0.050650405142398 
0.050649393260168 
0.050648356405623 
0.050647293959866 
0.050646205288998 
0.050645089743785 
0.050643946659301 
0.050642775354580 
0.050641575132252 
0.050640345278176 
0.050639085061065 
0.050637793732105 
0.050636470524567 
0.050635114653411 
0.050633725314888 
0.050632301686128 
0.050630842924727 
0.050629348168323 
0.050627816534169 
0.050626247118698 
0.050624638997078 
0.050622991222764 
0.050621302827046 
0.050619572818580 
0.050617800182926 
0.050615983882067 
0.050614122853930 
0.050612216011901 
0.050610262244325 
0.050608260414011 
0.050606209357723 
0.050604107885673 
0.050601954780998 
0.050599748799245 
0.050597488667836 
0.050595173085544 
0.050592800721954 
0.050590370216918 
0.050587880180019 
0.050585329190016 
0.050582715794299 
0.050580038508330 
0.050577295815091 
0.050574486164524 
0.050571607972973 
0.050568659622625 
0.050565639460948 
0.050562545800131 
0.050559376916527 
0.050556131050094 
0.050552806403839 
0.050549401143269 
0.050545913395842 
0.050542341250420 
0.050538682756736 
0.050534935924860 
0.050531098724673 
0.050527169085356 
0.050523144894878 
0.050519023999506 
0.050514804203317 
0.050510483267729 
0.050506058911042 
0.050501528808003 
0.050496890589372 
0.050492141841525 
0.050487280106066 
0.050482302879457 
0.050477207612687 
0.050471991710944 
0.050466652533335 
0.050461187392619 
0.050455593554976 
0.050449868239808 
0.050444008619576 
0.050438011819668 
0.050431874918311 
0.050425594946520 
0.050419168888089 
0.050412593679632 
0.050405866210666 
0.050398983323747 
0.050391941814659 
0.050384738432652 
0.050377369880750 
0.050369832816100 
0.050362123850407 
0.050354239550413 
0.050346176438459 
0.050337930993112 
0.050329499649867 
0.050320878801924 
0.050312064801049 
0.050303053958516 
0.050293842546130 
0.050284426797343 
0.050274802908466 
0.050264967039960 
0.050254915317843 
0.050244643835181 
0.050234148653692 
0.050223425805452 
0.050212471294706 
0.050201281099793 
0.050189851175189 
0.050178177453653 
0.050166255848505 
0.050154082256016 
0.050141652557919 
0.050128962624053 
0.050116008315124 
0.050102785485599 
0.050089289986726 
0.050075517669686 
0.050061464388877 
0.050047126005327 
0.050032498390243 
0.050017577428690 
0.050002359023403 
0.049986839098733 
0.049971013604725 
0.049954878521323 
0.049938429862705 
0.049921663681750 
0.049904576074628 
0.049887163185507 
0.049869421211391 
0.049851346407067 
0.049832935090162 
0.049814183646322 
0.049795088534480 
0.049775646292229 
0.049755853541292 
0.049735706993074 
0.049715203454294 
0.049694339832693 
0.049673113142807 
0.049651520511799 
0.049629559185334 
0.049607226533505 
0.049584520056773 
0.049561437391947 
0.049537976318155 
0.049514134762824 
0.049489910807647 
0.049465302694517 
0.049440308831434 
0.049414927798355 
0.049389158352981 
0.049362999436468 
0.049336450179052 
0.049309509905556 
0.049282178140798 
0.049254454614840 
0.049226339268113 
0.049197832256357 
0.049168933955399 
0.049139644965722 
0.049109966116840 
0.049079898471433 
0.049049443329255 
0.049018602230781 
0.048987376960588 
0.048955769550450 
0.048923782282136 
0.048891417689898 
0.048858678562636 
0.048825567945718 
0.048792089142456 
0.048758245715221 
0.048724041486179 
0.048689480537651 
0.048654567212077 
0.048619306111572 
0.048583702097085 
0.048547760287133 
0.048511486056110 
0.048474885032176 
0.048437963094708 
0.048400726371319 
0.048363181234441 
0.048325334297468 
0.048287192410469 
0.048248762655455 
0.048210052341225 
0.048171068997784 
0.048131820370328 
0.048092314412829 
0.048052559281203 
0.048012563326081 
0.047972335085197 
0.047931883275396 
0.047891216784284 
0.047850344661523 
0.047809276109798 
0.047768020475467 
0.047726587238906 
0.047684986004579 
0.047643226490844 
0.047601318519515 
0.047559272005212 
0.047517096944497 
0.047474803404852 
0.047432401513495 
0.047389901446065 
0.047347313415209 
0.047304647659090 
0.047261914429830 
0.047219123981938 
0.047176286560724 
0.047133412390743 
0.047090511664273 
0.047047594529882 
0.047004671081084 
0.046961751345116 
0.046918845271870 
0.046875962722992 
0.046833113461171 
0.046790307139657 
0.046747553292014 
0.046704861322129 
0.046662240494514 
0.046619699924906 
0.046577248571182 
0.046534895224623 
0.046492648501526 
0.046450516835189 
0.046408508468284 
0.046366631445620 
0.046324893607326 
0.046283302582450 
0.046241865782984 
0.046200590398336 
0.046159483390234 
0.046118551488093 
0.046077801184824 
0.046037238733102 
0.045996870142096 
0.045956701174647 
0.045916737344907 
0.045876983916427 
0.045837445900697 
0.045798128056124 
0.045759034887452 
0.045720170645605 
0.045681539327953 
0.045643144678990 
0.045604990191413 
0.045567079107581 
0.045529414421359 
0.045491998880323 
0.045454834988306 
0.045417925008290 
0.045381270965605 
0.045344874651440 
0.045308737626634 
0.045272861225739 
0.045237246561339 
0.045201894528605 
0.045166805810058 
0.045131980880547 
0.045097420012405 
0.045063123280766 
0.045029090569039 
0.044995321574507 
0.044961815814043 
0.044928572629926 
0.044895591195729 
0.044862870522286 
0.044830409463695 
0.044798206723364 
0.044766260860074 
0.044734570294047 
0.044703133313008 
0.044671948078223 
0.044641012630513 
0.044610324896212 
0.044579882693079 
0.044549683736145 
0.044519725643481 
0.044490005941885 
0.044460522072485 
0.044431271396235 
0.044402251199316 
0.044373458698424 
0.044344891045943 
0.044316545335004 
0.044288418604419 
0.044260507843493 
0.044232809996711 
0.044205321968291 
0.044178040626620 
0.044150962808547 
0.044124085323557 
0.044097404957813 
0.044070918478066 
0.044044622635449 
0.044018514169134 
0.043992589809872 
0.043966846283412 
0.043941280313796 
0.043915888626544 
0.043890667951720 
0.043865615026883 
0.043840726599935 
0.043815999431859 
0.043791430299346 
0.043767015997333 
0.043742753341420 
0.043718639170212 
0.043694670347543 
0.043670843764615 
0.043647156342044 
0.043623605031807 
0.043600186819105 
0.043576898724128 
0.043553737803734 
0.043530701153040 
0.043507785906915 
0.043484989241397 
0.043462308375013 
0.043439740570006 
0.043417283133484 
0.043394933418471 
0.043372688824870 
0.043350546800338 
0.043328504841067 
0.043306560492482 
0.043284711349837 
0.043262955058731 
0.043241289315526 
0.043219711867681 
0.043198220513989 
0.043176813104731 
0.043155487541740 
0.043134241778373 
0.043113073819405 
0.043091981720832 
0.043070963589602 
0.043050017583247 
0.043029141909468 
0.043008334825610 
0.042987594638102 
0.042966919701804 
0.042946308419304 
0.042925759240153 
0.042905270660049 
0.042884841219969 
0.042864469505259 
0.042844154144685 
0.042823893809455 
0.042803687212211 
0.042783533106002 
0.042763430283242 
0.042743377574660 
0.042723373848249 
0.042703418008221 
0.042683508993962 
0.042663645779022 
0.042643827370107 
0.042624052806116 
0.042604321157197 
0.042584631523852 
0.042564983036081 
0.042545374852573 
0.042525806159950 
0.042506276172065 
0.042486784129360 
0.042467329298284 
0.042447910970775 
0.042428528463803 
0.042409181118982 
0.042389868302249 
0.042370589403604 
0.042351343836921 
0.042332131039813 
0.042312950473571 
0.042293801623154 
0.042274683997240 
0.042255597128319 
0.042236540572855 
0.042217513911472 
0.042198516749194 
0.042179548715708 
0.042160609465669 
0.042141698679013 
0.042122816061303 
0.042103961344070 
0.042085134285172 
0.042066334669143 
0.042047562307532 
0.042028817039236 
0.042010098730801 
0.041991407276698 
0.041972742599570 
0.041954104650433 
0.041935493408829 
0.041916908882936 
0.041898351109612 
0.041879820154383 
0.041861316111365 
0.041842839103111 
0.041824389280392 
0.041805966821897 
0.041787571933853 
0.041769204849569 
0.041750865828894 
0.041732555157594 
0.041714273146644 
0.041696020131433 
0.041677796470897 
0.041659602546555 
0.041641438761484 
0.041623305539195 
0.041605203322455 
0.041587132572022 
0.041569093765318 
0.041551087395039 
0.041533113967706 
0.041515174002156 
0.041497268027989 
0.041479396583969 
0.041461560216385 
0.041443759477385 
0.041425994923276 
0.041408267112812 
0.041390576605462 
0.041372923959677 
0.041355309731151 
0.041337734471095 
0.041320198724515 
0.041302703028522 
0.041285247910655 
0.041267833887241 
0.041250461461802 
0.041233131123491 
0.041215843345589 
0.041198598584052 
0.041181397276122 
0.041164239839001 
0.041147126668592 
0.041130058138323 
0.041113034598036 
0.041096056372963 
0.041079123762790 
0.041062237040795 
0.041045396453085 
0.041028602217914 
0.041011854525096 
0.040995153535509 
0.040978499380683 
0.040961892162490 
0.040945331952914 
0.040928818793917 
0.040912352697383 
0.040895933645160 
0.040879561589180 
0.040863236451653 
0.040846958125351 
0.040830726473962 
0.040814541332513 
0.040798402507869 
0.040782309779291 
0.040766262899059 
0.040750261593147 
0.040734305561963 
0.040718394481127 
0.040702528002302 
0.040686705754064 
0.040670927342811 
0.040655192353711 
0.040639500351665 
0.040623850882320 
0.040608243473085 
0.040592677634178 
0.040577152859685 
0.040561668628631 
0.040546224406070 
0.040530819644170 
0.040515453783311 
0.040500126253181 
0.040484836473876 
0.040469583856997 
0.040454367806731 
0.040439187720945 
0.040424042992256 
0.040408933009094 
0.040393857156761 
0.040378814818466 
0.040363805376353 
0.040348828212513 
0.040333882709969 
0.040318968253661 
0.040304084231394 
0.040289230034775 
0.040274405060129 
0.040259608709386 
0.040244840390955 
0.040230099520561 
0.040215385522072 
0.040200697828284 
0.040186035881690 
0.040171399135215 
0.040156787052926 
0.040142199110706 
0.040127634796900 
0.040113093612928 
0.040098575073865 
0.040084078708981 
0.040069604062254 
0.040055150692835 
0.040040718175482 
0.040026306100952 
0.040011914076354 
0.039997541725457 
0.039983188688959 
0.039968854624712 
0.039954539207904 
0.039940242131191 
0.039925963104790 
0.039911701856530 
0.039897458131844 
0.039883231693732 
0.039869022322666 
0.039854829816456 
0.039840653990076 
0.039826494675436 
0.039812351721123 
0.039798224992091 
0.039784114369320 
0.039770019749431 
0.039755941044271 
0.039741878180453 
0.039727831098877 
0.039713799754212 
0.039699784114357 
0.039685784159868 
0.039671799883377 
0.039657831288974 
0.039643878391589 
0.039629941216352 
0.039616019797937 
0.039602114179908 
0.039588224414052 
0.039574350559715 
0.039560492683129 
0.039546650856748 
0.039532825158588 
0.039519015671570 
0.039505222482875 
0.039491445683311 
0.039477685366688 
0.039463941629211 
0.039450214568890 
0.039436504284961 
0.039422810877337 
0.039409134446066 
0.039395475090817 
0.039381832910385 
0.039368208002219 
0.039354600461967 
0.039341010383053 
0.039327437856267 
0.039313882969384 
0.039300345806800 
0.039286826449199 
0.039273324973231 
0.039259841451223 
0.039246375950902 
0.039232928535146 
0.039219499261753 
0.039206088183229 
0.039192695346598 
0.039179320793227 
0.039165964558674 
0.039152626672551 
0.039139307158407 
0.039126006033620 
0.039112723309313 
0.039099458990286 
0.039086213074950 
0.039072985555295 
0.039059776416851 
0.039046585638676 
0.039033413193353 
0.039020259046994 
0.039007123159261 
0.038994005483396 
0.038980905966260 
0.038967824548382 
0.038954761164021 
0.038941715741232 
0.038928688201941 
0.038915678462032 
0.038902686431438 
0.038889712014240 
0.038876755108770 
0.038863815607730 
0.038850893398304 
0.038837988362280 
0.038825100376186 
0.038812229311416 
0.038799375034372 
0.038786537406603 
0.038773716284953 
0.038760911521703 
0.038748122964731 
0.038735350457658 
0.038722593840009 
0.038709852947364 
0.038697127611525 
0.038684417660668 
0.038671722919510 
0.038659043209462 
0.038646378348798 
0.038633728152812 
0.038621092433975 
0.038608471002100 
0.038595863664494 
0.038583270226121 
0.038570690489749 
0.038558124256110 
0.038545571324046 
0.038533031490657 
0.038520504551453 
0.038507990300486 
0.038495488530499 
0.038482999033059 
0.038470521598686 
0.038458056016993 
0.038445602076800 
0.038433159566264 
0.038420728272995 
0.038408307984171 
0.038395898486646 
0.038383499567059 
0.038371111011935 
0.038358732607784 
0.038346364141192 
0.038334005398912 
0.038321656167952 
0.038309316235649 
0.038296985389752 
0.038284663418492 
0.038272350110651 
0.038260045255623 
0.038247748643479 
0.038235460065019 
0.038223179311825 
0.038210906176308 
0.038198640451754 
0.038186381932364 
0.038174130413289 
0.038161885690662 
0.038149647561630 
0.038137415824380 
0.038125190278157 
0.038112970723289 
0.038100756961200 
0.038088548794423 
0.038076346026611 
0.038064148462542 
0.038051955908128 
0.038039768170411 
0.038027585057567 
0.038015406378903 
0.038003231944845 
0.037991061566939 
0.037978895057837 
0.037966732231286 
0.037954572902111 
0.037942416886209 
0.037930264000524 
0.037918114063028 
0.037905966892708 
0.037893822309542 
0.037881680134473 
0.037869540189391 
0.037857402297106 
0.037845266281325 
0.037833131966622 
0.037820999178417 
0.037808867742945 
0.037796737487233 
0.037784608239066 
0.037772479826966 
0.037760352080157 
0.037748224828546 
0.037736097902688 
0.037723971133760 
0.037711844353537 
0.037699717394363 
0.037687590089123 
0.037675462271221 
0.037663333774556 
0.037651204433495 
0.037639074082848 
0.037626942557855 
0.037614809694159 
0.037602675327785 
0.037590539295126 
0.037578401432929 
0.037566261578273 
0.037554119568560 
0.037541975241503 
0.037529828435117 
0.037517678987711 
0.037505526737880 
0.037493371524505 
0.037481213186748 
0.037469051564057 
0.037456886496164 
0.037444717823096 
0.037432545385177 
0.037420369023044 
0.037408188577657 
0.037396003890313 
0.037383814802670 
0.037371621156760 
0.037359422795020 
0.037347219560312 
0.037335011295958 
0.037322797845764 
0.037310579054065 
0.037298354765750 
0.037286124826312 
0.037273889081885 
0.037261647379288 
0.037249399566078 
0.037237145490595 
0.037224885002014 
0.037212617950404 
0.037200344186782 
0.037188063563169 
0.037175775932658 
0.037163481149466 
0.037151179069009 
0.037138869547961 
0.037126552444320 
0.037114227617481 
0.037101894928299 
0.037089554239160 
0.037077205414053 
0.037064848318637 
0.037052482820311 
0.037040108788283 
0.037027726093639 
0.037015334609411 
0.037002934210643 
0.036990524774453 
0.036978106180102 
0.036965678309049 
0.036953241045010 
0.036940794274019 
0.036928337884473 
0.036915871767186 
0.036903395815434 
0.036890909924994 
0.036878413994185 
0.036865907923897 
0.036853391617619 
0.036840864981468 
0.036828327924199 
0.036815780357220 
0.036803222194600 
0.036790653353069 
0.036778073752009 
0.036765483313446 
0.036752881962032 
0.036740269625019 
0.036727646232228 
0.036715011716013 
0.036702366011217 
0.036689709055122 
0.036677040787392 
0.036664361150010 
0.036651670087211 
0.036638967545408 
0.036626253473107 
0.036613527820830 
0.036600790541018 
0.036588041587938 
0.036575280917584 
0.036562508487579 
0.036549724257057 
0.036536928186571 
0.036524120237966 
0.036511300374283 
0.036498468559635 
0.036485624759099 
0.036472768938611 
0.036459901064846 
0.036447021105124 
0.036434129027304 
0.036421224799684 
0.036408308390923 
0.036395379769947 
0.036382438905883 
0.036369485767998 
0.036356520325648 
0.036343542548242 
0.036330552405219 
0.036317549866050 
0.036304534900249 
0.036291507477409 
0.036278467567264 
0.036265415139769 
0.036252350165210 
0.036239272614348 
0.036226182458584 
0.036213079670163 
0.036199964222416 
0.036186836090032 
0.036173695249377 
0.036160541678854 
0.036147375359299 
0.036134196274435 
0.036121004411368 
0.036107799761129 
0.036094582319274 
0.036081352086534 
0.036068109069516 
0.036054853281460 
0.036041584743053 
0.036028303483287 
0.036015009540388 
0.036001702962778 
0.035988383810095 
0.035975052154271 
0.035961708080630 
0.035948351689049 
0.035934983095142 
0.035921602431475 
0.035908209848800 
0.035894805517310 
0.035881389627892 
0.035867962393376 
0.035854524049774 
0.035841074857484 
0.035827615102460 
0.035814145097325 
0.035800665182425 
0.035787175726787 
0.035773677128998 
0.035760169817967 
0.035746654253563 
0.035733130927115 
0.035719600361767 
0.035706063112663 
0.035692519766965 
0.035678970943686 
0.035665417293332 
0.035651859497356 
0.035638298267410 
0.035624734344401 
0.035611168497353 
0.035597601522082 
0.035584034239686 
0.035570467494869 
0.035556902154113 
0.035543339103697 
0.035529779247617 
0.035516223505384 
0.035502672809759 
0.035489128104436 
0.035475590341685 
0.035462060480006 
0.035448539481793 
0.035435028311061 
0.035421527931232 
0.035408039303019 
0.035394563382434 
0.035381101118918 
0.035367653453636 
0.035354221317925 
0.035340805631929 
0.035327407303415 
0.035314027226773 
0.035300666282213 
0.035287325335154 
0.035274005235785 
0.035260706818820 
0.035247430903407 
0.035234178293194 
0.035220949776544 
0.035207746126854 
0.035194568102997 
0.035181416449836 
0.035168291898800 
0.035155195168513 
0.035142126965435 
0.035129087984500 
0.035116078909741 
0.035103100414868 
0.035090153163786 
0.035077237811045 
0.035064355002184 
0.035051505373986 
0.035038689554611 
0.035025908163606 
0.035013161811798 
0.035000451101043 
0.034987776623854 
0.034975138962907 
0.034962538690418 
0.034949976367411 
0.034937452542886 
0.034924967752891 
0.034912522519525 
0.034900117349871 
0.034887752734890 
0.034875429148283 
0.034863147045336 
0.034850906861780 
0.034838709012659 
0.034826553891240 
0.034814441867970 
0.034802373289502 
0.034790348477785 
0.034778367729247 
0.034766431314068 
0.034754539475554 
0.034742692429616 
0.034730890364356 
0.034719133439767 
0.034707421787538 
0.034695755510974 
0.034684134685023 
0.034672559356403 
0.034661029543833 
0.034649545238353 
0.034638106403743 
0.034626712977013 
0.034615364868975 
0.034604061964885 
0.034592804125142 
0.034581591186046 
0.034570422960603 
0.034559299239371 
0.034548219791344 
0.034537184364854 
0.034526192688513 
0.034515244472153 
0.034504339407793 
0.034493477170602 
0.034482657419871 
0.034471879799979 
0.034461143941354 
0.034450449461429 
0.034439795965579 
0.034429183048047 
0.034418610292852 
0.034408077274679 
0.034397583559744 
0.034387128706637 
0.034376712267146 
0.034366333787048 
0.034355992806877 
0.034345688862670 
0.034335421486671 
0.034325190208027 
0.034314994553439 
0.034304834047794 
0.034294708214763 
0.034284616577380 
0.034274558658579 
0.034264533981717 
0.034254542071065 
0.034244582452266 
0.034234654652774 
0.034224758202271 
0.034214892633045 
0.034205057480359 
0.034195252282782 
0.034185476582511 
0.034175729925660 
0.034166011862528 
0.034156321947854 
0.034146659741044 
0.034137024806383 
0.034127416713223 
0.034117835036160 
0.034108279355191 
0.034098749255851 
0.034089244329340 
0.034079764172630 
0.034070308388564 
0.034060876585933 
0.034051468379552 
0.034042083390306 
0.034032721245206 
0.034023381577417 
0.034014064026286 
0.034004768237352 
0.033995493862355 
0.033986240559231 
0.033977007992105 
0.033967795831265 
0.033958603753147 
0.033949431440293 
0.033940278581319 
0.033931144870873 
0.033922030009581 
0.033912933704003 
0.033903855666565 
0.033894795615508 
0.033885753274815 
0.033876728374150 
0.033867720648784 
0.033858729839521 
0.033849755692624 
0.033840797959738 
0.033831856397807 
0.033822930768998 
0.033814020840614 
0.033805126385014 
0.033796247179528 
0.033787383006371 
0.033778533652559 
0.033769698909821 
0.033760878574516 
0.033752072447543 
0.033743280334258 
0.033734502044387 
0.033725737391943 
0.033716986195134 
0.033708248276285 
0.033699523461751 
0.033690811581833 
0.033682112470698 
0.033673425966292 
0.033664751910265 
0.033656090147886 
0.033647440527965 
0.033638802902777 
0.033630177127980 
0.033621563062543 
0.033612960568669 
0.033604369511723 
0.033595789760155 
0.033587221185432 
0.033578663661966 
0.033570117067046 
0.033561581280766 
0.033553056185963 
0.033544541668146 
0.033536037615438 
0.033527543918503 
0.033519060470495 
0.033510587166986 
0.033502123905913 
0.033493670587518 
0.033485227114287 
0.033476793390899 
0.033468369324166 
0.033459954822978 
0.033451549798254 
0.033443154162889 
0.033434767831698 
0.033426390721371 
0.033418022750423 
0.033409663839144 
0.033401313909555 
0.033392972885358 
0.033384640691895 
0.033376317256101 
0.033368002506462 
0.033359696372972 
0.033351398787092 
0.033343109681710 
0.033334828991100 
0.033326556650884 
0.033318292597993 
0.033310036770633 
0.033301789108244 
0.033293549551468 
0.033285318042111 
0.033277094523112 
0.033268878938507 
0.033260671233400 
0.033252471353926 
0.033244279247224 
0.033236094861404 
0.033227918145519 
0.033219749049534 
0.033211587524298 
0.033203433521517 
0.033195286993727 
0.033187147894266 
0.033179016177247 
0.033170891797535 
0.033162774710723 
0.033154664873104 
0.033146562241650 
0.033138466773988 
0.033130378428378 
0.033122297163693 
0.033114222939392 
0.033106155715506 
0.033098095452612 
0.033090042111818 
0.033081995654741 
0.033073956043487 
0.033065923240637 
0.033057897209227 
0.033049877912731 
0.033041865315044 
0.033033859380468 
0.033025860073693 
0.033017867359785 
0.033009881204171 
0.033001901572625 
0.032993928431252 
0.032985961746477 
0.032978001485036 
0.032970047613957 
0.032962100100551 
0.032954158912406 
0.032946224017369 
0.032938295383540 
0.032930372979262 
0.032922456773111 
0.032914546733890 
0.032906642830615 
0.032898745032516 
0.032890853309020 
0.032882967629753 
0.032875087964530 
0.032867214283346 
0.032859346556378 
0.032851484753975 
0.032843628846654 
0.032835778805097 
0.032827934600150 
0.032820096202814 
0.032812263584251 
0.032804436715772 
0.032796615568843 
0.032788800115083 
0.032780990326257 
0.032773186174286 
0.032765387631239 
0.032757594669333 
0.032749807260944 
0.032742025378595 
0.032734248994970 
0.032726478082906 
0.032718712615405 
0.032710952565628 
0.032703197906908 
0.032695448612745 
0.032687704656816 
0.032679966012979 
0.032672232655274 
0.032664504557934 
0.032656781695388 
0.032649064042266 
0.032641351573406 
0.032633644263863 
0.032625942088913 
0.032618245024064 
0.032610553045059 
0.032602866127888 
0.032595184248793 
0.032587507384281 
0.032579835511128 
0.032572168606390 
0.032564506647413 
0.032556849611841 
0.032549197477626 
0.032541550223041 
0.032533907826683 
0.032526270267491 
0.032518637524750 
0.032511009578106 
0.032503386407575 
0.032495767993551 
0.032488154316821 
0.032480545358575 
0.032472941100413 
0.032465341524361 
0.032457746612879 
0.032450156348872 
0.032442570715701 
0.032434989697195 
0.032427413277661 
0.032419841441895 
0.032412274175190 
0.032404711463351 
0.032397153292702 
0.032389599650097 
0.032382050522930 
0.032374505899146 
0.032366965767249 
0.032359430116309 
0.032351898935980 
0.032344372216497 
0.032336849948694 
0.032329332124006 
0.032321818734482 
0.032314309772787 
0.032306805232218 
0.032299305106698 
0.032291809390793 
0.032284318079717 
0.032276831169332 
0.032269348656157 
0.032261870537374 
0.032254396810830 
0.032246927475040 
0.032239462529195 
0.032232001973158 
0.032224545807473 
0.032217094033361 
0.032209646652728 
0.032202203668158 
0.032194765082920 
0.032187330900963 
0.032179901126919 
0.032172475766097 
0.032165054824487 
0.032157638308750 
0.032150226226224 
0.032142818584910 
0.032135415393478 
0.032128016661253 
0.032120622398217 
0.032113232615000 
0.032105847322871 
0.032098466533735 
0.032091090260127 
0.032083718515196 
0.032076351312705 
0.032068988667016 
0.032061630593083 
0.032054277106443 
0.032046928223201 
0.032039583960023 
0.032032244334123 
0.032024909363250 
0.032017579065676 
0.032010253460185 
0.032002932566057 
0.031995616403053 
0.031988304991407 
0.031980998351804 
0.031973696505369 
0.031966399473651 
0.031959107278609 
0.031951819942592 
0.031944537488328 
0.031937259938902 
0.031929987317744 
0.031922719648609 
0.031915456955561 
0.031908199262955 
0.031900946595420 
0.031893698977841 
0.031886456435339 
0.031879218993256 
0.031871986677135 
0.031864759512701 
0.031857537525845 
0.031850320742602 
0.031843109189136 
0.031835902891718 
0.031828701876708 
0.031821506170538 
0.031814315799695 
0.031807130790693 
0.031799951170067 
0.031792776964344 
0.031785608200031 
0.031778444903592 
0.031771287101433 
0.031764134819881 
0.031756988085168 
0.031749846923408 
0.031742711360588 
0.031735581422540 
0.031728457134930 
0.031721338523236 
0.031714225612736 
0.031707118428484 
0.031700016995299 
0.031692921337743 
0.031685831480107 
0.031678747446395 
0.031671669260306 
0.031664596945218 
0.031657530524173 
0.031650470019860 
0.031643415454602 
0.031636366850336 
0.031629324228605 
0.031622287610537 
0.031615257016831 
0.031608232467746 
0.031601213983087 
0.031594201582187 
0.031587195283895 
0.031580195106564 
0.031573201068040 
0.031566213185641 
0.031559231476156 
0.031552255955819 
0.031545286640312 
0.031538323544738 
0.031531366683621 
0.031524416070887 
0.031517471719858 
0.031510533643237 
0.031503601853099 
0.031496676360881 
0.031489757177371 
0.031482844312695 
0.031475937776312 
0.031469037577002 
0.031462143722854 
0.031455256221262 
0.031448375078909 
0.031441500301764 
0.031434631895069 
0.031427769863333 
0.031420914210321 
0.031414064939047 
0.031407222051767 
0.031400385549967 
0.031393555434357 
0.031386731704866 
0.031379914360628 
0.031373103399980 
0.031366298820450 
0.031359500618753 
0.031352708790781 
0.031345923331595 
0.031339144235421 
0.031332371495639 
0.031325605104777 
0.031318845054506 
0.031312091335628 
0.031305343938071 
0.031298602850884 
0.031291868062228 
0.031285139559365 
0.031278417328656 
0.031271701355551 
0.031264991624583 
0.031258288119358 
0.031251590822551 
0.031244899715891 
0.031238214780165 
0.031231535995200 
0.031224863339858 
0.031218196792030 
0.031211536328626 
0.031204881925565 
0.031198233557772 
0.031191591199162 
0.031184954822637 
0.031178324400075 
0.031171699902318 
0.031165081299170 
0.031158468559380 
0.031151861650636 
0.031145260539555 
0.031138665191670 
0.031132075571426 
0.031125491642162 
0.031118913366107 
0.031112340704363 
0.031105773616900 
0.031099212062539 
0.031092655998944 
0.031086105382610 
0.031079560168851 
0.031073020311786 
0.031066485764328 
0.031059956478173 
0.031053432403784 
0.031046913490384 
0.031040399685934 
0.031033890937131 
0.031027387189384 
0.031020888386810 
0.031014394472213 
0.031007905387078 
0.031001421071551 
0.030994941464430 
0.030988466503151 
0.030981996123773 
0.030975530260969 
0.030969068848009 
0.030962611816750 
0.030956159097622 
0.030949710619621 
0.030943266310292 
0.030936826095721 
0.030930389900525 
0.030923957647844 
0.030917529259329 
0.030911104655139 
0.030904683753930 
0.030898266472856 
0.030891852727557 
0.030885442432165 
0.030879035499296 
0.030872631840057 
0.030866231364048 
0.030859833979366 
0.030853439592611 
0.030847048108904 
0.030840659431893 
0.030834273463774 
0.030827890105310 
0.030821509255858 
0.030815130813393 
0.030808754674545 
0.030802380734636 
0.030796008887721 
0.030789639026639 
0.030783271043070 
0.030776904827592 
0.030770540269753 
0.030764177258148 
0.030757815680503 
0.030751455423766 
0.030745096374215 
0.030738738417566 
0.030732381439099 
0.030726025323794 
0.030719669956474 
0.030713315221970 
0.030706961005287 
0.030700607191798 
0.030694253667444 
0.030687900318949 
0.030681547034059 
0.030675193701792 
0.030668840212705 
0.030662486459190 
0.030656132335771 
0.030649777739443 
0.030643422570015 
0.030637066730481 
0.030630710127414 
0.030624352671379 
0.030617994277371 
0.030611634865272 
0.030605274360340 
0.030598912693706 
0.030592549802912 
0.030586185632449 
0.030579820134338 
0.030573453268717 
0.030567085004455 
0.030560715319774 
0.030554344202901 
0.030547971652724 
0.030541597679456 
0.030535222305321 
0.030528845565236 
0.030522467507490 
0.030516088194438 
0.030509707703167 
0.030503326126170 
0.030496943571988 
0.030490560165845 
0.030484176050242 
0.030477791385521 
0.030471406350400 
0.030465021142444 
0.030458635978493 
0.030452251095029 
0.030445866748472 
0.030439483215407 
0.030433100792729 
0.030426719797702 
0.030420340567921 
0.030413963461188 
0.030407588855274 
0.030401217147578 
0.030394848754685 
0.030388484111797 
0.030382123672067 
0.030375767905810 
0.030369417299602 
0.030363072355275 
0.030356733588799 
0.030350401529068 
0.030344076716583 
0.030337759702051 
0.030331451044901 
0.030325151311729 
0.030318861074675 
0.030312580909759 
0.030306311395167 
0.030300053109518 
0.030293806630111 
0.030287572531168 
0.030281351382094 
0.030275143745755 
0.030268950176788 
0.030262771219967 
0.030256607408621 
0.030250459263119 
0.030244327289443 
0.030238211977836 
0.030232113801547 
0.030226033215693 
0.030219970656201 
0.030213926538880 
0.030207901258600 
0.030201895188587 
0.030195908679833 
0.030189942060621 
0.030183995636168 
0.030178069688372 
0.030172164475674 
0.030166280233025 
0.030160417171942 
0.030154575480675 
0.030148755324444 
0.030142956845772 
0.030137180164891 
0.030131425380209 
0.030125692568854 
0.030119981787258 
0.030114293071803 
0.030108626439502 
0.030102981888719 
0.030097359399917 
0.030091758936431 
0.030086180445262 
0.030080623857874 
0.030075089091014 
0.030069576047521 
0.030064084617144 
0.030058614677345 
0.030053166094108 
0.030047738722719 
0.030042332408547 
0.030036946987795 
0.030031582288242 
0.030026238129959 
0.030020914326001 
0.030015610683080 
0.030010327002208 
0.030005063079318 
0.029999818705853 
0.029994593669337 
0.029989387753915 
0.029984200740861 
0.029979032409067 
0.029973882535503 
0.029968750895645 
0.029963637263891 
0.029958541413935 
0.029953463119130 
0.029948402152821 
0.029943358288655 
0.029938331300873 
0.029933320964573 
0.029928327055959 
0.029923349352571 
0.029918387633488 
0.029913441679523 
0.029908511273391 
0.029903596199874 
0.029898696245955 
0.029893811200946 
0.029888940856606 
0.029884085007236 
0.029879243449772 
0.029874415983856 
0.029869602411904 
0.029864802539165 
0.029860016173764 
0.029855243126740 
0.029850483212078 
0.029845736246728 
0.029841002050624 
0.029836280446689 
0.029831571260841 
0.029826874321991 
0.029822189462031 
0.029817516515828 
0.029812855321205 
0.029808205718922 
0.029803567552651 
0.029798940668951 
0.029794324917244 
0.029789720149775 
0.029785126221586 
0.029780542990473 
0.029775970316959 
0.029771408064248 
0.029766856098185 
0.029762314287223 
0.029757782502372 
0.029753260617163 
0.029748748507602 
0.029744246052129 
0.029739753131575 
0.029735269629111 
0.029730795430217 
0.029726330422626 
0.029721874496288 
0.029717427543323 
0.029712989457980 
0.029708560136591 
0.029704139477534 
0.029699727381183 
0.029695323749874 
0.029690928487859 
0.029686541501268 
0.029682162698067 
0.029677791988020 
0.029673429282652 
0.029669074495205 
0.029664727540608 
0.029660388335434 
0.029656056797867 
0.029651732847665 
0.029647416406129 
0.029643107396062 
0.029638805741742 
0.029634511368887 
0.029630224204619 
0.029625944177442 
0.029621671217201 
0.029617405255058 
0.029613146223462 
0.029608894056119 
0.029604648687963 
0.029600410055130 
0.029596178094933 
0.029591952745833 
0.029587733947412 
0.029583521640353 
0.029579315766411 
0.029575116268391 
0.029570923090124 
0.029566736176445 
0.029562555473171 
0.029558380927078 
0.029554212485880 
0.029550050098209 
0.029545893713595 
0.029541743282445 
0.029537598756024 
0.029533460086438 
0.029529327226613 
0.029525200130279 
0.029521078751951 
0.029516963046912 
0.029512852971199 
0.029508748481583 
0.029504649535555 
0.029500556091310 
0.029496468107731 
0.029492385544376 
0.029488308361463 
0.029484236519854 
0.029480169981043 
0.029476108707142 
0.029472052660869 
0.029468001805533 
0.029463956105021 
0.029459915523790 
0.029455880026849 
0.029451849579751 
0.029447824148583 
0.029443803699951 
0.029439788200971 
0.029435777619257 
0.029431771922913 
0.029427771080520 
0.029423775061129 
0.029419783834247 
0.029415797369833 
0.029411815638283 
0.029407838610426 
0.029403866257513 
0.029399898551205 
0.029395935463569 
0.029391976967069 
0.029388023034557 
0.029384073639265 
0.029380128754796 
0.029376188355119 
0.029372252414561 
0.029368320907798 
0.029364393809849 
0.029360471096070 
0.029356552742146 
0.029352638724084 
0.029348729018208 
0.029344823601150 
0.029340922449850 
0.029337025541541 
0.029333132853749 
0.029329244364288 
0.029325360051249 
0.029321479893000 
0.029317603868178 
0.029313731955683 
0.029309864134674 
0.029306000384566 
0.029302140685019 
0.029298285015939 
0.029294433357471 
0.029290585689996 
0.029286741994122 
0.029282902250685 
0.029279066440742 
0.029275234545566 
0.029271406546643 
0.029267582425670 
0.029263762164546 
0.029259945745373 
0.029256133150448 
0.029252324362265 
0.029248519363505 
0.029244718137037 
0.029240920665911 
0.029237126933358 
0.029233336922785 
0.029229550617773 
0.029225768002069 
0.029221989059590 
0.029218213774417 
0.029214442130789 
0.029210674113104 
0.029206909705916 
0.029203148893929 
0.029199391661998 
0.029195637995123 
0.029191887878452 
0.029188141297269 
0.029184398237000 
0.029180658683209 
0.029176922621591 
0.029173190037977 
0.029169460918323 
0.029165735248716 
0.029162013015366 
0.029158294204608 
0.029154578802896 
0.029150866796803 
0.029147158173021 
0.029143452918355 
0.029139751019724 
0.029136052464158 
0.029132357238796 
0.029128665330883 
0.029124976727774 
0.029121291416923 
0.029117609385891 
0.029113930622335 
0.029110255114015 
0.029106582848787 
0.029102913814602 
0.029099247999506 
0.029095585391638 
0.029091925979229 
0.029088269750600 
0.029084616694159 
0.029080966798402 
0.029077320051913 
0.029073676443358 
0.029070035961487 
0.029066398595132 
0.029062764333207 
0.029059133164704 
0.029055505078694 
0.029051880064325 
0.029048258110822 
0.029044639207484 
0.029041023343684 
0.029037410508869 
0.029033800692556 
0.029030193884334 
0.029026590073861 
0.029022989250864 
0.029019391405138 
0.029015796526545 
0.029012204605012 
0.029008615630532 
0.029005029593161 
0.029001446483020 
0.028997866290290 
0.028994289005213 
0.028990714618096 
0.028987143119301 
0.028983574499252 
0.028980008748430 
0.028976445857372 
0.028972885816676 
0.028969328616991 
0.028965774249026 
0.028962222703539 
0.028958673971346 
0.028955128043315 
0.028951584910367 
0.028948044563472 
0.028944506993655 
0.028940972191988 
0.028937440149595 
0.028933910857648 
0.028930384307368 
0.028926860490025 
0.028923339396933 
0.028919821019457 
0.028916305349005 
0.028912792377033 
0.028909282095041 
0.028905774494572 
0.028902269567216 
0.028898767304603 
0.028895267698410 
0.028891770740353 
0.028888276422191 
0.028884784735725 
0.028881295672796 
0.028877809225287 
0.028874325385119 
0.028870844144253 
0.028867365494691 
0.028863889428471 
0.028860415937670 
0.028856945014403 
0.028853476650822 
0.028850010839116 
0.028846547571510 
0.028843086840265 
0.028839628637678 
0.028836172956081 
0.028832719787841 
0.028829269125359 
0.028825820961068 
0.028822375287440 
0.028818932096974 
0.028815491382206 
0.028812053135702 
0.028808617350061 
0.028805184017915 
0.028801753131925 
0.028798324684785 
0.028794898669217 
0.028791475077977 
0.028788053903847 
0.028784635139643 
0.028781218778205 
0.028777804812408 
0.028774393235149 
0.028770984039359 
0.028767577217993 
0.028764172764037 
0.028760770670501 
0.028757370930425 
0.028753973536873 
0.028750578482937 
0.028747185761735 
0.028743795366411 
0.028740407290133 
0.028737021526096 
0.028733638067520 
0.028730256907647 
0.028726878039746 
0.028723501457110 
0.028720127153053 
0.028716755120916 
0.028713385354060 
0.028710017845873 
0.028706652589761 
0.028703289579156 
0.028699928807509 
0.028696570268296 
0.028693213955012 
0.028689859861175 
0.028686507980323 
0.028683158306015 
0.028679810831832 
0.028676465551373 
0.028673122458258 
0.028669781546127 
0.028666442808639 
0.028663106239473 
0.028659771832326 
0.028656439580915 
0.028653109478974 
0.028649781520256 
0.028646455698533 
0.028643132007592 
0.028639810441242 
0.028636490993305 
0.028633173657622 
0.028629858428050 
0.028626545298465 
0.028623234262755 
0.028619925314828 
0.028616618448607 
0.028613313658029 
0.028610010937047 
0.028606710279631 
0.028603411679764 
0.028600115131445 
0.028596820628685 
0.028593528165512 
0.028590237735968 
0.028586949334108 
0.028583662953998 
0.028580378589722 
0.028577096235375 
0.028573815885064 
0.028570537532910 
0.028567261173046 
0.028563986799617 
0.028560714406780 
0.028557443988705 
0.028554175539572 
0.028550909053574 
0.028547644524912 
0.028544381947802 
0.028541121316468 
0.028537862625145 
0.028534605868078 
0.028531351039524 
0.028528098133748 
0.028524847145024 
0.028521598067637 
0.028518350895881 
0.028515105624057 
0.028511862246477 
0.028508620757463 
0.028505381151339 
0.028502143422445 
0.028498907565123 
0.028495673573725 
0.028492441442610 
0.028489211166146 
0.028485982738705 
0.028482756154668 
0.028479531408421 
0.028476308494360 
0.028473087406882 
0.028469868140393 
0.028466650689305 
0.028463435048035 
0.028460221211005 
0.028457009172641 
0.028453798927378 
0.028450590469651 
0.028447383793901 
0.028444178894576 
0.028440975766124 
0.028437774402999 
0.028434574799658 
0.028431376950562 
0.028428180850176 
0.028424986492967 
0.028421793873404 
0.028418602985959 
0.028415413825108 
0.028412226385329 
0.028409040661098 
0.028405856646899 
0.028402674337212 
0.028399493726522 
0.028396314809313 
0.028393137580073 
0.028389962033286 
0.028386788163440 
0.028383615965022 
0.028380445432519 
0.028377276560420 
0.028374109343211 
0.028370943775378 
0.028367779851409 
0.028364617565786 
0.028361456912994 
0.028358297887515 
0.028355140483831 
0.028351984696419 
0.028348830519758 
0.028345677948322 
0.028342526976584 
0.028339377599013 
0.028336229810077 
0.028333083604240 
0.028329938975963 
0.028326795919703 
0.028323654429915 
0.028320514501049 
0.028317376127551 
0.028314239303862 
0.028311104024420 
0.028307970283659 
0.028304838076006 
0.028301707395885 
0.028298578237714 
0.028295450595904 
0.028292324464864 
0.028289199838994 
0.028286076712689 
0.028282955080339 
0.028279834936325 
0.028276716275025 
0.028273599090806 
0.028270483378032 
0.028267369131057 
0.028264256344229 
0.028261145011889 
0.028258035128369 
0.028254926687992 
0.028251819685077 
0.028248714113931 
0.028245609968854 
0.028242507244136 
0.028239405934060 
0.028236306032900 
0.028233207534919 
0.028230110434372 
0.028227014725504 
0.028223920402551 
0.028220827459736 
0.028217735891277 
0.028214645691379 
0.028211556854234 
0.028208469374029 
0.028205383244936 
0.028202298461117 
0.028199215016725 
0.028196132905897 
0.028193052122766 
0.028189972661446 
0.028186894516043 
0.028183817680651 
0.028180742149350 
0.028177667916212 
0.028174594975291 
0.028171523320634 
0.028168452946271 
0.028165383846221 
0.028162316014492 
0.028159249445077 
0.028156184131955 
0.028153120069093 
0.028150057250444 
0.028146995669949 
0.028143935321533 
0.028140876199108 
0.028137818296575 
0.028134761607815 
0.028131706126700 
0.028128651847086 
0.028125598762813 
0.028122546867711 
0.028119496155590 
0.028116446620249 
0.028113398255471 
0.028110351055025 
0.028107305012663 
0.028104260122125 
0.028101216377133 
0.028098173771396 
0.028095132298607 
0.028092091952443 
0.028089052726566 
0.028086014614623 
0.028082977610245 
0.028079941707049 
0.028076906898635 
0.028073873178585 
0.028070840540471 
0.028067808977844 
0.028064778484241 
0.028061749053185 
0.028058720678180 
0.028055693352717 
0.028052667070270 
0.028049641824296 
0.028046617608237 
0.028043594415521 
0.028040572239556 
0.028037551073738 
0.028034530911445 
0.028031511746038 
0.028028493570867 
0.028025476379260 
0.028022460164533 
0.028019444919986 
0.028016430638901 
0.028013417314547 
0.028010404940175 
0.028007393509022 
0.028004383014309 
0.028001373449240 
0.027998364807006 
0.027995357080780 
0.027992350263722 
0.027989344348975 
0.027986339329667 
0.027983335198912 
0.027980331949807 
0.027977329575437 
0.027974328068868 
0.027971327423154 
0.027968327631334 
0.027965328686432 
0.027962330581458 
0.027959333309406 
0.027956336863258 
0.027953341235980 
0.027950346420524 
0.027947352409830 
0.027944359196821 
0.027941366774409 
0.027938375135491 
0.027935384272951 
0.027932394179660 
0.027929404848475 
0.027926416272239 
0.027923428443786 
0.027920441355932 
0.027917455001484 
0.027914469373235 
0.027911484463965 
0.027908500266443 
0.027905516773427 
0.027902533977658 
0.027899551871872 
0.027896570448788 
0.027893589701114 
0.027890609621550 
0.027887630202781 
0.027884651437482 
0.027881673318317 
0.027878695837940 
0.027875718988993 
0.027872742764106 
0.027869767155902 
0.027866792156990 
0.027863817759970 
0.027860843957432 
0.027857870741955 
0.027854898106108 
0.027851926042452 
0.027848954543535 
0.027845983601897 
0.027843013210068 
0.027840043360568 
0.027837074045907 
0.027834105258586 
0.027831136991095 
0.027828169235917 
0.027825201985523 
0.027822235232375 
0.027819268968927 
0.027816303187620 
0.027813337880890 
0.027810373041160 
0.027807408660843 
0.027804444732345 
0.027801481248061 
0.027798518200374 
0.027795555581660 
0.027792593384283 
0.027789631600597 
0.027786670222946 
0.027783709243664 
0.027780748655073 
0.027777788449485 
0.027774828619200 
0.027771869156507 
0.027768910053684 
0.027765951302996 
0.027762992896697 
0.027760034827029 
0.027757077086219 
0.027754119666482 
0.027751162560020 
0.027748205759022 
0.027745249255661 
0.027742293042098 
0.027739337110474 
0.027736381452921 
0.027733426061550 
0.027730470928459 
0.027727516045726 
0.027724561405415 
0.027721606999569 
0.027718652820216 
0.027715698859361 
0.027712745108991 
0.027709791561074 
0.027706838207556 
0.027703885040361 
0.027700932051391 
0.027697979232528 
0.027695026575625 
0.027692074072515 
0.027689121715005 
0.027686169494876 
0.027683217403884 
0.027680265433754 
0.027677313576188 
0.027674361822856 
0.027671410165400 
0.027668458595431 
0.027665507104529 
0.027662555684244 
0.027659604326090 
0.027656653021550 
0.027653701762074 
0.027650750539074 
0.027647799343929 
0.027644848167979 
0.027641897002530 
0.027638945838846 
0.027635994668156 
0.027633043481648 
0.027630092270471 
0.027627141025732 
0.027624189738497 
0.027621238399793 
0.027618287000599 
0.027615335531855 
0.027612383984458 
0.027609432349260 
0.027606480617069 
0.027603528778648 
0.027600576824715 
0.027597624745945 
0.027594672532967 
0.027591720176363 
0.027588767666673 
0.027585814994391 
0.027582862149966 
0.027579909123802 
0.027576955906260 
0.027574002487658 
0.027571048858267 
0.027568095008322 
0.027565140928013 
0.027562186607489 
0.027559232036862 
0.027556277206205 
0.027553322105555 
0.027550366724913 
0.027547411054248 
0.027544455083497 
0.027541498802566 
0.027538542201338 
0.027535585269667 
0.027532627997389 
0.027529670374319 
0.027526712390256 
0.027523754034986 
0.027520795298286 
0.027517836169928 
0.027514876639682 
0.027511916697320 
0.027508956332622 
0.027505995535381 
0.027503034295402 
0.027500072602518 
0.027497110446586 
0.027494147817496 
0.027491184705178 
0.027488221099609 
0.027485256990815 
0.027482292368885 
0.027479327223970 
0.027476361546299 
0.027473395326180 
0.027470428554010 
0.027467461220287 
0.027464493315613 
0.027461524830706 
0.027458555756411 
0.027455586083704 
0.027452615803707 
0.027449644907696 
0.027446673387113 
0.027443701233571 
0.027440728438873 
0.027437754995017 
0.027434780894209 
0.027431806128876 
0.027428830691677 
0.027425854575511 
0.027422877773538 
0.027419900279179 
0.027416922086141 
0.027413943188420 
0.027410963580318 
0.027407983256454 
0.027405002211779 
0.027402020441584 
0.027399037941518 
0.027396054707598 
0.027393070736220 
0.027390086024174 
0.027387100568658 
0.027384114367284 
0.027381127418095 
0.027378139719575 
0.027375151270663 
0.027372162070759 
0.027369172119739 
0.027366181417966 
0.027363189966296 
0.027360197766092 
0.027357204819230 
0.027354211128109 
0.027351216695660 
0.027348221525351 
0.027345225621196 
0.027342228987764 
0.027339231630176 
0.027336233554118 
0.027333234765843 
0.027330235272172 
0.027327235080500 
0.027324234198796 
0.027321232635601 
0.027318230400037 
0.027315227501795 
0.027312223951141 
0.027309219758913 
0.027306214936511 
0.027303209495902 
0.027300203449608 
0.027297196810701 
0.027294189592799 
0.027291181810054 
0.027288173477143 
0.027285164609264 
0.027282155222118 
0.027279145331899 
0.027276134955288 
0.027273124109431 
0.027270112811930 
0.027267101080825 
0.027264088934583 
0.027261076392077 
0.027258063472573 
0.027255050195710 
0.027252036581482 
0.027249022650221 
0.027246008422575 
0.027242993919491 
0.027239979162195 
0.027236964172169 
0.027233948971134 
0.027230933581025 
0.027227918023971 
0.027224902322277 
0.027221886498399 
0.027218870574921 
0.027215854574539 
0.027212838520032 
0.027209822434249 
0.027206806340080 
0.027203790260437 
0.027200774218237 
0.027197758236376 
0.027194742337708 
0.027191726545031 
0.027188710881060 
0.027185695368412 
0.027182680029586 
0.027179664886940 
0.027176649962681 
0.027173635278840 
0.027170620857258 
0.027167606719570 
0.027164592887186 
0.027161579381278 
0.027158566222764 
0.027155553432295 
0.027152541030237 
0.027149529036665 
0.027146517471343 
0.027143506353718 
0.027140495702905 
0.027137485537678 
0.027134475876457 
0.027131466737307 
0.027128458137917 
0.027125450095602 
0.027122442627291 
0.027119435749518 
0.027116429478423 
0.027113423829737 
0.027110418818783 
0.027107414460470 
0.027104410769285 
0.027101407759296 
0.027098405444143 
0.027095403837038 
0.027092402950764 
0.027089402797669 
0.027086403389668 
0.027083404738242 
0.027080406854437 
0.027077409748861 
0.027074413431690 
0.027071417912665 
0.027068423201093 
0.027065429305848 
0.027062436235374 
0.027059443997685 
0.027056452600372 
0.027053462050597 
0.027050472355103 
0.027047483520216 
0.027044495551842 
0.027041508455479 
0.027038522236214 
0.027035536898729 
0.027032552447305 
0.027029568885826 
0.027026586217783 
0.027023604446279 
0.027020623574030 
0.027017643603377 
0.027014664536280 
0.027011686374333 
0.027008709118764 
0.027005732770438 
0.027002757329867 
0.026999782797211 
0.026996809172286 
0.026993836454566 
0.026990864643191 
0.026987893736972 
0.026984923734396 
0.026981954633630 
0.026978986432528 
0.026976019128637 
0.026973052719201 
0.026970087201167 
0.026967122571192 
0.026964158825647 
0.026961195960621 
0.026958233971933 
0.026955272855129 
0.026952312605497 
0.026949353218064 
0.026946394687607 
0.026943437008660 
0.026940480175513 
0.026937524182228 
0.026934569022634 
0.026931614690343 
0.026928661178747 
0.026925708481031 
0.026922756590177 
0.026919805498966 
0.026916855199992 
0.026913905685660 
0.026910956948199 
0.026908008979662 
0.026905061771940 
0.026902115316760 
0.026899169605699 
0.026896224630182 
0.026893280381499 
0.026890336850800 
0.026887394029115 
0.026884451907347 
0.026881510476289 
0.026878569726624 
0.026875629648937 
0.026872690233719 
0.026869751471376 
0.026866813352233 
0.026863875866545 
0.026860939004501 
0.026858002756234 
0.026855067111827 
0.026852132061319 
0.026849197594715 
0.026846263701994 
0.026843330373113 
0.026840397598020 
0.026837465366656 
0.026834533668966 
0.026831602494910 
0.026828671834464 
0.026825741677633 
0.026822812014459 
0.026819882835028 
0.026816954129476 
0.026814025888001 
0.026811098100872 
0.026808170758431 
0.026805243851109 
0.026802317369430 
0.026799391304021 
0.026796465645619 
0.026793540385081 
0.026790615513392 
0.026787691021674 
0.026784766901192 
0.026781843143368 
0.026778919739782 
0.026775996682187 
0.026773073962512 
0.026770151572874 
0.026767229505588 
0.026764307753168 
0.026761386308342 
0.026758465164057 
0.026755544313487 
0.026752623750043 
0.026749703467377 
0.026746783459392 
0.026743863720251 
0.026740944244378 
0.026738025026474 
0.026735106061517 
0.026732187344772 
0.026729268871795 
0.026726350638445 
0.026723432640882 
0.026720514875578 
0.026717597339325 
0.026714680029233 
0.026711762942743 
0.026708846077626 
0.026705929431989 
0.026703013004282 
0.026700096793301 
0.026697180798189 
0.026694265018441 
0.026691349453908 
0.026688434104800 
0.026685518971686 
0.026682604055496 
0.026679689357525 
0.026676774879436 
0.026673860623253 
0.026670946591369 
0.026668032786543 
0.026665119211901 
0.026662205870934 
0.026659292767500 
0.026656379905815 
0.026653467290462 
0.026650554926379 
0.026647642818865 
0.026644730973566 
0.026641819396485 
0.026638908093967 
0.026635997072700 
0.026633086339712 
0.026630175902361 
0.026627265768335 
0.026624355945641 
0.026621446442605 
0.026618537267861 
0.026615628430346 
0.026612719939295 
0.026609811804230 
0.026606904034955 
0.026603996641548 
0.026601089634353 
0.026598183023969 
0.026595276821245 
0.026592371037270 
0.026589465683363 
0.026586560771066 
0.026583656312129 
0.026580752318509 
0.026577848802352 
0.026574945775990 
0.026572043251926 
0.026569141242824 
0.026566239761503 
0.026563338820922 
0.026560438434174 
0.026557538614471 
0.026554639375137 
0.026551740729595 
0.026548842691360 
0.026545945274026 
0.026543048491254 
0.026540152356766 
0.026537256884332 
0.026534362087759 
0.026531467980885 
0.026528574577563 
0.026525681891658 
0.026522789937028 
0.026519898727524 
0.026517008276977 
0.026514118599185 
0.026511229707909 
0.026508341616861 
0.026505454339696 
0.026502567890007 
0.026499682281308 
0.026496797527034 
0.026493913640531 
0.026491030635046 
0.026488148523721 
0.026485267319588 
0.026482387035559 
0.026479507684417 
0.026476629278818 
0.026473751831275 
0.026470875354161 
0.026467999859694 
0.026465125359940 
0.026462251866804 
0.026459379392022 
0.026456507947164 
0.026453637543624 
0.026450768192614 
0.026447899905169 
0.026445032692133 
0.026442166564162 
0.026439301531720 
0.026436437605075 
0.026433574794295 
0.026430713109250 
0.026427852559605 
0.026424993154823 
0.026422134904159 
0.026419277816660 
0.026416421901165 
0.026413567166302 
0.026410713620491 
0.026407861271937 
0.026405010128638 
0.026402160198375 
0.026399311488722 
0.026396464007038 
0.026393617760474 
0.026390772755968 
0.026387929000249 
0.026385086499838 
0.026382245261047 
0.026379405289981 
0.026376566592542 
0.026373729174426 
0.026370893041129 
0.026368058197945 
0.026365224649969 
0.026362392402102 
0.026359561459049 
0.026356731825323 
0.026353903505249 
0.026351076502962 
0.026348250822414 
0.026345426467374 
0.026342603441432 
0.026339781748001 
0.026336961390322 
0.026334142371461 
0.026331324694319 
0.026328508361631 
0.026325693375971 
0.026322879739752 
0.026320067455233 
0.026317256524519 
0.026314446949568 
0.026311638732189 
0.026308831874051 
0.026306026376680 
0.026303222241469 
0.026300419469677 
0.026297618062431 
0.026294818020736 
0.026292019345470 
0.026289222037394 
0.026286426097152 
0.026283631525274 
0.026280838322180 
0.026278046488186 
0.026275256023502 
0.026272466928240 
0.026269679202413 
0.026266892845944 
0.026264107858662 
0.026261324240311 
0.026258541990549 
0.026255761108956 
0.026252981595029 
0.026250203448195 
0.026247426667806 
0.026244651253145 
0.026241877203430 
0.026239104517815 
0.026236333195390 
0.026233563235190 
0.026230794636196 
0.026228027397332 
0.026225261517473 
0.026222496995450 
0.026219733830042 
0.026216972019990 
0.026214211563992 
0.026211452460706 
0.026208694708758 
0.026205938306736 
0.026203183253197 
0.026200429546668 
0.026197677185646 
0.026194926168605 
0.026192176493991 
0.026189428160229 
0.026186681165722 
0.026183935508854 
0.026181191187988 
0.026178448201474 
0.026175706547646 
0.026172966224823 
0.026170227231310 
0.026167489565402 
0.026164753225384 
0.026162018209532 
0.026159284516111 
0.026156552143381 
0.026153821089593 
0.026151091352995 
0.026148362931828 
0.026145635824329 
0.026142910028730 
0.026140185543261 
0.026137462366149 
0.026134740495618 
0.026132019929891 
0.026129300667186 
0.026126582705724 
0.026123866043720 
0.026121150679391 
0.026118436610950 
0.026115723836611 
0.026113012354587 
0.026110302163086 
0.026107593260318 
0.026104885644489 
0.026102179313804 
0.026099474266466 
0.026096770500674 
0.026094068014627 
0.026091366806514 
0.026088666874526 
0.026085968216848 
0.026083270831659 
0.026080574717132 
0.026077879871435 
0.026075186292727 
0.026072493979163 
0.026069802928885 
0.026067113140028 
0.026064424610717 
0.026061737339068 
0.026059051323180 
0.026056366561144 
0.026053683051037 
0.026051000790920 
0.026048319778839 
0.026045640012825 
0.026042961490889 
0.026040284211027 
0.026037608171213 
0.026034933369401 
0.026032259803525 
0.026029587471495 
0.026026916371198 
0.026024246500495 
0.026021577857224 
0.026018910439194 
0.026016244244185 
0.026013579269951 
0.026010915514213 
0.026008252974662 
0.026005591648956 
0.026002931534719 
0.026000272629542 
0.025997614930977 
0.025994958436542 
0.025992303143715 
0.025989649049936 
0.025986996152603 
0.025984344449076 
0.025981693936666 
0.025979044612648 
0.025976396474247 
0.025973749518644 
0.025971103742972 
0.025968459144316 
0.025965815719715 
0.025963173466153 
0.025960532380568 
0.025957892459842 
0.025955253700804 
0.025952616100232 
0.025949979654845 
0.025947344361309 
0.025944710216230 
0.025942077216160 
0.025939445357589 
0.025936814636945 
0.025934185050601 
0.025931556594865 
0.025928929265982 
0.025926303060134 
0.025923677973439 
0.025921054001951 
0.025918431141657 
0.025915809388476 
0.025913188738263 
0.025910569186800 
0.025907950729805 
0.025905333362923 
0.025902717081729 
0.025900101881728 
0.025897487758350 
0.025894874706958 
0.025892262722836 
0.025889651801197 
0.025887041937180 
0.025884433125846 
0.025881825362182 
0.025879218641100 
0.025876612957432 
0.025874008305934 
0.025871404681285 
0.025868802078082 
0.025866200490846 
0.025863599914015 
0.025861000341951 
0.025858401768932 
0.025855804189154 
0.025853207596734 
0.025850611985704 
0.025848017350015 
0.025845423683535 
0.025842830980045 
0.025840239233245 
0.025837648436751 
0.025835058584090 
0.025832469668707 
0.025829881683960 
0.025827294623120 
0.025824708479371 
0.025822123245811 
0.025819538915450 
0.025816955481210 
0.025814372935923 
0.025811791272333 
0.025809210483097 
0.025806630560780 
0.025804051497855 
0.025801473286710 
0.025798895919637 
0.025796319388840 
0.025793743686429 
0.025791168804424 
0.025788594734750 
0.025786021469242 
0.025783448999640 
0.025780877317590 
0.025778306414645 
0.025775736282262 
0.025773166911805 
0.025770598294541 
0.025768030421643 
0.025765463284185 
0.025762896873146 
0.025760331179408 
0.025757766193755 
0.025755201906873 
0.025752638309349 
0.025750075391670 
0.025747513144227 
0.025744951557308 
0.025742390621099 
0.025739830325689 
0.025737270661064 
0.025734711617107 
0.025732153183597 
0.025729595350214 
0.025727038106529 
0.025724481442012 
0.025721925346028 
0.025719369807834 
0.025716814816584 
0.025714260361322 
0.025711706430987 
0.025709153014408 
0.025706600100306 
0.025704047677292 
0.025701495733867 
0.025698944258422 
0.025696393239234 
0.025693842664470 
0.025691292522182 
0.025688742800307 
0.025686193486671 
0.025683644568980 
0.025681096034827 
0.025678547871685 
0.025676000066911 
0.025673452607739 
0.025670905481289 
0.025668358674554 
0.025665812174408 
0.025663265967603 
0.025660720040765 
0.025658174380397 
0.025655628972873 
0.025653083804443 
0.025650538861228 
0.025647994129219 
0.025645449594278 
0.025642905242136 
0.025640361058388 
0.025637817028499 
0.025635273137799 
0.025632729371478 
0.025630185714593 
0.025627642152059 
0.025625098668653 
0.025622555249010 
0.025620011877622 
0.025617468538837 
0.025614925216858 
0.025612381895741 
0.025609838559395 
0.025607295191574 
0.025604751775887 
0.025602208295788 
0.025599664734575 
0.025597121075392 
0.025594577301225 
0.025592033394901 
0.025589489339084 
0.025586945116280 
0.025584400708826 
0.025581856098896 
0.025579311268495 
0.025576766199459 
0.025574220873453 
0.025571675271968 
0.025569129376320 
0.025566583167648 
0.025564036626911 
0.025561489734890 
0.025558942472180 
0.025556394819194 
0.025553846756153 
0.025551298263094 
0.025548749319859 
0.025546199906100 
0.025543650001269 
0.025541099584624 
0.025538548635220 
0.025535997131911 
0.025533445053345 
0.025530892377964 
0.025528339083999 
0.025525785149469 
0.025523230552180 
0.025520675269719 
0.025518119279453 
0.025515562558527 
0.025513005083863 
0.025510446832154 
0.025507887779860 
0.025505327903213 
0.025502767178204 
0.025500205580587 
0.025497643085876 
0.025495079669338 
0.025492515305994 
0.025489949970613 
0.025487383637710 
0.025484816281545 
0.025482247876115 
0.025479678395157 
0.025477107812140 
0.025474536100261 
0.025471963232449 
0.025469389181350 
0.025466813919335 
0.025464237418490 
0.025461659650611 
0.025459080587207 
0.025456500199490 
0.025453918458375 
0.025451335334474 
0.025448750798094 
0.025446164819230 
0.025443577367566 
0.025440988412465 
0.025438397922970 
0.025435805867798 
0.025433212215333 
0.025430616933626 
0.025428019990389 
0.025425421352989 
0.025422820988445 
0.025420218863424 
0.025417614944232 
0.025415009196817 
0.025412401586757 
0.025409792079259 
0.025407180639152 
0.025404567230881 
0.025401951818507 
0.025399334365695 
0.025396714835713 
0.025394093191425 
0.025391469395286 
0.025388843409335 
0.025386215195191 
0.025383584714046 
0.025380951926659 
0.025378316793351 
0.025375679273999 
0.025373039328027 
0.025370396914402 
0.025367751991628 
0.025365104517737 
0.025362454450286 
0.025359801746345 
0.025357146362495 
0.025354488254819 
0.025351827378892 
0.025349163689782 
0.025346497142033 
0.025343827689663 
0.025341155286154 
0.025338479884449 
0.025335801436938 
0.025333119895453 
0.025330435211261 
0.025327747335055 
0.025325056216945 
0.025322361806452 
0.025319664052495 
0.025316962903390 
0.025314258306837 
0.025311550209908 
0.025308838559048 
0.025306123300057 
0.025303404378088 
0.025300681737635 
0.025297955322524 
0.025295225075908 
0.025292490940255 
0.025289752857343 
0.025287010768247 
0.025284264613334 
0.025281514332257 
0.025278759863942 
0.025276001146584 
0.025273238117639 
0.025270470713814 
0.025267698871066 
0.025264922524590 
0.025262141608816 
0.025259356057402 
0.025256565803230 
0.025253770778402 
0.025250970914234 
0.025248166141255 
0.025245356389204 
0.025242541587030 
0.025239721662888 
0.025236896544145 
0.025234066157377 
0.025231230428376 
0.025228389282151 
0.025225542642937 
0.025222690434203 
0.025219832578659 
0.025216968998269 
0.025214099614266 
0.025211224347164 
0.025208343116782 
0.025205455842261 
0.025202562442089 
0.025199662834127 
0.025196756935643 
0.025193844663340 
0.025190925933401 
0.025188000661522 
0.025185068762967 
0.025182130152611 
0.025179184744999 
0.025176232454406 
0.025173273194905 
0.025170306880436 
0.025167333424883 
0.025164352742165 
0.025161364746321 
0.025158369351610 
0.025155366472623 
0.025152356024387 
0.025149337922499 
0.025146312083246 
0.025143278423758 
0.025140236862146 
0.025137187317669 
0.025134129710903 
0.025131063963919 
0.025127990000476 
0.025124907746225 
0.025121817128921 
0.025118718078645 
0.025115610528049 
0.025112494412600 
0.025109369670841 
0.025106236244665 
0.025103094079602 
0.025099943125114 
0.025096783334903 
0.025093614667235 
0.025090437085265 
0.025087250557386 
0.025084055057572 
0.025080850565746 
0.025077637068143 
0.025074414557691 
0.025071183034386 
0.025067942505687 
0.025064692986897 
0.025061434501563 
0.025058167081861 
0.025054890768985 
0.025051605613536 
0.025048311675899 
0.025045009026611 
0.025041697746720 
0.025038377928128 
0.025035049673921 
0.025031713098675 
0.025028368328742 
0.025025015502510 
0.025021654770633 
0.025018286296235 
0.025014910255071 
0.025011526835661 
0.025008136239376 
0.025004738680488 
0.025001334386173 
0.024997923596463 
0.024994506564160 
0.024991083554688 
0.024987654845904 
0.024984220727851 
0.024980781502459 
0.024977337483198 
0.024973888994669 
0.024970436372156 
0.024966979961122 
0.024963520116651 
0.024960057202856 
0.024956591592233 
0.024953123664980 
0.024949653808277 
0.024946182415532 
0.024942709885598 
0.024939236621969 
0.024935763031945 
0.024932289525797 
0.024928816515901 
0.024925344415887 
0.024921873639769 
0.024918404601092 
0.024914937712077 
0.024911473382786 
0.024908012020303 
0.024904554027932 
0.024901099804430 
0.024897649743259 
0.024894204231877 
0.024890763651061 
0.024887328374272 
0.024883898767054 
0.024880475186482 
0.024877057980645 
0.024873647488183 
0.024870244037855 
0.024866847948170 
0.024863459527048 
0.024860079071530 
0.024856706867538 
0.024853343189669 
0.024849988301032 
0.024846642453137 
0.024843305885805 
0.024839978827126 
0.024836661493456 
0.024833354089431 
0.024830056808030 
0.024826769830658 
0.024823493327255 
0.024820227456433 
0.024816972365638 
0.024813728191326 
0.024810495059161 
0.024807273084233 
0.024804062371285 
0.024800863014953 
0.024797675100024 
0.024794498701696 
0.024791333885849 
0.024788180709321 
0.024785039220190 
0.024781909458059 
0.024778791454345 
0.024775685232566 
0.024772590808629 
0.024769508191125 
0.024766437381607 
0.024763378374882 
0.024760331159288 
0.024757295716977 
0.024754272024184 
0.024751260051499 
0.024748259764132 
0.024745271122174 
0.024742294080846 
0.024739328590750 
0.024736374598113 
0.024733432045015 
0.024730500869626 
0.024727581006425 
0.024724672386416 
0.024721774937339 
0.024718888583874 
0.024716013247831 
0.024713148848350 
0.024710295302077 
0.024707452523342 
0.024704620424335 
0.024701798915265 
0.024698987904518 
0.024696187298817 
0.024693397003359 
0.024690616921962 
0.024687846957198 
0.024685087010525 
0.024682336982406 
0.024679596772435 
0.024676866279445 
0.024674145401619 
0.024671434036596 
0.024668732081570 
0.024666039433383 
0.024663355988615 
0.024660681643674 
0.024658016294877 
0.024655359838525 
0.024652712170980 
0.024650073188737 
0.024647442788488 
0.024644820867186 
0.024642207322107 
0.024639602050904 
0.024637004951664 
0.024634415922956 
0.024631834863881 
0.024629261674113 
0.024626696253947 
0.024624138504333 
0.024621588326918 
0.024619045624077 
0.024616510298949 
0.024613982255464 
0.024611461398371 
0.024608947633268 
0.024606440866622 
0.024603941005792 
0.024601447959052 
0.024598961635606 
0.024596481945606 
0.024594008800172 
0.024591542111398 
0.024589081792369 
0.024586627757172 
0.024584179920905 
0.024581738199686 
0.024579302510659 
0.024576872772000 
0.024574448902925 
0.024572030823690 
0.024569618455596 
0.024567211720990 
0.024564810543268 
0.024562414846872 
0.024560024557292 
0.024557639601064 
0.024555259905767 
0.024552885400022 
0.024550516013486 
0.024548151676851 
0.024545792321835 
0.024543437881183 
0.024541088288654 
0.024538743479022 
0.024536403388063 
0.024534067952552 
0.024531737110254 
0.024529410799917 
0.024527088961262 
0.024524771534976 
0.024522458462703 
0.024520149687035 
0.024517845151502 
0.024515544800561 
0.024513248579591 
0.024510956434878 
0.024508668313607 
0.024506384163850 
0.024504103934560 
0.024501827575553 
0.024499555037506 
0.024497286271939 
0.024495021231207 
0.024492759868489 
0.024490502137777 
0.024488247993865 
0.024485997392336 
0.024483750289554 
0.024481506642652 
0.024479266409518 
0.024477029548787 
0.024474796019829 
0.024472565782738 
0.024470338798320 
0.024468115028083 
0.024465894434226 
0.024463676979627 
0.024461462627833 
0.024459251343049 
0.024457043090127 
0.024454837834557 
0.024452635542454 
0.024450436180547 
0.024448239716171 
0.024446046117258 
0.024443855352320 
0.024441667390447 
0.024439482201291 
0.024437299755060 
0.024435120022505 
0.024432942974911 
0.024430768584090 
0.024428596822369 
0.024426427662582 
0.024424261078056 
0.024422097042610 
0.024419935530540 
0.024417776516612 
0.024415619976051 
0.024413465884538 
0.024411314218195 
0.024409164953579 
0.024407018067675 
0.024404873537887 
0.024402731342029 
0.024400591458316 
0.024398453865360 
0.024396318542160 
0.024394185468094 
0.024392054622909 
0.024389925986724 
0.024387799540007 
0.024385675263581 
0.024383553138612 
0.024381433146601 
0.024379315269379 
0.024377199489101 
0.024375085788238 
0.024372974149569 
0.024370864556179 
0.024368756991450 
0.024366651439054 
0.024364547882950 
0.024362446307377 
0.024360346696844 
0.024358249036133 
0.024356153310285 
0.024354059504600 
0.024351967604627 
0.024349877596166 
0.024347789465253 
0.024345703198165 
0.024343618781407 
0.024341536201712 
0.024339455446034 
0.024337376501543 
0.024335299355623 
0.024333223995866 
0.024331150410067 
0.024329078586218 
0.024327008512509 
0.024324940177319 
0.024322873569214 
0.024320808676943 
0.024318745489433 
0.024316683995788 
0.024314624185280 
0.024312566047350 
0.024310509571605 
0.024308454747809 
0.024306401565885 
0.024304350015908 
0.024302300088105 
0.024300251772850 
0.024298205060658 
0.024296159942188 
0.024294116408235 
0.024292074449730 
0.024290034057734 
0.024287995223438 
0.024285957938160 
0.024283922193339 
0.024281887980536 
0.024279855291431 
0.024277824117818 
0.024275794451606 
0.024273766284811 
0.024271739609563 
0.024269714418091 
0.024267690702732 
0.024265668455924 
0.024263647670203 
0.024261628338200 
0.024259610452646 
0.024257594006360 
0.024255578992253 
0.024253565403326 
0.024251553232666 
0.024249542473445 
0.024247533118919 
0.024245525162422 
0.024243518597373 
0.024241513417264 
0.024239509615664 
0.024237507186220 
0.024235506122647 
0.024233506418735 
0.024231508068342 
0.024229511065395 
0.024227515403887 
0.024225521077875 
0.024223528081484 
0.024221536408900 
0.024219546054366 
0.024217557012191 
0.024215569276739 
0.024213582842432 
0.024211597703749 
0.024209613855223 
0.024207631291440 
0.024205650007041 
0.024203669996716 
0.024201691255207 
0.024199713777305 
0.024197737557847 
0.024195762591721 
0.024193788873859 
0.024191816399239 
0.024189845162881 
0.024187875159852 
0.024185906385260 
0.024183938834253 
0.024181972502021 
0.024180007383794 
0.024178043474840 
0.024176080770467 
0.024174119266018 
0.024172158956875 
0.024170199838453 
0.024168241906205 
0.024166285155617 
0.024164329582208 
0.024162375181532 
0.024160421949172 
0.024158469880746 
0.024156518971901 
0.024154569218315 
0.024152620615695 
0.024150673159779 
0.024148726846332 
0.024146781671146 
0.024144837630042 
0.024142894718869 
0.024140952933500 
0.024139012269833 
0.024137072723795 
0.024135134291334 
0.024133196968425 
0.024131260751065 
0.024129325635275 
0.024127391617099 
0.024125458692604 
0.024123526857878 
0.024121596109029 
0.024119666442191 
0.024117737853513 
0.024115810339169 
0.024113883895351 
0.024111958518270 
0.024110034204157 
0.024108110949261 
0.024106188749853 
0.024104267602215 
0.024102347502656 
0.024100428447494 
0.024098510433070 
0.024096593455739 
0.024094677511873 
0.024092762597861 
0.024090848710107 
0.024088935845032 
0.024087023999071 
0.024085113168675 
0.024083203350309 
0.024081294540453 
0.024079386735602 
0.024077479932264 
0.024075574126962 
0.024073669316232 
0.024071765496623 
0.024069862664697 
0.024067960817030 
0.024066059950211 
0.024064160060839 
0.024062261145529 
0.024060363200905 
0.024058466223603 
0.024056570210273 
0.024054675157575 
0.024052781062180 
0.024050887920772 
0.024048995730044 
0.024047104486700 
0.024045214187456 
0.024043324829037 
0.024041436408180 
0.024039548921631 
0.024037662366146 
0.024035776738491 
0.024033892035441 
0.024032008253783 
0.024030125390312 
0.024028243441831 
0.024026362405154 
0.024024482277103 
0.024022603054511 
0.024020724734217 
0.024018847313071 
0.024016970787929 
0.024015095155658 
0.024013220413133 
0.024011346557236 
0.024009473584857 
0.024007601492896 
0.024005730278259 
0.024003859937862 
0.024001990468626 
0.024000121867482 
0.023998254131366 
0.023996387257225 
0.023994521242011 
0.023992656082683 
0.023990791776208 
0.023988928319562 
0.023987065709724 
0.023985203943682 
0.023983343018433 
0.023981482930978 
0.023979623678325 
0.023977765257491 
0.023975907665496 
0.023974050899370 
0.023972194956147 
0.023970339832869 
0.023968485526584 
0.023966632034346 
0.023964779353216 
0.023962927480259 
0.023961076412548 
0.023959226147163 
0.023957376681188 
0.023955528011714 
0.023953680135837 
0.023951833050659 
0.023949986753291 
0.023948141240844 
0.023946296510439 
0.023944452559202 
0.023942609384264 
0.023940766982761 
0.023938925351835 
0.023937084488635 
0.023935244390313 
0.023933405054028 
0.023931566476944 
0.023929728656231 
0.023927891589063 
0.023926055272619 
0.023924219704086 
0.023922384880652 
0.023920550799515 
0.023918717457874 
0.023916884852935 
0.023915052981910 
0.023913221842013 
0.023911391430466 
0.023909561744494 
0.023907732781329 
0.023905904538205 
0.023904077012364 
0.023902250201051 
0.023900424101516 
0.023898598711014 
0.023896774026805 
0.023894950046154 
0.023893126766330 
0.023891304184606 
0.023889482298263 
0.023887661104582 
0.023885840600853 
0.023884020784368 
0.023882201652424 
0.023880383202323 
0.023878565431372 
0.023876748336880 
0.023874931916165 
0.023873116166546 
0.023871301085346 
0.023869486669897 
0.023867672917529 
0.023865859825582 
0.023864047391397 
0.023862235612321 
0.023860424485705 
0.023858614008904 
0.023856804179277 
0.023854994994189 
0.023853186451008 
0.023851378547106 
0.023849571279859 
0.023847764646650 
0.023845958644863 
0.023844153271888 
0.023842348525118 
0.023840544401951 
0.023838740899790 
0.023836938016040 
0.023835135748111 
0.023833334093420 
0.023831533049383 
0.023829732613423 
0.023827932782968 
0.023826133555449 
0.023824334928299 
0.023822536898960 
0.023820739464872 
0.023818942623484 
0.023817146372246 
0.023815350708615 
0.023813555630047 
0.023811761134008 
0.023809967217963 
0.023808173879384 
0.023806381115746 
0.023804588924527 
0.023802797303211 
0.023801006249283 
0.023799215760235 
0.023797425833560 
0.023795636466758 
0.023793847657331 
0.023792059402783 
0.023790271700625 
0.023788484548372 
0.023786697943539 
0.023784911883649 
0.023783126366226 
0.023781341388799 
0.023779556948900 
0.023777773044067 
0.023775989671839 
0.023774206829759 
0.023772424515375 
0.023770642726239 
0.023768861459904 
0.023767080713931 
0.023765300485880 
0.023763520773318 
0.023761741573814 
0.023759962884941 
0.023758184704275 
0.023756407029398 
0.023754629857892 
0.023752853187347 
0.023751077015351 
0.023749301339501 
0.023747526157394 
0.023745751466632 
0.023743977264819 
0.023742203549565 
0.023740430318482 
0.023738657569185 
0.023736885299294 
0.023735113506431 
0.023733342188222 
0.023731571342296 
0.023729800966287 
0.023728031057830 
0.023726261614565 
0.023724492634136 
0.023722724114188 
0.023720956052370 
0.023719188446338 
0.023717421293745 
0.023715654592253 
0.023713888339524 
0.023712122533224 
0.023710357171024 
0.023708592250594 
0.023706827769613 
0.023705063725758 
0.023703300116712 
0.023701536940161 
0.023699774193793 
0.023698011875300 
0.023696249982379 
0.023694488512725 
0.023692727464042 
0.023690966834033 
0.023689206620407 
0.023687446820872 
0.023685687433144 
0.023683928454939 
0.023682169883975 
0.023680411717978 
0.023678653954671 
0.023676896591785 
0.023675139627049 
0.023673383058199 
0.023671626882973 
0.023669871099110 
0.023668115704354 
0.023666360696452 
0.023664606073152 
0.023662851832206 
0.023661097971369 
0.023659344488399 
0.023657591381056 
0.023655838647102 
0.023654086284304 
0.023652334290431 
0.023650582663253 
0.023648831400544 
0.023647080500083 
0.023645329959646 
0.023643579777017 
0.023641829949980 
0.023640080476323 
0.023638331353835 
0.023636582580308 
0.023634834153537 
0.023633086071321 
0.023631338331458 
0.023629590931751 
0.023627843870005 
0.023626097144027 
0.023624350751628 
0.023622604690619 
0.023620858958815 
0.023619113554032 
0.023617368474090 
0.023615623716811 
0.023613879280018 
0.023612135161538 
0.023610391359198 
0.023608647870830 
0.023606904694266 
0.023605161827342 
0.023603419267893 
0.023601677013761 
0.023599935062787 
0.023598193412812 
0.023596452061685 
0.023594711007252 
0.023592970247362 
0.023591229779868 
0.023589489602623 
0.023587749713483 
0.023586010110305 
0.023584270790949 
0.023582531753276 
0.023580792995150 
0.023579054514435 
0.023577316308997 
0.023575578376707 
0.023573840715434 
0.023572103323051 
0.023570366197429 
0.023568629336447 
0.023566892737980 
0.023565156399908 
0.023563420320110 
0.023561684496469 
0.023559948926867 
0.023558213609191 
0.023556478541325 
0.023554743721160 
0.023553009146582 
0.023551274815483 
0.023549540725756 
0.023547806875294 
0.023546073261991 
0.023544339883744 
0.023542606738449 
0.023540873824006 
0.023539141138313 
0.023537408679273 
0.023535676444786 
0.023533944432756 
0.023532212641087 
0.023530481067684 
0.023528749710454 
0.023527018567304 
0.023525287636142 
0.023523556914876 
0.023521826401417 
0.023520096093676 
0.023518365989565 
0.023516636086994 
0.023514906383879 
0.023513176878133 
0.023511447567670 
0.023509718450405 
0.023507989524255 
0.023506260787135 
0.023504532236963 
0.023502803871656 
0.023501075689132 
0.023499347687310 
0.023497619864107 
0.023495892217445 
0.023494164745240 
0.023492437445415 
0.023490710315888 
0.023488983354580 
0.023487256559412 
0.023485529928304 
0.023483803459175 
0.023482077149948 
0.023480350998544 
0.023478625002882 
0.023476899160885 
0.023475173470471 
0.023473447929562 
0.023471722536079 
0.023469997287941 
0.023468272183068 
0.023466547219380 
0.023464822394797 
0.023463097707236 
0.023461373154617 
0.023459648734858 
0.023457924445876 
0.023456200285588 
0.023454476251910 
0.023452752342759 
0.023451028556050 
0.023449304889696 
0.023447581341612 
0.023445857909711 
0.023444134591903 
0.023442411386101 
0.023440688290214 
0.023438965302152 
0.023437242419822 
0.023435519641132 
0.023433796963987 
0.023432074386293 
0.023430351905953 
0.023428629520868 
0.023426907228939 
0.023425185028067 
0.023423462916148 
0.023421740891081 
0.023420018950759 
0.023418297093076 
0.023416575315925 
0.023414853617194 
0.023413131994772 
0.023411410446547 
0.023409688970402 
0.023407967564220 
0.023406246225883 
0.023404524953269 
0.023402803744255 
0.023401082596716 
0.023399361508525 
0.023397640477551 
0.023395919501662 
0.023394198578725 
0.023392477706602 
0.023390756883155 
0.023389036106241 
0.023387315373715 
0.023385594683432 
0.023383874033242 
0.023382153420991 
0.023380432844525 
0.023378712301686 
0.023376991790312 
0.023375271308239 
0.023373550853300 
0.023371830423325 
0.023370110016141 
0.023368389629569 
0.023366669261430 
0.023364948909541 
0.023363228571714 
0.023361508245759 
0.023359787929482 
0.023358067620684 
0.023356347317164 
0.023354627016717 
0.023352906717132 
0.023351186416197 
0.023349466111695 
0.023347745801403 
0.023346025483096 
0.023344305154545 
0.023342584813514 
0.023340864457765 
0.023339144085055 
0.023337423693136 
0.023335703279756 
0.023333982842657 
0.023332262379578 
0.023330541888252 
0.023328821366407 
0.023327100811766 
0.023325380222047 
0.023323659594963 
0.023321938928222 
0.023320218219525 
0.023318497466570 
0.023316776667047 
0.023315055818643 
0.023313334919035 
0.023311613965899 
0.023309892956903 
0.023308171889709 
0.023306450761971 
0.023304729571341 
0.023303008315461 
0.023301286991969 
0.023299565598495 
0.023297844132663 
0.023296122592092 
0.023294400974389 
0.023292679277161 
0.023290957498003 
0.023289235634505 
0.023287513684251 
0.023285791644813 
0.023284069513762 
0.023282347288656 
0.023280624967049 
0.023278902546485 
0.023277180024503 
0.023275457398630 
0.023273734666390 
0.023272011825294 
0.023270288872847 
0.023268565806546 
0.023266842623878 
0.023265119322325 
0.023263395899354 
0.023261672352429 
0.023259948679003 
0.023258224876519 
0.023256500942410 
0.023254776874104 
0.023253052669014 
0.023251328324547 
0.023249603838100 
0.023247879207059 
0.023246154428800 
0.023244429500690 
0.023242704420084 
0.023240979184328 
0.023239253790757 
0.023237528236696 
0.023235802519458 
0.023234076636346 
0.023232350584650 
0.023230624361651 
0.023228897964619 
0.023227171390809 
0.023225444637469 
0.023223717701830 
0.023221990581115 
0.023220263272533 
0.023218535773281 
0.023216808080544 
0.023215080191492 
0.023213352103287 
0.023211623813073 
0.023209895317982 
0.023208166615136 
0.023206437701640 
0.023204708574586 
0.023202979231052 
0.023201249668103 
0.023199519882789 
0.023197789872146 
0.023196059633194 
0.023194329162942 
0.023192598458378 
0.023190867516481 
0.023189136334211 
0.023187404908512 
0.023185673236316 
0.023183941314535 
0.023182209140066 
0.023180476709791 
0.023178744020574 
0.023177011069263 
0.023175277852689 
0.023173544367665 
0.023171810610987 
0.023170076579433 
0.023168342269764 
0.023166607678723 
0.023164872803032 
0.023163137639399 
0.023161402184508 
0.023159666435028 
0.023157930387607 
0.023156194038873 
0.023154457385436 
0.023152720423883 
0.023150983150785 
0.023149245562687 
0.023147507656118 
0.023145769427584 
0.023144030873568 
0.023142291990535 
0.023140552774925 
0.023138813223157 
0.023137073331627 
0.023135333096709 
0.023133592514753 
0.023131851582087 
0.023130110295014 
0.023128368649814 
0.023126626642742 
0.023124884270028 
0.023123141527879 
0.023121398412476 
0.023119654919973 
0.023117911046499 
0.023116166788159 
0.023114422141027 
0.023112677101155 
0.023110931664564 
0.023109185827249 
0.023107439585178 
0.023105692934289 
0.023103945870492 
0.023102198389668 
0.023100450487669 
0.023098702160317 
0.023096953403404 
0.023095204212692 
0.023093454583909 
0.023091704512755 
0.023089953994898 
0.023088203025973 
0.023086451601582 
0.023084699717294 
0.023082947368647 
0.023081194551142 
0.023079441260246 
0.023077687491395 
0.023075933239985 
0.023074178501379 
0.023072423270903 
0.023070667543847 
0.023068911315463 
0.023067154580967 
0.023065397335536 
0.023063639574309 
0.023061881292384 
0.023060122484821 
0.023058363146642 
0.023056603272824 
0.023054842858305 
0.023053081897983 
0.023051320386712 
0.023049558319302 
0.023047795690521 
0.023046032495094 
0.023044268727701 
0.023042504382974 
0.023040739455505 
0.023038973939834 
0.023037207830457 
0.023035441121823 
0.023033673808330 
0.023031905884330 
0.023030137344125 
0.023028368181965 
0.023026598392052 
0.023024827968533 
0.023023056905507 
0.023021285197017 
0.023019512837053 
0.023017739819551 
0.023015966138394 
0.023014191787404 
0.023012416760352 
0.023010641050950 
0.023008864652849 
0.023007087559645 
0.023005309764873 
0.023003531262007 
0.023001752044461 
0.022999972105585 
0.022998191438669 
0.022996410036935 
0.022994627893544 
0.022992845001591 
0.022991061354103 
0.022989276944040 
0.022987491764295 
0.022985705807691 
0.022983919066982 
0.022982131534848 
0.022980343203901 
0.022978554066677 
0.022976764115639 
0.022974973343174 
0.022973181741596 
0.022971389303139 
0.022969596019958 
0.022967801884133 
0.022966006887660 
0.022964211022455 
0.022962414280351 
0.022960616653098 
0.022958818132362 
0.022957018709719 
0.022955218376665 
0.022953417124601 
0.022951614944841 
0.022949811828610 
0.022948007767038 
0.022946202751163 
0.022944396771930 
0.022942589820185 
0.022940781886680 
0.022938972962067 
0.022937163036897 
0.022935352101623 
0.022933540146592 
0.022931727162050 
0.022929913138135 
0.022928098064880 
0.022926281932209 
0.022924464729935 
0.022922646447763 
0.022920827075281 
0.022919006601966 
0.022917185017178 
0.022915362310158 
0.022913538470031 
0.022911713485798 
0.022909887346339 
0.022908060040412 
0.022906231556644 
0.022904401883541 
0.022902571009475 
0.022900738922690 
0.022898905611294 
0.022897071063265 
0.022895235266442 
0.022893398208524 
0.022891559877075 
0.022889720259513 
0.022887879343114 
0.022886037115007 
0.022884193562176 
0.022882348671453 
0.022880502429519 
0.022878654822902 
0.022876805837973 
0.022874955460946 
0.022873103677876 
0.022871250474654 
0.022869395837011 
0.022867539750507 
0.022865682200537 
0.022863823172323 
0.022861962650917 
0.022860100621194 
0.022858237067853 
0.022856371975411 
0.022854505328207 
0.022852637110392 
0.022850767305934 
0.022848895898608 
0.022847022872002 
0.022845148209507 
0.022843271894320 
0.022841393909438 
0.022839514237659 
0.022837632861573 
0.022835749763570 
0.022833864925826 
0.022831978330309 
0.022830089958772 
0.022828199792753 
0.022826307813569 
0.022824414002317 
0.022822518339869 
0.022820620806869 
0.022818721383735 
0.022816820050650 
0.022814916787562 
0.022813011574181 
0.022811104389979 
0.022809195214182 
0.022807284025772 
0.022805370803481 
0.022803455525789 
0.022801538170924 
0.022799618716855 
0.022797697141292 
0.022795773421679 
0.022793847535199 
0.022791919458764 
0.022789989169013 
0.022788056642314 
0.022786121854756 
0.022784184782149 
0.022782245400018 
0.022780303683604 
0.022778359607859 
0.022776413147441 
0.022774464276718 
0.022772512969757 
0.022770559200326 
0.022768602941889 
0.022766644167604 
0.022764682850320 
0.022762718962575 
0.022760752476591 
0.022758783364272 
0.022756811597202 
0.022754837146641 
0.022752859983525 
0.022750880078455 
0.022748897401707 
0.022746911923216 
0.022744923612584 
0.022742932439068 
0.022740938371586 
0.022738941378706 
0.022736941428649 
0.022734938489284 
0.022732932528126 
0.022730923512331 
0.022728911408697 
0.022726896183659 
0.022724877803286 
0.022722856233279 
0.022720831438972 
0.022718803385321 
0.022716772036910 
0.022714737357943 
0.022712699312246 
0.022710657863261 
0.022708612974043 
0.022706564607264 
0.022704512725202 
0.022702457289746 
0.022700398262390 
0.022698335604234 
0.022696269275978 
0.022694199237923 
0.022692125449972 
0.022690047871620 
0.022687966461962 
0.022685881179686 
0.022683791983074 
0.022681698830001 
0.022679601677931 
0.022677500483924 
0.022675395204626 
0.022673285796277 
0.022671172214709 
0.022669054415342 
0.022666932353193 
0.022664805982870 
0.022662675258579 
0.022660540134122 
0.022658400562904 
0.022656256497933 
0.022654107891825 
0.022651954696810 
0.022649796864734 
0.022647634347069 
0.022645467094917 
0.022643295059021 
0.022641118189772 
0.022638936437218 
0.022636749751080 
0.022634558080761 
0.022632361375360 
0.022630159583693 
0.022627952654303 
0.022625740535488 
0.022623523175316 
0.022621300521653 
0.022619072522186 
0.022616839124456 
0.022614600275887 
0.022612355923819 
0.022610106015548 
0.022607850498370 
0.022605589319620 
0.022603322426725 
0.022601049767256 
0.022598771288984 
0.022596486939947 
0.022594196668510 
0.022591900423444 
0.022589598154002 
0.022587289810002 
0.022584975341922 
0.022582654700989 
0.022580327839295 
0.022577994709897 
0.022575655266942 
0.022573309465795 
0.022570957263171 
0.022568598617281 
0.022566233487981 
0.022563861836940 
0.022561483627802 
0.022559098826377 
0.022556707400818 
0.022554309321830 
0.022551904562874 
0.022549493100386 
0.022547074914007 
0.022544649986815 
0.022542218305575 
0.022539779860991 
0.022537334647969 
0.022534882665886 
0.022532423918865 
0.022529958416061 
0.022527486171942 
0.022525007206582 
0.022522521545953 
0.022520029222216 
0.022517530274014 
0.022515024746762 
0.022512512692931 
0.022509994172322 
0.022507469252341 
0.022504938008250 
0.022502400523416 
0.022499856889533 
0.022497307206837 
0.022494751584283 
0.022492190139718 
0.022489623000007 
0.022487050301148 
0.022484472188338 
0.022481888816019 
0.022479300347874 
0.022476706956801 
0.022474108824827 
0.022471506142998 
0.022468899111213 
0.022466287938023 
0.022463672840381 
0.022461054043347 
0.022458431779757 
0.022455806289837 
0.022453177820790 
0.022450546626327 
0.022447912966178 
0.022445277105551 
0.022442639314577 
0.022439999867709 
0.022437359043113 
0.022434717122026 
0.022432074388102 
0.022429431126752 
0.022426787624468 
0.022424144168149 
0.022421501044428 
0.022418858539009 
0.022416216936007 
0.022413576517310 
0.022410937561960 
0.022408300345554 
0.022405665139668 
0.022403032211322 
0.022400401822462 
0.022397774229488 
0.022395149682810 
0.022392528426449 
0.022389910697667 
0.022387296726643 
0.022384686736189 
0.022382080941497 
0.022379479549936 
0.022376882760878 
0.022374290765564 
0.022371703747006 
0.022369121879923 
0.022366545330708 
0.022363974257429 
0.022361408809853 
0.022358849129502 
0.022356295349731 
0.022353747595828 
0.022351205985132 
0.022348670627180 
0.022346141623852 
0.022343619069548 
0.022341103051365 
0.022338593649290 
0.022336090936400 
0.022333594979069 
0.022331105837178 
0.022328623564338 
0.022326148208099 
0.022323679810181 
0.022321218406687 
0.022318764028326 
0.022316316700630 
0.022313876444172 
0.022311443274778 
0.022309017203737 
0.022306598238004 
0.022304186380404 
0.022301781629825 
0.022299383981410 
0.022296993426740 
0.022294609954017 
0.022292233548233 
0.022289864191342 
0.022287501862417 
0.022285146537811 
0.022282798191303 
0.022280456794246 
0.022278122315700 
0.022275794722569 
0.022273473979730 
0.022271160050148 
0.022268852894999 
0.022266552473779 
0.022264258744411 
0.022261971663348 
0.022259691185665 
0.022257417265161 
0.022255149854436 
0.022252888904988 
0.022250634367281 
0.022248386190831 
0.022246144324273 
0.022243908715436 
0.022241679311402 
0.022239456058575 
0.022237238902740 
0.022235027789116 
0.022232822662415 
0.022230623466893 
0.022228430146395 
0.022226242644407 
0.022224060904096 
0.022221884868356 
0.022219714479847 
0.022217549681032 
0.022215390414214 
0.022213236621570 
0.022211088245188 
0.022208945227090 
0.022206807509270 
0.022204675033718 
0.022202547742446 
0.022200425577517 
0.022198308481066 
0.022196196395325 
0.022194089262642 
0.022191987025505 
0.022189889626561 
0.022187797008632 
0.022185709114735 
0.022183625888098 
0.022181547272178 
0.022179473210671 
0.022177403647531 
0.022175338526980 
0.022173277793524 
0.022171221391962 
0.022169169267398 
0.022167121365254 
0.022165077631276 
0.022163038011546 
0.022161002452491 
0.022158970900889 
0.022156943303881 
0.022154919608972 
0.022152899764043 
0.022150883717358 
0.022148871417564 
0.022146862813700 
0.022144857855204 
0.022142856491914 
0.022140858674073 
0.022138864352335 
0.022136873477768 
0.022134886001853 
0.022132901876492 
0.022130921054010 
0.022128943487153 
0.022126969129093 
0.022124997933432 
0.022123029854199 
0.022121064845853 
0.022119102863283 
0.022117143861812 
0.022115187797192 
0.022113234625610 
0.022111284303682 
0.022109336788460 
0.022107392037423 
0.022105450008485 
0.022103510659987 
0.022101573950701 
0.022099639839828 
0.022097708286994 
0.022095779252251 
0.022093852696075 
0.022091928579367 
0.022090006863445 
0.022088087510046 
0.022086170481325 
0.022084255739850 
0.022082343248604 
0.022080432970974 
0.022078524870760 
0.022076618912163 
0.022074715059787 
0.022072813278636 
0.022070913534108 
0.022069015791996 
0.022067120018485 
0.022065226180144 
0.022063334243928 
0.022061444177173 
0.022059555947591 
0.022057669523270 
0.022055784872670 
0.022053901964617 
0.022052020768301 
0.022050141253275 
0.022048263389445 
0.022046387147076 
0.022044512496777 
0.022042639409508 
0.022040767856570 
0.022038897809604 
0.022037029240584 
0.022035162121817 
0.022033296425938 
0.022031432125906 
0.022029569194999 
0.022027707606814 
0.022025847335257 
0.022023988354547 
0.022022130639203 
0.022020274164050 
0.022018418904208 
0.022016564835089 
0.022014711932398 
0.022012860172124 
0.022011009530537 
0.022009159984188 
0.022007311509900 
0.022005464084766 
0.022003617686147 
0.022001772291668 
0.021999927879212 
0.021998084426916 
0.021996241913170 
0.021994400316612 
0.021992559616124 
0.021990719790828 
0.021988880820083 
0.021987042683481 
0.021985205360844 
0.021983368832217 
0.021981533077870 
0.021979698078292 
0.021977863814183 
0.021976030266457 
0.021974197416237 
0.021972365244847 
0.021970533733814 
0.021968702864863 
0.021966872619909 
0.021965042981061 
0.021963213930613 
0.021961385451044 
0.021959557525013 
0.021957730135354 
0.021955903265077 
0.021954076897360 
0.021952251015551 
0.021950425603158 
0.021948600643854 
0.021946776121465 
0.021944952019974 
0.021943128323514 
0.021941305016368 
0.021939482082960 
0.021937659507860 
0.021935837275775 
0.021934015371548 
0.021932193780154 
0.021930372486700 
0.021928551476418 
0.021926730734665 
0.021924910246921 
0.021923089998781 
0.021921269975959 
0.021919450164278 
0.021917630549676 
0.021915811118193 
0.021913991855978 
0.021912172749278 
0.021910353784444 
0.021908534947919 
