1.000000000000000 
0.880324005795448 
0.845666118275135 
0.832825429452306 
0.827026217711235 
0.823992759181257 
0.822221024521059 
0.821092011223054 
0.820319075825145 
0.819757111556000 
0.819327296114294 
0.818984229400895 
0.818700409399629 
0.818458422907825 
0.818246805157322 
0.818057742126301 
0.817885742487193 
0.817726841216607 
0.817578105751339 
0.817437320261579 
0.817302778118201 
0.817173142001560 
0.817047347433840 
0.816924534872837 
0.816804001013129 
0.816685163268188 
0.816567533466153 
0.816450698095420 
0.816334303278441 
0.816218043207191 
0.816101651146028 
0.815984892361570 
0.815867558515013 
0.815749463175772 
0.815630438203162 
0.815510330806105 
0.815389001136893 
0.815266320308962 
0.815142168753822 
0.815016434851194 
0.814889013780695 
0.814759806554347 
0.814628719197548 
0.814495662052655 
0.814360549184387 
0.814223297870241 
0.814083828162237 
0.813942062508828 
0.813797925427787 
0.813651343222497 
0.813502243735356 
0.813350556133069 
0.813196210719451 
0.813039138772073 
0.812879272399654 
0.812716544417581 
0.812550888239355 
0.812382237782049 
0.812210527384191 
0.812035691734680 
0.811857665811551 
0.811676384829578 
0.811491784195819 
0.811303799472361 
0.811112366345589 
0.810917420601418 
0.810718898105973 
0.810516734791293 
0.810310866645676 
0.810101229708314 
0.809887760067950 
0.809670393865266 
0.809449067298789 
0.809223716634118 
0.808994278216261 
0.808760688484950 
0.808522883992767 
0.808280801425957 
0.808034377627805 
0.807783549624466 
0.807528254653152 
0.807268430192575 
0.807004013995560 
0.806734944123753 
0.806461158984330 
0.806182597368649 
0.805899198492757 
0.805610902039692 
0.805317648203500 
0.805019377734904 
0.804716031988558 
0.804407552971805 
0.804093883394878 
0.803774966722475 
0.803450747226620 
0.803121170040756 
0.802786181214976 
0.802445727772323 
0.802099757766082 
0.801748220337966 
0.801391065777130 
0.801028245579914 
0.800659712510226 
0.800285420660478 
0.799905325512972 
0.799519384001649 
0.799127554574094 
0.798729797253692 
0.798326073701848 
0.797916347280142 
0.797500583112320 
0.797078748146027 
0.796650811214145 
0.796216743095637 
0.795776516575777 
0.795330106505666 
0.794877489860895 
0.794418645799256 
0.793953555717375 
0.793482203306160 
0.793004574604940 
0.792520658054175 
0.792030444546644 
0.791533927476963 
0.791031102789357 
0.790521969023551 
0.790006527358677 
0.789484781655105 
0.788956738494069 
0.788422407215011 
0.787881799950546 
0.787334931658924 
0.786781820153941 
0.786222486132186 
0.785656953197551 
0.785085247882931 
0.784507399669031 
0.783923441000227 
0.783333407297410 
0.782737336967759 
0.782135271411393 
0.781527255024861 
0.780913335201413 
0.780293562328051 
0.779667989779303 
0.779036673907706 
0.778399674030994 
0.777757052415976 
0.777108874259093 
0.776455207663673 
0.775796123613879 
0.775131695945371 
0.774462001312714 
0.773787119153543 
0.773107131649528 
0.772422123684179 
0.771732182797527 
0.771037399137749 
0.770337865409763 
0.769633676820895 
0.768924931023639 
0.768211728055616 
0.767494170276777 
0.766772362303965 
0.766046410942874 
0.765316425117531 
0.764582515797365 
0.763844795921983 
0.763103380323711 
0.762358385648040 
0.761609930272050 
0.760858134220937 
0.760103119082735 
0.759345007921340 
0.758583925187970 
0.757819996631146 
0.757053349205317 
0.756284110978245 
0.755512411037279 
0.754738379394594 
0.753962146891568 
0.753183845102362 
0.752403606236866 
0.751621563043089 
0.750837848709144 
0.750052596764933 
0.749265940983646 
0.748478015283200 
0.747688953627744 
0.746898889929320 
0.746107957949831 
0.745316291203422 
0.744524022859364 
0.743731285645599 
0.742938211753037 
0.742144932740712 
0.741351579441936 
0.740558281871529 
0.739765169134260 
0.738972369334606 
0.738180009487912 
0.737388215433094 
0.736597111746955 
0.735806821660226 
0.735017466975444 
0.734229167986741 
0.733442043401652 
0.732656210265017 
0.731871783885084 
0.731088877761887 
0.730307603517959 
0.729528070831489 
0.728750387371981 
0.727974658738466 
0.727200988400353 
0.726429477640969 
0.725660225503833 
0.724893328741728 
0.724128881768598 
0.723366976614330 
0.722607702882412 
0.721851147710556 
0.721097395734260 
0.720346529053338 
0.719598627201443 
0.718853767118578 
0.718112023126611 
0.717373466907762 
0.716638167486092 
0.715906191211970 
0.715177601749480 
0.714452460066782 
0.713730824429379 
0.713012750396292 
0.712298290819061 
0.711587495843606 
0.710880412914853 
0.710177086784131 
0.709477559519258 
0.708781870517315 
0.708090056520022 
0.707402151631714 
0.706718187339803 
0.706038192537763 
0.705362193550497 
0.704690214162099 
0.704022275645904 
0.703358396796821 
0.702698593965838 
0.702042881096676 
0.701391269764502 
0.700743769216674 
0.700100386415402 
0.699461126082294 
0.698825990744708 
0.698194980783823 
0.697568094484373 
0.696945328085952 
0.696326675835824 
0.695712130043139 
0.695101681134479 
0.694495317710650 
0.693893026604625 
0.693294792940539 
0.692700600193660 
0.692110430251230 
0.691524263474056 
0.690942078758785 
0.690363853600736 
0.689789564157212 
0.689219185311132 
0.688652690734939 
0.688090052954633 
0.687531243413842 
0.686976232537807 
0.686424989797183 
0.685877483771546 
0.685333682212478 
0.684793552106159 
0.684257059735318 
0.683724170740466 
0.683194850180293 
0.682669062591133 
0.682146772045409 
0.681627942208903 
0.681112536396873 
0.680600517628785 
0.680091848681693 
0.679586492142102 
0.679084410456291 
0.678585565978991 
0.678089921020349 
0.677597437891132 
0.677108078946095 
0.676621806625477 
0.676138583494551 
0.675658372281224 
0.675181135911623 
0.674706837543639 
0.674235440598430 
0.673766908789849 
0.673301206151790 
0.672838297063458 
0.672378146272562 
0.671920718916446 
0.671465980541170 
0.671013897118572 
0.670564435061348 
0.670117561236176 
0.669673242974916 
0.669231448083973 
0.668792144851835 
0.668355302054877 
0.667920888961470 
0.667488875334476 
0.667059231432203 
0.666631928007879 
0.666206936307749 
0.665784228067837 
0.665363775509490 
0.664945551333781 
0.664529528714825 
0.664115681292136 
0.663703983162090 
0.663294408868557 
0.662886933392828 
0.662481532142898 
0.662078180942168 
0.661676856017693 
0.661277533988008 
0.660880191850623 
0.660484806969266 
0.660091357060942 
0.659699820182868 
0.659310174719334 
0.658922399368598 
0.658536473129819 
0.658152375290092 
0.657770085411679 
0.657389583319407 
0.657010849088346 
0.656633863031750 
0.656258605689335 
0.655885057815916 
0.655513200370407 
0.655143014505240 
0.654774481556204 
0.654407583032733 
0.654042300608651 
0.653678616113384 
0.653316511523649 
0.652955968955634 
0.652596970657661 
0.652239499003331 
0.651883536485161 
0.651529065708695 
0.651176069387092 
0.650824530336185 
0.650474431469988 
0.650125755796645 
0.649778486414813 
0.649432606510468 
0.649088099354091 
0.648744948298264 
0.648403136775607 
0.648062648297079 
0.647723466450602 
0.647385574900005 
0.647048957384237 
0.646713597716875 
0.646379479785884 
0.646046587553588 
0.645714905056890 
0.645384416407665 
0.645055105793348 
0.644726957477680 
0.644399955801593 
0.644074085184254 
0.643749330124197 
0.643425675200574 
0.643103105074505 
0.642781604490494 
0.642461158277925 
0.642141751352610 
0.641823368718400 
0.641505995468830 
0.641189616788811 
0.640874217956348 
0.640559784344288 
0.640246301422092 
0.639933754757628 
0.639622130018978 
0.639311412976280 
0.639001589503558 
0.638692645580598 
0.638384567294824 
0.638077340843189 
0.637770952534099 
0.637465388789347 
0.637160636146064 
0.636856681258707 
0.636553510901060 
0.636251111968282 
0.635949471478941 
0.635648576577121 
0.635348414534551 
0.635048972752746 
0.634750238765206 
0.634452200239635 
0.634154844980195 
0.633858160929797 
0.633562136172424 
0.633266758935489 
0.632972017592221 
0.632677900664070 
0.632384396823162 
0.632091494894755 
0.631799183859732 
0.631507452857102 
0.631216291186533 
0.630925688310872 
0.630635633858706 
0.630346117626907 
0.630057129583184 
0.629768659868643 
0.629480698800353 
0.629193236873891 
0.628906264765887 
0.628619773336583 
0.628333753632357 
0.628048196888267 
0.627763094530571 
0.627478438179260 
0.627194219650580 
0.626910430959541 
0.626627064322475 
0.626344112159550 
0.626061567097312 
0.625779421971259 
0.625497669828414 
0.625216303929919 
0.624935317753657 
0.624654704996905 
0.624374459579001 
0.624094575644049 
0.623815047563642 
0.623535869939619 
0.623257037606818 
0.622978545635863 
0.622700389335943 
0.622422564257563 
0.622145066195293 
0.621867891190472 
0.621591035533814 
0.621314495767981 
0.621038268689998 
0.620762351353543 
0.620486741071061 
0.620211435415672 
0.619936432222837 
0.619661729591742 
0.619387325886350 
0.619113219736125 
0.618839410036314 
0.618565895947832 
0.618292676896643 
0.618019752572636 
0.617747122927951 
0.617474788174723 
0.617202748782221 
0.616931005473342 
0.616659559220456 
0.616388411240595 
0.616117562989939 
0.615847016157636 
0.615576772658957 
0.615306834627764 
0.615037204408333 
0.614767884546569 
0.614498877780604 
0.614230187030859 
0.613961815389577 
0.613693766109899 
0.613426042594531 
0.613158648384065 
0.612891587144994 
0.612624862657531 
0.612358478803262 
0.612092439552704 
0.611826748952887 
0.611561411114942 
0.611296430201863 
0.611031810416428 
0.610767555989381 
0.610503671167928 
0.610240160204613 
0.609977027346586 
0.609714276825361 
0.609451912847039 
0.609189939583090 
0.608928361161676 
0.608667181659544 
0.608406405094494 
0.608146035418458 
0.607886076511147 
0.607626532174265 
0.607367406126317 
0.607108701997942 
0.606850423327759 
0.606592573558738 
0.606335156035005 
0.606078173999095 
0.605821630589594 
0.605565528839136 
0.605309871672735 
0.605054661906361 
0.604799902245807 
0.604545595285732 
0.604291743508875 
0.604038349285416 
0.603785414872437 
0.603532942413468 
0.603280933938059 
0.603029391361426 
0.602778316484050 
0.602527710991315 
0.602277576453112 
0.602027914323414 
0.601778725939824 
0.601530012523087 
0.601281775176571 
0.601034014885736 
0.600786732517551 
0.600539928819943 
0.600293604421220 
0.600047759829510 
0.599802395432247 
0.599557511495696 
0.599313108164544 
0.599069185461562 
0.598825743287382 
0.598582781420371 
0.598340299516659 
0.598098297110283 
0.597856773613523 
0.597615728317388 
0.597375160392301 
0.597135068888968 
0.596895452739454 
0.596656310758475 
0.596417641644878 
0.596179443983374 
0.595941716246450 
0.595704456796509 
0.595467663888223 
0.595231335671096 
0.594995470192204 
0.594760065399155 
0.594525119143222 
0.594290629182629 
0.594056593186029 
0.593823008736106 
0.593589873333336 
0.593357184399841 
0.593124939283392 
0.592893135261456 
0.592661769545374 
0.592430839284571 
0.592200341570830 
0.591970273442599 
0.591740631889325 
0.591511413855796 
0.591282616246467 
0.591054235929782 
0.590826269742456 
0.590598714493726 
0.590371566969521 
0.590144823936591 
0.589918482146551 
0.589692538339832 
0.589466989249529 
0.589241831605181 
0.589017062136381 
0.588792677576313 
0.588568674665139 
0.588345050153253 
0.588121800804397 
0.587898923398648 
0.587676414735239 
0.587454271635237 
0.587232490944066 
0.587011069533891 
0.586790004305823 
0.586569292191983 
0.586348930157411 
0.586128915201811 
0.585909244361161 
0.585689914709157 
0.585470923358524 
0.585252267462168 
0.585033944214211 
0.584815950850872 
0.584598284651240 
0.584380942937905 
0.584163923077487 
0.583947222481062 
0.583730838604460 
0.583514768948508 
0.583299011059154 
0.583083562527525 
0.582868420989926 
0.582653584127770 
0.582439049667452 
0.582224815380188 
0.582010879081809 
0.581797238632548 
0.581583891936788 
0.581370836942806 
0.581158071642538 
0.580945594071302 
0.580733402307592 
0.580521494472849 
0.580309868731268 
0.580098523289658 
0.579887456397304 
0.579676666345901 
0.579466151469519 
0.579255910144619 
0.579045940790120 
0.578836241867520 
0.578626811881073 
0.578417649378016 
0.578208752948855 
0.578000121227691 
0.577791752892619 
0.577583646666150 
0.577375801315704 
0.577168215654116 
0.576960888540192 
0.576753818879309 
0.576547005624003 
0.576340447774625 
0.576134144379967 
0.575928094537897 
0.575722297396038 
0.575516752152384 
0.575311458055916 
0.575106414407207 
0.574901620558984 
0.574697075916646 
0.574492779938752 
0.574288732137439 
0.574084932078784 
0.573881379383108 
0.573678073725191 
0.573475014834420 
0.573272202494857 
0.573069636545204 
0.572867316878689 
0.572665243442851 
0.572463416239227 
0.572261835322930 
0.572060500802134 
0.571859412837457 
0.571658571641220 
0.571457977476622 
0.571257630656793 
0.571057531543746 
0.570857680547222 
0.570658078123441 
0.570458724773723 
0.570259621043037 
0.570060767518431 
0.569862164827363 
0.569663813635945 
0.569465714647071 
0.569267868598474 
0.569070276260665 
0.568872938434801 
0.568675855950445 
0.568479029663249 
0.568282460452542 
0.568086149218837 
0.567890096881252 
0.567694304374848 
0.567498772647897 
0.567303502659046 
0.567108495374443 
0.566913751764753 
0.566719272802151 
0.566525059457208 
0.566331112695738 
0.566137433475605 
0.565944022743456 
0.565750881431430 
0.565558010453836 
0.565365410703798 
0.565173083049887 
0.564981028332754 
0.564789247361754 
0.564597740911596 
0.564406509719018 
0.564215554479488 
0.564024875843971 
0.563834474415737 
0.563644350747273 
0.563454505337244 
0.563264938627587 
0.563075651000683 
0.562886642776671 
0.562697914210888 
0.562509465491450 
0.562321296736976 
0.562133407994499 
0.561945799237486 
0.561758470364112 
0.561571421195645 
0.561384651475049 
0.561198160865754 
0.561011948950644 
0.560826015231197 
0.560640359126842 
0.560454979974494 
0.560269877028260 
0.560085049459360 
0.559900496356178 
0.559716216724532 
0.559532209488065 
0.559348473488818 
0.559165007487941 
0.558981810166548 
0.558798880126705 
0.558616215892517 
0.558433815911358 
0.558251678555182 
0.558069802121918 
0.557888184836966 
0.557706824854742 
0.557525720260298 
0.557344869070971 
0.557164269238097 
0.556983918648738 
0.556803815127432 
0.556623956437945 
0.556444340285067 
0.556264964316346 
0.556085826123859 
0.555906923245932 
0.555728253168853 
0.555549813328561 
0.555371601112269 
0.555193613860081 
0.555015848866550 
0.554838303382176 
0.554660974614871 
0.554483859731367 
0.554306955858549 
0.554130260084751 
0.553953769460983 
0.553777481002096 
0.553601391687876 
0.553425498464103 
0.553249798243507 
0.553074287906698 
0.552898964303006 
0.552723824251280 
0.552548864540599 
0.552374081930956 
0.552199473153850 
0.552025034912841 
0.551850763884037 
0.551676656716525 
0.551502710032751 
0.551328920428836 
0.551155284474859 
0.550981798715067 
0.550808459668040 
0.550635263826833 
0.550462207659016 
0.550289287606731 
0.550116500086657 
0.549943841489955 
0.549771308182158 
0.549598896503031 
0.549426602766377 
0.549254423259823 
0.549082354244538 
0.548910391954947 
0.548738532598386 
0.548566772354716 
0.548395107375938 
0.548223533785727 
0.548052047678961 
0.547880645121215 
0.547709322148215 
0.547538074765267 
0.547366898946659 
0.547195790635018 
0.547024745740662 
0.546853760140913 
0.546682829679377 
0.546511950165219 
0.546341117372399 
0.546170327038895 
0.545999574865892 
0.545828856516980 
0.545658167617322 
0.545487503752789 
0.545316860469118 
0.545146233271045 
0.544975617621423 
0.544805008940368 
0.544634402604371 
0.544463793945444 
0.544293178250247 
0.544122550759268 
0.543951906665983 
0.543781241116054 
0.543610549206578 
0.543439825985337 
0.543269066450111 
0.543098265548042 
0.542927418175053 
0.542756519175325 
0.542585563340861 
0.542414545411124 
0.542243460072775 
0.542072301959521 
0.541901065652055 
0.541729745678158 
0.541558336512926 
0.541386832579141 
0.541215228247829 
0.541043517838996 
0.540871695622546 
0.540699755819468 
0.540527692603183 
0.540355500101204 
0.540183172397048 
0.540010703532428 
0.539838087509792 
0.539665318295153 
0.539492389821313 
0.539319295991464 
0.539146030683173 
0.538972587752836 
0.538798961040548 
0.538625144375501 
0.538451131581842 
0.538276916485132 
0.538102492919314 
0.537927854734310 
0.537752995804223 
0.537577910036189 
0.537402591379936 
0.537227033837995 
0.537051231476686 
0.536875178437832 
0.536698868951270 
0.536522297348125 
0.536345458074954 
0.536168345708682 
0.535990954972394 
0.535813280752005 
0.535635318113771 
0.535457062322675 
0.535278508861665 
0.535099653451760 
0.534920492072985 
0.534741020986116 
0.534561236755211 
0.534381136270898 
0.534200716774348 
0.534019975881911 
0.533838911610318 
0.533657522402406 
0.533475807153235 
0.533293765236550 
0.533111396531460 
0.532928701449190 
0.532745680959814 
0.532562336618800 
0.532378670593215 
0.532194685687437 
0.532010385368182 
0.531825773788653 
0.531640855811638 
0.531455637031332 
0.531270123793673 
0.531084323214979 
0.530898243198669 
0.530711892449805 
0.530525280487301 
0.530338417653518 
0.530151315121049 
0.529963984896500 
0.529776439821058 
0.529588693567659 
0.529400760634609 
0.529212656335508 
0.529024396785374 
0.528835998882830 
0.528647480288376 
0.528458859398624 
0.528270155316587 
0.528081387818031 
0.527892577313961 
0.527703744809401 
0.527514911858608 
0.527326100516924 
0.527137333289535 
0.526948633077343 
0.526760023120370 
0.526571526938924 
0.526383168272974 
0.526194971020082 
0.526006959172290 
0.525819156752433 
0.525631587750234 
0.525444276058639 
0.525257245410824 
0.525070519318246 
0.524884121010159 
0.524698073374963 
0.524512398903728 
0.524327119636210 
0.524142257109660 
0.523957832310674 
0.523773865630309 
0.523590376822611 
0.523407384966760 
0.523224908432888 
0.523042964851671 
0.522861571087690 
0.522680743216605 
0.522500496506094 
0.522320845400493 
0.522141803509024 
0.521963383597570 
0.521785597583785 
0.521608456535446 
0.521431970671854 
0.521256149368127 
0.521081001162164 
0.520906533764143 
0.520732754068310 
0.520559668166873 
0.520387281365835 
0.520215598202505 
0.520044622464574 
0.519874357210520 
0.519704804791147 
0.519535966872159 
0.519367844457517 
0.519200437913477 
0.519033746993163 
0.518867770861504 
0.518702508120424 
0.518537956834177 
0.518374114554715 
0.518210978346965 
0.518048544813949 
0.517886810121660 
0.517725770023607 
0.517565419884994 
0.517405754706423 
0.517246769147128 
0.517088457547660 
0.516930813951978 
0.516773832128956 
0.516617505593227 
0.516461827625394 
0.516306791291554 
0.516152389462119 
0.515998614829976 
0.515845459927909 
0.515692917145358 
0.515540978744431 
0.515389636875268 
0.515238883590675 
0.515088710860091 
0.514939110582888 
0.514790074601000 
0.514641594710906 
0.514493662674984 
0.514346270232243 
0.514199409108439 
0.514053071025646 
0.513907247711198 
0.513761930906128 
0.513617112373060 
0.513472783903568 
0.513328937325065 
0.513185564507202 
0.513042657367780 
0.512900207878279 
0.512758208068889 
0.512616650033201 
0.512475525932454 
0.512334827999444 
0.512194548542052 
0.512054679946461 
0.511915214680012 
0.511776145293787 
0.511637464424862 
0.511499164798318 
0.511361239228948 
0.511223680622759 
0.511086481978177 
0.510949636387087 
0.510813137035619 
0.510676977204736 
0.510541150270657 
0.510405649705076 
0.510270469075216 
0.510135602043741 
0.510001042368497 
0.509866783902124 
0.509732820591542 
0.509599146477306 
0.509465755692847 
0.509332642463614 
0.509199801106103 
0.509067226026805 
0.508934911721069 
0.508802852771874 
0.508671043848537 
0.508539479705353 
0.508408155180162 
0.508277065192871 
0.508146204743930 
0.508015568912718 
0.507885152855949 
0.507754951805989 
0.507624961069163 
0.507495176024013 
0.507365592119544 
0.507236204873434 
0.507107009870229 
0.506978002759518 
0.506849179254091 
0.506720535128078 
0.506592066215107 
0.506463768406404 
0.506335637648938 
0.506207669943534 
0.506079861342989 
0.505952207950204 
0.505824705916309 
0.505697351438785 
0.505570140759615 
0.505443070163425 
0.505316135975656 
0.505189334560741 
0.505062662320284 
0.504936115691285 
0.504809691144369 
0.504683385182026 
0.504557194336907 
0.504431115170116 
0.504305144269548 
0.504179278248248 
0.504053513742815 
0.503927847411827 
0.503802275934320 
0.503676796008301 
0.503551404349302 
0.503426097688986 
0.503300872773808 
0.503175726363716 
0.503050655230925 
0.502925656158744 
0.502800725940472 
0.502675861378355 
0.502551059282634 
0.502426316470658 
0.502301629766087 
0.502176995998177 
0.502052412001176 
0.501927874613797 
0.501803380678825 
0.501678927042824 
0.501554510555958 
0.501430128071955 
0.501305776448202 
0.501181452545970 
0.501057153230819 
0.500932875373145 
0.500808615848892 
0.500684371540468 
0.500560139337821 
0.500435916139748 
0.500311698855379 
0.500187484405913 
0.500063269726568 
0.499939051768775 
0.499814827502649 
0.499690593919686 
0.499566348035773 
0.499442086894476 
0.499317807570618 
0.499193507174188 
0.499069182854543 
0.498944831804970 
0.498820451267566 
0.498696038538477 
0.498571590973497 
0.498447105994000 
0.498322581093274 
0.498198013843191 
0.498073401901262 
0.497948743018041 
0.497824035044899 
0.497699275942158 
0.497574463787534 
0.497449596784934 
0.497324673273552 
0.497199691737246 
0.497074650814164 
0.496949549306613 
0.496824386191103 
0.496699160628527 
0.496573871974461 
0.496448519789508 
0.496323103849588 
0.496197624156219 
0.496072080946591 
0.495946474703466 
0.495820806164750 
0.495695076332705 
0.495569286482693 
0.495443438171372 
0.495317533244231 
0.495191573842403 
0.495065562408666 
0.494939501692508 
0.494813394754179 
0.494687244967684 
0.494561056022583 
0.494434831924563 
0.494308576994693 
0.494182295867327 
0.494055993486586 
0.493929675101397 
0.493803346259072 
0.493677012797410 
0.493550680835312 
0.493424356761970 
0.493298047224594 
0.493171759114830 
0.493045499553801 
0.492919275875964 
0.492793095611796 
0.492666966469454 
0.492540896315499 
0.492414893154795 
0.492288965109752 
0.492163120399007 
0.492037367315707 
0.491911714205519 
0.491786169444528 
0.491660741417158 
0.491535438494221 
0.491410269011308 
0.491285241247560 
0.491160363404990 
0.491035643588476 
0.490911089786492 
0.490786709852682 
0.490662511488382 
0.490538502226133 
0.490414689414248 
0.490291080202502 
0.490167681528932 
0.490044500107850 
0.489921542418998 
0.489798814697919 
0.489676322927498 
0.489554072830672 
0.489432069864311 
0.489310319214206 
0.489188825791148 
0.489067594228076 
0.488946628878225 
0.488825933814235 
0.488705512828198 
0.488585369432527 
0.488465506861698 
0.488345928074691 
0.488226635758168 
0.488107632330302 
0.487988919945178 
0.487870500497770 
0.487752375629378 
0.487634546733524 
0.487517014962249 
0.487399781233036 
0.487282846234807 
0.487166210436052 
0.487049874091918 
0.486933837251776 
0.486818099766945 
0.486702661298497 
0.486587521325164 
0.486472679151256 
0.486358133914607 
0.486243884594502 
0.486129930019564 
0.486016268875579 
0.485902899713243 
0.485789820955794 
0.485677030906537 
0.485564527756232 
0.485452309590321 
0.485340374396026 
0.485228720069218 
0.485117344421170 
0.485006245185067 
0.484895420022345 
0.484784866528823 
0.484674582240621 
0.484564564639880 
0.484454811160252 
0.484345319192186 
0.484236086087995 
0.484127109166705 
0.484018385718698 
0.483909913010124 
0.483801688287123 
0.483693708779825 
0.483585971706144 
0.483478474275380 
0.483371213691624 
0.483264187156950 
0.483157391874447 
0.483050825051057 
0.482944483900226 
0.482838365644393 
0.482732467517316 
0.482626786766236 
0.482521320653868 
0.482416066460283 
0.482311021484605 
0.482206183046591 
0.482101548488098 
0.481997115174374 
0.481892880495300 
0.481788841866453 
0.481684996730102 
0.481581342556084 
0.481477876842596 
0.481374597116883 
0.481271500935849 
0.481168585886575 
0.481065849586772 
0.480963289685169 
0.480860903861803 
0.480758689828278 
0.480656645327950 
0.480554768136060 
0.480453056059820 
0.480351506938435 
0.480250118643103 
0.480148889076967 
0.480047816175019 
0.479946897903985 
0.479846132262165 
0.479745517279255 
0.479645051016141 
0.479544731564664 
0.479444557047370 
0.479344525617229 
0.479244635457364 
0.479144884780730 
0.479045271829804 
0.478945794876256 
0.478846452220616 
0.478747242191920 
0.478648163147365 
0.478549213471941 
0.478450391578078 
0.478351695905284 
0.478253124919772 
0.478154677114093 
0.478056351006764 
0.477958145141925 
0.477860058088958 
0.477762088442123 
0.477664234820214 
0.477566495866196 
0.477468870246877 
0.477371356652541 
0.477273953796630 
0.477176660415414 
0.477079475267655 
0.476982397134311 
0.476885424818227 
0.476788557143826 
0.476691792956818 
0.476595131123934 
0.476498570532649 
0.476402110090906 
0.476305748726879 
0.476209485388715 
0.476113319044310 
0.476017248681076 
0.475921273305722 
0.475825391944067 
0.475729603640819 
0.475633907459406 
0.475538302481785 
0.475442787808288 
0.475347362557455 
0.475252025865879 
0.475156776888082 
0.475061614796367 
0.474966538780708 
0.474871548048628 
0.474776641825092 
0.474681819352408 
0.474587079890145 
0.474492422715037 
0.474397847120923 
0.474303352418654 
0.474208937936045 
0.474114603017816 
0.474020347025531 
0.473926169337557 
0.473832069349016 
0.473738046471744 
0.473644100134261 
0.473550229781728 
0.473456434875930 
0.473362714895229 
0.473269069334550 
0.473175497705353 
0.473081999535589 
0.472988574369700 
0.472895221768573 
0.472801941309513 
0.472708732586214 
0.472615595208728 
0.472522528803422 
0.472429533012938 
0.472336607496158 
0.472243751928137 
0.472150966000065 
0.472058249419197 
0.471965601908789 
0.471873023208018 
0.471780513071919 
0.471688071271278 
0.471595697592541 
0.471503391837721 
0.471411153824265 
0.471318983384944 
0.471226880367723 
0.471134844635619 
0.471042876066542 
0.470950974553144 
0.470859140002641 
0.470767372336634 
0.470675671490929 
0.470584037415311 
0.470492470073354 
0.470400969442191 
0.470309535512272 
0.470218168287148 
0.470126867783183 
0.470035634029321 
0.469944467066797 
0.469853366948858 
0.469762333740481 
0.469671367518068 
0.469580468369137 
0.469489636392009 
0.469398871695481 
0.469308174398502 
0.469217544629827 
0.469126982527684 
0.469036488239410 
0.468946061921112 
0.468855703737295 
0.468765413860499 
0.468675192470933 
0.468585039756109 
0.468494955910457 
0.468404941134946 
0.468314995636718 
0.468225119628696 
0.468135313329209 
0.468045576961607 
0.467955910753876 
0.467866314938270 
0.467776789750914 
0.467687335431436 
0.467597952222590 
0.467508640369877 
0.467419400121174 
0.467330231726374 
0.467241135437011 
0.467152111505903 
0.467063160186794 
0.466974281734007 
0.466885476402090 
0.466796744445473 
0.466708086118139 
0.466619501673279 
0.466530991362982 
0.466442555437900 
0.466354194146946 
0.466265907736982 
0.466177696452508 
0.466089560535384 
0.466001500224533 
0.465913515755661 
0.465825607360985 
0.465737775268956 
0.465650019704018 
0.465562340886330 
0.465474739031541 
0.465387214350546 
0.465299767049242 
0.465212397328317 
0.465125105383033 
0.465037891403004 
0.464950755572005 
0.464863698067774 
0.464776719061823 
0.464689818719262 
0.464602997198614 
0.464516254651662 
0.464429591223291 
0.464343007051331 
0.464256502266411 
0.464170076991829 
0.464083731343431 
0.463997465429474 
0.463911279350524 
0.463825173199346 
0.463739147060808 
0.463653201011788 
0.463567335121099 
0.463481549449398 
0.463395844049133 
0.463310218964478 
0.463224674231273 
0.463139209876995 
0.463053825920702 
0.462968522373023 
0.462883299236119 
0.462798156503680 
0.462713094160907 
0.462628112184528 
0.462543210542793 
0.462458389195502 
0.462373648094019 
0.462288987181304 
0.462204406391962 
0.462119905652271 
0.462035484880262 
0.461951143985749 
0.461866882870421 
0.461782701427897 
0.461698599543834 
0.461614577095993 
0.461530633954339 
0.461446769981157 
0.461362985031138 
0.461279278951515 
0.461195651582175 
0.461112102755782 
0.461028632297922 
0.460945240027229 
0.460861925755538 
0.460778689288024 
0.460695530423373 
0.460612448953920 
0.460529444665826 
0.460446517339241 
0.460363666748469 
0.460280892662150 
0.460198194843439 
0.460115573050183 
0.460033027035094 
0.459950556545960 
0.459868161325800 
0.459785841113082 
0.459703595641900 
0.459621424642155 
0.459539327839769 
0.459457304956864 
0.459375355711955 
0.459293479820145 
0.459211676993303 
0.459129946940279 
0.459048289367067 
0.458966703977005 
0.458885190470950 
0.458803748547467 
0.458722377903003 
0.458641078232064 
0.458559849227387 
0.458478690580103 
0.458397601979911 
0.458316583115223 
0.458235633673331 
0.458154753340549 
0.458073941802365 
0.457993198743564 
0.457912523848383 
0.457831916800623 
0.457751377283770 
0.457670904981126 
0.457590499575902 
0.457510160751325 
0.457429888190741 
0.457349681577689 
0.457269540596011 
0.457189464929896 
0.457109454263983 
0.457029508283404 
0.456949626673844 
0.456869809121600 
0.456790055313620 
0.456710364937550 
0.456630737681757 
0.456551173235364 
0.456471671288282 
0.456392231531201 
0.456312853655631 
0.456233537353898 
0.456154282319153 
0.456075088245370 
0.455995954827340 
0.455916881760675 
0.455837868741803 
0.455758915467933 
0.455680021637082 
0.455601186948030 
0.455522411100327 
0.455443693794265 
0.455365034730880 
0.455286433611937 
0.455207890139906 
0.455129404017973 
0.455050974950025 
0.454972602640640 
0.454894286795109 
0.454816027119413 
0.454737823320259 
0.454659675105086 
0.454581582182067 
0.454503544260168 
0.454425561049161 
0.454347632259664 
0.454269757603196 
0.454191936792237 
0.454114169540274 
0.454036455561889 
0.453958794572844 
0.453881186290158 
0.453803630432220 
0.453726126718894 
0.453648674871640 
0.453571274613648 
0.453493925669972 
0.453416627767698 
0.453339380636084 
0.453262184006747 
0.453185037613848 
0.453107941194282 
0.453030894487867 
0.452953897237577 
0.452876949189757 
0.452800050094352 
0.452723199705156 
0.452646397780043 
0.452569644081240 
0.452492938375578 
0.452416280434776 
0.452339670035703 
0.452263106960659 
0.452186590997665 
0.452110121940746 
0.452033699590215 
0.451957323752975 
0.451880994242793 
0.451804710880601 
0.451728473494767 
0.451652281921392 
0.451576136004571 
0.451500035596675 
0.451423980558600 
0.451347970760026 
0.451272006079658 
0.451196086405448 
0.451120211634813 
0.451044381674837 
0.450968596442444 
0.450892855864571 
0.450817159878310 
0.450741508431029 
0.450665901480475 
0.450590338994854 
0.450514820952877 
0.450439347343805 
0.450363918167430 
0.450288533434072 
0.450213193164503 
0.450137897389890 
0.450062646151663 
0.449987439501392 
0.449912277500620 
0.449837160220660 
0.449762087742377 
0.449687060155924 
0.449612077560479 
0.449537140063940 
0.449462247782572 
0.449387400840685 
0.449312599370224 
0.449237843510399 
0.449163133407248 
0.449088469213211 
0.449013851086686 
0.448939279191543 
0.448864753696682 
0.448790274775534 
0.448715842605566 
0.448641457367805 
0.448567119246336 
0.448492828427828 
0.448418585101032 
0.448344389456309 
0.448270241685175 
0.448196141979828 
0.448122090532730 
0.448048087536171 
0.447974133181884 
0.447900227660656 
0.447826371161977 
0.447752563873723 
0.447678805981853 
0.447605097670140 
0.447531439119948 
0.447457830510012 
0.447384272016290 
0.447310763811817 
0.447237306066621 
0.447163898947645 
0.447090542618740 
0.447017237240666 
0.446943982971143 
0.446870779964931 
0.446797628373956 
0.446724528347455 
0.446651480032163 
0.446578483572522 
0.446505539110936 
0.446432646788034 
0.446359806742983 
0.446287019113791 
0.446214284037671 
0.446141601651393 
0.446068972091662 
0.445996395495519 
0.445923872000749 
0.445851401746280 
0.445778984872609 
0.445706621522222 
0.445634311840016 
0.445562055973702 
0.445489854074227 
0.445417706296152 
0.445345612798049 
0.445273573742864 
0.445201589298256 
0.445129659636920 
0.445057784936885 
0.444985965381788 
0.444914201161102 
0.444842492470341 
0.444770839511227 
0.444699242491817 
0.444627701626597 
0.444556217136521 
0.444484789249024 
0.444413418197978 
0.444342104223611 
0.444270847572372 
0.444199648496765 
0.444128507255124 
0.444057424111348 
0.443986399334602 
0.443915433198957 
0.443844525983000 
0.443773677969403 
0.443702889444460 
0.443632160697581 
0.443561492020742 
0.443490883707941 
0.443420336054590 
0.443349849356909 
0.443279423911287 
0.443209060013633 
0.443138757958712 
0.443068518039472 
0.442998340546378 
0.442928225766732 
0.442858173984000 
0.442788185477155 
0.442718260520030 
0.442648399380670 
0.442578602320724 
0.442508869594859 
0.442439201450187 
0.442369598125731 
0.442300059851922 
0.442230586850133 
0.442161179332239 
0.442091837500235 
0.442022561545885 
0.441953351650412 
0.441884207984239 
0.441815130706771 
0.441746119966216 
0.441677175899477 
0.441608298632048 
0.441539488278004 
0.441470744939998 
0.441402068709316 
0.441333459665981 
0.441264917878891 
0.441196443406000 
0.441128036294534 
0.441059696581250 
0.440991424292720 
0.440923219445661 
0.440855082047271 
0.440787012095622 
0.440719009580060 
0.440651074481616 
0.440583206773465 
0.440515406421378 
0.440447673384188 
0.440380007614284 
0.440312409058091 
0.440244877656573 
0.440177413345726 
0.440110016057072 
0.440042685718158 
0.439975422253036 
0.439908225582741 
0.439841095625764 
0.439774032298504 
0.439707035515702 
0.439640105190862 
0.439573241236656 
0.439506443565293 
0.439439712088888 
0.439373046719784 
0.439306447370853 
0.439239913955783 
0.439173446389317 
0.439107044587478 
0.439040708467752 
0.438974437949248 
0.438908232952818 
0.438842093401153 
0.438776019218852 
0.438710010332440 
0.438644066670375 
0.438578188163013 
0.438512374742536 
0.438446626342879 
0.438380942899585 
0.438315324349673 
0.438249770631459 
0.438184281684345 
0.438118857448605 
0.438053497865135 
0.437988202875181 
0.437922972420064 
0.437857806440872 
0.437792704878141 
0.437727667671532 
0.437662694759485 
0.437597786078885 
0.437532941564691 
0.437468161149582 
0.437403444763615 
0.437338792333840 
0.437274203783966 
0.437209679033995 
0.437145217999881 
0.437080820593194 
0.437016486720793 
0.436952216284506 
0.436888009180834 
0.436823865300664 
0.436759784528996 
0.436695766744688 
0.436631811820234 
0.436567919621538 
0.436504090007728 
0.436440322830982 
0.436376617936379 
0.436312975161774 
0.436249394337688 
0.436185875287237 
0.436122417826057 
0.436059021762291 
0.435995686896558 
0.435932413021972 
0.435869199924173 
0.435806047381381 
0.435742955164464 
0.435679923037042 
0.435616950755601 
0.435554038069618 
0.435491184721729 
0.435428390447878 
0.435365654977512 
0.435302978033778 
0.435240359333739 
0.435177798588600 
0.435115295503942 
0.435052849779976 
0.434990461111792 
0.434928129189653 
0.434865853699234 
0.434803634321925 
0.434741470735120 
0.434679362612505 
0.434617309624348 
0.434555311437795 
0.434493367717194 
0.434431478124361 
0.434369642318909 
0.434307859958531 
0.434246130699308 
0.434184454195999 
0.434122830102333 
0.434061258071300 
0.433999737755441 
0.433938268807118 
0.433876850878794 
0.433815483623303 
0.433754166694098 
0.433692899745520 
0.433631682433042 
0.433570514413500 
0.433509395345326 
0.433448324888778 
0.433387302706144 
0.433326328461943 
0.433265401823133 
0.433204522459284 
0.433143690042749 
0.433082904248842 
0.433022164755983 
0.432961471245843 
0.432900823403479 
0.432840220917457 
0.432779663479957 
0.432719150786890 
0.432658682537971 
0.432598258436813 
0.432537878190984 
0.432477541512074 
0.432417248115741 
0.432356997721748 
0.432296790053984 
0.432236624840491 
0.432176501813457 
0.432116420709222 
0.432056381268256 
0.431996383235140 
0.431936426358533 
0.431876510391121 
0.431816635089568 
0.431756800214458 
0.431697005530214 
0.431637250805031 
0.431577535810775 
0.431517860322896 
0.431458224120323 
0.431398626985352 
0.431339068703530 
0.431279549063518 
0.431220067856983 
0.431160624878438 
0.431101219925113 
0.431041852796794 
0.430982523295691 
0.430923231226255 
0.430863976395033 
0.430804758610492 
0.430745577682861 
0.430686433423945 
0.430627325646971 
0.430568254166381 
0.430509218797688 
0.430450219357265 
0.430391255662187 
0.430332327530039 
0.430273434778732 
0.430214577226338 
0.430155754690882 
0.430096966990187 
0.430038213941681 
0.429979495362234 
0.429920811067963 
0.429862160874072 
0.429803544594685 
0.429744962042670 
0.429686413029475 
0.429627897364974 
0.429569414857300 
0.429510965312700 
0.429452548535377 
0.429394164327353 
0.429335812488317 
0.429277492815493 
0.429219205103515 
0.429160949144282 
0.429102724726852 
0.429044531637313 
0.428986369658672 
0.428928238570750 
0.428870138150072 
0.428812068169781 
0.428754028399524 
0.428696018605382 
0.428638038549777 
0.428580087991400 
0.428522166685123 
0.428464274381942 
0.428406410828919 
0.428348575769097 
0.428290768941474 
0.428232990080922 
0.428175238918172 
0.428117515179742 
0.428059818587916 
0.428002148860703 
0.427944505711808 
0.427886888850601 
0.427829297982092 
0.427771732806914 
0.427714193021306 
0.427656678317099 
0.427599188381690 
0.427541722898051 
0.427484281544712 
0.427426863995764 
0.427369469920841 
0.427312098985137 
0.427254750849402 
0.427197425169937 
0.427140121598614 
0.427082839782866 
0.427025579365707 
0.426968339985736 
0.426911121277143 
0.426853922869725 
0.426796744388896 
0.426739585455696 
0.426682445686808 
0.426625324694565 
0.426568222086972 
0.426511137467702 
0.426454070436123 
0.426397020587314 
0.426339987512069 
0.426282970796906 
0.426225970024086 
0.426168984771627 
0.426112014613304 
0.426055059118671 
0.425998117853066 
0.425941190377609 
0.425884276249226 
0.425827375020652 
0.425770486240421 
0.425713609452896 
0.425656744198249 
0.425599890012472 
0.425543046427387 
0.425486212970622 
0.425429389165632 
0.425372574531688 
0.425315768583862 
0.425258970833029 
0.425202180785858 
0.425145397944800 
0.425088621808077 
0.425031851869664 
0.424975087619279 
0.424918328542361 
0.424861574120053 
0.424804823829182 
0.424748077142231 
0.424691333527311 
0.424634592448143 
0.424577853364022 
0.424521115729783 
0.424464378995773 
0.424407642607808 
0.424350906007140 
0.424294168630409 
0.424237429909611 
0.424180689272041 
0.424123946140244 
0.424067199931979 
0.424010450060150 
0.423953695932760 
0.423896936952839 
0.423840172518410 
0.423783402022400 
0.423726624852581 
0.423669840391511 
0.423613048016443 
0.423556247099267 
0.423499437006429 
0.423442617098851 
0.423385786731842 
0.423328945255017 
0.423272092012208 
0.423215226341376 
0.423158347574503 
0.423101455037504 
0.423044548050127 
0.422987625925846 
0.422930687971741 
0.422873733488409 
0.422816761769829 
0.422759772103262 
0.422702763769111 
0.422645736040812 
0.422588688184695 
0.422531619459863 
0.422474529118040 
0.422417416403446 
0.422360280552647 
0.422303120794414 
0.422245936349562 
0.422188726430805 
0.422131490242594 
0.422074226980960 
0.422016935833338 
0.421959615978408 
0.421902266585905 
0.421844886816458 
0.421787475821402 
0.421730032742587 
0.421672556712190 
0.421615046852518 
0.421557502275820 
0.421499922084073 
0.421442305368780 
0.421384651210757 
0.421326958679917 
0.421269226835057 
0.421211454723633 
0.421153641381528 
0.421095785832828 
0.421037887089585 
0.420979944151576 
0.420921956006073 
0.420863921627585 
0.420805839977620 
0.420747710004427 
0.420689530642753 
0.420631300813579 
0.420573019423867 
0.420514685366294 
0.420456297519001 
0.420397854745324 
0.420339355893534 
0.420280799796573 
0.420222185271796 
0.420163511120706 
0.420104776128695 
0.420045979064797 
0.419987118681418 
0.419928193714101 
0.419869202881279 
0.419810144884037 
0.419751018405885 
0.419691822112527 
0.419632554651674 
0.419573214652822 
0.419513800727080 
0.419454311466998 
0.419394745446420 
0.419335101220347 
0.419275377324827 
0.419215572276878 
0.419155684574416 
0.419095712696247 
0.419035655102056 
0.418975510232461 
0.418915276509100 
0.418854952334743 
0.418794536093499 
0.418734026151029 
0.418673420854845 
0.418612718534665 
0.418551917502841 
0.418491016054868 
0.418430012469963 
0.418368905011745 
0.418307691929016 
0.418246371456624 
0.418184941816472 
0.418123401218625 
0.418061747862555 
0.417999979938539 
0.417938095629182 
0.417876093111134 
0.417813970556958 
0.417751726137187 
0.417689358022585 
0.417626864386598 
0.417564243408059 
0.417501493274094 
0.417438612183289 
0.417375598349120 
0.417312450003651 
0.417249165401517 
0.417185742824205 
0.417122180584655 
0.417058477032164 
0.416994630557646 
0.416930639599211 
0.416866502648113 
0.416802218255043 
0.416737785036794 
0.416673201683277 
0.416608466964926 
0.416543579740444 
0.416478538964906 
0.416413343698230 
0.416347993113962 
0.416282486508392 
0.416216823309954 
0.416151003088892 
0.416085025567168 
0.416018890628569 
0.415952598328934 
0.415886148906515 
0.415819542792356 
0.415752780620657 
0.415685863239041 
0.415618791718643 
0.415551567363945 
0.415484191722273 
0.415416666592859 
0.415348994035345 
0.415281176377667 
0.415213216223185 
0.415145116456974 
0.415076880251147 
0.415008511069128 
0.414940012668757 
0.414871389104149 
0.414802644726200 
0.414733784181669 
0.414664812410761 
0.414595734643161 
0.414526556392465 
0.414457283448975 
0.414387921870884 
0.414318477973771 
0.414248958318544 
0.414179369697772 
0.414109719120529 
0.414040013795804 
0.413970261114594 
0.413900468630780 
0.413830644040919 
0.413760795163120 
0.413690929915150 
0.413621056291904 
0.413551182342493 
0.413481316147060 
0.413411465793536 
0.413341639354524 
0.413271844864477 
0.413202090297338 
0.413132383544841 
0.413062732395558 
0.412993144514927 
0.412923627426300 
0.412854188493159 
0.412784834902605 
0.412715573650185 
0.412646411526102 
0.412577355102881 
0.412508410724481 
0.412439584496903 
0.412370882280241 
0.412302309682198 
0.412233872053016 
0.412165574481752 
0.412097421793896 
0.412029418550211 
0.411961569046773 
0.411893877316092 
0.411826347129271 
0.411758981999082 
0.411691785183910 
0.411624759692456 
0.411557908289113 
0.411491233499953 
0.411424737619212 
0.411358422716227 
0.411292290642738 
0.411226343040459 
0.411160581348905 
0.411095006813365 
0.411029620493001 
0.410964423268973 
0.410899415852607 
0.410834598793510 
0.410769972487629 
0.410705537185177 
0.410641292998458 
0.410577239909512 
0.410513377777585 
0.410449706346405 
0.410386225251244 
0.410322934025740 
0.410259832108502 
0.410196918849468 
0.410134193516020 
0.410071655298841 
0.410009303317538 
0.409947136626004 
0.409885154217545 
0.409823355029762 
0.409761737949194 
0.409700301815719 
0.409639045426756 
0.409577967541202 
0.409517066883212 
0.409456342145719 
0.409395791993790 
0.409335415067770 
0.409275209986263 
0.409215175348911 
0.409155309739036 
0.409095611726080 
0.409036079867932 
0.408976712713092 
0.408917508802680 
0.408858466672337 
0.408799584853995 
0.408740861877515 
0.408682296272230 
0.408623886568358 
0.408565631298334 
0.408507528998048 
0.408449578207961 
0.408391777474180 
0.408334125349420 
0.408276620393892 
0.408219261176138 
0.408162046273779 
0.408104974274214 
0.408048043775233 
0.407991253385609 
0.407934601725608 
0.407878087427452 
0.407821709135758 
0.407765465507896 
0.407709355214328 
0.407653376938916 
0.407597529379156 
0.407541811246418 
0.407486221266131 
0.407430758177934 
0.407375420735816 
0.407320207708214 
0.407265117878088 
0.407210150042976 
0.407155303015028 
0.407100575621018 
0.407045966702328 
0.406991475114931 
0.406937099729344 
0.406882839430570 
0.406828693118033 
0.406774659705487 
0.406720738120921 
0.406666927306455 
0.406613226218221 
0.406559633826242 
0.406506149114295 
0.406452771079775 
0.406399498733542 
0.406346331099781 
0.406293267215831 
0.406240306132034 
0.406187446911582 
0.406134688630331 
0.406082030376643 
0.406029471251223 
0.405977010366939 
0.405924646848660 
0.405872379833076 
0.405820208468543 
0.405768131914906 
0.405716149343328 
0.405664259936134 
0.405612462886645 
0.405560757399020 
0.405509142688092 
0.405457617979222 
0.405406182508138 
0.405354835520792 
0.405303576273218 
0.405252404031391 
0.405201318071085 
0.405150317677746 
0.405099402146361 
0.405048570781330 
0.404997822896355 
0.404947157814314 
0.404896574867155 
0.404846073395785 
0.404795652749964 
0.404745312288222 
0.404695051377733 
0.404644869394257 
0.404594765722028 
0.404544739753682 
0.404494790890173 
0.404444918540697 
0.404395122122619 
0.404345401061406 
0.404295754790555 
0.404246182751530 
0.404196684393711 
0.404147259174319 
0.404097906558375 
0.404048626018639 
0.403999417035562 
0.403950279097232 
0.403901211699332 
0.403852214345088 
0.403803286545238 
0.403754427817968 
0.403705637688889 
0.403656915690982 
0.403608261364571 
0.403559674257263 
0.403511153923932 
0.403462699926662 
0.403414311834715 
0.403365989224499 
0.403317731679505 
0.403269538790293 
0.403221410154437 
0.403173345376489 
0.403125344067935 
0.403077405847153 
0.403029530339364 
0.402981717176602 
0.402933965997650 
0.402886276448003 
0.402838648179821 
0.402791080851864 
0.402743574129460 
0.402696127684442 
0.402648741195088 
0.402601414346074 
0.402554146828408 
0.402506938339374 
0.402459788582469 
0.402412697267336 
0.402365664109707 
0.402318688831317 
0.402271771159858 
0.402224910828890 
0.402178107577770 
0.402131361151586 
0.402084671301067 
0.402038037782518 
0.401991460357727 
0.401944938793885 
0.401898472863511 
0.401852062344350 
0.401805707019299 
0.401759406676314 
0.401713161108316 
0.401666970113100 
0.401620833493241 
