1.000000000000000 
0.484488909147571 
0.479412391006756 
0.478953093704260 
0.478783990930515 
0.478681502879849 
0.478601597362002 
0.478529917103234 
0.478460388987296 
0.478389913857147 
0.478316635666562 
0.478239270509442 
0.478156811487289 
0.478068385218478 
0.477973175889339 
0.477870381841862 
0.477759188862647 
0.477638752509229 
0.477508185556142 
0.477366548471440 
0.477212841775910 
0.477045999647062 
0.476864884419680 
0.476668281808097 
0.476454896785104 
0.476223350126578 
0.475972175684446 
0.475699818492020 
0.475404633839358 
0.475084887484634 
0.474738757191454 
0.474364335801747 
0.473959636068928 
0.473522597485385 
0.473051095340969 
0.472542952243389 
0.471995952315821 
0.471407858259867 
0.470776431431750 
0.470099455024918 
0.469374760382067 
0.468600256373463 
0.467773961676550 
0.466894039675715 
0.465958835571014 
0.464966915147811 
0.463917104515330 
0.462808529980917 
0.461640657093364 
0.460413327771711 
0.459126794344050 
0.457781749262816 
0.456379349247230 
0.454921232637042 
0.453409528829685 
0.451846858818077 
0.450236326048185 
0.448581497070319 
0.446886371759012 
0.445155343212934 
0.443393147805874 
0.441604806227491 
0.439795556711955 
0.437970781987048 
0.436135931768660 
0.434296442859971 
0.432457659076034 
0.430624753290486 
0.428802653882329 
0.426995977741513 
0.425208971772520 
0.423445464520620 
0.421708829148472 
0.420001958530057 
0.418327252729488 
0.416686618622871 
0.415081480934960 
0.413512803528625 
0.411981119433266 
0.410486567849252 
0.409028936232108 
0.407607705545422 
0.406222096867641 
0.404871117728638 
0.403553606814382 
0.402268275985721 
0.401013748883763 
0.399788595714533 
0.398591364097399 
0.397420606104971 
0.396274901798550 
0.395152879655493 
0.394053234280424 
0.392974741686412 
0.391916272237187 
0.390876801090739 
0.389855415735828 
0.388851320040079 
0.387863834203701 
0.386892390182702 
0.385936522505789 
0.384995854897852 
0.384070083630961 
0.383158958929452 
0.382262265964055 
0.381379806942587 
0.380511385565814 
0.379656794736959 
0.378815807979116 
0.377988174604180 
0.377173618341472 
0.376371838897805 
0.375582515783886 
0.374805313692352 
0.374039888731290 
0.373285894885162 
0.372542990174823 
0.371810842105899 
0.371089132117864 
0.370377558865985 
0.369675840277562 
0.368983714417452 
0.368300939272670 
0.367627291620215 
0.366962565176140 
0.366306568238708 
0.365659121036525 
0.365020052976992 
0.364389199964817 
0.363766401928315 
0.363151500656305 
0.362544338013382 
0.361944754568903 
0.361352588646590 
0.360767675778454 
0.360189848529216 
0.359618936645280 
0.359054767475352 
0.358497166607150 
0.357945958665429 
0.357400968219925 
0.356862020756858 
0.356328943673648 
0.355801567262798 
0.355279725656990 
0.354763257713100 
0.354252007817674 
0.353745826600595 
0.353244571546906 
0.352748107499518 
0.352256307047531 
0.351769050796781 
0.351286227520594 
0.350807734190433 
0.350333475887590 
0.349863365598954 
0.349397323901838 
0.348935278545084 
0.348477163935964 
0.348022920544690 
0.347572494240557 
0.347125835575488 
0.346682899032216 
0.346243642255017 
0.345808025281054 
0.345376009789704 
0.344947558385988 
0.344522633932243 
0.344101198939852 
0.343683215030051 
0.343268642470076 
0.342857439787998 
0.342449563466953 
0.342044967717131 
0.341643604321821 
0.341245422552316 
0.340850369145256 
0.340458388335368 
0.340069421936138 
0.339683409461010 
0.339300288277898 
0.338919993790267 
0.338542459638605 
0.338167617916695 
0.337795399397848 
0.337425733766752 
0.337058549853323 
0.336693775865407 
0.336331339617606 
0.335971168753972 
0.335613190962527 
0.335257334179894 
0.334903526784467 
0.334551697776731 
0.334201776945442 
0.333853695018564 
0.333507383797861 
0.333162776276307 
0.332819806737494 
0.332478410836477 
0.332138525661616 
0.331800089777244 
0.331463043247179 
0.331127327639360 
0.330792886012135 
0.330459662882997 
0.330127604180730 
0.329796657182206 
0.329466770435212 
0.329137893668776 
0.328809977692631 
0.328482974287424 
0.328156836087218 
0.327831516455900 
0.327506969358828 
0.327183149231012 
0.326860010842882 
0.326537509164472 
0.326215599228651 
0.325894235993753 
0.325573374205732 
0.325252968259713 
0.324932972060586 
0.324613338882050 
0.324294021223334 
0.323974970662562 
0.323656137705650 
0.323337471629343 
0.323018920316933 
0.322700430085012 
0.322381945499514 
0.322063409179214 
0.321744761584816 
0.321425940791737 
0.321106882244936 
0.320787518494352 
0.320467778910129 
0.320147589377821 
0.319826871975250 
0.319505544635104 
0.319183520800903 
0.318860709089155 
0.318537012977905 
0.318212330552377 
0.317886554352809 
0.317559571389143 
0.317231263413061 
0.316901507571034 
0.316570177602869 
0.316237145797707 
0.315902285969292 
0.315565477756082 
0.315226612572713 
0.314885601511680 
0.314542385381227 
0.314196946824927 
0.313849324065015 
0.313499625242594 
0.313148041658189 
0.312794857607978 
0.312440454217892 
0.312085304974726 
0.311729961697378 
0.311375031371518 
0.311021146160332 
0.310668930389651 
0.310318968870602 
0.309971780403070 
0.309627798957677 
0.309287363381356 
0.308950715025234 
0.308618001762341 
0.308289286501205 
0.307964558385571 
0.307643745209240 
0.307326725997522 
0.307013343100614 
0.306703413454860 
0.306396738882062 
0.306093115422505 
0.305792341749846 
0.305494226711110 
0.305198595988256 
0.304905297804502 
0.304614207518166 
0.304325230882550 
0.304038305728308 
0.303753401866843 
0.303470519128984 
0.303189683630904 
0.302910942564658 
0.302634357994693 
0.302360000255413 
0.302087941559073 
0.301818250337263 
0.301550986680495 
0.301286199052186 
0.301023922277910 
0.300764176677886 
0.300506968132128 
0.300252288839655 
0.300000118543373 
0.299750426024973 
0.299503170716315 
0.299258304315619 
0.299015772333248 
0.298775515520686 
0.298537471157670 
0.298301574187344 
0.298067758199183 
0.297835956265650 
0.297606101642244 
0.297378128342647 
0.297151971601488 
0.296927568237499 
0.296704856929466 
0.296483778416879 
0.296264275636303 
0.296046293803695 
0.295829780451867 
0.295614685431363 
0.295400960882035 
0.295188561181649 
0.294977442877014 
0.294767564602275 
0.294558886988270 
0.294351372566196 
0.294144985668217 
0.293939692327136 
0.293735460176820 
0.293532258354636 
0.293330057406908 
0.293128829198065 
0.292928546823985 
0.292729184529823 
0.292530717632483 
0.292333122447797 
0.292136376222344 
0.291940457069812 
0.291745343911761 
0.291551016422574 
0.291357454978396 
0.291164640609812 
0.290972554958056 
0.290781180234500 
0.290590499183178 
0.290400495046135 
0.290211151531375 
0.290022452783188 
0.289834383354668 
0.289646928182231 
0.289460072561954 
0.289273802127561 
0.289088102829918 
0.288902960917892 
0.288718362920406 
0.288534295629624 
0.288350746085098 
0.288167701558795 
0.287985149540906 
0.287803077726334 
0.287621474001785 
0.287440326433369 
0.287259623254658 
0.287079352855106 
0.286899503768785 
0.286720064663369 
0.286541024329293 
0.286362371669058 
0.286184095686625 
0.286006185476807 
0.285828630214668 
0.285651419144847 
0.285474541570759 
0.285297986843652 
0.285121744351449 
0.284945803507339 
0.284770153738086 
0.284594784471994 
0.284419685126497 
0.284244845095318 
0.284070253735163 
0.283895900351914 
0.283721774186244 
0.283547864398654 
0.283374160053852 
0.283200650104462 
0.283027323374003 
0.282854168539109 
0.282681174110967 
0.282508328415918 
0.282335619575246 
0.282163035484101 
0.281990563789596 
0.281818191868069 
0.281645906801577 
0.281473695353668 
0.281301543944551 
0.281129438625772 
0.280957365054628 
0.280785308468511 
0.280613253659550 
0.280441184949906 
0.280269086168248 
0.280096940627994 
0.279924731108095 
0.279752439837219 
0.279580048482438 
0.279407538143656 
0.279234889355234 
0.279062082096515 
0.278889095813130 
0.278715909451219 
0.278542501506873 
0.278368850093277 
0.278194933028089 
0.278020727943647 
0.277846212422343 
0.277671364159280 
0.277496161153695 
0.277320581929873 
0.277144605787099 
0.276968213076802 
0.276791385503253 
0.276614106442170 
0.276436361269374 
0.276258137689347 
0.276079426051494 
0.275900219640057 
0.275720514922658 
0.275540311742085 
0.275359613436917 
0.275178426878659 
0.274996762416355 
0.274814633724155 
0.274632057552464 
0.274449053388950 
0.274265643041081 
0.274081850156679 
0.273897699702552 
0.273713217423472 
0.273528429304192 
0.273343361056132 
0.273158037647768 
0.272972482894157 
0.272786719116736 
0.272600766879974 
0.272414644807066 
0.272228369472918 
0.272041955369304 
0.271855414934581 
0.271668758638438 
0.271481995111154 
0.271295131306307 
0.271108172685893 
0.270921123417292 
0.270733986572205 
0.270546764318708 
0.270359458098603 
0.270172068783587 
0.269984596804971 
0.269797042253097 
0.269609404943948 
0.269421684451781 
0.269233880107902 
0.269045990966831 
0.268858015742220 
0.268669952715616 
0.268481799621894 
0.268293553515559 
0.268105210622296 
0.267916766180161 
0.267728214274602 
0.267539547671194 
0.267350757649574 
0.267161833841679 
0.266972764077026 
0.266783534237575 
0.266594128124624 
0.266404527340455 
0.266214711187856 
0.266024656591572 
0.265834338046988 
0.265643727603025 
0.265452794888574 
0.265261507194545 
0.265069829626992 
0.264877725350729 
0.264685155947164 
0.264492081914689 
0.264298463344172 
0.264104260805562 
0.263909436482919 
0.263713955593060 
0.263517788115654 
0.263320910847362 
0.263123309767891 
0.262924982669300 
0.262725941951823 
0.262526217431926 
0.262325858947599 
0.262124938492442 
0.261923551578098 
0.261721817529983 
0.261519878476253 
0.261317896899275 
0.261116051773239 
0.260914533488075 
0.260713537924832 
0.260513260165824 
0.260313888368084 
0.260115598292027 
0.259918548869869 
0.259722879046677 
0.259528705963942 
0.259336124410724 
0.259145207360804 
0.258956007353263 
0.258768558455587 
0.258582878563501 
0.258398971827883 
0.258216831045488 
0.258036439897535 
0.257857774963318 
0.257680807471359 
0.257505504777729 
0.257331831580275 
0.257159750889760 
0.256989224785818 
0.256820214988515 
0.256652683276339 
0.256486591779709 
0.256321903176286 
0.256158580811004 
0.255996588760274 
0.255835891856446 
0.255676455685496 
0.255518246568097 
0.255361231531862 
0.255205378280494 
0.255050655163824 
0.254897031151483 
0.254744475811716 
0.254592959296131 
0.254442452330503 
0.254292926211292 
0.254144352807296 
0.253996704565579 
0.253849954520819 
0.253704076307129 
0.253559044171449 
0.253414832987667 
0.253271418270736 
0.253128776190107 
0.252986883581953 
0.252845717959717 
0.252705257522670 
0.252565481162236 
0.252426368465898 
0.252287899718655 
0.252150055901984 
0.252012818690369 
0.251876170445481 
0.251740094208153 
0.251604573688294 
0.251469593252925 
0.251335137912530 
0.251201193305920 
0.251067745683815 
0.250934781891325 
0.250802289349543 
0.250670256036441 
0.250538670467211 
0.250407521674247 
0.250276799186907 
0.250146493011204 
0.250016593609506 
0.249887091880433 
0.249757979138982 
0.249629247097002 
0.249500887844072 
0.249372893828872 
0.249245257841068 
0.249117972993779 
0.248991032706645 
0.248864430689530 
0.248738160926866 
0.248612217662668 
0.248486595386198 
0.248361288818323 
0.248236292898493 
0.248111602772409 
0.247987213780308 
0.247863121445886 
0.247739321465821 
0.247615809699884 
0.247492582161635 
0.247369635009648 
0.247246964539270 
0.247124567174888 
