1.000000000000000 
0.178156859331398 
0.176389737853012 
0.176169082250836 
0.176083886585501 
0.176039160921578 
0.176011770430193 
0.175993334482490 
0.175980096834398 
0.175970129079846 
0.175962342967243 
0.175956079885335 
0.175950919118694 
0.175946580053876 
0.175942868757801 
0.175939647142206 
0.175936814342280 
0.175934295035321 
0.175932031873560 
0.175929980442235 
0.175928105816614 
0.175926380158958 
0.175924781008131 
0.175923290040503 
0.175921892157786 
0.175920574805637 
0.175919327457831 
0.175918141220933 
0.175917008527919 
0.175915922898242 
0.175914878748127 
0.175913871239251 
0.175912896157039 
0.175911949812028 
0.175911028959360 
0.175910130732619 
0.175909252589135 
0.175908392264477 
0.175907547734405 
0.175906717182877 
0.175905898975016 
0.175905091634172 
0.175904293822357 
0.175903504323500 
0.175902722029055 
0.175901945925575 
0.175901175083964 
0.175900408650127 
0.175899645836827 
0.175898885916557 
0.175898128215298 
0.175897372107016 
0.175896617008820 
0.175895862376672 
0.175895107701586 
0.175894352506251 
0.175893596342024 
0.175892838786239 
0.175892079439806 
0.175891317925058 
0.175890553883808 
0.175889786975615 
0.175889016876204 
0.175888243276048 
0.175887465879087 
0.175886684401554 
0.175885898570923 
0.175885108124941 
0.175884312810755 
0.175883512384105 
0.175882706608596 
0.175881895255028 
0.175881078100777 
0.175880254929235 
0.175879425529291 
0.175878589694850 
0.175877747224396 
0.175876897920584 
0.175876041589862 
0.175875178042127 
0.175874307090401 
0.175873428550530 
0.175872542240905 
0.175871647982206 
0.175870745597160 
0.175869834910313 
0.175868915747821 
0.175867987937255 
0.175867051307412 
0.175866105688147 
0.175865150910207 
0.175864186805078 
0.175863213204845 
0.175862229942049 
0.175861236849567 
0.175860233760483 
0.175859220507978 
0.175858196925222 
0.175857162845264 
0.175856118100941 
0.175855062524779 
0.175853995948908 
0.175852918204972 
0.175851829124053 
0.175850728536587 
0.175849616272292 
0.175848492160097 
0.175847356028071 
0.175846207703357 
0.175845047012108 
0.175843873779423 
0.175842687829289 
0.175841488984523 
0.175840277066713 
0.175839051896165 
0.175837813291851 
0.175836561071354 
0.175835295050819 
0.175834015044902 
0.175832720866726 
0.175831412327827 
0.175830089238112 
0.175828751405814 
0.175827398637445 
0.175826030737750 
0.175824647509670 
0.175823248754294 
0.175821834270816 
0.175820403856500 
0.175818957306630 
0.175817494414477 
0.175816014971253 
0.175814518766073 
0.175813005585918 
0.175811475215590 
0.175809927437676 
0.175808362032511 
0.175806778778133 
0.175805177450252 
0.175803557822204 
0.175801919664918 
0.175800262746876 
0.175798586834073 
0.175796891689981 
0.175795177075510 
0.175793442748968 
0.175791688466026 
0.175789913979678 
0.175788119040201 
0.175786303395119 
0.175784466789166 
0.175782608964242 
0.175780729659378 
0.175778828610699 
0.175776905551380 
0.175774960211612 
0.175772992318559 
0.175771001596320 
0.175768987765890 
0.175766950545121 
0.175764889648679 
0.175762804788007 
0.175760695671284 
0.175758562003383 
0.175756403485831 
0.175754219816770 
0.175752010690913 
0.175749775799504 
0.175747514830276 
0.175745227467409 
0.175742913391489 
0.175740572279464 
0.175738203804602 
0.175735807636447 
0.175733383440779 
0.175730930879566 
0.175728449610923 
0.175725939289070 
0.175723399564281 
0.175720830082847 
0.175718230487026 
0.175715600414999 
0.175712939500825 
0.175710247374397 
0.175707523661391 
0.175704767983225 
0.175701979957009 
0.175699159195498 
0.175696305307046 
0.175693417895558 
0.175690496560444 
0.175687540896565 
0.175684550494190 
0.175681524938946 
0.175678463811768 
0.175675366688848 
0.175672233141590 
0.175669062736553 
0.175665855035408 
0.175662609594881 
0.175659325966708 
0.175656003697577 
0.175652642329081 
0.175649241397668 
0.175645800434581 
0.175642318965813 
0.175638796512053 
0.175635232588628 
0.175631626705456 
0.175627978366989 
0.175624287072158 
0.175620552314323 
0.175616773581216 
0.175612950354883 
0.175609082111637 
0.175605168321996 
0.175601208450629 
0.175597201956302 
0.175593148291823 
0.175589046903981 
0.175584897233494 
0.175580698714951 
0.175576450776755 
0.175572152841066 
0.175567804323745 
0.175563404634293 
0.175558953175800 
0.175554449344879 
0.175549892531614 
0.175545282119501 
0.175540617485387 
0.175535897999416 
0.175531123024966 
0.175526291918594 
0.175521404029974 
0.175516458701842 
0.175511455269934 
0.175506393062928 
0.175501271402387 
0.175496089602697 
0.175490846971009 
0.175485542807180 
0.175480176403716 
0.175474747045708 
0.175469254010779 
0.175463696569020 
0.175458073982935 
0.175452385507377 
0.175446630389498 
0.175440807868680 
0.175434917176485 
0.175428957536590 
0.175422928164737 
0.175416828268664 
0.175410657048059 
0.175404413694494 
0.175398097391371 
0.175391707313865 
0.175385242628867 
0.175378702494928 
0.175372086062201 
0.175365392472389 
0.175358620858688 
0.175351770345728 
0.175344840049528 
0.175337829077432 
0.175330736528063 
0.175323561491265 
0.175316303048056 
0.175308960270568 
0.175301532222007 
0.175294017956593 
0.175286416519513 
0.175278726946874 
0.175270948265654 
0.175263079493651 
0.175255119639441 
0.175247067702328 
0.175238922672302 
0.175230683529992 
0.175222349246626 
0.175213918783985 
0.175205391094366 
0.175196765120536 
0.175188039795701 
0.175179214043460 
0.175170286777774 
0.175161256902926 
0.175152123313492 
0.175142884894303 
0.175133540520415 
0.175124089057082 
0.175114529359723 
0.175104860273894 
0.175095080635269 
0.175085189269609 
0.175075184992741 
0.175065066610541 
0.175054832918910 
0.175044482703758 
0.175034014740991 
0.175023427796496 
0.175012720626126 
0.175001891975697 
0.174990940580975 
0.174979865167671 
0.174968664451442 
0.174957337137884 
0.174945881922537 
0.174934297490888 
0.174922582518376 
0.174910735670399 
0.174898755602329 
0.174886640959520 
0.174874390377329 
0.174862002481132 
0.174849475886346 
0.174836809198453 
0.174824001013027 
0.174811049915765 
0.174797954482522 
0.174784713279342 
0.174771324862501 
0.174757787778550 
0.174744100564359 
0.174730261747168 
0.174716269844636 
0.174702123364904 
0.174687820806647 
0.174673360659142 
0.174658741402333 
0.174643961506904 
0.174629019434349 
0.174613913637057 
0.174598642558389 
0.174583204632765 
0.174567598285760 
0.174551821934191 
0.174535873986221 
0.174519752841462 
0.174503456891082 
0.174486984517915 
0.174470334096584 
0.174453503993614 
0.174436492567566 
0.174419298169162 
0.174401919141426 
0.174384353819818 
0.174366600532386 
0.174348657599912 
0.174330523336071 
0.174312196047588 
0.174293674034410 
0.174274955589870 
0.174256039000869 
0.174236922548058 
0.174217604506022 
0.174198083143478 
0.174178356723471 
0.174158423503578 
0.174138281736121 
0.174117929668381 
0.174097365542823 
0.174076587597318 
0.174055594065383 
0.174034383176420 
0.174012953155959 
0.173991302225912 
0.173969428604832 
0.173947330508178 
0.173925006148584 
0.173902453736138 
0.173879671478664 
0.173856657582014 
0.173833410250364 
0.173809927686517 
0.173786208092210 
0.173762249668434 
0.173738050615753 
0.173713609134638 
0.173688923425798 
0.173663991690523 
0.173638812131038 
0.173613382950852 
0.173587702355126 
0.173561768551040 
0.173535579748168 
0.173509134158862 
0.173482429998642 
0.173455465486588 
0.173428238845749 
0.173400748303548 
0.173372992092196 
0.173344968449122 
0.173316675617394 
0.173288111846161 
0.173259275391091 
0.173230164514821 
0.173200777487415 
0.173171112586823 
0.173141168099349 
0.173110942320125 
0.173080433553593 
0.173049640113993 
0.173018560325853 
0.172987192524486 
0.172955535056503 
0.172923586280313 
0.172891344566650 
0.172858808299086 
0.172825975874566 
0.172792845703935 
0.172759416212479 
0.172725685840473 
0.172691653043723 
0.172657316294122 
0.172622674080211 
0.172587724907740 
0.172552467300236 
0.172516899799576 
0.172481020966565 
0.172444829381512 
0.172408323644819 
0.172371502377567 
0.172334364222107 
0.172296907842658 
0.172259131925901 
0.172221035181584 
0.172182616343125 
0.172143874168216 
0.172104807439431 
0.172065414964844 
0.172025695578631 
0.171985648141693 
0.171945271542267 
0.171904564696542 
0.171863526549279 
0.171822156074428 
0.171780452275745 
0.171738414187411 
0.171696040874650 
0.171653331434348 
0.171610284995667 
0.171566900720661 
0.171523177804891 
0.171479115478038 
0.171434713004509 
0.171389969684051 
0.171344884852351 
0.171299457881639 
0.171253688181289 
0.171207575198411 
0.171161118418443 
0.171114317365740 
0.171067171604149 
0.171019680737592 
0.170971844410636 
0.170923662309054 
0.170875134160389 
0.170826259734503 
0.170777038844125 
0.170727471345387 
0.170677557138356 
0.170627296167554 
0.170576688422477 
0.170525733938093 
0.170474432795344 
0.170422785121629 
0.170370791091279 
0.170318450926027 
0.170265764895461 
0.170212733317466 
0.170159356558658 
0.170105635034805 
0.170051569211236 
0.169997159603231 
0.169942406776412 
0.169887311347102 
0.169831873982690 
0.169776095401964 
0.169719976375442 
0.169663517725679 
0.169606720327570 
0.169549585108624 
0.169492113049228 
0.169434305182903 
0.169376162596526 
0.169317686430549 
0.169258877879198 
0.169199738190645 
0.169140268667178 
0.169080470665337 
0.169020345596044 
0.168959894924704 
0.168899120171291 
0.168838022910421 
0.168776604771391 
0.168714867438213 
0.168652812649616 
0.168590442199035 
0.168527757934575 
0.168464761758959 
0.168401455629446 
0.168337841557742 
0.168273921609869 
0.168209697906037 
0.168145172620474 
0.168080347981243 
0.168015226270036 
0.167949809821944 
0.167884101025208 
0.167818102320949 
0.167751816202862 
0.167685245216910 
0.167618391960974 
0.167551259084497 
0.167483849288093 
0.167416165323141 
0.167348209991355 
0.167279986144331 
0.167211496683070 
0.167142744557480 
0.167073732765859 
0.167004464354347 
0.166934942416371 
0.166865170092049 
0.166795150567588 
0.166724887074654 
0.166654382889721 
0.166583641333400 
0.166512665769745 
0.166441459605540 
0.166370026289566 
0.166298369311847 
0.166226492202878 
0.166154398532830 
0.166082091910734 
0.166009575983660 
0.165936854435859 
0.165863930987897 
0.165790809395771 
0.165717493450005 
0.165643986974731 
0.165570293826753 
0.165496417894594 
0.165422363097525 
0.165348133384593 
0.165273732733610 
0.165199165150150 
0.165124434666523 
0.165049545340730 
0.164974501255423 
0.164899306516835 
0.164823965253707 
0.164748481616202 
0.164672859774813 
0.164597103919256 
0.164521218257354 
0.164445207013920 
0.164369074429619 
0.164292824759833 
0.164216462273521 
0.164139991252061 
0.164063415988101 
0.163986740784392 
0.163909969952627 
0.163833107812270 
0.163756158689390 
0.163679126915478 
0.163602016826284 
0.163524832760630 
0.163447579059241 
0.163370260063565 
0.163292880114599 
0.163215443551719 
0.163137954711506 
0.163060417926576 
0.162982837524422 
0.162905217826245 
0.162827563145806 
0.162749877788273 
0.162672166049075 
0.162594432212771 
0.162516680551908 
0.162438915325911 
0.162361140779964 
0.162283361143900 
0.162205580631113 
0.162127803437469 
0.162050033740228 
0.161972275696986 
0.161894533444616 
0.161816811098234 
0.161739112750168 
0.161661442468941 
0.161583804298273 
0.161506202256096 
0.161428640333577 
0.161351122494162 
0.161273652672632 
0.161196234774179 
0.161118872673491 
0.161041570213862 
0.160964331206311 
0.160887159428721 
0.160810058624996 
0.160733032504241 
0.160656084739946 
0.160579218969197 
0.160502438791916 
0.160425747770094 
0.160349149427068 
0.160272647246807 
0.160196244673209 
0.160119945109439 
0.160043751917262 
0.159967668416416 
0.159891697883991 
0.159815843553839 
0.159740108616001 
0.159664496216144 
0.159589009455035 
0.159513651388027 
0.159438425024563 
0.159363333327710 
0.159288379213700 
0.159213565551507 
0.159138895162433 
0.159064370819722 
0.158989995248186 
0.158915771123864 
0.158841701073693 
0.158767787675198 
0.158694033456210 
0.158620440894598 
0.158547012418023 
0.158473750403717 
0.158400657178274 
0.158327735017465 
0.158254986146075 
0.158182412737756 
0.158110016914903 
0.158037800748548 
0.157965766258270 
0.157893915412128 
0.157822250126616 
0.157750772266627 
0.157679483645445 
0.157608386024753 
0.157537481114658 
0.157466770573729 
0.157396256009063 
0.157325938976364 
0.157255820980037 
0.157185903473303 
0.157116187858324 
0.157046675486358 
0.156977367657915 
0.156908265622940 
0.156839370581007 
0.156770683681532 
0.156702206023999 
0.156633938658201 
0.156565882584493 
0.156498038754074 
0.156430408069262 
0.156362991383801 
0.156295789503173 
0.156228803184921 
0.156162033138998 
0.156095480028116 
0.156029144468112 
0.155963027028332 
0.155897128232019 
0.155831448556714 
0.155765988434681 
0.155700748253320 
0.155635728355611 
0.155570929040568 
0.155506350563690 
0.155441993137430 
0.155377856931678 
0.155313942074248 
0.155250248651376 
0.155186776708225 
0.155123526249403 
0.155060497239484 
0.154997689603546 
0.154935103227702 
0.154872737959656 
0.154810593609250 
0.154748669949033 
0.154686966714823 
0.154625483606283 
0.154564220287535 
0.154503176387652 
0.154442351501339 
0.154381745189503 
0.154321356979853 
0.154261186367502 
0.154201232815588 
0.154141495755873 
0.154081974589374 
0.154022668686974 
0.153963577390056 
0.153904700011117 
0.153846035834408 
0.153787584116563 
0.153729344087228 
0.153671314949694 
0.153613495881547 
0.153555886035288 
0.153498484538977 
0.153441290496877 
0.153384302990082 
0.153327521077165 
0.153270943794810 
0.153214570158450 
0.153158399162903 
0.153102429783010 
0.153046660974265 
0.152991091673453 
0.152935720799272 
0.152880547252966 
0.152825569918952 
0.152770787665435 
0.152716199345040 
0.152661803795422 
0.152607599839878 
0.152553586287958 
0.152499761936077 
0.152446125568109 
0.152392675955989 
0.152339411860308 
0.152286332030900 
0.152233435207424 
0.152180720119947 
0.152128185489516 
0.152075830028727 
0.152023652442287 
0.151971651427569 
0.151919825675171 
0.151868173869450 
0.151816694689070 
0.151765386807533 
0.151714248893698 
0.151663279612305 
0.151612477624489 
0.151561841588285 
0.151511370159121 
0.151461061990313 
0.151410915733549 
0.151360930039362 
0.151311103557599 
0.151261434937887 
0.151211922830074 
0.151162565884688 
0.151113362753361 
0.151064312089266 
0.151015412547533 
0.150966662785667 
0.150918061463945 
0.150869607245814 
0.150821298798275 
0.150773134792273 
0.150725113903050 
0.150677234810519 
0.150629496199607 
0.150581896760606 
0.150534435189505 
0.150487110188318 
0.150439920465395 
0.150392864735740 
0.150345941721301 
0.150299150151267 
0.150252488762348 
0.150205956299047 
0.150159551513926 
0.150113273167859 
0.150067120030281 
0.150021090879424 
0.149975184502543 
0.149929399696144 
0.149883735266186 
0.149838190028290 
0.149792762807933 
0.149747452440626 
0.149702257772104 
0.149657177658482 
0.149612210966423 
0.149567356573285 
0.149522613367268 
0.149477980247548 
0.149433456124404 
0.149389039919340 
0.149344730565189 
0.149300527006230 
0.149256428198271 
0.149212433108743 
0.149168540716781 
0.149124750013297 
0.149081060001048 
0.149037469694691 
0.148993978120839 
0.148950584318110 
0.148907287337153 
0.148864086240695 
0.148820980103555 
0.148777968012670 
0.148735049067109 
0.148692222378070 
0.148649487068890 
0.148606842275045 
0.148564287144125 
0.148521820835830 
0.148479442521944 
0.148437151386315 
0.148394946624811 
0.148352827445297 
0.148310793067590 
0.148268842723411 
0.148226975656335 
0.148185191121744 
0.148143488386762 
0.148101866730194 
0.148060325442463 
0.148018863825541 
0.147977481192872 
0.147936176869301 
0.147894950190993 
0.147853800505346 
0.147812727170889 
0.147771729557262 
0.147730807045053 
0.147689959025732 
0.147649184901554 
0.147608484085463 
0.147567856000986 
0.147527300082145 
0.147486815773339 
0.147446402529248 
0.147406059814723 
0.147365787104684 
0.147325583884004 
0.147285449647401 
0.147245383899326 
0.147205386153856 
0.147165455934571 
0.147125592774451 
0.147085796215753 
0.147046065809899 
0.147006401117365 
0.146966801707557 
0.146927267158703 
0.146887797057728 
0.146848391000145 
0.146809048589937 
0.146769769439438 
0.146730553169221 
0.146691399407978 
0.146652307792403 
0.146613277967083 
0.146574309584377 
0.146535402304308 
0.146496555794441 
0.146457769729774 
0.146419043792626 
0.146380377672522 
0.146341771066084 
0.146303223676918 
0.146264735215505 
0.146226305399095 
0.146187933951591 
0.146149620603449 
0.146111365091569 
0.146073167159188 
0.146035026555775 
0.145996943036934 
0.145958916364288 
0.145920946305392 
0.145883032633623 
0.145845175128085 
0.145807373573507 
0.145769627760149 
0.145731937483702 
0.145694302545192 
0.145656722750893 
0.145619197912226 
0.145581727845668 
0.145544312372666 
0.145506951319540 
0.145469644517395 
0.145432391802041 
0.145395193013895 
0.145358047997901 
0.145320956603443 
0.145283918684261 
0.145246934098370 
0.145210002707975 
0.145173124379391 
0.145136298982960 
0.145099526392975 
0.145062806487601 
0.145026139148792 
0.144989524262223 
0.144952961717202 
0.144916451406603 
0.144879993226793 
0.144843587077545 
0.144807232861978 
0.144770930486475 
0.144734679860617 
0.144698480897107 
0.144662333511696 
0.144626237623120 
0.144590193153026 
0.144554200025897 
0.144518258168989 
0.144482367512259 
0.144446527988297 
0.144410739532258 
0.144375002081787 
0.144339315576963 
0.144303679960218 
0.144268095176285 
0.144232561172110 
0.144197077896805 
0.144161645301567 
0.144126263339616 
0.144090931966130 
0.144055651138173 
0.144020420814630 
0.143985240956144 
0.143950111525038 
0.143915032485264 
0.143880003802322 
0.143845025443197 
0.143810097376298 
0.143775219571384 
0.143740391999493 
0.143705614632888 
0.143670887444978 
0.143636210410255 
0.143601583504221 
0.143567006703334 
0.143532479984923 
0.143498003327133 
0.143463576708851 
0.143429200109639 
0.143394873509666 
0.143360596889648 
0.143326370230765 
0.143292193514606 
0.143258066723095 
0.143223989838425 
0.143189962842990 
0.143155985719324 
0.143122058450021 
0.143088181017675 
0.143054353404819 
0.143020575593848 
0.142986847566956 
0.142953169306074 
0.142919540792804 
0.142885962008347 
0.142852432933447 
0.142818953548320 
0.142785523832593 
0.142752143765247 
0.142718813324541 
0.142685532487965 
0.142652301232166 
0.142619119532897 
0.142585987364955 
0.142552904702120 
0.142519871517098 
0.142486887781465 
0.142453953465612 
0.142421068538688 
0.142388232968549 
0.142355446721700 
0.142322709763249 
0.142290022056854 
0.142257383564675 
0.142224794247323 
0.142192254063816 
0.142159762971536 
0.142127320926176 
0.142094927881712 
0.142062583790344 
0.142030288602472 
0.141998042266646 
0.141965844729541 
0.141933695935910 
0.141901595828558 
0.141869544348305 
0.141837541433962 
0.141805587022297 
0.141773681048003 
0.141741823443686 
0.141710014139829 
0.141678253064774 
0.141646540144703 
0.141614875303615 
0.141583258463313 
0.141551689543386 
0.141520168461195 
0.141488695131858 
0.141457269468250 
0.141425891380980 
0.141394560778392 
0.141363277566561 
0.141332041649283 
0.141300852928075 
0.141269711302178 
0.141238616668551 
0.141207568921881 
0.141176567954584 
0.141145613656805 
0.141114705916436 
0.141083844619114 
0.141053029648239 
0.141022260884980 
0.140991538208296 
0.140960861494937 
0.140930230619473 
0.140899645454304 
0.140869105869679 
0.140838611733720 
0.140808162912436 
0.140777759269748 
0.140747400667516 
0.140717086965559 
0.140686818021680 
0.140656593691699 
0.140626413829471 
0.140596278286921 
0.140566186914070 
0.140536139559070 
0.140506136068231 
0.140476176286059 
0.140446260055278 
0.140416387216874 
0.140386557610126 
0.140356771072639 
0.140327027440384 
0.140297326547731 
0.140267668227487 
0.140238052310935 
0.140208478627870 
0.140178947006632 
0.140149457274160 
0.140120009256016 
0.140090602776436 
0.140061237658358 
0.140031913723472 
0.140002630792257 
0.139973388684024 
0.139944187216952 
0.139915026208132 
0.139885905473611 
0.139856824828427 
0.139827784086653 
0.139798783061440 
0.139769821565058 
0.139740899408935 
0.139712016403699 
0.139683172359221 
0.139654367084657 
0.139625600388479 
0.139596872078529 
0.139568181962053 
0.139539529845742 
0.139510915535771 
0.139482338837842 
0.139453799557218 
0.139425297498769 
0.139396832467007 
0.139368404266125 
0.139340012700036 
0.139311657572410 
0.139283338686713 
0.139255055846242 
0.139226808854166 
0.139198597513553 
0.139170421627420 
0.139142280998754 
0.139114175430555 
0.139086104725873 
0.139058068687835 
0.139030067119681 
0.139002099824797 
0.138974166606750 
0.138946267269318 
0.138918401616520 
0.138890569452647 
0.138862770582296 
0.138835004810399 
0.138807271942249 
0.138779571783530 
0.138751904140348 
0.138724268819256 
0.138696665627278 
0.138669094371948 
0.138641554861319 
0.138614046904001 
0.138586570309183 
0.138559124886654 
0.138531710446829 
0.138504326800773 
0.138476973760223 
0.138449651137611 
0.138422358746084 
0.138395096399525 
0.138367863912579 
0.138340661100663 
0.138313487779993 
0.138286343767604 
0.138259228881362 
0.138232142939989 
0.138205085763073 
0.138178057171091 
0.138151056985427 
0.138124085028379 
0.138097141123182 
0.138070225094023 
0.138043336766050 
0.138016475965394 
0.137989642519174 
0.137962836255518 
0.137936057003570 
0.137909304593506 
0.137882578856545 
0.137855879624956 
0.137829206732080 
0.137802560012326 
0.137775939301196 
0.137749344435285 
0.137722775252291 
0.137696231591028 
0.137669713291438 
0.137643220194587 
0.137616752142689 
0.137590308979097 
0.137563890548329 
0.137537496696054 
0.137511127269116 
0.137484782115534 
0.137458461084507 
0.137432164026423 
0.137405890792861 
0.137379641236598 
0.137353415211616 
0.137327212573102 
0.137301033177455 
0.137274876882290 
0.137248743546449 
0.137222633029989 
0.137196545194199 
0.137170479901599 
0.137144437015940 
0.137118416402211 
0.137092417926641 
0.137066441456698 
0.137040486861096 
0.137014554009790 
0.136988642773988 
0.136962753026145 
0.136936884639963 
0.136911037490397 
0.136885211453656 
0.136859406407200 
0.136833622229744 
0.136807858801258 
0.136782116002962 
0.136756393717336 
0.136730691828111 
0.136705010220276 
0.136679348780071 
0.136653707394994 
0.136628085953790 
0.136602484346459 
0.136576902464255 
0.136551340199678 
0.136525797446480 
0.136500274099660 
0.136474770055464 
0.136449285211379 
0.136423819466139 
0.136398372719720 
0.136372944873330 
0.136347535829418 
0.136322145491668 
0.136296773764996 
0.136271420555545 
0.136246085770684 
0.136220769319006 
0.136195471110327 
0.136170191055677 
0.136144929067304 
0.136119685058658 
0.136094458944405 
0.136069250640410 
0.136044060063739 
0.136018887132650 
0.135993731766594 
0.135968593886208 
0.135943473413314 
0.135918370270907 
0.135893284383160 
0.135868215675409 
0.135843164074153 
0.135818129507052 
0.135793111902918 
0.135768111191706 
0.135743127304514 
0.135718160173575 
0.135693209732250 
0.135668275915028 
0.135643358657506 
0.135618457896397 
0.135593573569519 
0.135568705615778 
0.135543853975181 
0.135519018588809 
0.135494199398823 
0.135469396348450 
0.135444609381973 
0.135419838444738 
0.135395083483124 
0.135370344444552 
0.135345621277471 
0.135320913931348 
0.135296222356662 
0.135271546504893 
0.135246886328515 
0.135222241780987 
0.135197612816743 
0.135172999391177 
0.135148401460648 
0.135123818982455 
0.135099251914833 
0.135074700216947 
0.135050163848875 
0.135025642771603 
0.135001136947011 
0.134976646337861 
0.134952170907795 
0.134927710621313 
0.134903265443765 
0.134878835341349 
0.134854420281089 
0.134830020230827 
0.134805635159210 
0.134781265035681 
0.134756909830466 
0.134732569514564 
0.134708244059732 
0.134683933438472 
0.134659637624022 
0.134635356590347 
0.134611090312115 
0.134586838764697 
0.134562601924150 
0.134538379767199 
0.134514172271232 
0.134489979414285 
0.134465801175028 
0.134441637532755 
0.134417488467362 
0.134393353959349 
0.134369233989794 
0.134345128540349 
0.134321037593217 
0.134296961131150 
0.134272899137433 
0.134248851595863 
0.134224818490745 
0.134200799806878 
0.134176795529536 
0.134152805644462 
0.134128830137851 
0.134104868996338 
0.134080922206989 
0.134056989757280 
0.134033071635090 
0.134009167828687 
0.133985278326716 
0.133961403118184 
0.133937542192452 
0.133913695539217 
0.133889863148505 
0.133866045010656 
0.133842241116310 
0.133818451456399 
0.133794676022132 
0.133770914804986 
0.133747167796692 
0.133723434989222 
0.133699716374781 
0.133676011945795 
0.133652321694895 
0.133628645614918 
0.133604983698879 
0.133581335939975 
0.133557702331566 
0.133534082867170 
0.133510477540446 
0.133486886345194 
0.133463309275331 
0.133439746324894 
0.133416197488026 
0.133392662758962 
0.133369142132032 
0.133345635601634 
0.133322143162240 
0.133298664808384 
0.133275200534647 
0.133251750335658 
0.133228314206076 
0.133204892140593 
0.133181484133917 
0.133158090180772 
0.133134710275881 
0.133111344413970 
0.133087992589753 
0.133064654797928 
0.133041331033174 
0.133018021290134 
0.132994725563425 
0.132971443847616 
0.132948176137233 
0.132924922426749 
0.132901682710579 
0.132878456983075 
0.132855245238526 
0.132832047471142 
0.132808863675058 
0.132785693844332 
0.132762537972933 
0.132739396054743 
0.132716268083550 
0.132693154053045 
0.132670053956819 
0.132646967788360 
0.132623895541052 
0.132600837208169 
0.132577792782872 
0.132554762258207 
0.132531745627113 
0.132508742882395 
0.132485754016751 
0.132462779022752 
0.132439817892843 
0.132416870619347 
0.132393937194461 
0.132371017610253 
0.132348111858662 
0.132325219931498 
0.132302341820444 
0.132279477517048 
0.132256627012731 
0.132233790298784 
0.132210967366361 
0.132188158206489 
0.132165362810066 
0.132142581167853 
0.132119813270488 
0.132097059108478 
0.132074318672197 
0.132051591951899 
0.132028878937704 
0.132006179619606 
0.131983493987482 
0.131960822031075 
0.131938163740017 
0.131915519103809 
0.131892888111839 
0.131870270753381 
0.131847667017584 
0.131825076893493 
0.131802500370031 
0.131779937436021 
0.131757388080172 
0.131734852291091 
0.131712330057281 
0.131689821367143 
0.131667326208980 
0.131644844571001 
0.131622376441318 
0.131599921807955 
0.131577480658848 
0.131555052981844 
0.131532638764711 
0.131510237995135 
0.131487850660722 
0.131465476749013 
0.131443116247466 
0.131420769143480 
0.131398435424384 
0.131376115077445 
0.131353808089868 
0.131331514448808 
0.131309234141364 
0.131286967154583 
0.131264713475469 
0.131242473090976 
0.131220245988025 
0.131198032153495 
0.131175831574233 
0.131153644237054 
0.131131470128744 
0.131109309236067 
0.131087161545765 
0.131065027044559 
0.131042905719161 
0.131020797556268 
0.130998702542565 
0.130976620664741 
0.130954551909472 
0.130932496263445 
0.130910453713345 
0.130888424245865 
0.130866407847710 
0.130844404505598 
0.130822414206263 
0.130800436936457 
0.130778472682957 
0.130756521432565 
0.130734583172111 
0.130712657888458 
0.130690745568499 
0.130668846199166 
0.130646959767430 
0.130625086260306 
0.130603225664855 
0.130581377968184 
0.130559543157447 
0.130537721219857 
0.130515912142680 
0.130494115913237 
0.130472332518910 
0.130450561947147 
0.130428804185454 
0.130407059221410 
0.130385327042664 
0.130363607636928 
0.130341900991995 
0.130320207095729 
0.130298525936071 
0.130276857501040 
0.130255201778742 
0.130233558757355 
0.130211928425149 
0.130190310770476 
0.130168705781771 
0.130147113447566 
0.130125533756471 
0.130103966697199 
0.130082412258547 
0.130060870429407 
0.130039341198765 
0.130017824555701 
0.129996320489394 
0.129974828989115 
0.129953350044234 
0.129931883644220 
0.129910429778641 
0.129888988437160 
0.129867559609542 
0.129846143285653 
0.129824739455455 
0.129803348109013 
0.129781969236490 
0.129760602828150 
0.129739248874354 
0.129717907365566 
0.129696578292353 
0.129675261645368 
0.129653957415373 
0.129632665593226 
0.129611386169883 
0.129590119136395 
0.129568864483909 
0.129547622203666 
0.129526392287002 
0.129505174725347 
0.129483969510223 
0.129462776633244 
0.129441596086109 
0.129420427860611 
0.129399271948625 
0.129378128342113 
0.129356997033123 
0.129335878013785 
0.129314771276309 
0.129293676812979 
0.129272594616165 
0.129251524678305 
0.129230466991914 
0.129209421549580 
0.129188388343953 
0.129167367367757 
0.129146358613778 
0.129125362074866 
0.129104377743927 
0.129083405613931 
0.129062445677900 
0.129041497928911 
0.129020562360088 
0.128999638964606 
0.128978727735685 
0.128957828666586 
0.128936941750611 
0.128916066981098 
0.128895204351418 
0.128874353854981 
0.128853515485217 
0.128832689235584 
0.128811875099565 
0.128791073070661 
0.128770283142390 
0.128749505308284 
0.128728739561886 
0.128707985896743 
0.128687244306411 
0.128666514784447 
0.128645797324402 
0.128625091919824 
0.128604398564254 
0.128583717251222 
0.128563047974242 
0.128542390726810 
0.128521745502401 
0.128501112294466 
0.128480491096430 
0.128459881901682 
0.128439284703584 
0.128418699495455 
0.128398126270576 
0.128377565022182 
0.128357015743469 
0.128336478427572 
0.128315953067581 
0.128295439656523 
0.128274938187370 
0.128254448653029 
0.128233971046343 
0.128213505360085 
0.128193051586953 
0.128172609719575 
0.128152179750494 
0.128131761672178 
0.128111355477009 
0.128090961157280 
0.128070578705196 
0.128050208112868 
0.128029849372311 
0.128009502475441 
0.127989167414070 
0.127968844179909 
0.127948532764562 
0.127928233159520 
0.127907945356165 
0.127887669345763 
0.127867405119463 
0.127847152668293 
0.127826911983155 
0.127806683054832 
0.127786465873975 
0.127766260431111 
0.127746066716626 
0.127725884720779 
0.127705714433690 
0.127685555845339 
0.127665408945568 
0.127645273724072 
0.127625150170409 
0.127605038273983 
0.127584938024050 
0.127564849409715 
0.127544772419938 
0.127524707043514 
0.127504653269092 
0.127484611085157 
0.127464580480038 
0.127444561441901 
0.127424553958754 
0.127404558018440 
0.127384573608635 
0.127364600716851 
0.127344639330434 
0.127324689436559 
0.127304751022231 
0.127284824074287 
0.127264908579387 
0.127245004524028 
0.127225111894522 
0.127205230677014 
0.127185360857470 
0.127165502421680 
0.127145655355258 
0.127125819643642 
0.127105995272087 
0.127086182225676 
0.127066380489306 
0.127046590047696 
0.127026810885388 
0.127007042986741 
0.126987286335932 
0.126967540916959 
0.126947806713638 
0.126928083709605 
0.126908371888313 
0.126888671233031 
0.126868981726848 
0.126849303352672 
0.126829636093229 
0.126809979931063 
0.126790334848535 
0.126770700827825 
0.126751077850939 
0.126731465899691 
0.126711864955725 
0.126692275000493 
0.126672696015280 
0.126653127981184 
0.126633570879125 
0.126614024689849 
0.126594489393915 
0.126574964971717 
0.126555451403463 
0.126535948669189 
0.126516456748754 
0.126496975621845 
0.126477505267975 
0.126458045666478 
0.126438596796526 
0.126419158637113 
0.126399731167062 
0.126380314365031 
0.126360908209504 
0.126341512678804 
0.126322127751082 
0.126302753404323 
0.126283389616351 
0.126264036364825 
0.126244693627241 
0.126225361380934 
0.126206039603080 
0.126186728270693 
0.126167427360632 
0.126148136849601 
0.126128856714146 
0.126109586930656 
0.126090327475372 
0.126071078324382 
0.126051839453624 
0.126032610838886 
0.126013392455808 
0.125994184279885 
0.125974986286467 
0.125955798450762 
0.125936620747833 
0.125917453152607 
0.125898295639864 
0.125879148184252 
0.125860010760282 
0.125840883342330 
0.125821765904639 
0.125802658421317 
0.125783560866350 
0.125764473213586 
0.125745395436751 
0.125726327509441 
0.125707269405136 
0.125688221097182 
0.125669182558815 
0.125650153763148 
0.125631134683170 
0.125612125291764 
0.125593125561692 
0.125574135465605 
0.125555154976041 
0.125536184065429 
0.125517222706095 
0.125498270870253 
0.125479328530015 
0.125460395657386 
0.125441472224275 
0.125422558202491 
0.125403653563739 
0.125384758279634 
0.125365872321696 
0.125346995661349 
0.125328128269930 
0.125309270118684 
0.125290421178769 
0.125271581421254 
0.125252750817131 
0.125233929337304 
0.125215116952598 
0.125196313633758 
0.125177519351455 
0.125158734076281 
0.125139957778759 
0.125121190429335 
0.125102431998387 
0.125083682456225 
0.125064941773096 
0.125046209919177 
0.125027486864584 
0.125008772579374 
0.124990067033545 
0.124971370197034 
0.124952682039726 
0.124934002531450 
0.124915331641984 
0.124896669341061 
0.124878015598357 
0.124859370383509 
0.124840733666106 
0.124822105415698 
0.124803485601787 
0.124784874193847 
0.124766271161309 
0.124747676473568 
0.124729090099990 
0.124710512009907 
0.124691942172624 
0.124673380557420 
0.124654827133543 
0.124636281870227 
0.124617744736678 
0.124599215702084 
0.124580694735617 
0.124562181806433 
0.124543676883673 
0.124525179936472 
0.124506690933952 
0.124488209845228 
0.124469736639410 
0.124451271285605 
0.124432813752919 
0.124414364010462 
0.124395922027345 
0.124377487772686 
0.124359061215603 
0.124340642325233 
0.124322231070719 
0.124303827421219 
0.124285431345910 
0.124267042813984 
0.124248661794656 
0.124230288257158 
0.124211922170755 
0.124193563504731 
0.124175212228405 
0.124156868311125 
0.124138531722273 
0.124120202431268 
0.124101880407564 
0.124083565620660 
0.124065258040095 
0.124046957635456 
0.124028664376375 
0.124010378232535 
0.123992099173672 
0.123973827169577 
0.123955562190095 
0.123937304205133 
0.123919053184662 
0.123900809098715 
0.123882571917390 
0.123864341610860 
0.123846118149365 
0.123827901503221 
0.123809691642824 
0.123791488538644 
0.123773292161237 
0.123755102481241 
0.123736919469382 
0.123718743096479 
0.123700573333438 
0.123682410151265 
0.123664253521061 
0.123646103414026 
0.123627959801467 
0.123609822654794 
0.123591691945525 
0.123573567645289 
0.123555449725831 
0.123537338159012 
0.123519232916810 
0.123501133971324 
0.123483041294786 
0.123464954859546 
0.123446874638090 
0.123428800603034 
0.123410732727130 
0.123392670983274 
0.123374615344497 
0.123356565783976 
0.123338522275035 
0.123320484791155 
0.123302453305961 
0.123284427793238 
0.123266408226929 
0.123248394581139 
0.123230386830136 
0.123212384948359 
0.123194388910414 
0.123176398691081 
0.123158414265318 
0.123140435608257 
0.123122462695221 
0.123104495501705 
0.123086534003403 
0.123068578176196 
0.123050627996157 
0.123032683439556 
0.123014744482863 
0.122996811102751 
0.122978883276095 
0.122960960979982 
0.122943044191706 
0.122925132888780 
0.122907227048926 
0.122889326650092 
0.122871431670444 
0.122853542088378 
0.122835657882511 
0.122817779031696 
0.122799905515019 
0.122782037311800 
0.122764174401598 
0.122746316764217 
0.122728464379704 
0.122710617228350 
0.122692775290697 
0.122674938547543 
0.122657106979935 
0.122639280569185 
0.122621459296858 
0.122603643144786 
0.122585832095064 
0.122568026130057 
0.122550225232398 
0.122532429384993 
0.122514638571024 
0.122496852773946 
0.122479071977499 
0.122461296165705 
0.122443525322866 
0.122425759433570 
0.122407998482698 
0.122390242455420 
0.122372491337193 
0.122354745113775 
0.122337003771222 
0.122319267295883 
0.122301535674405 
0.122283808893746 
0.122266086941160 
0.122248369804212 
0.122230657470772 
0.122212949929017 
0.122195247167438 
0.122177549174834 
0.122159855940322 
0.122142167453330 
0.122124483703601 
0.122106804681201 
0.122089130376508 
0.122071460780221 
0.122053795883362 
0.122036135677274 
0.122018480153620 
0.122000829304387 
0.121983183121887 
0.121965541598757 
0.121947904727960 
0.121930272502785 
0.121912644916840 
0.121895021964069 
0.121877403638739 
0.121859789935450 
0.121842180849120 
0.121824576374998 
0.121806976508666 
0.121789381246027 
0.121771790583314 
0.121754204517089 
0.121736623044240 
0.121719046161976 
0.121701473867840 
0.121683906159697 
0.121666343035739 
0.121648784494478 
0.121631230534751 
0.121613681155720 
0.121596136356864 
0.121578596137988 
0.121561060499211 
0.121543529440976 
0.121526002964035 
0.121508481069464 
0.121490963758646 
0.121473451033280 
0.121455942895376 
0.121438439347252 
0.121420940391533 
0.121403446031150 
0.121385956269336 
0.121368471109628 
0.121350990555861 
0.121333514612167 
0.121316043282969 
0.121298576572992 
0.121281114487242 
0.121263657031015 
0.121246204209891 
0.121228756029735 
0.121211312496691 
0.121193873617177 
0.121176439397883 
0.121159009845777 
0.121141584968086 
0.121124164772306 
0.121106749266194 
0.121089338457764 
0.121071932355284 
0.121054530967279 
0.121037134302513 
0.121019742370000 
0.121002355178991 
0.120984972738979 
0.120967595059686 
0.120950222151063 
0.120932854023291 
0.120915490686769 
0.120898132152113 
0.120880778430159 
0.120863429531946 
0.120846085468723 
0.120828746251935 
0.120811411893232 
0.120794082404450 
0.120776757797620 
0.120759438084953 
0.120742123278842 
0.120724813391854 
0.120707508436729 
0.120690208426376 
0.120672913373861 
0.120655623292410 
0.120638338195404 
0.120621058096371 
0.120603783008982 
0.120586512947050 
0.120569247924520 
0.120551987955467 
0.120534733054093 
0.120517483234718 
0.120500238511780 
0.120482998899828 
0.120465764413515 
0.120448535067600 
0.120431310876930 
0.120414091856454 
0.120396878021201 
0.120379669386284 
0.120362465966895 
0.120345267778296 
0.120328074835820 
0.120310887154859 
0.120293704750868 
0.120276527639349 
0.120259355835856 
0.120242189355988 
0.120225028215385 
0.120207872429714 
0.120190722014678 
0.120173576986002 
0.120156437359430 
0.120139303150724 
0.120122174375657 
0.120105051050008 
0.120087933189555 
0.120070820810075 
0.120053713927337 
0.120036612557098 
0.120019516715098 
0.120002426417056 
0.119985341678662 
0.119968262515583 
0.119951188943446 
0.119934120977841 
0.119917058634316 
0.119900001928368 
0.119882950875448 
0.119865905490945 
0.119848865790194 
0.119831831788462 
0.119814803500946 
0.119797780942775 
0.119780764129005 
0.119763753074600 
0.119746747794450 
0.119729748303357 
0.119712754616026 
0.119695766747070 
0.119678784711000 
0.119661808522229 
0.119644838195058 
0.119627873743683 
0.119610915182179 
0.119593962524513 
0.119577015784527 
0.119560074975939 
0.119543140112340 
0.119526211207192 
0.119509288273822 
0.119492371325420 
0.119475460375040 
0.119458555435585 
0.119441656519819 
0.119424763640357 
0.119407876809658 
0.119390996040029 
0.119374121343621 
0.119357252732419 
0.119340390218254 
0.119323533812785 
0.119306683527508 
0.119289839373743 
0.119273001362639 
0.119256169505173 
0.119239343812143 
0.119222524294162 
0.119205710961670 
0.119188903824912 
0.119172102893955 
0.119155308178672 
0.119138519688751 
0.119121737433681 
0.119104961422764 
0.119088191665097 
0.119071428169585 
0.119054670944932 
0.119037919999639 
0.119021175342003 
0.119004436980118 
0.118987704921870 
0.118970979174940 
0.118954259746793 
0.118937546644692 
0.118920839875682 
0.118904139446595 
0.118887445364049 
0.118870757634443 
0.118854076263965 
0.118837401258578 
0.118820732624030 
0.118804070365848 
0.118787414489336 
0.118770764999575 
0.118754121901422 
0.118737485199514 
0.118720854898259 
0.118704231001843 
0.118687613514219 
0.118671002439118 
0.118654397780043 
0.118637799540265 
0.118621207722827 
0.118604622330546 
0.118588043366002 
0.118571470831548 
0.118554904729307 
0.118538345061168 
0.118521791828788 
0.118505245033595 
0.118488704676783 
0.118472170759308 
0.118455643281900 
0.118439122245050 
0.118422607649018 
0.118406099493832 
0.118389597779286 
0.118373102504933 
0.118356613670100 
0.118340131273879 
0.118323655315124 
0.118307185792459 
0.118290722704273 
0.118274266048716 
0.118257815823714 
0.118241372026950 
0.118224934655878 
0.118208503707718 
0.118192079179454 
0.118175661067843 
0.118159249369403 
0.118142844080422 
0.118126445196953 
0.118110052714820 
0.118093666629618 
0.118077286936699 
0.118060913631198 
0.118044546708009 
0.118028186161799 
0.118011831987005 
0.117995484177834 
0.117979142728261 
0.117962807632037 
0.117946478882679 
0.117930156473481 
0.117913840397504 
0.117897530647587 
0.117881227216337 
0.117864930096137 
0.117848639279144 
0.117832354757290 
0.117816076522280 
0.117799804565596 
0.117783538878498 
0.117767279452018 
0.117751026276968 
0.117734779343938 
0.117718538643297 
0.117702304165186 
0.117686075899533 
0.117669853836043 
0.117653637964195 
0.117637428273259 
0.117621224752278 
0.117605027390085 
0.117588836175285 
0.117572651096275 
0.117556472141230 
0.117540299298111 
0.117524132554660 
0.117507971898412 
0.117491817316679 
0.117475668796564 
0.117459526324954 
0.117443389888523 
0.117427259473734 
0.117411135066836 
0.117395016653872 
0.117378904220665 
0.117362797752835 
0.117346697235791 
0.117330602654734 
0.117314513994648 
0.117298431240315 
0.117282354376310 
0.117266283386997 
0.117250218256532 
0.117234158968869 
0.117218105507751 
0.117202057856722 
0.117186015999111 
0.117169979918047 
0.117153949596456 
0.117137925017057 
0.117121906162367 
0.117105893014700 
0.117089885556164 
0.117073883768666 
0.117057887633910 
0.117041897133400 
0.117025912248434 
0.117009932960113 
0.116993959249335 
0.116977991096795 
0.116962028482990 
0.116946071388218 
0.116930119792573 
0.116914173675948 
0.116898233018043 
0.116882297798354 
0.116866367996174 
0.116850443590607 
0.116834524560548 
0.116818610884696 
0.116802702541555 
0.116786799509427 
0.116770901766416 
0.116755009290428 
0.116739122059172 
0.116723240050151 
0.116707363240682 
0.116691491607875 
0.116675625128645 
0.116659763779708 
0.116643907537583 
0.116628056378585 
0.116612210278836 
0.116596369214262 
0.116580533160585 
0.116564702093331 
0.116548875987826 
0.116533054819200 
0.116517238562375 
0.116501427192087 
0.116485620682862 
0.116469819009029 
0.116454022144719 
0.116438230063864 
0.116422442740194 
0.116406660147235 
0.116390882258316 
0.116375109046560 
0.116359340484896 
0.116343576546045 
0.116327817202525 
0.116312062426654 
0.116296312190545 
0.116280566466110 
0.116264825225052 
0.116249088438874 
0.116233356078870 
0.116217628116130 
0.116201904521538 
0.116186185265768 
0.116170470319293 
0.116154759652371 
0.116139053235056 
0.116123351037191 
0.116107653028406 
0.116091959178124 
0.116076269455554 
0.116060583829695 
0.116044902269331 
0.116029224743034 
0.116013551219158 
0.115997881665845 
0.115982216051020 
0.115966554342390 
0.115950896507441 
0.115935242513445 
0.115919592327450 
0.115903945916284 
0.115888303246552 
0.115872664284637 
0.115857028996700 
0.115841397348670 
0.115825769306255 
0.115810144834934 
0.115794523899957 
0.115778906466343 
0.115763292498881 
0.115747681962124 
0.115732074820398 
0.115716471037788 
0.115700870578146 
0.115685273405080 
0.115669679481967 
0.115654088771938 
0.115638501237884 
0.115622916842450 
0.115607335548036 
0.115591757316799 
0.115576182110644 
0.115560609891226 
0.115545040619950 
0.115529474257967 
0.115513910766172 
0.115498350105204 
0.115482792235444 
0.115467237117011 
0.115451684709765 
0.115436134973297 
0.115420587866934 
0.115405043349740 
0.115389501380500 
0.115373961917733 
0.115358424919681 
0.115342890344312 
0.115327358149317 
0.115311828292102 
0.115296300729797 
0.115280775419235 
0.115265252316977 
0.115249731379283 
0.115234212562127 
0.115218695821188 
0.115203181111846 
0.115187668389184 
0.115172157607982 
0.115156648722718 
0.115141141687564 
0.115125636456377 
0.115110132982706 
0.115094631219783 
0.115079131120529 
0.115063632637538 
0.115048135723081 
0.115032640329108 
0.115017146407238 
0.115001653908753 
0.114986162784610 
0.114970672985418 
0.114955184461455 
0.114939697162646 
0.114924211038574 
0.114908726038473 
0.114893242111217 
0.114877759205330 
0.114862277268971 
0.114846796249939 
0.114831316095667 
0.114815836753211 
0.114800358169259 
0.114784880290121 
0.114769403061725 
0.114753926429611 
0.114738450338939 
0.114722974734471 
0.114707499560575 
0.114692024761218 
0.114676550279966 
0.114661076059977 
0.114645602044001 
0.114630128174367 
0.114614654392989 
0.114599180641358 
0.114583706860539 
0.114568232991163 
0.114552758973431 
0.114537284747097 
0.114521810251480 
0.114506335425446 
0.114490860207412 
0.114475384535338 
0.114459908346722 
0.114444431578600 
0.114428954167539 
0.114413476049629 
0.114397997160485 
0.114382517435241 
0.114367036808542 
0.114351555214541 
0.114336072586896 
0.114320588858769 
0.114305103962811 
0.114289617831170 
0.114274130395477 
0.114258641586844 
0.114243151335859 
0.114227659572589 
0.114212166226563 
0.114196671226778 
0.114181174501686 
0.114165675979197 
0.114150175586670 
0.114134673250910 
0.114119168898163 
0.114103662454111 
0.114088153843868 
0.114072642991979 
0.114057129822409 
0.114041614258543 
0.114026096223183 
0.114010575638542 
0.113995052426237 
0.113979526507293 
0.113963997802126 
0.113948466230554 
0.113932931711783 
0.113917394164403 
0.113901853506393 
0.113886309655110 
0.113870762527286 
0.113855212039026 
0.113839658105808 
0.113824100642475 
0.113808539563234 
0.113792974781655 
0.113777406210661 
0.113761833762533 
0.113746257348913 
0.113730676880784 
0.113715092268487 
0.113699503421705 
0.113683910249473 
0.113668312660166 
0.113652710561505 
0.113637103860556 
0.113621492463732 
0.113605876276779 
0.113590255204795 
0.113574629152215 
0.113558998022823 
0.113543361719753 
0.113527720145472 
0.113512073201811 
0.113496420789941 
0.113480762810395 
0.113465099163055 
0.113449429747169 
0.113433754461352 
0.113418073203584 
0.113402385871221 
0.113386692360998 
0.113370992569037 
0.113355286390855 
0.113339573721365 
0.113323854454893 
0.113308128485181 
0.113292395705398 
0.113276656008147 
0.113260909285481 
0.113245155428912 
0.113229394329426 
0.113213625877494 
0.113197849963079 
0.113182066475669 
0.113166275304275 
0.113150476337457 
0.113134669463343 
0.113118854569641 
0.113103031543669 
0.113087200272367 
0.113071360642324 
0.113055512539800 
0.113039655850751 
0.113023790460855 
0.113007916255541 
0.112992033120016 
0.112976140939298 
0.112960239598239 
0.112944328981569 
0.112928408973923 
0.112912479459881 
0.112896540324003 
0.112880591450868 
0.112864632725123 
0.112848664031510 
0.112832685254928 
0.112816696280467 
0.112800696993461 
0.112784687279538 
0.112768667024674 
0.112752636115240 
0.112736594438070 
0.112720541880507 
0.112704478330470 
0.112688403676521 
0.112672317807919 
0.112656220614696 
0.112640111987722 
0.112623991818781 
0.112607860000638 
0.112591716427127 
0.112575560993217 
0.112559393595103 
0.112543214130286 
0.112527022497664 
0.112510818597614 
0.112494602332089 
0.112478373604716 
0.112462132320881 
0.112445878387838 
0.112429611714814 
0.112413332213101 
0.112397039796190 
0.112380734379831 
0.112364415882198 
0.112348084223976 
0.112331739328487 
0.112315381121811 
0.112299009532906 
0.112282624493731 
0.112266225939378 
0.112249813808203 
0.112233388041944 
0.112216948585875 
0.112200495388927 
0.112184028403837 
0.112167547587274 
0.112151052899991 
0.112134544306969 
0.112118021777555 
0.112101485285608 
0.112084934809652 
0.112068370333020 
0.112051791843998 
0.112035199335985 
0.112018592807630 
0.112001972262995 
0.111985337711692 
0.111968689169042 
0.111952026656215 
0.111935350200389 
0.111918659834884 
0.111901955599316 
0.111885237539744 
0.111868505708797 
0.111851760165833 
0.111835000977060 
0.111818228215675 
0.111801441962000 
0.111784642303605 
0.111767829335428 
0.111751003159900 
0.111734163887052 
0.111717311634630 
0.111700446528196 
0.111683568701229 
0.111666678295210 
0.111649775459715 
0.111632860352483 
0.111615933139494 
0.111598993995034 
0.111582043101746 
0.111565080650674 
0.111548106841305 
0.111531121881594 
0.111514125987990 
0.111497119385439 
0.111480102307389 
0.111463074995775 
0.111446037700999 
0.111428990681895 
0.111411934205697 
0.111394868547973 
0.111377793992564 
0.111360710831508 
0.111343619364951 
0.111326519901047 
0.111309412755842 
0.111292298253158 
0.111275176724453 
0.111258048508674 
0.111240913952094 
0.111223773408153 
0.111206627237266 
0.111189475806637 
0.111172319490045 
0.111155158667645 
0.111137993725729 
0.111120825056497 
0.111103653057814 
0.111086478132949 
0.111069300690316 
0.111052121143207 
0.111034939909502 
0.111017757411388 
0.111000574075060 
0.110983390330427 
0.110966206610795 
0.110949023352566 
0.110931840994912 
0.110914659979456 
0.110897480749956 
0.110880303751962 
0.110863129432500 
0.110845958239731 
0.110828790622626 
0.110811627030632 
0.110794467913338 
0.110777313720147 
0.110760164899948 
0.110743021900785 
0.110725885169543 
0.110708755151619 
0.110691632290607 
0.110674517027996 
0.110657409802855 
0.110640311051545 
0.110623221207414 
0.110606140700517 
0.110589069957338 
0.110572009400517 
0.110554959448588 
0.110537920515726 
0.110520893011497 
0.110503877340630 
0.110486873902778 
0.110469883092315 
0.110452905298119 
0.110435940903371 
0.110418990285378 
0.110402053815393 
0.110385131858442 
0.110368224773170 
0.110351332911701 
0.110334456619497 
0.110317596235230 
0.110300752090673 
0.110283924510587 
0.110267113812637 
0.110250320307298 
0.110233544297783 
0.110216786079976 
0.110200045942375 
0.110183324166051 
0.110166621024601 
0.110149936784127 
0.110133271703204 
0.110116626032881 
0.110100000016669 
0.110083393890540 
0.110066807882947 
0.110050242214835 
0.110033697099663 
0.110017172743448 
0.110000669344782 
0.109984187094893 
0.109967726177686 
0.109951286769799 
0.109934869040658 
0.109918473152546 
0.109902099260672 
0.109885747513236 
0.109869418051517 
0.109853111009943 
0.109836826516179 
0.109820564691221 
0.109804325649471 
0.109788109498841 
0.109771916340842 
0.109755746270688 
0.109739599377386 
0.109723475743846 
0.109707375446974 
0.109691298557783 
0.109675245141498 
0.109659215257655 
0.109643208960216 
0.109627226297674 
0.109611267313157 
0.109595332044545 
0.109579420524569 
0.109563532780925 
0.109547668836384 
0.109531828708899 
0.109516012411710 
0.109500219953460 
0.109484451338296 
0.109468706565979 
0.109452985631990 
0.109437288527637 
0.109421615240155 
0.109405965752821 
0.109390340045045 
0.109374738092483 
0.109359159867133 
0.109343605337433 
0.109328074468368 
0.109312567221567 
0.109297083555392 
0.109281623425044 
0.109266186782652 
0.109250773577373 
0.109235383755473 
0.109220017260431 
0.109204674033021 
0.109189354011400 
0.109174057131203 
0.109158783325625 
0.109143532525501 
0.109128304659396 
0.109113099653681 
0.109097917432622 
0.109082757918454 
0.109067621031460 
0.109052506690048 
0.109037414810825 
0.109022345308678 
0.109007298096837 
0.108992273086954 
0.108977270189173 
0.108962289312195 
0.108947330363349 
0.108932393248659 
0.108917477872911 
0.108902584139712 
0.108887711951555 
0.108872861209884 
0.108858031815152 
0.108843223666882 
0.108828436663721 
0.108813670703508 
0.108798925683310 
0.108784201499498 
0.108769498047791 
0.108754815223309 
0.108740152920623 
0.108725511033808 
0.108710889456496 
0.108696288081912 
0.108681706802937 
0.108667145512144 
0.108652604101846 
0.108638082464134 
0.108623580490937 
0.108609098074045 
0.108594635105160 
0.108580191475937 
0.108565767078018 
0.108551361803075 
0.108536975542846 
0.108522608189171 
0.108508259634027 
0.108493929769562 
0.108479618488132 
0.108465325682331 
0.108451051245022 
0.108436795069377 
0.108422557048895 
0.108408337077435 
0.108394135049251 
0.108379950859014 
0.108365784401835 
0.108351635573306 
0.108337504269510 
0.108323390387051 
0.108309293823081 
0.108295214475319 
0.108281152242074 
0.108267107022270 
0.108253078715462 
0.108239067221860 
0.108225072442345 
0.108211094278490 
0.108197132632579 
0.108183187407620 
0.108169258507367 
0.108155345836334 
0.108141449299808 
0.108127568803867 
0.108113704255391 
0.108099855562078 
0.108086022632454 
0.108072205375892 
0.108058403702610 
0.108044617523698 
0.108030846751119 
0.108017091297716 
0.108003351077231 
0.107989626004306 
0.107975915994498 
0.107962220964275 
0.107948540831032 
0.107934875513104 
0.107921224929750 
0.107907589001183 
0.107893967648560 
0.107880360793991 
0.107866768360545 
0.107853190272247 
0.107839626454087 
0.107826076832022 
0.107812541332979 
0.107799019884847 
0.107785512416500 
0.107772018857771 
0.107758539139471 
0.107745073193385 
0.107731620952270 
0.107718182349851 
0.107704757320830 
0.107691345800872 
0.107677947726619 
0.107664563035668 
0.107651191666584 
0.107637833558894 
0.107624488653079 
0.107611156890576 
0.107597838213773 
0.107584532566001 
0.107571239891534 
0.107557960135586 
0.107544693244301 
0.107531439164750 
0.107518197844927 
0.107504969233744 
0.107491753281019 
0.107478549937481 
0.107465359154751 
0.107452180885348 
0.107439015082673 
0.107425861701000 
0.107412720695486 
0.107399592022143 
0.107386475637841 
0.107373371500303 
0.107360279568088 
0.107347199800589 
0.107334132158027 
0.107321076601440 
0.107308033092671 
0.107295001594368 
0.107281982069968 
0.107268974483693 
0.107255978800536 
0.107242994986262 
0.107230023007386 
0.107217062831172 
0.107204114425627 
0.107191177759486 
0.107178252802200 
0.107165339523936 
0.107152437895558 
0.107139547888625 
0.107126669475382 
0.107113802628738 
0.107100947322281 
0.107088103530242 
0.107075271227499 
0.107062450389569 
0.107049640992594 
0.107036843013330 
0.107024056429145 
0.107011281218001 
0.106998517358451 
0.106985764829623 
0.106973023611217 
0.106960293683494 
0.106947575027263 
0.106934867623877 
0.106922171455217 
0.106909486503694 
0.106896812752223 
0.106884150184233 
0.106871498783641 
0.106858858534855 
0.106846229422758 
0.106833611432703 
0.106821004550499 
0.106808408762410 
0.106795824055139 
0.106783250415824 
0.106770687832027 
0.106758136291726 
0.106745595783308 
0.106733066295563 
0.106720547817663 
0.106708040339172 
0.106695543850026 
0.106683058340525 
0.106670583801335 
0.106658120223468 
0.106645667598281 
0.106633225917468 
0.106620795173050 
0.106608375357373 
0.106595966463090 
0.106583568483167 
0.106571181410868 
0.106558805239745 
0.106546439963641 
0.106534085576677 
0.106521742073243 
0.106509409447995 
0.106497087695849 
0.106484776811971 
0.106472476791777 
0.106460187630922 
0.106447909325288 
0.106435641870992 
0.106423385264367 
0.106411139501967 
0.106398904580554 
0.106386680497093 
0.106374467248746 
0.106362264832874 
0.106350073247022 
0.106337892488916 
0.106325722556463 
0.106313563447739 
0.106301415160992 
0.106289277694625 
0.106277151047205 
0.106265035217452 
0.106252930204229 
0.106240836006547 
0.106228752623553 
0.106216680054532 
0.106204618298896 
0.106192567356186 
0.106180527226062 
0.106168497908307 
0.106156479402810 
0.106144471709577 
0.106132474828716 
0.106120488760442 
0.106108513505061 
0.106096549062981 
0.106084595434699 
0.106072652620796 
0.106060720621943 
0.106048799438889 
0.106036889072462 
0.106024989523562 
0.106013100793163 
0.106001222882302 
0.105989355792091 
0.105977499523691 
0.105965654078332 
0.105953819457292 
0.105941995661909 
0.105930182693567 
0.105918380553697 
0.105906589243777 
0.105894808765323 
0.105883039119895 
0.105871280309084 
0.105859532334521 
0.105847795197865 
0.105836068900802 
0.105824353445050 
0.105812648832344 
0.105800955064442 
0.105789272143126 
0.105777600070188 
0.105765938847441 
0.105754288476706 
0.105742648959812 
0.105731020298601 
0.105719402494917 
0.105707795550606 
0.105696199467516 
0.105684614247496 
0.105673039892388 
0.105661476404030 
0.105649923784254 
0.105638382034878 
0.105626851157715 
0.105615331154559 
0.105603822027189 
0.105592323777368 
0.105580836406837 
0.105569359917316 
0.105557894310500 
0.105546439588063 
0.105534995751647 
0.105523562802863 
0.105512140743297 
0.105500729574496 
0.105489329297971 
0.105477939915201 
0.105466561427619 
0.105455193836622 
0.105443837143565 
0.105432491349752 
0.105421156456449 
0.105409832464867 
0.105398519376170 
0.105387217191469 
0.105375925911822 
0.105364645538227 
0.105353376071632 
0.105342117512918 
0.105330869862911 
0.105319633122372 
0.105308407291996 
0.105297192372411 
0.105285988364184 
0.105274795267802 
0.105263613083689 
0.105252441812190 
0.105241281453578 
0.105230132008047 
0.105218993475716 
0.105207865856617 
0.105196749150709 
0.105185643357862 
0.105174548477863 
0.105163464510409 
0.105152391455113 
0.105141329311495 
0.105130278078985 
0.105119237756916 
0.105108208344532 
0.105097189840975 
0.105086182245290 
0.105075185556424 
0.105064199773222 
0.105053224894425 
0.105042260918671 
0.105031307844494 
0.105020365670318 
0.105009434394456 
0.104998514015116 
0.104987604530392 
0.104976705938262 
0.104965818236593 
0.104954941423134 
0.104944075495521 
0.104933220451264 
0.104922376287759 
0.104911543002276 
0.104900720591965 
0.104889909053852 
0.104879108384835 
0.104868318581689 
0.104857539641059 
0.104846771559464 
0.104836014333288 
0.104825267958785 
0.104814532432079 
0.104803807749158 
0.104793093905879 
0.104782390897955 
0.104771698720973 
0.104761017370372 
0.104750346841459 
0.104739687129398 
0.104729038229212 
0.104718400135783 
0.104707772843855 
0.104697156348020 
0.104686550642733 
0.104675955722298 
0.104665371580876 
0.104654798212481 
0.104644235610981 
0.104633683770093 
0.104623142683388 
0.104612612344286 
0.104602092746057 
0.104591583881817 
0.104581085744536 
0.104570598327033 
0.104560121621970 
0.104549655621858 
0.104539200319056 
0.104528755705769 
0.104518321774046 
0.104507898515785 
0.104497485922726 
0.104487083986458 
0.104476692698410 
0.104466312049859 
0.104455942031926 
0.104445582635576 
0.104435233851618 
0.104424895670701 
0.104414568083327 
0.104404251079834 
0.104393944650405 
0.104383648785071 
0.104373363473703 
0.104363088706016 
0.104352824471572 
0.104342570759774 
0.104332327559874 
0.104322094860962 
0.104311872651976 
0.104301660921700 
0.104291459658765 
0.104281268851643 
0.104271088488656 
0.104260918557971 
0.104250759047604 
0.104240609945414 
0.104230471239109 
0.104220342916248 
0.104210224964235 
0.104200117370328 
0.104190020121628 
0.104179933205094 
0.104169856607533 
0.104159790315602 
0.104149734315814 
0.104139688594534 
0.104129653137977 
0.104119627932217 
0.104109612963182 
0.104099608216658 
0.104089613678286 
0.104079629333565 
0.104069655167853 
0.104059691166371 
0.104049737314196 
0.104039793596269 
0.104029859997395 
0.104019936502239 
0.104010023095332 
0.104000119761075 
0.103990226483727 
0.103980343247423 
0.103970470036166 
0.103960606833823 
0.103950753624137 
0.103940910390722 
0.103931077117070 
0.103921253786539 
0.103911440382373 
0.103901636887682 
0.103891843285464 
0.103882059558591 
0.103872285689821 
0.103862521661788 
0.103852767457012 
0.103843023057902 
0.103833288446751 
0.103823563605735 
0.103813848516922 
0.103804143162275 
0.103794447523640 
0.103784761582763 
0.103775085321281 
0.103765418720730 
0.103755761762540 
0.103746114428041 
0.103736476698462 
0.103726848554938 
0.103717229978503 
0.103707620950097 
0.103698021450565 
0.103688431460663 
0.103678850961050 
0.103669279932303 
0.103659718354908 
0.103650166209263 
0.103640623475683 
0.103631090134398 
0.103621566165558 
0.103612051549231 
0.103602546265411 
0.103593050294006 
0.103583563614856 
0.103574086207725 
0.103564618052304 
0.103555159128213 
0.103545709415001 
0.103536268892155 
0.103526837539086 
0.103517415335150 
0.103508002259633 
0.103498598291760 
0.103489203410699 
0.103479817595560 
0.103470440825392 
0.103461073079190 
0.103451714335895 
0.103442364574396 
0.103433023773532 
0.103423691912091 
0.103414368968814 
0.103405054922395 
0.103395749751482 
0.103386453434684 
0.103377165950564 
0.103367887277646 
0.103358617394415 
0.103349356279320 
0.103340103910774 
0.103330860267154 
0.103321625326803 
0.103312399068037 
0.103303181469136 
0.103293972508358 
0.103284772163931 
0.103275580414058 
0.103266397236919 
0.103257222610662 
0.103248056513425 
0.103238898923323 
0.103229749818451 
0.103220609176886 
0.103211476976690 
0.103202353195909 
0.103193237812579 
0.103184130804722 
0.103175032150353 
0.103165941827471 
0.103156859814075 
0.103147786088150 
0.103138720627681 
0.103129663410648 
0.103120614415027 
0.103111573618792 
0.103102540999918 
0.103093516536383 
0.103084500206162 
0.103075491987237 
0.103066491857597 
0.103057499795232 
0.103048515778141 
0.103039539784330 
0.103030571791817 
0.103021611778627 
0.103012659722799 
0.103003715602385 
0.102994779395447 
0.102985851080068 
0.102976930634339 
0.102968018036375 
0.102959113264307 
0.102950216296281 
0.102941327110467 
0.102932445685058 
0.102923571998268 
0.102914706028324 
0.102905847753492 
0.102896997152055 
0.102888154202323 
0.102879318882632 
0.102870491171348 
0.102861671046863 
0.102852858487600 
0.102844053472013 
0.102835255978585 
0.102826465985832 
0.102817683472306 
0.102808908416586 
0.102800140797292 
0.102791380593077 
0.102782627782627 
0.102773882344670 
0.102765144257968 
0.102756413501325 
0.102747690053577 
0.102738973893609 
0.102730265000338 
0.102721563352730 
0.102712868929785 
0.102704181710550 
0.102695501674114 
0.102686828799612 
0.102678163066223 
0.102669504453165 
0.102660852939709 
0.102652208505166 
0.102643571128900 
0.102634940790319 
0.102626317468878 
0.102617701144083 
0.102609091795483 
0.102600489402683 
0.102591893945336 
0.102583305403144 
0.102574723755860 
0.102566148983291 
0.102557581065290 
0.102549019981767 
0.102540465712682 
0.102531918238050 
0.102523377537940 
0.102514843592470 
0.102506316381817 
0.102497795886208 
0.102489282085931 
0.102480774961323 
0.102472274492780 
0.102463780660752 
0.102455293445747 
0.102446812828330 
0.102438338789116 
0.102429871308783 
0.102421410368069 
0.102412955947761 
0.102404508028709 
0.102396066591821 
0.102387631618062 
0.102379203088454 
0.102370780984083 
0.102362365286086 
0.102353955975663 
0.102345553034072 
0.102337156442632 
0.102328766182718 
0.102320382235769 
0.102312004583280 
0.102303633206808 
0.102295268087967 
0.102286909208432 
0.102278556549939 
0.102270210094286 
0.102261869823329 
0.102253535718982 
0.102245207763221 
0.102236885938088 
0.102228570225677 
0.102220260608144 
0.102211957067708 
0.102203659586653 
0.102195368147311 
0.102187082732085 
0.102178803323434 
0.102170529903878 
0.102162262455999 
0.102154000962440 
0.102145745405900 
0.102137495769142 
0.102129252034987 
0.102121014186320 
0.102112782206082 
0.102104556077275 
0.102096335782960 
0.102088121306262 
0.102079912630363 
0.102071709738504 
0.102063512613987 
0.102055321240172 
0.102047135600479 
0.102038955678388 
0.102030781457439 
0.102022612921226 
0.102014450053409 
0.102006292837701 
0.101998141257877 
0.101989995297764 
0.101981854941256 
0.101973720172300 
0.101965590974900 
0.101957467333122 
0.101949349231087 
0.101941236652970 
0.101933129583008 
0.101925028005492 
0.101916931904775 
0.101908841265258 
0.101900756071403 
0.101892676307728 
0.101884601958805 
0.101876533009263 
0.101868469443789 
0.101860411247119 
0.101852358404049 
0.101844310899430 
0.101836268718164 
0.101828231845206 
0.101820200265570 
0.101812173964321 
0.101804152926577 
0.101796137137508 
0.101788126582342 
0.101780121246351 
0.101772121114872 
0.101764126173282 
0.101756136407014 
0.101748151801556 
0.101740172342441 
0.101732198015259 
0.101724228805647 
0.101716264699294 
0.101708305681936 
0.101700351739362 
0.101692402857412 
0.101684459021971 
0.101676520218975 
0.101668586434409 
0.101660657654306 
0.101652733864746 
0.101644815051861 
0.101636901201825 
0.101628992300860 
0.101621088335239 
0.101613189291276 
0.101605295155337 
0.101597405913829 
0.101589521553206 
0.101581642059966 
0.101573767420657 
0.101565897621868 
0.101558032650230 
0.101550172492422 
0.101542317135167 
0.101534466565227 
0.101526620769411 
0.101518779734569 
0.101510943447594 
0.101503111895421 
0.101495285065025 
0.101487462943427 
0.101479645517686 
0.101471832774902 
0.101464024702215 
0.101456221286806 
0.101448422515896 
0.101440628376747 
0.101432838856657 
0.101425053942964 
0.101417273623044 
0.101409497884316 
0.101401726714233 
0.101393960100281 
0.101386198029995 
0.101378440490936 
0.101370687470706 
0.101362938956945 
0.101355194937327 
0.101347455399562 
0.101339720331395 
0.101331989720609 
0.101324263555017 
0.101316541822470 
0.101308824510854 
0.101301111608085 
0.101293403102114 
0.101285698980929 
0.101277999232545 
0.101270303845017 
0.101262612806424 
0.101254926104880 
0.101247243728535 
0.101239565665566 
0.101231891904183 
0.101224222432627 
0.101216557239168 
0.101208896312107 
0.101201239639777 
0.101193587210538 
0.101185939012778 
0.101178295034920 
0.101170655265412 
0.101163019692728 
0.101155388305378 
0.101147761091892 
0.101140138040831 
0.101132519140785 
0.101124904380370 
0.101117293748226 
0.101109687233026 
0.101102084823462 
0.101094486508259 
0.101086892276164 
0.101079302115948 
0.101071716016414 
0.101064133966382 
0.101056555954704 
0.101048981970251 
0.101041412001920 
0.101033846038634 
0.101026284069338 
0.101018726083003 
0.101011172068618 
0.101003622015202 
0.100996075911793 
0.100988533747453 
0.100980995511262 
0.100973461192331 
0.100965930779785 
0.100958404262774 
0.100950881630470 
0.100943362872065 
0.100935847976775 
0.100928336933834 
0.100920829732495 
0.100913326362036 
0.100905826811754 
0.100898331070964 
0.100890839129002 
0.100883350975226 
0.100875866599011 
0.100868385989749 
0.100860909136858 
0.100853436029769 
0.100845966657935 
0.100838501010826 
0.100831039077933 
0.100823580848761 
0.100816126312835 
0.100808675459698 
0.100801228278914 
0.100793784760059 
0.100786344892731 
0.100778908666542 
0.100771476071124 
0.100764047096125 
0.100756621731210 
0.100749199966058 
0.100741781790370 
0.100734367193859 
0.100726956166256 
0.100719548697309 
0.100712144776780 
0.100704744394450 
0.100697347540113 
0.100689954203581 
0.100682564374682 
0.100675178043254 
0.100667795199159 
0.100660415832267 
0.100653039932467 
0.100645667489663 
0.100638298493773 
0.100630932934731 
0.100623570802483 
0.100616212086996 
0.100608856778248 
0.100601504866231 
0.100594156340950 
0.100586811192427 
0.100579469410703 
0.100572130985824 
0.100564795907859 
0.100557464166884 
0.100550135752996 
0.100542810656302 
0.100535488866925 
0.100528170375000 
0.100520855170679 
0.100513543244127 
0.100506234585524 
0.100498929185060 
0.100491627032946 
0.100484328119401 
0.100477032434658 
0.100469739968971 
0.100462450712600 
0.100455164655823 
0.100447881788933 
0.100440602102234 
0.100433325586046 
0.100426052230702 
0.100418782026551 
0.100411514963954 
0.100404251033287 
0.100396990224941 
0.100389732529319 
0.100382477936842 
0.100375226437941 
0.100367978023064 
0.100360732682675 
0.100353490407248 
0.100346251187274 
0.100339015013258 
0.100331781875722 
0.100324551765200 
0.100317324672240 
0.100310100587407 
0.100302879501283 
0.100295661404458 
0.100288446287545 
0.100281234141167 
0.100274024955967 
0.100266818722599 
0.100259615431732 
0.100252415074057 
0.100245217640273 
0.100238023121102 
0.100230831507276 
0.100223642789545 
0.100216456958677 
0.100209274005454 
0.100202093920679 
0.100194916695163 
0.100187742319742 
0.100180570785266 
0.100173402082603 
0.100166236202637 
0.100159073136270 
0.100151912874418 
0.100144755408022 
0.100137600728034 
0.100130448825430 
0.100123299691199 
0.100116153316352 
0.100109009691914 
0.100101868808938 
0.100094730658486 
0.100087595231643 
0.100080462519514 
0.100073332513224 
0.100066205203916 
0.100059080582756 
0.100051958640927 
0.100044839369631 
0.100037722760097 
0.100030608803568 
0.100023497491312 
0.100016388814617 
0.100009282764795 
0.100002179333177 
0.099995078511114 
0.099987980289984 
0.099980884661185 
0.099973791616139 
0.099966701146288 
0.099959613243101 
0.099952527898070 
0.099945445102710 
0.099938364848556 
0.099931287127173 
0.099924211930150 
0.099917139249099 
0.099910069075654 
0.099903001401481 
0.099895936218267 
0.099888873517727 
0.099881813291604 
0.099874755531661 
0.099867700229696 
0.099860647377527 
0.099853596967003 
0.099846548990002 
0.099839503438428 
0.099832460304210 
0.099825419579315 
0.099818381255729 
0.099811345325471 
0.099804311780592 
0.099797280613168 
0.099790251815309 
0.099783225379155 
0.099776201296873 
0.099769179560669 
0.099762160162773 
0.099755143095450 
0.099748128350993 
0.099741115921735 
0.099734105800037 
0.099727097978292 
0.099720092448930 
0.099713089204410 
0.099706088237230 
0.099699089539919 
0.099692093105045 
0.099685098925203 
0.099678106993032 
0.099671117301201 
0.099664129842419 
0.099657144609429 
0.099650161595011 
0.099643180791986 
0.099636202193205 
0.099629225791562 
0.099622251579987 
0.099615279551451 
0.099608309698962 
0.099601342015570 
0.099594376494356 
0.099587413128452 
0.099580451911023 
0.099573492835276 
0.099566535894461 
0.099559581081864 
0.099552628390820 
0.099545677814700 
0.099538729346921 
0.099531782980938 
0.099524838710253 
0.099517896528408 
0.099510956428993 
0.099504018405638 
0.099497082452021 
0.099490148561859 
0.099483216728918 
0.099476286947009 
0.099469359209987 
0.099462433511753 
0.099455509846256 
0.099448588207487 
0.099441668589490 
0.099434750986353 
0.099427835392209 
0.099420921801243 
0.099414010207688 
0.099407100605823 
0.099400192989973 
0.099393287354517 
0.099386383693883 
0.099379482002544 
0.099372582275030 
0.099365684505911 
0.099358788689817 
0.099351894821424 
0.099345002895462 
0.099338112906706 
0.099331224849989 
0.099324338720194 
0.099317454512251 
0.099310572221150 
0.099303691841928 
0.099296813369678 
0.099289936799543 
0.099283062126721 
0.099276189346464 
0.099269318454075 
0.099262449444914 
0.099255582314394 
0.099248717057982 
0.099241853671199 
0.099234992149621 
0.099228132488883 
0.099221274684664 
0.099214418732712 
0.099207564628821 
0.099200712368846 
0.099193861948693 
0.099187013364328 
0.099180166611773 
0.099173321687104 
0.099166478586452 
0.099159637306010 
0.099152797842022 
0.099145960190794 
0.099139124348685 
0.099132290312113 
0.099125458077553 
0.099118627641535 
0.099111799000651 
0.099104972151545 
0.099098147090923 
0.099091323815546 
0.099084502322235 
0.099077682607864 
0.099070864669372 
0.099064048503750 
0.099057234108047 
0.099050421479374 
0.099043610614896 
0.099036801511837 
0.099029994167481 
0.099023188579169 
0.099016384744296 
0.099009582660321 
0.099002782324756 
0.098995983735175 
0.098989186889204 
0.098982391784534 
0.098975598418911 
0.098968806790135 
0.098962016896068 
0.098955228734628 
0.098948442303792 
0.098941657601591 
0.098934874626115 
0.098928093375513 
0.098921313847988 
0.098914536041803 
0.098907759955275 
0.098900985586778 
0.098894212934747 
0.098887441997665 
0.098880672774079 
0.098873905262589 
0.098867139461853 
0.098860375370579 
0.098853612987535 
0.098846852311545 
0.098840093341486 
0.098833336076290 
0.098826580514947 
0.098819826656495 
0.098813074500031 
0.098806324044705 
0.098799575289723 
0.098792828234339 
0.098786082877864 
0.098779339219663 
0.098772597259151 
0.098765856995797 
0.098759118429119 
0.098752381558691 
0.098745646384137 
0.098738912905132 
0.098732181121402 
0.098725451032723 
0.098718722638920 
0.098711995939873 
0.098705270935504 
0.098698547625790 
0.098691826010756 
0.098685106090472 
0.098678387865057 
0.098671671334682 
0.098664956499561 
0.098658243359957 
0.098651531916179 
0.098644822168580 
0.098638114117562 
0.098631407763570 
0.098624703107095 
0.098618000148673 
0.098611298888884 
0.098604599328346 
0.098597901467729 
0.098591205307742 
0.098584510849133 
0.098577818092697 
0.098571127039267 
0.098564437689718 
0.098557750044966 
0.098551064105967 
0.098544379873712 
0.098537697349238 
0.098531016533616 
0.098524337427958 
0.098517660033409 
0.098510984351155 
0.098504310382417 
0.098497638128454 
0.098490967590555 
0.098484298770053 
0.098477631668304 
0.098470966286709 
0.098464302626696 
0.098457640689728 
0.098450980477299 
0.098444321990936 
0.098437665232198 
0.098431010202676 
0.098424356903986 
0.098417705337781 
0.098411055505734 
0.098404407409558 
0.098397761050986 
0.098391116431782 
0.098384473553733 
0.098377832418658 
0.098371193028399 
0.098364555384824 
0.098357919489825 
0.098351285345320 
0.098344652953250 
0.098338022315578 
0.098331393434292 
0.098324766311403 
0.098318140948939 
0.098311517348953 
0.098304895513517 
0.098298275444723 
0.098291657144685 
0.098285040615531 
0.098278425859412 
0.098271812878494 
0.098265201674960 
0.098258592251012 
0.098251984608866 
0.098245378750756 
0.098238774678929 
0.098232172395647 
0.098225571903187 
0.098218973203837 
0.098212376299900 
0.098205781193691 
0.098199187887537 
0.098192596383779 
0.098186006684762 
0.098179418792848 
0.098172832710406 
0.098166248439812 
0.098159665983459 
0.098153085343738 
0.098146506523050 
0.098139929523810 
0.098133354348434 
0.098126780999345 
0.098120209478973 
0.098113639789750 
0.098107071934119 
0.098100505914521 
0.098093941733402 
0.098087379393217 
0.098080818896415 
0.098074260245452 
0.098067703442786 
0.098061148490877 
0.098054595392184 
0.098048044149167 
0.098041494764289 
0.098034947240006 
0.098028401578777 
0.098021857783061 
0.098015315855316 
0.098008775797995 
0.098002237613545 
0.097995701304419 
0.097989166873059 
0.097982634321905 
0.097976103653394 
0.097969574869957 
0.097963047974024 
0.097956522968011 
0.097949999854338 
0.097943478635410 
0.097936959313628 
0.097930441891391 
0.097923926371083 
0.097917412755087 
0.097910901045772 
0.097904391245503 
0.097897883356629 
0.097891377381501 
0.097884873322450 
0.097878371181802 
0.097871870961872 
0.097865372664965 
0.097858876293376 
0.097852381849382 
0.097845889335258 
0.097839398753261 
0.097832910105634 
0.097826423394614 
0.097819938622420 
0.097813455791261 
0.097806974903332 
0.097800495960812 
0.097794018965869 
0.097787543920652 
0.097781070827304 
0.097774599687943 
0.097768130504681 
0.097761663279608 
0.097755198014800 
0.097748734712323 
0.097742273374221 
0.097735814002519 
0.097729356599233 
0.097722901166359 
0.097716447705874 
0.097709996219740 
0.097703546709902 
0.097697099178285 
0.097690653626801 
0.097684210057339 
0.097677768471770 
0.097671328871952 
0.097664891259720 
0.097658455636891 
0.097652022005262 
0.097645590366612 
0.097639160722702 
0.097632733075271 
0.097626307426043 
0.097619883776716 
0.097613462128975 
0.097607042484479 
0.097600624844868 
0.097594209211765 
0.097587795586771 
0.097581383971467 
0.097574974367409 
0.097568566776139 
0.097562161199176 
0.097555757638014 
0.097549356094129 
0.097542956568977 
0.097536559063994 
0.097530163580586 
0.097523770120148 
0.097517378684050 
0.097510989273637 
0.097504601890235 
0.097498216535146 
0.097491833209656 
0.097485451915025 
0.097479072652488 
0.097472695423266 
0.097466320228549 
0.097459947069511 
0.097453575947302 
0.097447206863050 
0.097440839817858 
0.097434474812811 
0.097428111848969 
0.097421750927372 
0.097415392049037 
0.097409035214954 
0.097402680426096 
0.097396327683413 
0.097389976987830 
0.097383628340250 
0.097377281741557 
0.097370937192608 
0.097364594694237 
0.097358254247263 
0.097351915852472 
0.097345579510638 
0.097339245222502 
0.097332912988789 
0.097326582810203 
0.097320254687422 
0.097313928621102 
0.097307604611876 
0.097301282660356 
0.097294962767132 
0.097288644932774 
0.097282329157820 
0.097276015442797 
0.097269703788204 
0.097263394194519 
0.097257086662197 
0.097250781191670 
0.097244477783354 
0.097238176437638 
0.097231877154887 
0.097225579935448 
0.097219284779644 
0.097212991687779 
0.097206700660130 
0.097200411696956 
0.097194124798496 
0.097187839964963 
0.097181557196550 
0.097175276493431 
0.097168997855757 
0.097162721283657 
0.097156446777238 
0.097150174336587 
0.097143903961769 
0.097137635652831 
0.097131369409796 
0.097125105232664 
0.097118843121422 
0.097112583076029 
0.097106325096425 
0.097100069182530 
0.097093815334241 
0.097087563551442 
0.097081313833989 
0.097075066181720 
0.097068820594455 
0.097062577071992 
0.097056335614109 
0.097050096220564 
0.097043858891093 
0.097037623625418 
0.097031390423236 
0.097025159284230 
0.097018930208058 
0.097012703194362 
0.097006478242761 
0.097000255352860 
0.096994034524242 
0.096987815756469 
0.096981599049090 
0.096975384401632 
0.096969171813602 
0.096962961284489 
0.096956752813765 
0.096950546400881 
0.096944342045277 
0.096938139746363 
0.096931939503541 
0.096925741316192 
0.096919545183679 
0.096913351105346 
0.096907159080521 
0.096900969108512 
0.096894781188613 
0.096888595320100 
0.096882411502229 
0.096876229734244 
0.096870050015368 
0.096863872344808 
0.096857696721754 
0.096851523145381 
0.096845351614847 
0.096839182129288 
0.096833014687834 
0.096826849289591 
0.096820685933654 
0.096814524619095 
0.096808365344976 
0.096802208110344 
0.096796052914226 
0.096789899755637 
0.096783748633574 
0.096777599547019 
0.096771452494941 
0.096765307476293 
0.096759164490010 
0.096753023535018 
0.096746884610220 
0.096740747714514 
0.096734612846777 
0.096728480005875 
0.096722349190656 
0.096716220399953 
0.096710093632593 
0.096703968887381 
0.096697846163109 
0.096691725458559 
0.096685606772499 
0.096679490103678 
0.096673375450838 
0.096667262812705 
0.096661152187990 
0.096655043575395 
0.096648936973605 
0.096642832381294 
0.096636729797122 
0.096630629219739 
0.096624530647780 
0.096618434079868 
0.096612339514614 
0.096606246950615 
0.096600156386461 
0.096594067820724 
0.096587981251967 
0.096581896678742 
0.096575814099585 
0.096569733513023 
0.096563654917576 
0.096557578311745 
0.096551503694024 
0.096545431062895 
0.096539360416830 
0.096533291754287 
0.096527225073713 
0.096521160373547 
0.096515097652218 
0.096509036908143 
0.096502978139726 
0.096496921345366 
0.096490866523446 
0.096484813672341 
0.096478762790419 
0.096472713876034 
0.096466666927528 
0.096460621943243 
0.096454578921500 
0.096448537860616 
0.096442498758900 
0.096436461614647 
0.096430426426148 
0.096424393191679 
0.096418361909511 
0.096412332577906 
0.096406305195111 
0.096400279759373 
0.096394256268924 
0.096388234721991 
0.096382215116791 
0.096376197451532 
0.096370181724414 
0.096364167933628 
0.096358156077360 
0.096352146153783 
0.096346138161068 
0.096340132097371 
0.096334127960843 
0.096328125749630 
0.096322125461869 
0.096316127095688 
0.096310130649208 
0.096304136120542 
0.096298143507798 
0.096292152809076 
0.096286164022464 
0.096280177146051 
0.096274192177912 
0.096268209116123 
0.096262227958744 
0.096256248703832 
0.096250271349443 
0.096244295893619 
0.096238322334395 
0.096232350669806 
0.096226380897874 
0.096220413016620 
0.096214447024059 
0.096208482918195 
0.096202520697030 
0.096196560358556 
0.096190601900764 
0.096184645321636 
0.096178690619151 
0.096172737791281 
0.096166786835991 
0.096160837751241 
0.096154890534989 
0.096148945185182 
0.096143001699767 
0.096137060076680 
0.096131120313861 
0.096125182409235 
0.096119246360728 
0.096113312166260 
0.096107379823745 
0.096101449331093 
0.096095520686209 
0.096089593886994 
0.096083668931344 
0.096077745817151 
0.096071824542301 
0.096065905104678 
0.096059987502160 
0.096054071732623 
0.096048157793934 
0.096042245683963 
0.096036335400569 
0.096030426941612 
0.096024520304945 
0.096018615488421 
0.096012712489882 
0.096006811307174 
0.096000911938135 
0.095995014380604 
0.095989118632409 
0.095983224691380 
0.095977332555344 
0.095971442222123 
0.095965553689532 
0.095959666955391 
0.095953782017510 
0.095947898873701 
0.095942017521767 
0.095936137959513 
0.095930260184741 
0.095924384195243 
0.095918509988818 
0.095912637563257 
0.095906766916350 
0.095900898045882 
0.095895030949638 
0.095889165625401 
0.095883302070946 
0.095877440284051 
0.095871580262491 
0.095865722004037 
0.095859865506459 
0.095854010767526 
0.095848157785000 
0.095842306556646 
0.095836457080222 
0.095830609353491 
0.095824763374206 
0.095818919140125 
0.095813076649001 
0.095807235898583 
0.095801396886622 
0.095795559610865 
0.095789724069062 
0.095783890258951 
0.095778058178279 
0.095772227824786 
0.095766399196213 
0.095760572290295 
0.095754747104774 
0.095748923637382 
0.095743101885853 
0.095737281847923 
0.095731463521321 
0.095725646903779 
0.095719831993026 
0.095714018786791 
0.095708207282802 
0.095702397478784 
0.095696589372461 
0.095690782961557 
0.095684978243797 
0.095679175216905 
0.095673373878601 
0.095667574226606 
0.095661776258641 
0.095655979972426 
0.095650185365677 
0.095644392436114 
0.095638601181454 
0.095632811599417 
0.095627023687714 
0.095621237444067 
0.095615452866190 
0.095609669951796 
0.095603888698602 
0.095598109104322 
0.095592331166671 
0.095586554883363 
0.095580780252111 
0.095575007270628 
0.095569235936630 
0.095563466247828 
0.095557698201938 
0.095551931796669 
0.095546167029737 
0.095540403898857 
0.095534642401740 
0.095528882536099 
0.095523124299649 
0.095517367690102 
0.095511612705172 
0.095505859342573 
0.095500107600020 
0.095494357475228 
0.095488608965912 
0.095482862069785 
0.095477116784567 
0.095471373107968 
0.095465631037706 
0.095459890571500 
0.095454151707065 
0.095448414442121 
0.095442678774383 
0.095436944701571 
0.095431212221405 
0.095425481331605 
0.095419752029891 
0.095414024313986 
0.095408298181608 
0.095402573630483 
0.095396850658334 
0.095391129262884 
0.095385409441858 
0.095379691192984 
0.095373974513985 
0.095368259402591 
0.095362545856530 
0.095356833873530 
0.095351123451323 
0.095345414587639 
0.095339707280210 
0.095334001526771 
0.095328297325053 
0.095322594672792 
0.095316893567728 
0.095311194007593 
0.095305495990129 
0.095299799513076 
0.095294104574173 
0.095288411171163 
0.095282719301790 
0.095277028963795 
0.095271340154928 
0.095265652872933 
0.095259967115559 
0.095254282880557 
0.095248600165676 
0.095242918968670 
0.095237239287291 
0.095231561119295 
0.095225884462439 
0.095220209314477 
0.095214535673174 
0.095208863536286 
0.095203192901578 
0.095197523766811 
0.095191856129756 
0.095186189988172 
0.095180525339833 
0.095174862182506 
0.095169200513964 
0.095163540331977 
0.095157881634323 
0.095152224418779 
0.095146568683120 
0.095140914425127 
0.095135261642582 
0.095129610333268 
0.095123960494967 
0.095118312125467 
0.095112665222557 
0.095107019784027 
0.095101375807668 
0.095095733291272 
0.095090092232640 
0.095084452629563 
0.095078814479842 
0.095073177781277 
0.095067542531674 
0.095061908728833 
0.095056276370564 
0.095050645454673 
0.095045015978973 
0.095039387941272 
0.095033761339387 
0.095028136171134 
0.095022512434331 
0.095016890126797 
0.095011269246352 
0.095005649790825 
0.095000031758041 
0.094994415145824 
0.094988799952006 
0.094983186174421 
0.094977573810902 
0.094971962859284 
0.094966353317408 
0.094960745183112 
0.094955138454241 
0.094949533128636 
0.094943929204146 
0.094938326678618 
0.094932725549904 
0.094927125815859 
0.094921527474337 
0.094915930523196 
0.094910334960296 
0.094904740783499 
0.094899147990665 
0.094893556579666 
0.094887966548369 
0.094882377894642 
0.094876790616360 
0.094871204711399 
0.094865620177635 
0.094860037012948 
0.094854455215220 
0.094848874782336 
0.094843295712182 
0.094837718002647 
0.094832141651622 
0.094826566657000 
0.094820993016678 
0.094815420728554 
0.094809849790528 
0.094804280200503 
0.094798711956382 
0.094793145056077 
0.094787579497495 
0.094782015278550 
0.094776452397154 
0.094770890851225 
0.094765330638683 
0.094759771757449 
0.094754214205448 
0.094748657980606 
0.094743103080852 
0.094737549504119 
0.094731997248338 
0.094726446311447 
0.094720896691384 
0.094715348386090 
0.094709801393511 
0.094704255711590 
0.094698711338275 
0.094693168271521 
0.094687626509277 
0.094682086049503 
0.094676546890155 
0.094671009029193 
0.094665472464581 
0.094659937194285 
0.094654403216274 
0.094648870528518 
0.094643339128990 
0.094637809015667 
0.094632280186527 
0.094626752639549 
0.094621226372715 
0.094615701384016 
0.094610177671437 
0.094604655232971 
0.094599134066611 
0.094593614170349 
0.094588095542189 
0.094582578180129 
0.094577062082175 
0.094571547246330 
0.094566033670605 
0.094560521353011 
0.094555010291562 
0.094549500484271 
0.094543991929162 
0.094538484624254 
0.094532978567570 
0.094527473757136 
0.094521970190983 
0.094516467867143 
0.094510966783648 
0.094505466938538 
0.094499968329852 
0.094494470955630 
0.094488974813920 
0.094483479902765 
0.094477986220216 
0.094472493764326 
0.094467002533152 
0.094461512524750 
0.094456023737179 
0.094450536168503 
0.094445049816787 
0.094439564680098 
0.094434080756507 
0.094428598044088 
0.094423116540918 
0.094417636245071 
0.094412157154631 
0.094406679267682 
0.094401202582309 
0.094395727096601 
0.094390252808650 
0.094384779716547 
0.094379307818390 
0.094373837112280 
0.094368367596318 
0.094362899268608 
0.094357432127258 
0.094351966170376 
0.094346501396073 
0.094341037802465 
0.094335575387668 
0.094330114149807 
0.094324654087001 
0.094319195197374 
0.094313737479055 
0.094308280930174 
0.094302825548865 
0.094297371333262 
0.094291918281505 
0.094286466391734 
0.094281015662093 
0.094275566090727 
0.094270117675786 
0.094264670415419 
0.094259224307781 
0.094253779351027 
0.094248335543318 
0.094242892882815 
0.094237451367682 
0.094232010996087 
0.094226571766195 
0.094221133676184 
0.094215696724224 
0.094210260908495 
0.094204826227175 
0.094199392678447 
0.094193960260494 
0.094188528971507 
0.094183098809674 
0.094177669773186 
0.094172241860241 
0.094166815069037 
0.094161389397772 
0.094155964844650 
0.094150541407878 
0.094145119085662 
0.094139697876213 
0.094134277777746 
0.094128858788473 
0.094123440906616 
0.094118024130393 
0.094112608458031 
0.094107193887752 
0.094101780417787 
0.094096368046366 
0.094090956771726 
0.094085546592098 
0.094080137505724 
0.094074729510843 
0.094069322605702 
0.094063916788546 
0.094058512057624 
0.094053108411187 
0.094047705847489 
0.094042304364787 
0.094036903961340 
0.094031504635409 
0.094026106385256 
0.094020709209153 
0.094015313105366 
0.094009918072166 
0.094004524107829 
0.093999131210630 
0.093993739378849 
0.093988348610766 
0.093982958904667 
0.093977570258840 
0.093972182671571 
0.093966796141153 
0.093961410665881 
0.093956026244049 
0.093950642873958 
0.093945260553910 
0.093939879282207 
0.093934499057159 
0.093929119877074 
0.093923741740261 
0.093918364645035 
0.093912988589713 
0.093907613572615 
0.093902239592059 
0.093896866646372 
0.093891494733878 
0.093886123852906 
0.093880754001786 
0.093875385178855 
0.093870017382446 
0.093864650610897 
0.093859284862552 
0.093853920135751 
0.093848556428843 
0.093843193740171 
0.093837832068090 
0.093832471410950 
0.093827111767108 
0.093821753134921 
0.093816395512749 
0.093811038898956 
0.093805683291904 
0.093800328689963 
0.093794975091499 
0.093789622494887 
0.093784270898501 
0.093778920300716 
0.093773570699914 
0.093768222094476 
0.093762874482783 
0.093757527863224 
0.093752182234184 
0.093746837594057 
0.093741493941234 
0.093736151274114 
0.093730809591092 
0.093725468890569 
0.093720129170947 
0.093714790430632 
0.093709452668030 
0.093704115881550 
0.093698780069606 
0.093693445230612 
0.093688111362982 
0.093682778465136 
0.093677446535494 
0.093672115572482 
0.093666785574522 
0.093661456540046 
0.093656128467480 
0.093650801355258 
0.093645475201815 
0.093640150005587 
0.093634825765014 
0.093629502478538 
0.093624180144603 
0.093618858761652 
0.093613538328136 
0.093608218842505 
0.093602900303212 
0.093597582708710 
0.093592266057456 
0.093586950347912 
0.093581635578536 
0.093576321747793 
0.093571008854152 
0.093565696896076 
0.093560385872040 
0.093555075780515 
0.093549766619973 
0.093544458388893 
0.093539151085756 
0.093533844709041 
0.093528539257232 
0.093523234728813 
0.093517931122274 
0.093512628436102 
0.093507326668791 
0.093502025818835 
0.093496725884732 
0.093491426864978 
0.093486128758077 
0.093480831562526 
0.093475535276834 
0.093470239899507 
0.093464945429055 
0.093459651863989 
0.093454359202820 
0.093449067444067 
0.093443776586244 
0.093438486627871 
0.093433197567472 
0.093427909403569 
0.093422622134688 
0.093417335759357 
0.093412050276105 
0.093406765683466 
0.093401481979971 
0.093396199164159 
0.093390917234567 
0.093385636189735 
0.093380356028206 
0.093375076748524 
0.093369798349235 
0.093364520828888 
0.093359244186032 
0.093353968419219 
0.093348693527007 
0.093343419507947 
0.093338146360600 
0.093332874083527 
0.093327602675289 
0.093322332134452 
0.093317062459580 
0.093311793649243 
0.093306525702009 
0.093301258616454 
0.093295992391150 
0.093290727024670 
0.093285462515595 
0.093280198862506 
0.093274936063982 
0.093269674118609 
0.093264413024972 
0.093259152781659 
0.093253893387260 
0.093248634840363 
0.093243377139565 
0.093238120283461 
0.093232864270649 
0.093227609099726 
0.093222354769294 
0.093217101277956 
0.093211848624315 
0.093206596806980 
0.093201345824556 
0.093196095675657 
0.093190846358894 
0.093185597872880 
0.093180350216233 
0.093175103387569 
0.093169857385506 
0.093164612208669 
0.093159367855678 
0.093154124325161 
0.093148881615743 
0.093143639726052 
0.093138398654720 
0.093133158400379 
0.093127918961662 
0.093122680337206 
0.093117442525645 
0.093112205525624 
0.093106969335781 
0.093101733954759 
0.093096499381205 
0.093091265613762 
0.093086032651082 
0.093080800491810 
0.093075569134602 
0.093070338578109 
0.093065108820987 
0.093059879861891 
0.093054651699481 
0.093049424332420 
0.093044197759369 
0.093038971978989 
0.093033746989947 
0.093028522790910 
0.093023299380547 
0.093018076757529 
0.093012854920527 
0.093007633868217 
0.093002413599271 
0.092997194112367 
0.092991975406187 
0.092986757479408 
0.092981540330713 
0.092976323958788 
0.092971108362315 
0.092965893539984 
0.092960679490482 
0.092955466212501 
0.092950253704730 
0.092945041965866 
0.092939830994602 
0.092934620789634 
0.092929411349662 
0.092924202673386 
0.092918994759507 
0.092913787606729 
0.092908581213756 
0.092903375579292 
0.092898170702049 
0.092892966580734 
0.092887763214056 
0.092882560600730 
0.092877358739470 
0.092872157628994 
0.092866957268014 
0.092861757655251 
0.092856558789425 
0.092851360669259 
0.092846163293472 
0.092840966660792 
0.092835770769945 
0.092830575619659 
0.092825381208665 
0.092820187535689 
0.092814994599465 
0.092809802398728 
0.092804610932211 
0.092799420198654 
0.092794230196790 
0.092789040925361 
0.092783852383111 
0.092778664568778 
0.092773477481107 
0.092768291118844 
0.092763105480735 
0.092757920565527 
0.092752736371971 
0.092747552898819 
0.092742370144820 
0.092737188108730 
0.092732006789304 
0.092726826185299 
0.092721646295471 
0.092716467118582 
0.092711288653390 
0.092706110898659 
0.092700933853152 
0.092695757515632 
0.092690581884868 
0.092685406959625 
0.092680232738673 
0.092675059220783 
0.092669886404724 
0.092664714289270 
0.092659542873195 
0.092654372155275 
