1.000000000000000 
0.998252178043236 
0.996677934732494 
0.995252104822653 
0.993953652433676 
0.992764881569732 
0.991670821434096 
0.990658742240261 
0.989717769851536 
0.988838576233116 
0.988013128736609 
0.987234485519010 
0.986496627482357 
0.985794319372966 
0.985122994345477 
0.984478657544225 
0.983857805198147 
0.983257356446731 
0.982674595670900 
0.982107123535711 
0.981552815291340 
0.981009785147277 
0.980476355748242 
0.979951031951482 
0.979432478243002 
0.978919499242086 
0.978411022834542 
0.977906085549679 
0.977403819857402 
0.976903443112481 
0.976404247915106 
0.975905593691880 
0.975406899330603 
0.974907636726796 
0.974407325120496 
0.973905526119261 
0.973401839318065 
0.972895898439211 
0.972387367926003 
0.971875939932986 
0.971361331663234 
0.970843283009811 
0.970321554464155 
0.969795925259046 
0.969266191717938 
0.968732165786121 
0.968193673722223 
0.967650554931300 
0.967102660923082 
0.966549854380968 
0.965992008329115 
0.965429005386504 
0.964860737098199 
0.964287103335164 
0.963708011755034 
0.963123377317104 
0.962533121845597 
0.961937173635936 
0.961335467099348 
0.960727942441648 
0.960114545372530 
0.959495226842062 
0.958869942801486 
0.958238653985692 
0.957601325715068 
0.956957927714623 
0.956308433948530 
0.955652822468436 
0.954991075274042 
0.954323178184611 
0.953649120720223 
0.952968895991698 
0.952282500598218 
0.951589934531810 
0.950891201087893 
0.950186306781226 
0.949475261266621 
0.948758077263878 
0.948034770486470 
0.947305359573511 
0.946569866024655 
0.945828314137562 
0.945080730947648 
0.944327146169841 
0.943567592142124 
0.942802103770659 
0.942030718476311 
0.941253476142441 
0.940470419063809 
0.939681591896492 
0.938887041608721 
0.938086817432543 
0.937280970816244 
0.936469555377466 
0.935652626856964 
0.934830243072955 
0.934002463876012 
0.933169351104473 
0.932330968540302 
0.931487381865398 
0.930638658618293 
0.929784868151205 
0.928926081587420 
0.928062371778956 
0.927193813264474 
0.926320482227401 
0.925442456454208 
0.924559815292823 
0.923672639611121 
0.922781011755459 
0.921885015509192 
0.920984736051160 
0.920080259914072 
0.919171674942768 
0.918259070252304 
0.917342536185844 
0.916422164272301 
0.915498047183721 
0.914570278692372 
0.913638953627518 
0.912704167831881 
0.911766018117753 
0.910824602222796 
0.909880018765502 
0.908932367200352 
0.907981747772691 
0.907028261473346 
0.906072009993042 
0.905113095676649 
0.904151621477342 
0.903187690910728 
0.902221408009030 
0.901252877275404 
0.900282203638501 
0.899309492407362 
0.898334849226771 
0.897358380033167 
0.896380191011248 
0.895400388551380 
0.894419079207931 
0.893436369658667 
0.892452366665306 
0.891467177035353 
0.890480907585325 
0.889493665105440 
0.888505556325864 
0.887516687884578 
0.886527166296892 
0.885537097926655 
0.884546588959137 
0.883555745375572 
0.882564672929308 
0.881573477123471 
0.880582263190059 
0.879591136070296 
0.878600200396110 
0.877609560472509 
0.876619320260648 
0.875629583361338 
0.874640452998704 
0.873652032003724 
0.872664422797310 
0.871677727372626 
0.870692047276294 
0.869707483588147 
0.868724136899205 
0.867742107287515 
0.866761494291541 
0.865782396880801 
0.864804913423439 
0.863829141650491 
0.862855178616596 
0.861883120656953 
0.860913063340368 
0.859945101418259 
0.858979328769563 
0.858015838341499 
0.857054722086216 
0.856096070893406 
0.855139974518996 
0.854186521510107 
0.853235799126498 
0.852287893258778 
0.851342888343725 
0.850400867277063 
0.849461911324134 
0.848526100028916 
0.847593511121874 
0.846664220427181 
0.845738301769854 
0.844815826883371 
0.843896865318368 
0.842981484353012 
0.842069748905642 
0.841161721450282 
0.840257461935624 
0.839357027708029 
0.838460473439129 
0.837567851058534 
0.836679209692141 
0.835794595606514 
0.834914052159724 
0.834037619759053 
0.833165335825856 
0.832297234767860 
0.831433347959147 
0.830573703727945 
0.829718327352394 
0.828867241064314 
0.828020464061023 
0.827178012525162 
0.826339899652440 
0.825506135687215 
0.824676727965713 
0.823851680966727 
0.823030996369538 
0.822214673118826 
0.821402707496275 
0.820595093198546 
0.819791821421333 
0.818992880949099 
0.818198258250158 
0.817407937576711 
0.816621901069441 
0.815840128866254 
0.815062599214747 
0.814289288587979 
0.813520171803090 
0.812755222142330 
0.811994411476045 
0.811237710387133 
0.810485088296523 
0.809736513589197 
0.808991953740256 
0.808251375440582 
0.807514744721588 
0.806782027078599 
0.806053187592368 
0.805328191048297 
0.804607002052872 
0.803889585146901 
0.803175904915127 
0.802465926091795 
0.801759613661839 
0.801056932957298 
0.800357849748674 
0.799662330330937 
0.798970341603942 
0.798281851147049 
0.797596827287785 
0.796915239164444 
0.796237056782536 
0.795562251065088 
0.794890793896797 
0.794222658162126 
0.793557817777448 
0.792896247717410 
0.792237924035702 
0.791582823880497 
0.790930925504808 
0.790282208272089 
0.789636652657389 
0.788994240244420 
0.788354953718882 
0.787718776858418 
0.787085694519550 
0.786455692621960 
0.785828758130433 
0.785204879034786 
0.784584044328066 
0.783966243983256 
0.783351468928686 
0.782739711022334 
0.782130963025097 
0.781525218573097 
0.780922472149031 
0.780322719052506 
0.779725955369248 
0.779132177939047 
0.778541384322211 
0.777953572764314 
0.777368742158937 
0.776786892008110 
0.776208022380138 
0.775632133864462 
0.775059227523247 
0.774489304839384 
0.773922367660595 
0.773358418139399 
0.772797458668748 
0.772239491813147 
0.771684520235208 
0.771132546617610 
0.770583573580543 
0.770037603594821 
0.769494638890897 
0.768954681364165 
0.768417732477002 
0.767883793158103 
0.767352863699769 
0.766824943653901 
0.766300031727508 
0.765778125678656 
0.765259222213791 
0.764743316887465 
0.764230404005485 
0.763720476532533 
0.763213526005307 
0.762709542452179 
0.762208514320332 
0.761710428411289 
0.761215269825615 
0.760723021917516 
0.760233666259904 
0.759747182620390 
0.759263548948511 
0.758782741374339 
0.758304734218510 
0.757829500013495 
0.757357009535867 
0.756887231849114 
0.756420134356454 
0.755955682863015 
0.755493841646598 
0.755034573536226 
0.754577839997579 
0.754123601224404 
0.753671816234976 
0.753222442972681 
0.752775438409826 
0.752330758653810 
0.751888359054867 
0.751448194314632 
0.751010218594891 
0.750574385625933 
0.750140648814017 
0.749708961347593 
0.749279276301938 
0.748851546742027 
0.748425725823481 
0.748001766891550 
0.747579623578121 
0.747159249896809 
0.746740600336226 
0.746323629951548 
0.745908294454513 
0.745494550301981 
0.745082354783174 
0.744671666105690 
0.744262443480325 
0.743854647204713 
0.743448238745702 
0.743043180820326 
0.742639437475153 
0.742236974163683 
0.741835757821418 
0.741435756938090 
0.741036941626492 
0.740639283687234 
0.740242756668703 
0.739847335921435 
0.739452998646057 
0.739059723933929 
0.738667492799620 
0.738276288204360 
0.737886095069647 
0.737496900280266 
0.737108692676073 
0.736721463032010 
0.736335204025960 
0.735949910194246 
0.735565577874733 
0.735182205137719 
0.734799791705002 
0.734418338857739 
0.734037849333894 
0.733658327216311 
0.733279777812617 
0.732902207528295 
0.732525623734436 
0.732150034631741 
0.731775449112420 
0.731401876621626 
0.731029327020044 
0.730657810449193 
0.730287337200875 
0.729917917592063 
0.729549561846356 
0.729182279982937 
0.728816081713745 
0.728450976349380 
0.728086972714022 
0.727724079069456 
0.727362303048092 
0.727001651594713 
0.726642130916501 
0.726283746440827 
0.725926502780150 
0.725570403703324 
0.725215452112624 
0.724861650025713 
0.724508998561882 
0.724157497931886 
0.723807147430761 
0.723457945433100 
0.723109889390339 
0.722762975829667 
0.722417200354290 
0.722072557644858 
0.721729041461904 
0.721386644649275 
0.721045359138519 
0.720705175954313 
0.720366085220999 
0.720028076170330 
0.719691137150579 
0.719355255637077 
0.719020418244357 
0.718686610739941 
0.718353818059886 
0.718022024326103 
0.717691212865469 
0.717361366230713 
0.717032466223007 
0.716704493916170 
0.716377429682370 
0.716051253219154 
0.715725943577652 
0.715401479191727 
0.715077837907903 
0.714754997015802 
0.714432933278928 
0.714111622965520 
0.713791041879311 
0.713471165389972 
0.713151968463068 
0.712833425689363 
0.712515511313347 
0.712198199260870 
0.711881463165804 
0.711565276395681 
0.711249612076305 
0.710934443115306 
0.710619742224720 
0.710305481942637 
0.709991634653998 
0.709678172610692 
0.709365067951058 
0.709052292718952 
0.708739818882570 
0.708427618353183 
0.708115663003997 
0.707803924689323 
0.707492375264256 
0.707180986605082 
0.706869730630569 
0.706558579324376 
0.706247504758719 
0.705936479119484 
0.705625474732923 
0.705314464094078 
0.705003419897041 
0.704692315067141 
0.704381122795141 
0.704069816573480 
0.703758370234597 
0.703446757991323 
0.703134954479323 
0.702822934801522 
0.702510674574450 
0.702198149976366 
0.701885337797057 
0.701572215489105 
0.701258761220458 
0.700944953928051 
0.700630773372231 
0.700316200191708 
0.700001215958686 
0.699685803233874 
0.699369945620970 
0.699053627820247 
0.698736835680818 
0.698419556251150 
0.698101777827381 
0.697783489998990 
0.697464683691359 
0.697145351204783 
0.696825486249495 
0.696505083976281 
0.696184141002333 
0.695862655431971 
0.695540626871979 
0.695218056441324 
0.694894946775108 
0.694571302022708 
0.694247127840106 
0.693922431376551 
0.693597221255748 
0.693271507551912 
0.692945301761074 
0.692618616768159 
0.692291466810392 
0.691963867437693 
0.691635835470758 
0.691307388957538 
0.690978547128890 
0.690649330354107 
0.690319760097061 
0.689989858873588 
0.689659650210717 
0.689329158608235 
0.688998409502950 
0.688667429235954 
0.688336245022990 
0.688004884927952 
0.687673377839397 
0.687341753449818 
0.687010042237325 
0.686678275449292 
0.686346485087427 
0.686014703893692 
0.685682965336439 
0.685351303596143 
0.685019753550107 
0.684688350755560 
0.684357131430625 
0.684026132432698 
0.683695391233889 
0.683364945893241 
0.683034835025588 
0.682705097766982 
0.682375773736740 
0.682046902996273 
0.681718526004904 
0.681390683573010 
0.681063416812830 
0.680736767087365 
0.680410775957790 
0.680085485129815 
0.679760936399429 
0.679437171598411 
0.679114232539972 
0.678792160964838 
0.678470998487993 
0.678150786546281 
0.677831566346951 
0.677513378817190 
0.677196264554612 
0.676880263778611 
0.676565416282444 
0.676251761385868 
0.675939337888120 
0.675628184021053 
0.675318337402184 
0.675009834987490 
0.674702713023776 
0.674397007000486 
0.674092751600917 
0.673789980652776 
0.673488727078182 
0.673189022843215 
0.672890898907190 
0.672594385171940 
0.672299510431394 
0.672006302321844 
0.671714787273289 
0.671424990462311 
0.671136935766950 
0.670850645724030 
0.670566141489404 
0.670283442801565 
0.670002567949019 
0.669723533741797 
0.669446355487408 
0.669171046971492 
0.668897620443358 
0.668626086606534 
0.668356454614366 
0.668088732070666 
0.667822925035313 
0.667559038034675 
0.667297074076651 
0.667037034670101 
0.666778919848380 
0.666522728196658 
0.666268456882726 
0.666016101690913 
0.665765657058795 
0.665517116116335 
0.665270470727134 
0.665025711531465 
0.664782827990787 
0.664541808433473 
0.664302640101478 
0.664065309197725 
0.663829800934011 
0.663596099579233 
0.663364188507791 
0.663134050248025 
0.662905666530571 
0.662679018336532 
0.662454085945390 
0.662230848982563 
0.662009286466572 
0.661789376855745 
0.661571098094413 
0.661354427658547 
0.661139342600804 
0.660925819594925 
0.660713834979465 
0.660503364800773 
0.660294384855229 
0.660086870730646 
0.659880797846827 
0.659676141495203 
0.659472876877530 
0.659270979143568 
0.659070423427718 
0.658871184884565 
0.658673238723264 
0.658476560240751 
0.658281124853713 
0.658086908129294 
0.657893885814481 
0.657702033864165 
0.657511328467807 
0.657321746074724 
0.657133263417936 
0.656945857536580 
0.656759505796861 
0.656574185911532 
0.656389875957903 
0.656206554394362 
0.656024200075423 
0.655842792265290 
0.655662310649955 
0.655482735347838 
0.655304046918976 
0.655126226372789 
0.654949255174439 
0.654773115249796 
0.654597788989048 
0.654423259248985 
0.654249509353970 
0.654076523095653 
0.653904284731450 
0.653732778981827 
0.653561991026439 
0.653391906499150 
0.653222511482003 
0.653053792498163 
0.652885736503909 
0.652718330879700 
0.652551563420402 
0.652385422324701 
0.652219896183784 
0.652054973969345 
0.651890645020968 
0.651726899032964 
0.651563726040726 
0.651401116406662 
0.651239060805785 
0.651077550211019 
0.650916575878303 
0.650756129331540 
0.650596202347493 
0.650436786940663 
0.650277875348236 
0.650119460015163 
0.649961533579429 
0.649804088857578 
0.649647118830546 
0.649490616629875 
0.649334575524336 
0.649178988907029 
0.649023850282992 
0.648869153257367 
0.648714891524167 
0.648561058855643 
0.648407649092328 
0.648254656133741 
0.648102073929789 
0.647949896472875 
0.647798117790733 
0.647646731939985 
0.647495733000433 
0.647345115070084 
0.647194872260909 
0.647044998695327 
0.646895488503417 
0.646746335820838 
0.646597534787457 
0.646449079546672 
0.646300964245420 
0.646153183034846 
0.646005730071635 
0.645858599519976 
0.645711785554165 
0.645565282361789 
0.645419084147518 
0.645273185137448 
0.645127579583987 
0.644982261771259 
0.644837226020978 
0.644692466698783 
0.644547978220979 
0.644403755061639 
0.644259791760035 
0.644116082928331 
0.643972623259481 
0.643829407535276 
0.643686430634462 
0.643543687540857 
0.643401173351396 
0.643258883284001 
0.643116812685213 
0.642974957037476 
0.642833311965997 
0.642691873245081 
0.642550636803863 
0.642409598731333 
0.642268755280591 
0.642128102872246 
0.641987638096886 
0.641847357716577 
0.641707258665328 
0.641567338048494 
0.641427593141097 
0.641288021385057 
0.641148620385356 
0.641009387905136 
0.640870321859810 
0.640731420310220 
0.640592681454944 
0.640454103621819 
0.640315685258825 
0.640177424924425 
0.640039321277509 
0.639901373067081 
0.639763579121857 
0.639625938339900 
0.639488449678485 
0.639351112144325 
0.639213924784325 
0.639076886677007 
0.638939996924740 
0.638803254646901 
0.638666658974074 
0.638530209043387 
0.638393903995041 
0.638257742970109 
0.638121725109612 
0.637985849554901 
0.637850115449311 
0.637714521941077 
0.637579068187434 
0.637443753359841 
0.637308576650222 
0.637173537278129 
0.637038634498686 
0.636903867611194 
0.636769235968238 
0.636634738985161 
0.636500376149726 
0.636366147031841 
0.636232051293167 
0.636098088696473 
0.635964259114605 
0.635830562538914 
0.635696999087042 
0.635563569009956 
0.635430272698129 
0.635297110686793 
0.635164083660217 
0.635031192454940 
0.634898438061958 
0.634765821627830 
0.634633344454734 
0.634501007999462 
0.634368813871414 
0.634236763829620 
0.634104859778857 
0.633973103764914 
0.633841497969095 
0.633710044702018 
0.633578746396810 
0.633447605601766 
0.633316624972569 
0.633185807264130 
0.633055155322157 
0.632924672074487 
0.632794360522280 
0.632664223731111 
0.632534264822014 
0.632404486962535 
0.632274893357801 
0.632145487241648 
0.632016271867819 
0.631887250501239 
0.631758426409357 
0.631629802853574 
0.631501383080717 
0.631373170314567 
0.631245167747413 
0.631117378531608 
0.630989805771131 
0.630862452513110 
0.630735321739309 
0.630608416357572 
0.630481739193203 
0.630355292980294 
0.630229080353013 
0.630103103836850 
0.629977365839853 
0.629851868643876 
0.629726614395878 
0.629601605099300 
0.629476842605588 
0.629352328605876 
0.629228064622917 
0.629104052003287 
0.628980291909937 
0.628856785315134 
0.628733532993846 
0.628610535517628 
0.628487793249035 
0.628365306336635 
0.628243074710613 
0.628121098079033 
0.627999375924752 
0.627877907503010 
0.627756691839694 
0.627635727730286 
0.627515013739463 
0.627394548201352 
0.627274329220411 
0.627154354672890 
0.627034622208868 
0.626915129254795 
0.626795873016524 
0.626676850482768 
0.626558058428953 
0.626439493421408 
0.626321151821863 
0.626203029792185 
0.626085123299344 
0.625967428120545 
0.625849939848495 
0.625732653896784 
0.625615565505332 
0.625498669745908 
0.625381961527663 
0.625265435602698 
0.625149086571624 
0.625032908889141 
0.624916896869590 
0.624801044692520 
0.624685346408245 
0.624569795943397 
0.624454387106508 
0.624339113593588 
0.624223968993759 
0.624108946794907 
0.623994040389407 
0.623879243079900 
0.623764548085157 
0.623649948546034 
0.623535437531515 
0.623421008044885 
0.623306653030003 
0.623192365377715 
0.623078137932394 
0.622963963498616 
0.622849834847975 
0.622735744726040 
0.622621685859453 
0.622507650963153 
0.622393632747753 
0.622279623927021 
0.622165617225506 
0.622051605386259 
0.621937581178666 
0.621823537406382 
0.621709466915335 
0.621595362601817 
0.621481217420624 
0.621367024393250 
0.621252776616114 
0.621138467268813 
0.621024089622375 
0.620909637047517 
0.620795103022883 
0.620680481143243 
0.620565765127668 
0.620450948827627 
0.620336026235036 
0.620220991490217 
0.620105838889769 
0.619990562894340 
0.619875158136289 
0.619759619427226 
0.619643941765417 
0.619528120343055 
0.619412150553390 
0.619296027997687 
0.619179748492034 
0.619063308073978 
0.618946703008974 
0.618829929796658 
0.618712985176927 
0.618595866135816 
0.618478569911174 
0.618361093998121 
0.618243436154297 
0.618125594404869 
0.618007567047312 
0.617889352655943 
0.617770950086201 
0.617652358478670 
0.617533577262811 
0.617414606160428 
0.617295445188824 
0.617176094663636 
0.617056555201357 
0.616936827721496 
0.616816913448379 
0.616696813912562 
0.616576530951837 
0.616456066711804 
0.616335423645986 
0.616214604515462 
0.616093612387994 
0.615972450636594 
0.615851122937545 
0.615729633267806 
0.615607985901781 
0.615486185407437 
0.615364236641713 
0.615242144745212 
0.615119915136134 
0.614997553503428 
0.614875065799145 
0.614752458229949 
0.614629737247798 
0.614506909539763 
0.614383982016968 
0.614260961802687 
0.614137856219550 
0.614014672775910 
0.613891419151374 
0.613768103181515 
0.613644732841820 
0.613521316230898 
0.613397861553008 
0.613274377099965 
0.613150871232497 
0.613027352361122 
0.612903828926636 
0.612780309380299 
0.612656802163830 
0.612533315689297 
0.612409858319031 
0.612286438345668 
0.612163063972437 
0.612039743293821 
0.611916484276697 
0.611793294742089 
0.611670182347640 
0.611547154570924 
0.611424218693690 
0.611301381787170 
0.611178650698512 
0.611056032038447 
0.610933532170262 
0.610811157200137 
0.610688912968901 
0.610566805045271 
0.610444838720574 
0.610323019004981 
0.610201350625268 
0.610079838024080 
0.609958485360687 
0.609837296513187 
0.609716275082117 
0.609595424395416 
0.609474747514664 
0.609354247242516 
0.609233926131262 
0.609113786492382 
0.608993830407029 
0.608874059737306 
0.608754476138228 
0.608635081070251 
0.608515875812260 
0.608396861474862 
0.608278039013896 
0.608159409244020 
0.608040972852248 
0.607922730411348 
0.607804682392958 
0.607686829180328 
0.607569171080594 
0.607451708336475 
0.607334441137308 
0.607217369629363 
0.607100493925338 
0.606983814113009 
0.606867330262956 
0.606751042435346 
0.606634950685744 
0.606519055069928 
0.606403355647706 
0.606287852485750 
0.606172545659454 
0.606057435253845 
0.605942521363597 
0.605827804092179 
0.605713283550210 
0.605598959853085 
0.605484833117944 
0.605370903460060 
0.605257170988757 
0.605143635802925 
0.605030297986244 
0.604917157602222 
0.604804214689137 
0.604691469254990 
0.604578921272579 
0.604466570674787 
0.604354417350177 
0.604242461139000 
0.604130701829680 
0.604019139155890 
0.603907772794252 
0.603796602362760 
0.603685627419958 
0.603574847464930 
0.603464261938132 
0.603353870223094 
0.603243671649002 
0.603133665494161 
0.603023850990343 
0.602914227327986 
0.602804793662224 
0.602695549119701 
0.602586492806142 
0.602477623814596 
0.602368941234305 
0.602260444160130 
0.602152131702442 
0.602044002997409 
0.601936057217583 
0.601828293582712 
0.601720711370658 
0.601613309928356 
0.601506088682702 
0.601399047151278 
0.601292184952827 
0.601185501817382 
0.601078997595965 
0.600972672269758 
0.600866525958695 
0.600760558929360 
0.600654771602146 
0.600549164557616 
0.600443738541972 
0.600338494471617 
0.600233433436744 
0.600128556703916 
0.600023865717608 
0.599919362100678 
0.599815047653769 
0.599710924353605 
0.599606994350201 
0.599503259962981 
0.599399723675823 
0.599296388131040 
0.599193256122341 
0.599090330586778 
0.598987614595760 
0.598885111345130 
0.598782824144404 
0.598680756405197 
0.598578911628911 
0.598477293393758 
0.598375905341175 
0.598274751161717 
0.598173834580503 
0.598073159342284 
0.597972729196241 
0.597872547880565 
0.597772619106920 
0.597672946544872 
0.597573533806358 
0.597474384430283 
0.597375501867319 
0.597276889464981 
0.597178550453065 
0.597080487929495 
0.596982704846664 
0.596885203998318 
0.596787988007045 
0.596691059312409 
0.596594420159786 
0.596498072589927 
0.596402018429294 
0.596306259281184 
0.596210796517668 
0.596115631272363 
0.596020764434034 
0.595926196641038 
0.595831928276619 
0.595737959465016 
0.595644290068411 
0.595550919684664 
0.595457847645850 
0.595365073017544 
0.595272594598848 
0.595180410923119 
0.595088520259373 
0.594996920614330 
0.594905609735056 
0.594814585112187 
0.594723843983672 
0.594633383339019 
0.594543199923996 
0.594453290245751 
0.594363650578325 
0.594274276968509 
0.594185165242018 
0.594096311009950 
0.594007709675503 
0.593919356440906 
0.593831246314552 
0.593743374118297 
0.593655734494912 
0.593568321915642 
0.593481130687887 
0.593394154962946 
0.593307388743841 
0.593220825893187 
0.593134460141091 
0.593048285093091 
0.592962294238084 
0.592876480956279 
0.592790838527128 
0.592705360137253 
0.592620038888348 
0.592534867805051 
0.592449839842796 
0.592364947895618 
0.592280184803927 
0.592195543362234 
0.592111016326839 
0.592026596423462 
0.591942276354835 
0.591858048808233 
0.591773906462956 
0.591689841997757 
0.591605848098204 
0.591521917463993 
0.591438042816192 
0.591354216904423 
0.591270432513977 
0.591186682472861 
0.591102959658773 
0.591019257005997 
0.590935567512223 
0.590851884245288 
0.590768200349821 
0.590684509053806 
0.590600803675041 
0.590517077627507 
0.590433324427618 
0.590349537700367 
0.590265711185358 
0.590181838742703 
0.590097914358803 
0.590013932151981 
0.589929886377978 
0.589845771435294 
0.589761581870386 
0.589677312382676 
0.589592957829418 
0.589508513230363 
0.589423973772253 
0.589339334813113 
0.589254591886355 
0.589169740704666 
0.589084777163692 
0.588999697345496 
0.588914497521806 
0.588829174157019 
0.588743723910982 
0.588658143641528 
0.588572430406782 
0.588486581467208 
0.588400594287420 
0.588314466537737 
0.588228196095492 
0.588141781046087 
0.588055219683801 
0.587968510512340 
0.587881652245152 
0.587794643805478 
0.587707484326172 
0.587620173149278 
0.587532709825361 
0.587445094112621 
0.587357325975762 
0.587269405584650 
0.587181333312750 
0.587093109735347 
0.587004735627567 
0.586916211962188 
0.586827539907266 
0.586738720823566 
0.586649756261808 
0.586560647959734 
0.586471397838998 
0.586382008001895 
0.586292480727910 
0.586202818470108 
0.586113023851366 
0.586023099660446 
0.585933048847899 
0.585842874521831 
0.585752579943494 
0.585662168522736 
0.585571643813283 
0.585481009507871 
0.585390269433223 
0.585299427544856 
0.585208487921744 
0.585117454760816 
0.585026332371293 
0.584935125168879 
0.584843837669788 
0.584752474484627 
0.584661040312133 
0.584569539932770 
0.584477978202188 
0.584386360044577 
0.584294690445888 
0.584202974446982 
0.584111217136672 
0.584019423644727 
0.583927599134804 
0.583835748797383 
0.583743877842680 
0.583651991493595 
0.583560094978706 
0.583468193525340 
0.583376292352745 
0.583284396665399 
0.583192511646468 
0.583100642451467 
0.583008794202123 
0.582916971980481 
0.582825180823284 
0.582733425716629 
0.582641711590939 
0.582550043316263 
0.582458425697913 
0.582366863472463 
0.582275361304106 
0.582183923781380 
0.582092555414273 
0.582001260631688 
0.581910043779284 
0.581818909117660 
0.581727860820898 
0.581636902975428 
0.581546039579205 
0.581455274541182 
0.581364611681047 
0.581274054729206 
0.581183607326991 
0.581093273027044 
0.581003055293879 
0.580912957504570 
0.580822982949543 
0.580733134833458 
0.580643416276121 
0.580553830313446 
0.580464379898397 
0.580375067901919 
0.580285897113824 
0.580196870243613 
0.580107989921228 
0.580019258697704 
0.579930679045728 
0.579842253360084 
0.579753983957990 
0.579665873079303 
0.579577922886623 
0.579490135465271 
0.579402512823156 
0.579315056890542 
0.579227769519713 
0.579140652484559 
0.579053707480086 
0.578966936121861 
0.578880339945425 
0.578793920405663 
0.578707678876170 
0.578621616648622 
0.578535734932163 
0.578450034852836 
0.578364517453072 
0.578279183691252 
0.578194034441355 
0.578109070492723 
0.578024292549934 
0.577939701232829 
0.577855297076671 
0.577771080532474 
0.577687051967510 
0.577603211665981 
0.577519559829897 
0.577436096580142 
0.577352821957738 
0.577269735925325 
0.577186838368832 
0.577104129099366 
0.577021607855301 
0.576939274304573 
0.576857128047174 
0.576775168617832 
0.576693395488896 
0.576611808073378 
0.576530405728183 
0.576449187757495 
0.576368153416309 
0.576287301914109 
0.576206632418669 
0.576126144059968 
0.576045835934208 
0.575965707107919 
0.575885756622137 
0.575805983496648 
0.575726386734270 
0.575646965325175 
0.575567718251227 
0.575488644490330 
0.575409743020766 
0.575331012825510 
0.575252452896527 
0.575174062239007 
0.575095839875562 
0.575017784850346 
0.574939896233109 
0.574862173123154 
0.574784614653211 
0.574707219993199 
0.574629988353881 
0.574552918990394 
0.574476011205657 
0.574399264353636 
0.574322677842480 
0.574246251137489 
0.574169983763943 
0.574093875309763 
0.574017925428000 
0.573942133839148 
0.573866500333284 
0.573791024772006 
0.573715707090187 
0.573640547297522 
0.573565545479865 
0.573490701800347 
0.573416016500283 
0.573341489899834 
0.573267122398438 
0.573192914474997 
0.573118866687813 
0.573044979674255 
0.572971254150179 
0.572897690909058 
0.572824290820847 
0.572751054830557 
0.572677983956548 
0.572605079288526 
0.572532341985253 
0.572459773271954 
0.572387374437437 
0.572315146830913 
0.572243091858521 
0.572171210979579 
0.572099505702543 
0.572027977580693 
0.571956628207560 
0.571885459212096 
0.571814472253612 
0.571743669016486 
0.571673051204668 
0.571602620536005 
0.571532378736392 
0.571462327533788 
0.571392468652111 
0.571322803805050 
0.571253334689800 
0.571184062980776 
0.571114990323311 
0.571046118327377 
0.570977448561371 
0.570908982545965 
0.570840721748090 
0.570772667575041 
0.570704821368765 
0.570637184400339 
0.570569757864675 
0.570502542875459 
0.570435540460373 
0.570368751556585 
0.570302177006557 
0.570235817554163 
0.570169673841136 
0.570103746403864 
0.570038035670511 
0.569972541958512 
0.569907265472394 
0.569842206301965 
0.569777364420832 
0.569712739685264 
0.569648331833378 
0.569584140484647 
0.569520165139709 
0.569456405180461 
0.569392859870434 
0.569329528355418 
0.569266409664334 
0.569203502710313 
0.569140806291986 
0.569078319094956 
0.569016039693428 
0.568953966551994 
0.568892098027532 
0.568830432371233 
0.568768967730711 
0.568707702152198 
0.568646633582807 
0.568585759872852 
0.568525078778203 
0.568464587962687 
0.568404285000506 
0.568344167378684 
0.568284232499515 
0.568224477683039 
0.568164900169502 
0.568105497121844 
0.568046265628173 
0.567987202704253 
0.567928305295995 
0.567869570281949 
0.567810994475808 
0.567752574628922 
0.567694307432824 
0.567636189521767 
0.567578217475287 
0.567520387820776 
0.567462697036087 
0.567405141552155 
0.567347717755659 
0.567290421991689 
0.567233250566466 
0.567176199750076 
0.567119265779241 
0.567062444860113 
0.567005733171104 
0.566949126865732 
0.566892622075500 
0.566836214912792 
0.566779901473785 
0.566723677841379 
0.566667540088133 
0.566611484279212 
0.566555506475326 
0.566499602735672 
0.566443769120856 
0.566388001695813 
0.566332296532685 
0.566276649713686 
0.566221057333927 
0.566165515504190 
0.566110020353672 
0.566054568032655 
0.565999154715130 
0.565943776601347 
0.565888429920287 
0.565833110932066 
0.565777815930245 
0.565722541244050 
0.565667283240495 
0.565612038326414 
0.565556802950365 
0.565501573604448 
0.565446346825988 
0.565391119199114 
0.565335887356206 
0.565280647979219 
0.565225397800888 
0.565170133605790 
0.565114852231287 
0.565059550568326 
0.565004225562122 
0.564948874212689 
0.564893493575258 
0.564838080760549 
0.564782632934930 
0.564727147320432 
0.564671621194657 
0.564616051890558 
0.564560436796106 
0.564504773353847 
0.564449059060352 
0.564393291465578 
0.564337468172120 
0.564281586834400 
0.564225645157764 
0.564169640897512 
0.564113571857884 
0.564057435890974 
0.564001230895622 
0.563944954816266 
0.563888605641776 
0.563832181404280 
0.563775680177984 
0.563719100078013 
0.563662439259262 
0.563605695915284 
0.563548868277215 
0.563491954612752 
0.563434953225186 
0.563377862452502 
0.563320680666553 
0.563263406272317 
0.563206037707235 
0.563148573440642 
0.563091011973297 
0.563033351837002 
0.562975591594325 
0.562917729838418 
0.562859765192936 
0.562801696312047 
0.562743521880530 
0.562685240613968 
0.562626851259007 
0.562568352593692 
0.562509743427862 
0.562451022603599 
0.562392188995703 
0.562333241512209 
0.562274179094899 
0.562215000719818 
0.562155705397772 
0.562096292174782 
0.562036760132490 
0.561977108388494 
0.561917336096588 
0.561857442446910 
0.561797426665950 
0.561737288016429 
0.561677025797022 
0.561616639341898 
0.561556128020083 
0.561495491234624 
0.561434728421531 
0.561373839048499 
0.561312822613408 
0.561251678642564 
0.561190406688718 
0.561129006328815 
0.561067477161517 
0.561005818804464 
0.560944030891299 
0.560882113068460 
0.560820064991742 
0.560757886322646 
0.560695576724538 
0.560633135858613 
0.560570563379705 
0.560507858931956 
0.560445022144377 
0.560382052626306 
0.560318949962824 
0.560255713710131 
0.560192343390940 
0.560128838489897 
0.560065198449086 
0.560001422663647 
0.559937510477534 
0.559873461179475 
0.559809273999143 
0.559744948103609 
0.559680482594082 
0.559615876502999 
0.559551128791488 
0.559486238347237 
0.559421203982820 
0.559356024434489 
0.559290698361470 
0.559225224345802 
0.559159600892715 
0.559093826431605 
0.559027899317586 
0.558961817833658 
0.558895580193495 
0.558829184544855 
0.558762628973620 
0.558695911508461 
0.558629030126124 
0.558561982757322 
0.558494767293231 
0.558427381592546 
0.558359823489105 
0.558292090800021 
0.558224181334316 
0.558156092901998 
0.558087823323558 
0.558019370439825 
0.557950732122144 
0.557881906282813 
0.557812890885728 
0.557743683957178 
0.557674283596718 
0.557604687988073 
0.557534895409976 
0.557464904246913 
0.557394712999659 
0.557324320295578 
0.557253724898577 
0.557182925718676 
0.557111921821099 
0.557040712434845 
0.556969296960643 
0.556897674978257 
0.556825846253061 
0.556753810741841 
0.556681568597780 
0.556609120174558 
0.556536466029561 
0.556463606926141 
0.556390543834924 
0.556317277934133 
0.556243810608930 
0.556170143449783 
0.556096278249838 
0.556022217001357 
0.555947961891216 
0.555873515295509 
0.555798879773309 
0.555724058059630 
0.555649053057650 
0.555573867830271 
0.555498505591072 
0.555422969694755 
0.555347263627148 
0.555271390994867 
0.555195355514717 
0.555119161002921 
0.555042811364282 
0.554966310581352 
0.554889662703706 
0.554812871837406 
0.554735942134728 
0.554658877784246 
0.554581683001319 
0.554504362019068 
0.554426919079882 
0.554349358427511 
0.554271684299781 
0.554193900921967 
0.554116012500835 
0.554038023219380 
0.553959937232257 
0.553881758661899 
0.553803491595312 
0.553725140081527 
0.553646708129684 
0.553568199707708 
0.553489618741538 
0.553410969114869 
0.553332254669350 
0.553253479205197 
0.553174646482142 
0.553095760220689 
0.553016824103599 
0.552937841777547 
0.552858816854897 
0.552779752915540 
0.552700653508724 
0.552621522154845 
0.552542362347128 
0.552463177553161 
0.552383971216243 
0.552304746756495 
0.552225507571706 
0.552146257037888 
0.552066998509515 
0.551987735319409 
0.551908470778288 
0.551829208173944 
0.551749950770046 
0.551670701804599 
0.551591464488007 
0.551512242000822 
0.551433037491130 
0.551353854071623 
0.551274694816392 
0.551195562757426 
0.551116460880895 
0.551037392123209 
0.550958359366914 
0.550879365436446 
0.550800413093805 
0.550721505034150 
0.550642643881400 
0.550563832183856 
0.550485072409889 
0.550406366943751 
0.550327718081538 
0.550249128027336 
0.550170598889628 
0.550092132677951 
0.550013731299884 
0.549935396558367 
0.549857130149419 
0.549778933660250 
0.549700808567829 
0.549622756237910 
0.549544777924559 
0.549466874770187 
0.549389047806123 
0.549311297953737 
0.549233626026130 
0.549156032730400 
0.549078518670507 
0.549001084350719 
0.548923730179684 
0.548846456475094 
0.548769263468970 
0.548692151313554 
0.548615120087816 
0.548538169804564 
0.548461300418166 
0.548384511832851 
0.548307803911612 
0.548231176485673 
0.548154629364516 
0.548078162346454 
0.548001775229713 
0.547925467824023 
0.547849239962662 
0.547773091514943 
0.547697022399087 
0.547621032595452 
0.547545122160057 
0.547469291238359 
0.547393540079200 
0.547317869048871 
0.547242278645218 
0.547166769511681 
0.547091342451208 
0.547015998439912 
0.546940738640396 
0.546865564414597 
0.546790477336067 
0.546715479201536 
0.546640572041640 
0.546565758130688 
0.546491039995319 
0.546416420421918 
0.546341902462677 
0.546267489440134 
0.546193184950105 
0.546118992862865 
0.546044917322485 
0.545970962744233 
0.545897133809947 
0.545823435461334 
0.545749872891147 
0.545676451532209 
0.545603177044309 
0.545530055298967 
0.545457092362147 
0.545384294474980 
0.545311668032598 
0.545239219561227 
0.545166955693675 
0.545094883143405 
0.545023008677392 
0.544951339087983 
0.544879881163996 
0.544808641661319 
0.544737627273249 
0.544666844600873 
0.544596300123716 
0.544526000170966 
0.544455950893500 
0.544386158236993 
0.544316627916319 
0.544247365391482 
0.544178375845255 
0.544109664162719 
0.544041234912827 
0.543973092332131 
0.543905240310735 
0.543837682380563 
0.543770421705941 
0.543703461076509 
0.543636802902429 
0.543570449211832 
0.543504401650431 
0.543438661483181 
0.543373229597892 
0.543308106510634 
0.543243292372790 
0.543178786979611 
0.543114589780088 
0.543050699887980 
0.542987116093825 
0.542923836877763 
0.542860860423011 
0.542798184629819 
0.542735807129767 
0.542673725300258 
0.542611936279070 
0.542550436978851 
0.542489224101453 
0.542428294152001 
0.542367643452621 
0.542307268155753 
0.542247164256985 
0.542187327607376 
0.542127753925208 
0.542068438807160 
0.542009377738874 
0.541950566104912 
0.541891999198093 
0.541833672228218 
0.541775580330196 
0.541717718571586 
0.541660081959559 
0.541602665447330 
0.541545463940058 
0.541488472300254 
0.541431685352724 
0.541375097889074 
0.541318704671812 
0.541262500438064 
0.541206479902951 
0.541150637762645 
0.541094968697136 
0.541039467372737 
0.540984128444357 
0.540928946557568 
0.540873916350486 
0.540819032455498 
0.540764289500854 
0.540709682112138 
0.540655204913670 
0.540600852529804 
0.540546619586206 
0.540492500711072 
0.540438490536347 
0.540384583698929 
0.540330774841902 
0.540277058615778 
0.540223429679806 
0.540169882703316 
0.540116412367138 
0.540063013365111 
0.540009680405656 
0.539956408213481 
0.539903191531375 
0.539850025122118 
0.539796903770535 
0.539743822285664 
0.539690775503077 
0.539637758287335 
0.539584765534597 
0.539531792175387 
0.539478833177503 
0.539425883549099 
0.539372938341907 
0.539319992654635 
0.539267041636502 
0.539214080490939 
0.539161104479434 
0.539108108925516 
0.539055089218879 
0.539002040819635 
0.538948959262680 
0.538895840162176 
0.538842679216123 
0.538789472211006 
0.538736215026524 
0.538682903640352 
0.538629534132946 
0.538576102692354 
0.538522605619021 
0.538469039330564 
0.538415400366490 
0.538361685392841 
0.538307891206739 
0.538254014740798 
0.538200053067383 
0.538146003402699 
0.538091863110661 
0.538037629706539 
0.537983300860342 
0.537928874399923 
0.537874348313758 
0.537819720753414 
0.537764990035639 
0.537710154644090 
0.537655213230652 
0.537600164616349 
0.537545007791819 
0.537489741917345 
0.537434366322431 
0.537378880504921 
0.537323284129636 
0.537267577026555 
0.537211759188520 
0.537155830768477 
0.537099792076255 
0.537043643574914 
0.536987385876633 
0.536931019738209 
0.536874546056141 
0.536817965861344 
0.536761280313514 
0.536704490695167 
0.536647598405383 
0.536590604953286 
0.536533511951296 
0.536476321108173 
0.536419034221901 
0.536361653172435 
0.536304179914358 
0.536246616469466 
0.536188964919320 
0.536131227397814 
0.536073406083750 
0.536015503193503 
0.535957520973750 
0.535899461694336 
0.535841327641262 
0.535783121109849 
0.535724844398076 
0.535666499800123 
0.535608089600123 
0.535549616066151 
0.535491081444444 
0.535432487953875 
0.535373837780684 
0.535315133073465 
0.535256375938421 
0.535197568434887 
0.535138712571110 
0.535079810300309 
0.535020863516988 
0.534961874053507 
0.534902843676919 
0.534843774086054 
0.534784666908837 
0.534725523699867 
0.534666345938209 
0.534607135025422 
0.534547892283804 
0.534488618954848 
0.534429316197902 
0.534369985089022 
0.534310626620024 
0.534251241697701 
0.534191831143230 
0.534132395691732 
0.534072935991999 
0.534013452606364 
0.533953946010721 
0.533894416594678 
0.533834864661836 
0.533775290430198 
0.533715694032681 
0.533656075517747 
0.533596434850127 
0.533536771911648 
0.533477086502142 
0.533417378340441 
0.533357647065448 
0.533297892237282 
0.533238113338488 
0.533178309775308 
0.533118480879010 
0.533058625907268 
0.532998744045592 
0.532938834408803 
0.532878896042543 
0.532818927924833 
0.532758928967651 
0.532698898018555 
0.532638833862322 
0.532578735222628 
0.532518600763728 
0.532458429092184 
0.532398218758589 
0.532337968259324 
0.532277676038320 
0.532217340488836 
0.532156959955249 
0.532096532734856 
0.532036057079681 
0.531975531198285 
0.531914953257596 
0.531854321384723 
0.531793633668790 
0.531732888162764 
0.531672082885287 
0.531611215822504 
0.531550284929899 
0.531489288134118 
0.531428223334806 
0.531367088406429 
0.531305881200103 
0.531244599545419 
0.531183241252267 
0.531121804112663 
0.531060285902571 
0.530998684383739 
0.530936997305519 
0.530875222406708 
0.530813357417389 
0.530751400060777 
0.530689348055079 
0.530627199115360 
0.530564950955425 
0.530502601289714 
0.530440147835216 
0.530377588313395 
0.530314920452138 
0.530252141987730 
0.530189250666839 
0.530126244248530 
0.530063120506303 
0.529999877230148 
0.529936512228629 
0.529873023330987 
0.529809408389257 
0.529745665280416 
0.529681791908541 
0.529617786206971 
0.529553646140502 
0.529489369707566 
0.529424954942424 
0.529360399917357 
0.529295702744845 
0.529230861579737 
0.529165874621404 
0.529100740115864 
0.529035456357884 
0.528970021693042 
0.528904434519753 
0.528838693291248 
0.528772796517501 
0.528706742767108 
0.528640530669107 
0.528574158914729 
0.528507626259106 
0.528440931522902 
0.528374073593890 
0.528307051428470 
0.528239864053137 
0.528172510565885 
0.528104990137595 
0.528037302013362 
0.527969445513818 
0.527901420036432 
0.527833225056827 
0.527764860130097 
0.527696324892174 
0.527627619061239 
0.527558742439208 
0.527489694913310 
0.527420476457776 
0.527351087135662 
0.527281527100830 
0.527211796600100 
0.527141895975602 
0.527071825667337 
0.527001586215983 
0.526931178265938 
0.526860602568626 
0.526789859986088 
0.526718951494840 
0.526647878190023 
0.526576641289844 
0.526505242140287 
0.526433682220110 
0.526361963146095 
0.526290086678547 
0.526218054727017 
0.526145869356205 
0.526073532792039 
0.526001047427875 
0.525928415830769 
0.525855640747791 
0.525782725112327 
0.525709672050302 
0.525636484886279 
0.525563167149372 
0.525489722578903 
0.525416155129751 
0.525342468977321 
0.525268668522063 
0.525194758393502 
0.525120743453684 
0.525046628800004 
0.524972419767354 
0.524898121929541 
0.524823741099916 
0.524749283331192 
0.524674754914407 
0.524600162377002 
0.524525512479996 
0.524450812214241 
0.524376068795765 
0.524301289660178 
0.524226482456181 
0.524151655038174 
0.524076815457995 
0.524001971955828 
0.523927132950302 
0.523852307027848 
0.523777502931347 
0.523702729548119 
0.523627995897348 
0.523553311116944 
0.523478684449967 
0.523404125230643 
0.523329642870040 
0.523255246841488 
0.523180946665786 
0.523106751896277 
0.523032672103844 
0.522958716861878 
0.522884895731294 
0.522811218245615 
0.522737693896213 
0.522664332117706 
0.522591142273584 
0.522518133642090 
0.522445315402377 
0.522372696620995 
0.522300286238700 
0.522228093057641 
0.522156125728924 
0.522084392740583 
0.522012902405958 
0.521941662852519 
0.521870682011128 
0.521799967605771 
0.521729527143752 
0.521659367906388 
0.521589496940191 
0.521519921048571 
0.521450646784065 
0.521381680441106 
0.521313028049343 
0.521244695367536 
0.521176687878023 
0.521109010781794 
0.521041668994165 
0.520974667141078 
0.520908009556029 
0.520841700277637 
0.520775743047868 
0.520710141310906 
0.520644898212688 
0.520580016601101 
0.520515499026833 
0.520451347744884 
0.520387564716717 
0.520324151613059 
0.520261109817308 
0.520198440429568 
0.520136144271254 
0.520074221890274 
0.520012673566748 
0.519951499319236 
0.519890698911449 
0.519830271859415 
0.519770217439050 
0.519710534694111 
0.519651222444496 
0.519592279294828 
0.519533703643324 
0.519475493690861 
0.519417647450246 
0.519360162755614 
0.519303037271926 
0.519246268504548 
0.519189853808827 
0.519133790399681 
0.519078075361129 
0.519022705655739 
0.518967678133972 
0.518912989543374 
0.518858636537600 
0.518804615685246 
0.518750923478450 
0.518697556341260 
0.518644510637732 
0.518591782679759 
0.518539368734593 
0.518487265032069 
0.518435467771511 
0.518383973128309 
0.518332777260160 
0.518281876312984 
0.518231266426482 
0.518180943739366 
0.518130904394246 
0.518081144542173 
0.518031660346845 
0.517982447988496 
0.517933503667438 
0.517884823607308 
0.517836404057984 
0.517788241298215 
0.517740331637951 
0.517692671420391 
0.517645257023765 
0.517598084862851 
0.517551151390243 
0.517504453097388 
0.517457986515394 
0.517411748215622 
0.517365734810086 
0.517319942951659 
0.517274369334104 
0.517229010691939 
0.517183863800158 
0.517138925473798 
0.517094192567391 
0.517049661974286 
0.517005330625872 
0.516961195490705 
0.516917253573539 
0.516873501914289 
0.516829937586924 
0.516786557698303 
0.516743359386960 
0.516700339821843 
0.516657496201029 
0.516614825750404 
0.516572325722327 
0.516529993394279 
0.516487826067509 
0.516445821065676 
0.516403975733492 
0.516362287435383 
0.516320753554157 
0.516279371489692 
0.516238138657646 
0.516197052488196 
0.516156110424802 
0.516115309923010 
0.516074648449279 
0.516034123479860 
0.515993732499706 
0.515953473001427 
0.515913342484286 
0.515873338453253 
0.515833458418086 
0.515793699892481 
0.515754060393259 
0.515714537439606 
0.515675128552372 
0.515635831253406 
0.515596643064964 
0.515557561509152 
0.515518584107431 
0.515479708380172 
0.515440931846268 
0.515402252022793 
0.515363666424719 
0.515325172564681 
0.515286767952798 
0.515248450096544 
0.515210216500664 
0.515172064667159 
0.515133992095294 
0.515095996281677 
0.515058074720377 
0.515020224903095 
0.514982444319374 
0.514944730456862 
0.514907080801620 
0.514869492838472 
0.514831964051403 
0.514794491923996 
0.514757073939910 
0.514719707583414 
0.514682390339939 
0.514645119696691 
0.514607893143292 
0.514570708172463 
0.514533562280748 
0.514496452969271 
0.514459377744528 
0.514422334119227 
0.514385319613145 
0.514348331754035 
0.514311368078561 
0.514274426133261 
0.514237503475548 
0.514200597674737 
0.514163706313110 
0.514126826986995 
0.514089957307880 
0.514053094903561 
0.514016237419291 
0.513979382518971 
0.513942527886354 
0.513905671226261 
0.513868810265820 
0.513831942755710 
0.513795066471421 
0.513758179214513 
0.513721278813884 
0.513684363127030 
0.513647430041308 
0.513610477475180 
0.513573503379451 
0.513536505738486 
0.513499482571398 
0.513462431933215 
0.513425351916008 
0.513388240649974 
0.513351096304485 
0.513313917089072 
0.513276701254355 
0.513239447092913 
0.513202152940071 
0.513164817174623 
0.513127438219461 
0.513090014542114 
0.513052544655199 
0.513015027116757 
0.512977460530493 
0.512939843545894 
0.512902174858233 
0.512864453208445 
0.512826677382885 
0.512788846212944 
0.512750958574537 
0.512713013387460 
0.512675009614597 
0.512636946261006 
0.512598822372850 
0.512560637036202 
0.512522389375714 
0.512484078553147 
0.512445703765781 
0.512407264244698 
0.512368759252943 
0.512330188083581 
0.512291550057639 
0.512252844521970 
0.512214070847009 
0.512175228424469 
0.512136316664966 
0.512097334995586 
0.512058282857416 
0.512019159703041 
0.511979964994031 
0.511940698198411 
0.511901358788160 
0.511861946236719 
0.511822460016540 
0.511782899596696 
0.511743264440538 
0.511703554003445 
0.511663767730659 
0.511623905055221 
0.511583965396020 
0.511543948155976 
0.511503852720346 
0.511463678455180 
0.511423424705934 
0.511383090796239 
0.511342676026830 
0.511302179674665 
0.511261600992202 
0.511220939206871 
0.511180193520716 
0.511139363110229 
0.511098447126369 
