1.000000000000000 
0.487308436075556 
0.480091327707875 
0.479323912758798 
0.479058196725347 
0.478921016721649 
0.478834170329608 
0.478771273381739 
0.478721115024004 
0.478678197701041 
0.478639537222594 
0.478603381534595 
0.478568633561628 
0.478534567184272 
0.478500677348669 
0.478466596292432 
0.478432044409114 
0.478396800216710 
0.478360681336609 
0.478323532064357 
0.478285215019383 
0.478245605392505 
0.478204586890197 
0.478162048812040 
0.478117883900083 
0.478071986723413 
0.478024252439788 
0.477974575826821 
0.477922850508445 
0.477868968324644 
0.477812818807529 
0.477754288737264 
0.477693261758636 
0.477629618044246 
0.477563233993994 
0.477493981963250 
0.477421730014092 
0.477346341685485 
0.477267675779395 
0.477185586160731 
0.477099921569636 
0.477010525445242 
0.476917235760402 
0.476819884867301 
0.476718299354117 
0.476612299913201 
0.476501701221449 
0.476386311833741 
0.476265934090520 
0.476140364040733 
0.476009391381534 
0.475872799416265 
0.475730365032391 
0.475581858701178 
0.475427044501028 
0.475265680166470 
0.475097517164953 
0.474922300803609 
0.474739770368286 
0.474549659297177 
0.474351695391427 
0.474145601065135 
0.473931093637157 
0.473707885667120 
0.473475685338017 
0.473234196887674 
0.472983121091300 
0.472722155797208 
0.472450996517629 
0.472169337076339 
0.471876870314613 
0.471573288856722 
0.471258285935881 
0.470931556281222 
0.470592797065916 
0.470241708916189 
0.469877996980429 
0.469501372057093 
0.469111551779511 
0.468708261855116 
0.468291237355930 
0.467860224056486 
0.467414979814647 
0.466955275990026 
0.466480898893988 
0.465991651264437 
0.465487353757826 
0.464967846450082 
0.464432990337411 
0.463882668827203 
0.463316789208665 
0.462735284092130 
0.462138112805483 
0.461525262735698 
0.460896750603073 
0.460252623655505 
0.459592960770024 
0.458917873448734 
0.458227506696478 
0.457522039767785 
0.456801686771070 
0.456066697118679 
0.455317355812025 
0.454553983552054 
0.453776936666258 
0.452986606844707 
0.452183420678889 
0.451367838998657 
0.450540356004177 
0.449701498191483 
0.448851823072041 
0.447991917688616 
0.447122396931635 
0.446243901662183 
0.445357096649758 
0.444462668334796 
0.443561322427920 
0.442653781359660 
0.441740781596152 
0.440823070837947 
0.439901405120575 
0.438976545836828 
0.438049256701924 
0.437120300683674 
0.436190436920562 
0.435260417651155 
0.434330985178612 
0.433402868894046 
0.432476782382325 
0.431553420633400 
0.430633457381456 
0.429717542593183 
0.428806300125135 
0.427900325568579 
0.427000184298415 
0.426106409740687 
0.425219501870967 
0.424339925953391 
0.423468111527621 
0.422604451648198 
0.421749302378050 
0.420902982535068 
0.420065773687877 
0.419237920394213 
0.418419630672664 
0.417611076696111 
0.416812395692911 
0.416023691039831 
0.415245033529029 
0.414476462789870 
0.413717988845323 
0.412969593781815 
0.412231233511060 
0.411502839602293 
0.410784321163551 
0.410075566751293 
0.409376446288466 
0.408686812972362 
0.408006505154872 
0.407335348179406 
0.406673156160414 
0.406019733693265 
0.405374877484090 
0.404738377891145 
0.404110020371056 
0.403489586825168 
0.402876856843019 
0.402271608841594 
0.401673621100593 
0.401082672695494 
0.400498544331475 
0.399921019082595 
0.399349883041745 
0.398784925887925 
0.398225941378296 
0.397672727773238 
0.397125088203242 
0.396582830986818 
0.396045769908943 
0.395513724469358 
0.394986520109839 
0.394463988428871 
0.393945967391254 
0.393432301538854 
0.392922842207169 
0.392417447750417 
0.391915983775765 
0.391418323384873 
0.390924347418584 
0.390433944698057 
0.389947012253399 
0.389463455528853 
0.388983188552020 
0.388506134053708 
0.388032223524725 
0.387561397196641 
0.387093603934975 
0.386628801035697 
0.386166953919067 
0.385708035718618 
0.385252026767296 
0.384798913987095 
0.384348690192711 
0.383901353323464 
0.383456905620819 
0.383015352770952 
0.382576703033024 
0.382140966373888 
0.381708153629144 
0.381278275708688 
0.380851342862525 
0.380427364019725 
0.380006346210237 
0.379588294076049 
0.379173209475134 
0.378761091178658 
0.378351934659497 
0.377945731967919 
0.377542471688617 
0.377142138971939 
0.376744715631299 
0.376350180298139 
0.375958508625638 
0.375569673532235 
0.375183645476354 
0.374800392754033 
0.374419881811644 
0.374042077566504 
0.373666943728776 
0.373294443118829 
0.372924537974817 
0.372557190246025 
0.372192361868208 
0.371830015017817 
0.371470112342680 
0.371112617167305 
0.370757493671575 
0.370404707042178 
0.370054223596550 
0.369706010879691 
0.369360037734477 
0.369016274346643 
0.368674692265759 
0.368335264403929 
0.367997965014130 
0.367662769650212 
0.367329655110861 
0.366998599369748 
0.366669581494222 
0.366342581554887 
0.366017580528297 
0.365694560195004 
0.365373503034984 
0.365054392122428 
0.364737211021605 
0.364421943685430 
0.364108574358081 
0.363797087482894 
0.363487467616480 
0.363179699349868 
0.362873767237275 
0.362569655732876 
0.362267349135820 
0.361966831543600 
0.361668086813651 
0.361371098533038 
0.361075849995916 
0.360782324188394 
0.360490503780329 
0.360200371123570 
0.359911908256076 
0.359625096911360 
0.359339918532676 
0.359056354291348 
0.358774385108698 
0.358493991680963 
0.358215154506753 
0.357937853916467 
0.357662070103239 
0.357387783154997 
0.357114973087195 
0.356843619875915 
0.356573703490978 
0.356305203928833 
0.356038101244943 
0.355772375585481 
0.355508007218163 
0.355244976562073 
0.354983264216339 
0.354722850987620 
0.354463717916271 
0.354205846301179 
0.353949217723203 
0.353693814067198 
0.353439617542639 
0.353186610702773 
0.352934776462376 
0.352684098114049 
0.352434559343102 
0.352186144241025 
0.351938837317535 
0.351692623511223 
0.351447488198805 
0.351203417202968 
0.350960396798816 
0.350718413720829 
0.350477455160793 
0.350237508775782 
0.349998562687084 
0.349760605479621 
0.349523626199949 
0.349287614352846 
0.349052559896489 
0.348818453236207 
0.348585285216840 
0.348353047113711 
0.348121730622229 
0.347891327846177 
0.347661831284691 
0.347433233817989 
0.347205528691923 
0.346978709501400 
0.346752770172748 
0.346527704945109 
0.346303508350975 
0.346080175195928 
0.345857700537729 
0.345636079664834 
0.345415308074497 
0.345195381450532 
0.344976295640917 
0.344758046635324 
0.344540630542715 
0.344324043569145 
0.344108281995873 
0.343893342157910 
0.343679220423133 
0.343465913172035 
0.343253416778253 
0.343041727589949 
0.342830841912108 
0.342620755989854 
0.342411465992843 
0.342202968000756 
0.341995257989983 
0.341788331821479 
0.341582185229844 
0.341376813813642 
0.341172213026923 
0.340968378172006 
0.340765304393428 
0.340562986673092 
0.340361419826591 
0.340160598500605 
0.339960517171413 
0.339761170144413 
0.339562551554638 
0.339364655368177 
0.339167475384500 
0.338971005239563 
0.338775238409693 
0.338580168216175 
0.338385787830462 
0.338192090279978 
0.337999068454449 
0.337806715112687 
0.337615022889810 
0.337423984304799 
0.337233591768383 
0.337043837591170 
0.336854713991993 
0.336666213106424 
0.336478326995397 
0.336291047653930 
0.336104367019873 
0.335918276982652 
0.335732769392001 
0.335547836066597 
0.335363468802620 
0.335179659382169 
0.334996399581513 
0.334813681179171 
0.334631495963757 
0.334449835741606 
0.334268692344139 
0.334088057634919 
0.333907923516451 
0.333728281936611 
0.333549124894779 
0.333370444447600 
0.333192232714370 
0.333014481882054 
0.332837184209897 
0.332660332033658 
0.332483917769400 
0.332307933916883 
0.332132373062519 
0.331957227881920 
0.331782491141982 
0.331608155702571 
0.331434214517759 
0.331260660636630 
0.331087487203681 
0.330914687458784 
0.330742254736746 
0.330570182466472 
0.330398464169718 
0.330227093459498 
0.330056064038073 
0.329885369694637 
0.329715004302635 
0.329544961816767 
0.329375236269675 
0.329205821768375 
0.329036712490373 
0.328867902679563 
0.328699386641883 
0.328531158740742 
0.328363213392270 
0.328195545060377 
0.328028148251651 
0.327861017510117 
0.327694147411858 
0.327527532559530 
0.327361167576771 
0.327195047102528 
0.327029165785302 
0.326863518277339 
0.326698099228745 
0.326532903281575 
0.326367925063860 
0.326203159183603 
0.326038600222736 
0.325874242731044 
0.325710081220054 
0.325546110156877 
0.325382323958023 
0.325218716983155 
0.325055283528802 
0.324892017822004 
0.324728914013889 
0.324565966173171 
0.324403168279548 
0.324240514217016 
0.324077997767041 
0.323915612601598 
0.323753352276092 
0.323591210222066 
0.323429179739761 
0.323267253990468 
0.323105425988644 
0.322943688593817 
0.322782034502193 
0.322620456238038 
0.322458946144713 
0.322297496375422 
0.322136098883628 
0.321974745413091 
0.321813427487581 
0.321652136400161 
0.321490863202110 
0.321329598691430 
0.321168333400941 
0.321007057585976 
0.320845761211659 
0.320684433939804 
0.320523065115439 
0.320361643752996 
0.320200158522220 
0.320038597733850 
0.319876949325155 
0.319715200845482 
0.319553339441868 
0.319391351844996 
0.319229224355621 
0.319066942831812 
0.318904492677284 
0.318741858831280 
0.318579025760423 
0.318415977453190 
0.318252697417660 
0.318089168683399 
0.317925373808437 
0.317761294892522 
0.317596913597974 
0.317432211179721 
0.317267168526294 
0.317101766213875 
0.316935984575679 
0.316769803789282 
0.316603203984750 
0.316436165376662 
0.316268668423314 
0.316100694016496 
0.315932223705235 
0.315763239956713 
0.315593726457148 
0.315423668454802 
0.315253053146141 
0.315081870104800 
0.314910111751007 
0.314737773856698 
0.314564856078634 
0.314391362508392 
0.314217302224463 
0.314042689827833 
0.313867545938890 
0.313691897630409 
0.313515778769465 
0.313339230240596 
0.313162300023947 
0.312985043105797 
0.312807521204818 
0.312629802305430 
0.312451959999474 
0.312274072648085 
0.312096222386401 
0.311918494003373 
0.311740973736660 
0.311563748027347 
0.311386902280838 
0.311210519678422 
0.311034680079273 
0.310859459045323 
0.310684927012867 
0.310511148625288 
0.310338182232270 
0.310166079552761 
0.309994885492172 
0.309824638099427 
0.309655368646086 
0.309487101808202 
0.309319855931220 
0.309153643358977 
0.308988470809407 
0.308824339781505 
0.308661246980311 
0.308499184748961 
0.308338141498937 
0.308178102131703 
0.308019048446558 
0.307860959531137 
0.307703812132174 
0.307547581005202 
0.307392239242702 
0.307237758580836 
0.307084109685494 
0.306931262418662 
0.306779186086509 
0.306627849670755 
0.306477222044995 
0.306327272177766 
0.306177969324144 
0.306029283207590 
0.305881184193719 
0.305733643457442 
0.305586633144832 
0.305440126530633 
0.305294098172171 
0.305148524059876 
0.305003381764285 
0.304858650578768 
0.304714311656777 
0.304570348141788 
0.304426745287533 
0.304283490565665 
0.304140573757501 
0.303997987026232 
0.303855724965845 
0.303713784623098 
0.303572165489228 
0.303430869458688 
0.303289900753015 
0.303149265809128 
0.303008973132494 
0.302869033117087 
0.302729457835339 
0.302590260802664 
0.302451456722120 
0.302313061215734 
0.302175090549353 
0.302037561358083 
0.301900490379141 
0.301763894198250 
0.301627789014974 
0.301492190431224 
0.301357113266055 
0.301222571398618 
0.301088577640045 
0.300955143633976 
0.300822279784578 
0.300689995210178 
0.300558297720242 
0.300427193812979 
0.300296688690761 
0.300166786290586 
0.300037489326809 
0.299908799343614 
0.299780716774879 
0.299653241009399 
0.299526370459651 
0.299400102632581 
0.299274434201121 
0.299149361075400 
0.299024878472807 
0.298900980986248 
0.298777662650063 
0.298654917003251 
0.298532737149714 
0.298411115815373 
0.298290045401985 
0.298169518037661 
0.298049525624064 
0.297930059880302 
0.297811112383586 
0.297692674606748 
0.297574737952685 
0.297457293785862 
0.297340333461004 
0.297223848349059 
0.297107829860614 
0.296992269466876 
0.296877158718340 
0.296762489261325 
0.296648252852451 
0.296534441371237 
0.296421046830931 
0.296308061387726 
0.296195477348432 
0.296083287176770 
0.295971483498392 
0.295860059104738 
0.295749006955805 
0.295638320181985 
0.295527992085013 
0.295418016138141 
0.295308385985621 
0.295199095441561 
0.295090138488243 
0.294981509273957 
0.294873202110427 
0.294765211469864 
0.294657531981746 
0.294550158429313 
0.294443085745864 
0.294336309010878 
0.294229823446016 
0.294123624411002 
0.294017707399446 
0.293912068034626 
0.293806702065236 
0.293701605361153 
0.293596773909199 
0.293492203808968 
0.293387891268669 
0.293283832601069 
0.293180024219466 
0.293076462633779 
0.292973144446705 
0.292870066349977 
0.292767225120725 
0.292664617617922 
0.292562240778964 
0.292460091616331 
0.292358167214370 
0.292256464726193 
0.292154981370660 
0.292053714429502 
0.291952661244531 
0.291851819214956 
0.291751185794820 
0.291650758490522 
0.291550534858443 
0.291450512502690 
0.291350689072896 
0.291251062262148 
0.291151629804999 
0.291052389475549 
0.290953339085617 
0.290854476483020 
0.290755799549890 
0.290657306201087 
0.290558994382694 
0.290460862070561 
0.290362907268926 
0.290265128009101 
0.290167522348211 
0.290070088368006 
0.289972824173703 
0.289875727892913 
0.289778797674591 
0.289682031688054 
0.289585428122025 
0.289488985183744 
0.289392701098093 
0.289296574106785 
0.289200602467570 
0.289104784453493 
0.289009118352162 
0.288913602465079 
0.288818235106964 
0.288723014605138 
0.288627939298905 
0.288533007538985 
0.288438217686943 
0.288343568114656 
0.288249057203793 
0.288154683345322 
0.288060444939019 
0.287966340393000 
0.287872368123273 
0.287778526553300 
0.287684814113553 
0.287591229241124 
0.287497770379288 
0.287404435977129 
0.287311224489140 
0.287218134374837 
0.287125164098388 
0.287032312128239 
0.286939576936748 
0.286846956999818 
0.286754450796541 
0.286662056808835 
0.286569773521094 
0.286477599419818 
0.286385532993279 
0.286293572731137 
0.286201717124100 
0.286109964663555 
0.286018313841208 
0.285926763148720 
0.285835311077333 
0.285743956117492 
0.285652696758472 
0.285561531487986 
0.285470458791797 
0.285379477153328 
0.285288585053230 
0.285197780969004 
0.285107063374556 
0.285016430739766 
0.284925881530061 
0.284835414205956 
0.284745027222599 
0.284654719029296 
0.284564488069024 
0.284474332777947 
0.284384251584906 
0.284294242910895 
0.284204305168527 
0.284114436761494 
0.284024636084002 
0.283934901520195 
0.283845231443566 
0.283755624216348 
0.283666078188893 
0.283576591699036 
0.283487163071439 
0.283397790616915 
0.283308472631744 
0.283219207396972 
0.283129993177679 
0.283040828222241 
0.282951710761583 
0.282862639008385 
0.282773611156304 
0.282684625379163 
0.282595679830127 
0.282506772640860 
0.282417901920670 
0.282329065755631 
0.282240262207713 
0.282151489313878 
0.282062745085173 
0.281974027505814 
0.281885334532265 
0.281796664092313 
0.281708014084127 
0.281619382375342 
0.281530766802121 
0.281442165168249 
0.281353575244213 
0.281264994766319 
0.281176421435833 
0.281087852918122 
0.280999286841864 
0.280910720798279 
0.280822152340412 
0.280733578982476 
0.280644998199276 
0.280556407425685 
0.280467804056233 
0.280379185444800 
0.280290548904395 
0.280201891707113 
0.280113211084196 
0.280024504226294 
0.279935768283884 
0.279847000367899 
0.279758197550586 
0.279669356866600 
0.279580475314374 
0.279491549857774 
0.279402577428070 
0.279313554926259 
0.279224479225740 
0.279135347175401 
0.279046155603112 
0.278956901319675 
0.278867581123234 
0.278778191804197 
0.278688730150665 
0.278599192954402 
0.278509577017362 
0.278419879158783 
0.278330096222858 
0.278240225086996 
0.278150262670648 
0.278060205944708 
0.277970051941467 
0.277879797765094 
0.277789440602589 
0.277698977735199 
0.277608406550200 
0.277517724553005 
0.277426929379484 
0.277336018808448 
0.277244990774133 
0.277153843378621 
0.277062574904047 
0.276971183824422 
0.276879668816991 
0.276788028772916 
0.276696262807160 
0.276604370267404 
0.276512350741839 
0.276420204065682 
0.276327930326276 
0.276235529866659 
0.276143003287448 
0.276050351446994 
0.275957575459680 
0.275864676692359 
0.275771656758884 
0.275678517512753 
0.275585261037888 
0.275491889637639 
0.275398405822090 
0.275304812293808 
0.275211111932181 
0.275117307776515 
0.275023403008105 
0.274929400931470 
0.274835304954999 
0.274741118571212 
0.274646845336899 
0.274552488853344 
0.274458052746875 
0.274363540649945 
0.274268956182944 
0.274174302936917 
0.274079584457364 
0.273984804229235 
0.273889965663263 
0.273795072083695 
0.273700126717493 
0.273605132685054 
0.273510092992457 
0.273415010525227 
0.273319888043606 
0.273224728179255 
0.273129533433358 
0.273034306176028 
0.272939048646942 
0.272843762957096 
0.272748451091600 
0.272653114913351 
0.272557756167524 
0.272462376486735 
0.272366977396765 
0.272271560322722 
0.272176126595548 
0.272080677458737 
0.271985214075185 
0.271889737534033 
0.271794248857449 
0.271698749007245 
0.271603238891231 
0.271507719369277 
0.271412191258969 
0.271316655340835 
0.271221112363080 
0.271125563045785 
0.271030008084555 
0.270934448153569 
0.270838883908038 
0.270743315986041 
0.270647745009754 
0.270552171586074 
0.270456596306649 
0.270361019747324 
0.270265442467050 
0.270169865006264 
0.270074287884761 
0.269978711599154 
0.269883136619879 
0.269787563387850 
0.269691992310783 
0.269596423759225 
0.269500858062346 
0.269405295503529 
0.269309736315801 
0.269214180677146 
0.269118628705737 
0.269023080455113 
0.268927535909354 
0.268831994978254 
0.268736457492545 
0.268640923199188 
0.268545391756719 
0.268449862730715 
0.268354335589354 
0.268258809699102 
0.268163284320507 
0.268067758604130 
0.267972231586608 
0.267876702186835 
0.267781169202264 
0.267685631305347 
0.267590087040073 
0.267494534818642 
0.267398972918232 
0.267303399477885 
0.267207812495478 
0.267112209824822 
0.267016589172853 
0.266920948096931 
0.266825284002259 
0.266729594139446 
0.266633875602175 
0.266538125325075 
0.266442340081758 
0.266346516483099 
0.266250650975752 
0.266154739841022 
0.266058779194055 
0.265962764983510 
0.265866692991725 
0.265770558835503 
0.265674357967617 
0.265578085679141 
0.265481737102766 
0.265385307217254 
0.265288790853183 
0.265192182700214 
0.265095477316067 
0.264998669137456 
0.264901752493265 
0.264804721620222 
0.264707570681408 
0.264610293787907 
0.264512885023981 
0.264415338476101 
0.264317648266235 
0.264219808589758 
0.264121813758388 
0.264023658248457 
0.263925336754861 
0.263826844250987 
0.263728176054752 
0.263629327900929 
0.263530296019666 
0.263431077221075 
0.263331668985460 
0.263232069558673 
0.263132278051660 
0.263032294543160 
0.262932120184038 
0.262831757301564 
0.262731209501506 
0.262630481765674 
0.262529580542222 
0.262428513825831 
0.262327291224708 
0.262225924011301 
0.262124425153744 
0.262022809325189 
0.261921092888593 
0.261819293855062 
0.261717431814468 
0.261615527837929 
0.261513604352526 
0.261411684989722 
0.261309794409739 
0.261207958105199 
0.261106202188032 
0.261004553164379 
0.260903037702572 
0.260801682399673 
0.260700513551829 
0.260599556933665 
0.260498837591375 
0.260398379653626 
0.260298206163557 
0.260198338934373 
0.260098798430122 
0.259999603672433 
0.259900772173073 
0.259802319891587 
0.259704261216557 
0.259606608968614 
0.259509374422900 
0.259412567348506 
0.259316196062261 
0.259220267494253 
0.259124787262480 
0.259029759754277 
0.258935188212230 
0.258841074822609 
0.258747420804552 
0.258654226498495 
0.258561491452583 
0.258469214506048 
0.258377393868778 
0.258286027196435 
0.258195111660749 
0.258104644014730 
0.258014620652623 
0.257925037664665 
0.257835890886675 
0.257747175944643 
0.257658888294528 
0.257571023257524 
0.257483576051066 
0.257396541815863 
0.257309915639315 
0.257223692575539 
0.257137867662425 
0.257052435935919 
0.256967392441892 
0.256882732245821 
0.256798450440586 
0.256714542152577 
0.256631002546393 
0.256547826828251 
0.256465010248404 
0.256382548102636 
0.256300435733038 
0.256218668528212 
0.256137241922984 
0.256056151397771 
0.255975392477655 
0.255894960731293 
0.255814851769689 
0.255735061244914 
0.255655584848820 
0.255576418311773 
0.255497557401443 
0.255418997921705 
0.255340735711626 
0.255262766644583 
0.255185086627524 
0.255107691600353 
0.255030577535458 
0.254953740437393 
0.254877176342683 
0.254800881319767 
0.254724851469067 
0.254649082923167 
0.254573571847125 
0.254498314438842 
0.254423306929553 
0.254348545584380 
0.254274026702954 
0.254199746620103 
0.254125701706559 
0.254051888369724 
0.253978303054458 
0.253904942243868 
0.253831802460123 
0.253758880265249 
0.253686172261928 
0.253613675094281 
0.253541385448618 
0.253469300054166 
0.253397415683768 
0.253325729154533 
0.253254237328458 
0.253182937112985 
0.253111825461530 
0.253040899373955 
0.252970155896970 
0.252899592124515 
0.252829205198055 
0.252758992306840 
0.252688950688099 
0.252619077627179 
0.252549370457642 
0.252479826561297 
0.252410443368168 
0.252341218356432 
0.252272149052304 
0.252203233029855 
0.252134467910798 
0.252065851364229 
0.251997381106317 
0.251929054899964 
0.251860870554411 
0.251792825924820 
0.251724918911817 
0.251657147461001 
0.251589509562424 
0.251522003250049 
0.251454626601167 
0.251387377735805 
0.251320254816108 
0.251253256045698 
0.251186379669018 
0.251119623970661 
0.251052987274682 
0.250986467943912 
0.250920064379238 
0.250853775018887 
0.250787598337716 
0.250721532846472 
0.250655577091071 
0.250589729651853 
0.250523989142859 
0.250458354211087 
0.250392823535765 
0.250327395827622 
0.250262069828156 
0.250196844308915 
0.250131718070783 
0.250066689943258 
0.250001758783766 
0.249936923476950 
0.249872182933992 
0.249807536091936 
0.249742981913002 
0.249678519383957 
0.249614147515441 
0.249549865341342 
0.249485671918160 
0.249421566324411 
0.249357547660001 
0.249293615045649 
0.249229767622307 
0.249166004550582 
0.249102325010196 
0.249038728199435 
0.248975213334616 
0.248911779649579 
0.248848426395166 
0.248785152838749 
0.248721958263730 
0.248658841969083 
0.248595803268894 
0.248532841491917 
0.248469955981142 
0.248407146093372 
0.248344411198814 
0.248281750680683 
0.248219163934816 
0.248156650369293 
0.248094209404077 
0.248031840470647 
0.247969543011675 
0.247907316480680 
0.247845160341699 
0.247783074068988 
0.247721057146711 
0.247659109068641 
0.247597229337883 
0.247535417466597 
0.247473672975728 
0.247411995394739 
0.247350384261382 
0.247288839121434 
0.247227359528473 
0.247165945043645 
0.247104595235455 
0.247043309679542 
0.246982087958487 
0.246920929661602 
0.246859834384748 
0.246798801730140 
0.246737831306179 
0.246676922727268 
0.246616075613656 
0.246555289591266 
0.246494564291542 
0.246433899351301 
0.246373294412585 
0.246312749122516 
0.246252263133172 
0.246191836101436 
0.246131467688885 
0.246071157561660 
