25.303664911067454 
25.303664910403924 
25.303664911367484 
25.303664911659702 
25.303664911808745 
25.303664911769324 
25.303664911674272 
25.303664911608987 
25.303664911548175 
25.303664911536721 
25.303664908766109 
25.303664906212678 
25.303664903834438 
25.303664901638015 
25.303664899597479 
25.303664897698063 
25.303664895957205 
25.303664894295295 
25.303664892740770 
25.303664891281397 
25.303664889935515 
25.303664888682484 
25.303664887472891 
25.303664886342055 
25.303664885259728 
25.303664884264887 
25.303664883296875 
25.303664882388219 
25.303664881534541 
25.303664880710535 
25.303664879912283 
25.303664879168810 
25.303664878436955 
25.303664877741543 
25.303664877081182 
25.303664876472496 
25.303664875854434 
25.303664875297869 
25.303664874757004 
25.303664874233291 
25.303664873725268 
25.303664886372786 
25.303664898566616 
25.303664910361686 
25.303664921732533 
25.303664932741050 
25.303664943363504 
25.303664953631248 
25.303664963545522 
25.303664973124782 
25.303664982377182 
25.303664991307663 
25.303664999972383 
25.303665008330952 
25.303665016363652 
25.303665024130634 
25.303665031641678 
25.303665038903727 
25.303665045901319 
25.303665052647752 
25.303665059141608 
25.303665065420773 
25.303665071458731 
25.303665077281881 
25.303665082906665 
25.303665088316198 
25.303665093514518 
25.303665098492161 
25.303665103280586 
25.303665107886161 
25.303665112295398 
25.303665116550810 
25.303665120608315 
25.303665124482766 
25.303665128194108 
25.303665131711099 
25.303665135056391 
25.303665138248547 
25.303665141261831 
25.303665144140833 
25.303665146834682 
25.303665149378602 
25.303665151824461 
25.303665154096365 
25.303665156199713 
25.303665158153933 
25.303665159968968 
25.303665161617758 
25.303665163128365 
25.303665164506150 
25.303665165725970 
25.303665166804429 
25.303665167735090 
25.303665168558403 
25.303665169218739 
25.303665169752527 
25.303665170147930 
25.303665170397498 
25.303665170522962 
25.303665170522073 
25.303665170412401 
25.303665170153756 
25.303665169749888 
25.303665169181265 
25.303665168531012 
25.303665167734003 
25.303665166803619 
25.303665165721597 
25.303665164512296 
25.303665163138827 
25.303665161583208 
25.303665159941644 
25.303665158164250 
25.303665156228369 
25.303665154164886 
25.303665151921471 
25.303665149549815 
25.303665147049998 
25.303665144385594 
25.303665141535532 
25.303665138568810 
25.303665135471824 
25.303665132210334 
25.303665128857574 
25.303665125227120 
25.303665121485402 
25.303665117579918 
25.303665113533981 
25.303665109351307 
25.303665104984944 
25.303665100461522 
25.303665095770558 
25.303665090857187 
25.303665085766003 
25.303665080547010 
25.303665075161351 
25.303665069585087 
25.303665063838835 
25.303665057933568 
25.303665051800216 
25.303665045437867 
25.303665038948957 
25.303665032275216 
25.303665025369398 
25.303665018196966 
25.303665010867107 
25.303665003386687 
25.303664995676218 
25.303664987771317 
25.303664979684275 
25.303664971326036 
25.303664971235719 
25.303664971117648 
25.303664971010157 
25.303664970883638 
25.303664970754514 
25.303664970638874 
25.303664970519439 
25.303664970382606 
25.303664970251582 
25.303664970089947 
25.303664969931773 
25.303664969805400 
25.303664969702655 
25.303664969631306 
25.303664969549075 
25.303664969429803 
25.303664969247453 
25.303664969126942 
25.303664968948802 
25.303664968806366 
25.303664968642572 
25.303664968544258 
25.303664968424684 
25.303664968270379 
25.303664968111711 
25.303664967955665 
25.303664967796628 
25.303664967624492 
25.303664967496811 
25.303664967465018 
25.303664967373670 
25.303664967210899 
25.303664967128547 
25.303664967064826 
25.303664966958380 
25.303664966845254 
25.303664966786002 
25.303664966660925 
25.303664966630759 
25.303664966610555 
25.303664966564639 
25.303664966538854 
25.303664966520909 
25.303664966488110 
25.303664966433956 
25.303664966478149 
25.303664966523900 
25.303664966653045 
25.303664966715168 
25.303664966755811 
25.303664966720824 
25.303664966791843 
25.303664966933169 
25.303664967208213 
25.303664967477808 
25.303664967681893 
25.303664967956930 
25.303664968263465 
25.303664968638415 
25.303664969019486 
25.303664969333354 
25.303664969724757 
25.303664970172377 
25.303664970710141 
25.303664971143839 
25.303664971788859 
25.303664972328221 
25.303664972812939 
25.303664973542048 
25.303664974373397 
25.303664975207091 
25.303664976097423 
25.303664977073662 
25.303664978204168 
25.303664979151414 
25.303664980161088 
25.303664981355311 
25.303664982698599 
25.303664984016180 
25.303664985481142 
25.303664986927565 
25.303664988634559 
25.303664990221520 
25.303664991828914 
25.303664993577776 
25.303664995429671 
25.303664997333115 
25.303664999418487 
25.303665001350282 
25.303665003599082 
25.303665005863763 
25.303665008041676 
25.303665010338868 
25.303665012847219 
25.303665015417245 
25.303665017898631 
25.303665020601770 
25.303665023144291 
25.303665026091799 
25.303665029060660 
25.303665032084318 
25.303665035298408 
25.303665038497890 
25.303665041676929 
25.303665045069721 
25.303665048470336 
25.303665051946716 
25.303665055359922 
25.303665058910546 
25.303665062585225 
25.303665066319098 
25.303665069920108 
25.303665073633667 
25.303665077354765 
25.303665081072793 
25.303665084919196 
25.303665088721772 
25.303665092515963 
25.303665096511054 
25.303665100573014 
25.303665104750038 
25.303665108774887 
25.303665112898557 
25.303665117083902 
25.303665121412912 
25.303665125623844 
25.303665129937897 
25.303665134161626 
25.303665138357729 
25.303665142358497 
25.303665146560938 
25.303665150735675 
25.303665154801628 
25.303665158918520 
25.303665162908644 
25.303665167179872 
25.303665171121260 
25.303665175136942 
25.303665179014800 
25.303665183151395 
25.303665187069292 
25.303665191025260 
25.303665194962981 
25.303665198727096 
25.303665202661520 
25.303665206192811 
25.303665209717529 
25.303665213272055 
25.303665216816057 
25.303665220460324 
25.303665223722454 
25.303665226780289 
25.303665230016598 
25.303665233331344 
25.303665236481010 
25.303665239382852 
25.303665242361618 
25.303665245138447 
25.303665247868267 
25.303665250391916 
25.303665252641437 
25.303665254764255 
25.303665257011225 
25.303665259150577 
25.303665261088817 
25.303665263113793 
25.303665265177614 
25.303665266942019 
25.303665268573042 
25.303665270171962 
25.303665271836266 
25.303665273112770 
25.303665274429804 
25.303665275748429 
25.303665276679524 
25.303665277403987 
25.303665278435346 
25.303665279084633 
25.303665279502326 
25.303665279856276 
25.303665279940830 
25.303665280353314 
25.303665280906962 
25.303665280892574 
25.303665280785637 
25.303665280487408 
25.303665280264028 
25.303665280047852 
25.303665279572918 
25.303665278856840 
25.303665278160388 
25.303665277397421 
25.303665276621167 
25.303665275589616 
25.303665274589214 
25.303665273389072 
25.303665272292506 
25.303665271354767 
25.303665269888597 
25.303665268246640 
25.303665266835637 
25.303665265122859 
25.303665263436521 
25.303665261474336 
25.303665259723360 
25.303665258031884 
25.303665255792019 
25.303665253759306 
25.303665251460423 
25.303665249195952 
25.303665246624576 
25.303665244211359 
25.303665241636409 
25.303665238793329 
25.303665236254332 
25.303665233364143 
25.303665230575078 
25.303665227592262 
25.303665224570608 
25.303665221473665 
25.303665217660523 
25.303665213883008 
25.303665210557554 
25.303665207003064 
25.303665203484414 
25.303665199923586 
25.303665196335899 
25.303665192761542 
25.303665189208061 
25.303665185045119 
25.303665181294704 
25.303665176973240 
25.303665172909774 
25.303665168800563 
25.303665164769924 
25.303665160285192 
25.303665155767732 
25.303665151410001 
25.303665146586397 
25.303665141856868 
25.303665137161104 
25.303665132572149 
25.303665128358006 
25.303665123273319 
25.303665118493484 
25.303665113600488 
25.303665108511424 
25.303665103329138 
25.303665098100339 
25.303665092518358 
25.303665087020079 
25.303665081462015 
25.303665076354434 
25.303665070585311 
25.303665064878189 
25.303665059207816 
25.303665053317971 
25.303665047433640 
25.303665041466203 
25.303665035662178 
25.303665029881302 
25.303665023869840 
25.303665018015550 
25.303665011626563 
25.303665005822523 
25.303664999544452 
25.303664993616763 
25.303664987274715 
25.303664980754661 
25.303664974666034 
25.303664968350617 
25.303664961856498 
25.303664955604518 
25.303664949398723 
25.303664943157088 
25.303664936978976 
25.303664930580680 
25.303664924089404 
25.303664917598866 
25.303664910939361 
25.303664904422646 
25.303664898156541 
25.303664892192316 
25.303664886031200 
25.303664879933194 
25.303664873353767 
25.303664867098277 
25.303664860819751 
25.303664854919049 
25.303664848683141 
25.303664842611099 
25.303664836319243 
25.303664830082710 
25.303664823906118 
25.303664818054742 
25.303664812011775 
25.303664806100784 
25.303664799964992 
25.303664794048004 
25.303664787713899 
25.303664781840823 
25.303664775936625 
25.303664770113883 
25.303664764350827 
25.303664758531205 
25.303664752564799 
25.303664746700761 
25.303664740859318 
25.303664734993205 
25.303664729295654 
25.303664723775391 
25.303664718218648 
25.303664713086576 
25.303664707352262 
25.303664701843736 
25.303664696492696 
25.303664690962862 
25.303664685867787 
25.303664680566015 
25.303664675373994 
25.303664669916031 
25.303664664872777 
25.303664659520010 
25.303664654349646 
25.303664649360393 
25.303664643708274 
25.303664638691089 
25.303664633657107 
25.303664628642316 
25.303664623916134 
25.303664619153949 
25.303664613909604 
25.303664608811260 
25.303664603830697 
25.303664598888012 
25.303664594148096 
25.303664589153982 
25.303664584107864 
25.303664579034091 
25.303664574362372 
25.303664569832335 
25.303664565044727 
25.303664560751699 
25.303664555841536 
25.303664551232551 
25.303664546615508 
25.303664541989207 
25.303664537418925 
25.303664532758489 
25.303664527955547 
25.303664523379958 
25.303664518707464 
25.303664514089213 
25.303664509473862 
25.303664505226934 
25.303664501028820 
25.303664496952337 
25.303664492521705 
25.303664488445122 
25.303664484099755 
25.303664480244137 
25.303664475870889 
25.303664471850865 
25.303664467480822 
25.303664463083877 
25.303664459125187 
25.303664455368654 
25.303664450946705 
25.303664447034393 
25.303664442934547 
25.303664438549688 
25.303664434550058 
25.303664430609246 
25.303664426411274 
25.303664422540677 
25.303664418467733 
25.303664414332573 
25.303664410578634 
25.303664406973567 
25.303664403039377 
25.303664399581315 
25.303664396086532 
25.303664392270036 
25.303664388724059 
25.303664384908799 
25.303664381480331 
25.303664377661747 
25.303664374050641 
25.303664370244192 
25.303664366879381 
25.303664362967396 
25.303664359204859 
25.303664355295965 
25.303664351708754 
25.303664348147507 
25.303664344244702 
25.303664340740212 
25.303664337202505 
25.303664333919201 
25.303664330611127 
25.303664326746528 
25.303664323865661 
25.303664320352496 
25.303664317189650 
25.303664313757523 
25.303664310355103 
25.303664307095772 
25.303664303847349 
25.303664300602065 
25.303664297617040 
25.303664294221171 
25.303664291062361 
25.303664287778545 
25.303664284351811 
25.303664281253084 
25.303664278232219 
25.303664274984200 
25.303664272030417 
25.303664268885868 
25.303664265923551 
25.303664262805789 
25.303664259755500 
25.303664256689544 
25.303664253874736 
25.303664251022688 
25.303664247882068 
25.303664244649575 
25.303664241939558 
25.303664239154472 
25.303664235892619 
25.303664232898441 
25.303664229823248 
25.303664226756837 
25.303664224006752 
25.303664221152538 
25.303664218339513 
25.303664215624643 
25.303664212966858 
25.303664210275322 
25.303664207274934 
25.303664204558757 
25.303664202063707 
25.303664198912223 
25.303664195987807 
25.303664193614487 
25.303664190980186 
25.303664188312560 
25.303664185490945 
25.303664182669245 
25.303664180217460 
25.303664177509667 
25.303664174777907 
25.303664172343581 
25.303664169533988 
25.303664166873368 
25.303664163918768 
25.303664161341302 
25.303664158715122 
25.303664156081403 
25.303664153554294 
25.303664150647911 
25.303664147742694 
25.303664145304410 
25.303664142635206 
25.303664140533066 
25.303664137889868 
25.303664135208123 
25.303664133073433 
25.303664130741829 
25.303664127980113 
25.303664125499687 
25.303664123047348 
25.303664120259889 
25.303664117819032 
25.303664115176645 
25.303664112293511 
25.303664109827800 
25.303664107361094 
25.303664105236201 
25.303664102603101 
25.303664100133304 
25.303664097731705 
25.303664095223041 
25.303664092752712 
25.303664090064373 
25.303664087493445 
25.303664084737242 
25.303664081940290 
25.303664079507065 
25.303664076885461 
25.303664074226624 
25.303664071571461 
25.303664069095490 
25.303664066306851 
25.303664063561705 
25.303664060992254 
25.303664058786531 
25.303664055915988 
25.303664053038183 
25.303664049694902 
25.303664046729935 
25.303664043919810 
25.303664041349762 
25.303664038418319 
25.303664035437222 
25.303664032540148 
25.303664030042412 
25.303664027752184 
25.303664024899760 
25.303664021954646 
25.303664019114564 
25.303664016401925 
25.303664013741546 
25.303664011006617 
25.303664008209040 
25.303664005542068 
25.303664002664462 
25.303664000074775 
25.303663997562040 
25.303663994992142 
25.303663992248765 
25.303663989492939 
25.303663986805454 
25.303663983682846 
25.303663980739735 
25.303663977892555 
25.303663975011197 
25.303663972206174 
25.303663969674922 
25.303663966881153 
25.303663963963047 
25.303663961088226 
25.303663958183783 
25.303663955031631 
25.303663952205618 
25.303663949214474 
25.303663946246601 
25.303663942914866 
25.303663939889894 
25.303663936976953 
25.303663934049730 
25.303663930695670 
25.303663927227802 
25.303663924232886 
25.303663921238446 
25.303663918511852 
25.303663915489615 
25.303663912578251 
25.303663909645373 
25.303663906645504 
25.303663903703502 
25.303663901045937 
25.303663897629129 
25.303663894846750 
25.303663891720646 
25.303663888328131 
25.303663884683978 
25.303663881538220 
25.303663878671806 
25.303663875389077 
25.303663872503378 
25.303663869335153 
25.303663866208971 
25.303663863109584 
25.303663859742983 
25.303663856770093 
25.303663853360092 
25.303663849877992 
25.303663846954954 
25.303663844251339 
25.303663841031742 
25.303663837987202 
25.303663834486862 
25.303663831176777 
25.303663827994725 
25.303663824744007 
25.303663821737580 
25.303663818647614 
25.303663815385150 
25.303663811950827 
25.303663808524966 
25.303663805567204 
25.303663802296924 
25.303663799435050 
25.303663796227781 
25.303663792675238 
25.303663789185109 
25.303663785685551 
25.303663782472384 
25.303663779073005 
25.303663775905243 
25.303663772870109 
25.303663769815728 
25.303663766424208 
25.303663763040149 
25.303663759912190 
25.303663756544829 
25.303663753647598 
25.303663750153959 
25.303663747073770 
25.303663743732777 
25.303663740526339 
25.303663737430888 
25.303663734342926 
25.303663731527884 
25.303663728487315 
25.303663725345949 
25.303663722191082 
25.303663718672162 
25.303663715338431 
25.303663711590723 
25.303663708628221 
25.303663705517074 
25.303663702443437 
25.303663699368578 
25.303663696187051 
25.303663692930712 
25.303663689723088 
25.303663686523400 
25.303663683153246 
25.303663679881574 
25.303663676690391 
25.303663673858495 
25.303663670925957 
25.303663667815101 
25.303663664808489 
25.303663661626324 
25.303663658534894 
25.303663655502028 
25.303663652420006 
25.303663649387801 
25.303663693426067 
25.303663736790355 
25.303663779360605 
25.303663822641163 
25.303663865434714 
25.303663907923735 
25.303663950297768 
25.303663992416453 
25.303664034516650 
25.303664075695458 
25.303664117041400 
25.303664158045464 
25.303664199055760 
25.303664239602078 
25.303664280277175 
25.303664320565254 
25.303664360081434 
25.303664399510488 
25.303664438629838 
25.303664477822764 
25.303664516681458 
25.303664555366858 
25.303664593790515 
25.303664631986358 
25.303664670158390 
25.303664707601008 
25.303664745291279 
25.303664782476325 
25.303664819377396 
25.303664856035361 
25.303664892436146 
25.303664928880366 
25.303664965270819 
25.303665001126298 
25.303665036959579 
25.303665072579832 
25.303665107960654 
25.303665143124839 
25.303665177636660 
25.303665212436975 
25.303665246352772 
25.303665279960995 
25.303665313705629 
25.303665347514816 
25.303665381422810 
25.303665414361589 
25.303665447260897 
25.303665479922493 
25.303665512149237 
25.303665544169576 
25.303665576094346 
25.303665607646849 
25.303665638848663 
25.303665670119763 
25.303665700914223 
25.303665731324180 
25.303665761457658 
25.303665791987797 
25.303665822049219 
25.303665852055964 
25.303665881588735 
25.303665911199204 
25.303665940633842 
25.303665969497537 
25.303665997827032 
25.303666026339364 
25.303666054468550 
25.303666082192485 
25.303666110258170 
25.303666137615501 
25.303666164946570 
25.303666191950519 
25.303666219017963 
25.303666245421034 
25.303666271429464 
25.303666297634734 
25.303666323378721 
25.303666348913715 
25.303666374083704 
25.303666399698784 
25.303666424467700 
25.303666449321064 
25.303666474079641 
25.303666498855769 
25.303666522755982 
25.303666546716755 
25.303666570354835 
25.303666593622253 
25.303666617361110 
25.303666640946702 
25.303666663843529 
25.303666686467366 
25.303666708751543 
25.303666730910010 
25.303666753480094 
25.303666775367446 
25.303666797366127 
25.303666818980133 
25.303666840232282 
25.303666861166022 
25.303666882204013 
25.303666903242878 
25.303666924072239 
25.303666944449013 
25.303666964774962 
25.303666984750173 
25.303667004775313 
25.303667024211457 
25.303667043766517 
25.303667062532277 
25.303667081671009 
25.303667100479856 
25.303667119283233 
25.303667138005586 
25.303667156589370 
25.303667174757599 
25.303667193026477 
25.303667210649792 
25.303667228463190 
25.303667246221465 
25.303667263354590 
25.303667280059010 
25.303667296861896 
25.303667313732198 
25.303667330155321 
25.303667346386099 
25.303667362794990 
25.303667378806836 
25.303667394695950 
25.303667410352453 
25.303667425566651 
25.303667440496781 
25.303667455216527 
25.303667470057157 
25.303667484573950 
25.303667498929720 
25.303667512755794 
25.303667526411083 
25.303667540170103 
25.303667553915737 
25.303667566685938 
25.303667579540786 
25.303667592142382 
25.303667604634867 
25.303667616289019 
25.303667628625028 
25.303667640546514 
25.303667651520833 
25.303667663158990 
25.303667674007585 
25.303667684473616 
25.303667695339918 
25.303667706021479 
25.303667716166402 
25.303667725951513 
25.303667735563380 
25.303667744784811 
25.303667753670560 
25.303667761929965 
25.303667770194849 
25.303667777674562 
25.303667785460505 
25.303667792943166 
25.303667800042753 
25.303667806884135 
25.303667813627186 
25.303667820300745 
25.303667826356175 
25.303667832447033 
25.303667837860651 
25.303667843120316 
25.303667848077808 
25.303667853135764 
25.303667857525724 
25.303667861325678 
25.303667865159895 
25.303667868765920 
25.303667871980572 
25.303667875106811 
25.303667877601526 
25.303667880222022 
25.303667882826119 
25.303667884736100 
25.303667887162220 
25.303667888771358 
25.303667889939348 
25.303667891589257 
25.303667892397023 
25.303667893047219 
25.303667893742954 
25.303667894109068 
25.303667894081769 
25.303667893951854 
25.303667894149058 
25.303667893941778 
25.303667893439723 
25.303667893218865 
25.303667892700233 
25.303667891745803 
25.303667891058780 
25.303667890344670 
25.303667889413433 
25.303667888363123 
25.303667887450409 
25.303667886635580 
25.303667885678163 
25.303667884655528 
25.303667884104030 
25.303667883156976 
25.303667882339600 
25.303667882252366 
25.303667881852707 
25.303667881390123 
25.303667881405545 
25.303667881329076 
25.303667881895812 
25.303667881985675 
25.303667881989565 
25.303667882518479 
25.303667883524177 
25.303667884678376 
25.303667886127041 
25.303667887246931 
25.303667889333372 
25.303667891094769 
25.303667893535778 
25.303667896327589 
25.303667899239443 
25.303667902273627 
25.303667905588476 
25.303667908932422 
25.303667912631283 
25.303667916931580 
25.303667921373915 
25.303667926350197 
25.303667931076344 
25.303667936644224 
25.303667942246136 
25.303667948414926 
25.303667954887381 
25.303667961622715 
25.303667968572672 
25.303667976159595 
25.303667983841446 
25.303667991817797 
25.303667999969640 
25.303668008569463 
25.303668017339692 
25.303668026594455 
25.303668036074786 
25.303668045965289 
25.303668056237115 
25.303668066873026 
25.303668077686275 
25.303668089417773 
25.303668100888551 
25.303668112721706 
25.303668124782387 
25.303668136738732 
25.303668149388244 
25.303668162500820 
25.303668175170795 
25.303668188345380 
25.303668201846108 
25.303668215526056 
25.303668228934431 
25.303668242576606 
25.303668256797010 
25.303668270500395 
25.303668284380773 
25.303668298351553 
25.303668312575009 
25.303668326651593 
25.303668340849548 
25.303668354911068 
25.303668369685671 
25.303668383584263 
25.303668397462779 
25.303668411244132 
25.303668424941275 
25.303668438520845 
25.303668452070152 
25.303668465318815 
25.303668478491154 
25.303668491574470 
25.303668504363838 
25.303668517228957 
25.303668529438269 
25.303668541557506 
25.303668553809715 
25.303668565654128 
25.303668577702826 
25.303668588778052 
25.303668599903009 
25.303668610863291 
25.303668621308219 
25.303668631746635 
25.303668642012166 
25.303668651549547 
25.303668661338946 
25.303668670401031 
25.303668679493541 
25.303668688648024 
25.303668697060886 
25.303668705709967 
25.303668713663956 
25.303668721614120 
25.303668729456927 
25.303668737205491 
25.303668744275893 
25.303668751350390 
25.303668758012194 
25.303668764479532 
25.303668771008073 
25.303668776772639 
25.303668782174068 
25.303668787914809 
25.303668792824439 
25.303668798693803 
25.303668804051313 
25.303668808494265 
25.303668813040254 
25.303668817581553 
25.303668821600009 
25.303668825464669 
25.303668829086988 
25.303668832517328 
25.303668835957531 
25.303668839246541 
25.303668842714650 
25.303668846093672 
25.303668849069997 
25.303668851898852 
25.303668854429009 
25.303668856747873 
25.303668858830381 
25.303668860671003 
25.303668862731399 
25.303668864570859 
25.303668865874904 
25.303668867518297 
25.303668868671458 
25.303668870103831 
25.303668870711181 
25.303668871008504 
25.303668871805826 
25.303668872159047 
25.303668871798791 
25.303668871253468 
25.303668870580442 
25.303668870221852 
25.303668869443083 
25.303668868270492 
25.303668867339233 
25.303668866151163 
25.303668864675465 
25.303668863308111 
25.303668861382071 
25.303668859480059 
25.303668856722155 
25.303668854165732 
25.303668851507339 
25.303668848622525 
25.303668845409383 
25.303668842231126 
25.303668838654183 
25.303668835206082 
25.303668831200469 
25.303668827225273 
25.303668823080905 
25.303668818825074 
25.303668814183503 
25.303668809303289 
25.303668804478306 
25.303668799500585 
25.303668794399357 
25.303668789552383 
25.303668784304534 
25.303668778649509 
25.303668773240737 
25.303668767277884 
25.303668761463250 
25.303668755345790 
25.303668749246434 
25.303668742795978 
25.303668735970760 
25.303668729527345 
25.303668722805845 
25.303668716143775 
25.303668709318394 
25.303668702280504 
25.303668695410757 
25.303668688815442 
25.303668681299868 
25.303668674320875 
25.303668667420375 
25.303668660132750 
25.303668653155540 
25.303668645988949 
25.303668638650166 
25.303668631042029 
25.303668623693142 
25.303668616198372 
25.303668608538459 
25.303668600900515 
25.303668593308842 
25.303668585293522 
25.303668577981895 
25.303668570537880 
25.303668562977393 
25.303668555419854 
25.303668547642751 
25.303668539674483 
25.303668531867530 
25.303668524153515 
25.303668516653858 
25.303668508893033 
25.303668501065438 
25.303668492816939 
25.303668484824776 
25.303668476507639 
25.303668468354523 
25.303668460164488 
25.303668452405475 
25.303668443924565 
25.303668435382974 
25.303668427610361 
25.303668419669847 
25.303668411799570 
25.303668403643442 
25.303668395165069 
25.303668387573239 
25.303668378964574 
25.303668370924910 
25.303668362304109 
25.303668354182584 
25.303668345890998 
25.303668337652489 
25.303668329344433 
25.303668321362458 
25.303668312955033 
25.303668304639046 
25.303668296294745 
25.303668288424589 
25.303668280202942 
25.303668272340694 
25.303668264316883 
25.303668256647263 
25.303668248309947 
25.303668239990856 
25.303668231553416 
25.303668223634084 
25.303668215639235 
25.303668207699893 
25.303668199753318 
25.303668191550244 
25.303668183759441 
25.303668175755860 
25.303668167580923 
25.303668159756711 
25.303668151898997 
25.303668144121247 
25.303668136261628 
25.303668128087736 
25.303668120363781 
25.303668112730413 
25.303668104620101 
25.303668096869345 
25.303668089095432 
25.303668080839159 
25.303668073098819 
25.303668065346102 
25.303668057731699 
25.303668050354588 
25.303668042798463 
25.303668035320605 
25.303668027743527 
25.303668020299412 
25.303668012736324 
25.303668005011595 
25.303667997646933 
25.303667990378955 
25.303667983184660 
25.303667975445201 
25.303667967925428 
25.303667960816163 
25.303667953374941 
25.303667945767586 
25.303667938488850 
25.303667931088313 
25.303667923724973 
25.303667916837320 
25.303667909349628 
25.303667902038349 
25.303667894936410 
25.303667887635854 
25.303667880078535 
25.303667873091776 
25.303667866265933 
25.303667859289050 
25.303667852166889 
25.303667845338026 
25.303667838281577 
25.303667831153376 
25.303667824451438 
25.303667817947975 
25.303667810970509 
25.303667804392553 
25.303667797500992 
25.303667790528927 
25.303667783845704 
25.303667777174290 
25.303667770122942 
25.303667763535103 
25.303667756980538 
25.303667749884475 
25.303667743150541 
25.303667736797983 
25.303667730439159 
25.303667724091802 
25.303667717926089 
25.303667711113746 
25.303667704521338 
25.303667698247580 
25.303667692223172 
25.303667686005809 
25.303667679578389 
25.303667673571233 
25.303667667092562 
25.303667660843004 
25.303667655112598 
25.303667648720982 
25.303667642629065 
25.303667636543821 
25.303667630671981 
25.303667624627082 
25.303667618806706 
25.303667613103464 
25.303667607035507 
25.303667601184259 
25.303667594838124 
25.303667589288949 
25.303667583711359 
25.303667577656157 
25.303667571969051 
25.303667566210365 
25.303667560523422 
25.303667554478977 
25.303667548897167 
25.303667542945917 
25.303667537261830 
25.303667531343756 
25.303667525787887 
25.303667520361671 
25.303667514440733 
25.303667508648346 
25.303667502900041 
25.303667497175240 
25.303667491338842 
25.303667485646066 
25.303667479655836 
25.303667473770631 
25.303667467873510 
25.303667462217462 
25.303667456133240 
25.303667450511099 
25.303667444823489 
25.303667439005288 
25.303667433236484 
25.303667427608069 
25.303667421370548 
25.303667415363989 
25.303667409875509 
25.303667404095961 
25.303667398191223 
25.303667392281262 
25.303667386512480 
25.303667380564264 
25.303667374073939 
25.303667368305412 
25.303667362343070 
25.303667356349592 
25.303667350594196 
25.303667344818805 
25.303667338818826 
25.303667332830848 
25.303667326788393 
25.303667320638439 
25.303667314572017 
25.303667308287672 
25.303667302407199 
25.303667296349417 
25.303667290326061 
25.303667284043058 
25.303667277803925 
25.303667271606940 
25.303667265224490 
25.303667258910416 
25.303667252437236 
25.303667246008388 
25.303667239920458 
25.303667233301184 
25.303667226756602 
25.303667220137172 
25.303667213409476 
25.303667206281972 
25.303667199344233 
25.303667192923285 
25.303667186193479 
25.303667179096408 
25.303667172175047 
25.303667165794458 
25.303667158778744 
25.303667151806280 
25.303667144442940 
25.303667137263545 
25.303667130015910 
25.303667123003720 
25.303667115798135 
25.303667108654821 
25.303667101665972 
25.303667094694902 
25.303667087776233 
25.303667079763528 
25.303667071994099 
25.303667064786410 
25.303667057496710 
25.303667050113091 
25.303667042727177 
25.303667035376371 
25.303667027917371 
25.303667020765644 
25.303667012671859 
25.303667005060660 
25.303666997536965 
25.303666989833971 
25.303666982370238 
25.303666974592645 
25.303666966449640 
25.303666958322026 
25.303666949965823 
25.303666942450469 
25.303666934673849 
25.303666926637668 
25.303666918221836 
25.303666910271417 
25.303666901902176 
25.303666893741877 
25.303666885897947 
25.303666877473617 
25.303666869156217 
25.303666860614584 
25.303666852163886 
25.303666843375240 
25.303666835098277 
25.303666826827268 
25.303666817671512 
25.303666808665312 
25.303666799682333 
25.303666790758697 
25.303666781816226 
25.303666772656001 
25.303666763748311 
25.303666754657527 
25.303666745538003 
25.303666736310618 
25.303666726902563 
25.303666717528046 
25.303666708265688 
25.303666699297885 
25.303666690095959 
25.303666680470691 
25.303666671063354 
25.303666661818838 
25.303666652187154 
25.303666642684043 
25.303666632772149 
25.303666622950061 
25.303666613236366 
25.303666603308656 
25.303666593438116 
25.303666583486482 
25.303666573572542 
25.303666563547687 
25.303666553312695 
25.303666543378561 
25.303666533190437 
25.303666522940567 
25.303666513163179 
25.303666503287467 
25.303666493061051 
25.303666482791670 
25.303666472320941 
25.303666461383600 
25.303666451367839 
25.303666440701072 
25.303666429989661 
25.303666419135354 
25.303666408869354 
25.303666398222980 
25.303666387502680 
25.303666376322532 
25.303666365436754 
25.303666354635155 
25.303666343906720 
25.303666332770817 
25.303666321728208 
25.303666310462312 
25.303666299468915 
25.303666288745312 
25.303666277928336 
25.303666267080942 
25.303666255530509 
25.303666244221603 
25.303666232432086 
25.303666220841173 
25.303666209463124 
25.303666197888163 
25.303666186222934 
25.303666174126164 
25.303666162411155 
25.303666150364137 
25.303666138240608 
25.303666126261461 
25.303666113816199 
25.303666101792203 
25.303666088876483 
25.303666076282802 
25.303666064005391 
25.303666050840874 
25.303666038380641 
25.303666025539400 
25.303666012526847 
25.303665999672873 
25.303665986868928 
25.303665974418884 
25.303665961316042 
25.303665948149025 
25.303665935186025 
25.303665921983544 
25.303665908535436 
25.303665894992143 
25.303665881278008 
25.303665867543700 
25.303665853644830 
25.303665839744745 
25.303665825469459 
25.303665811779240 
25.303665797883241 
25.303665783629896 
25.303665769609410 
25.303665755177185 
25.303665740680223 
25.303665726086500 
25.303665711582404 
25.303665696543220 
25.303665681831845 
25.303665667023182 
25.303665651986982 
25.303665636989038 
25.303665621931756 
25.303665606620640 
25.303665591191233 
25.303665575638441 
25.303665559845335 
25.303665543750860 
25.303665527919755 
25.303665511914133 
25.303665496433020 
25.303665480114702 
25.303665463681085 
25.303665447227758 
25.303665430867262 
25.303665414085188 
25.303665397601833 
25.303665380969498 
25.303665364069424 
25.303665346878262 
25.303665329817832 
25.303665312732576 
25.303665295782949 
25.303665278287546 
25.303665260875846 
25.303665242768815 
25.303665224839143 
25.303665207068363 
25.303665188858389 
25.303665170296732 
25.303665151941395 
25.303665133060676 
25.303665114315585 
25.303665095420300 
25.303665076775964 
25.303665057843290 
25.303665038181919 
25.303665019069427 
25.303664999307088 
25.303664979850325 
25.303664960192037 
25.303664940185413 
25.303664920144570 
25.303664899888702 
25.303664879818882 
25.303664859928801 
25.303664839465583 
25.303664818898341 
25.303664798308390 
25.303664777485849 
25.303664756528207 
25.303664735704118 
25.303664714567446 
25.303664693603537 
25.303664672459206 
25.303664650423272 
25.303664628961926 
25.303664607120155 
25.303664585293447 
25.303664563287811 
25.303664541354692 
25.303664518895701 
25.303664496674628 
25.303664474010532 
25.303664451612860 
25.303664428890229 
25.303664406183159 
25.303664383237177 
25.303664359901774 
25.303664336731487 
25.303664313914609 
25.303664290441944 
25.303664266870044 
25.303664243299167 
25.303664219849438 
25.303664196288736 
25.303664172962172 
25.303664149129531 
25.303664125250961 
25.303664101423081 
25.303664077523578 
25.303664053253058 
25.303664029501107 
25.303664005182242 
25.303663980619277 
25.303663956185943 
25.303663931802731 
25.303663907165117 
25.303663882916908 
25.303663858891099 
25.303663834413300 
25.303663810376761 
25.303663785822067 
25.303663760932167 
25.303663736354551 
25.303663711642287 
25.303663686899540 
25.303663662502331 
25.303663638324693 
25.303663613952338 
25.303663589196901 
25.303663564871371 
25.303663540681498 
25.303663516239325 
25.303663491804443 
25.303663466698680 
25.303663442442257 
25.303663417842486 
25.303663393786280 
25.303663369025514 
25.303663344815206 
25.303663320252284 
25.303663296341938 
25.303663272144178 
25.303663247956706 
25.303663224325419 
25.303663200701138 
25.303663177004452 
25.303663153064690 
25.303663129634714 
25.303663105965626 
25.303663082398188 
25.303663059204510 
25.303663035867032 
25.303663012832644 
25.303662989799705 
25.303662966337313 
25.303662943534292 
25.303662920760502 
25.303662898400347 
25.303662876243280 
25.303662854030492 
25.303662832238075 
25.303662810834552 
25.303662789358981 
25.303662767617951 
25.303662746127301 
25.303662724784715 
25.303662703351009 
25.303662681938775 
25.303662661049785 
25.303662640280251 
25.303662619817089 
25.303662599450433 
25.303662579463605 
25.303662559559214 
25.303662539700696 
25.303662519958138 
25.303662500621243 
25.303662481034308 
25.303662462138377 
25.303662443337757 
25.303662424476627 
25.303662405945914 
25.303662387518244 
25.303662369166830 
25.303662351107121 
25.303662333284123 
25.303662315181015 
25.303662297408110 
25.303662279785556 
25.303662262437044 
25.303662245246713 
25.303662228235027 
25.303662211658718 
25.303662194591794 
25.303662177967553 
25.303662161758652 
25.303662145459029 
25.303662129280397 
25.303662113488457 
25.303662097656471 
25.303662082162489 
25.303662066598577 
25.303662051450132 
25.303662036022203 
25.303662021464092 
25.303662006866460 
25.303661991770980 
25.303661977819829 
25.303661963676745 
25.303661949940846 
25.303661936127241 
25.303661922792074 
25.303661908668616 
25.303661895123440 
25.303661881822364 
25.303661868961669 
25.303661855963270 
25.303661842965127 
25.303661830295184 
25.303661817973534 
25.303661805206758 
25.303661793138943 
25.303661781577091 
25.303661769989560 
25.303661758182585 
25.303661746211446 
25.303661735406379 
25.303661723822245 
25.303661712160846 
25.303661701269050 
25.303661690773239 
25.303661679900770 
25.303661669184635 
25.303661658855304 
25.303661648025980 
25.303661638011178 
25.303661628149499 
25.303661618654075 
25.303661608738864 
25.303661599353219 
25.303661589347783 
25.303661580003407 
25.303661570779241 
25.303661561497194 
25.303661552116822 
25.303661543561148 
25.303661534730239 
25.303661525581987 
25.303661516684755 
25.303661508159180 
25.303661499632796 
25.303661491268059 
25.303661483017038 
25.303661475417826 
25.303661467304110 
25.303661459591439 
25.303661452173458 
25.303661444632809 
25.303661437436574 
25.303661429977822 
25.303661422173491 
25.303661415247049 
25.303661408224201 
25.303661401311928 
25.303661394680731 
25.303661387508043 
25.303661381289388 
25.303661374816244 
25.303661368182901 
25.303661361926089 
25.303661355480415 
25.303661349243811 
25.303661342930042 
25.303661336935619 
25.303661330645156 
25.303661325115144 
25.303661319360515 
25.303661313948425 
25.303661308248806 
25.303661302836986 
25.303661297452678 
25.303661292477159 
25.303661287406271 
25.303661281986948 
25.303661277454879 
25.303661272402451 
25.303661267108453 
25.303661262524358 
25.303661257711198 
25.303661253098895 
25.303661248485625 
25.303661244585385 
25.303661240135895 
25.303661235571312 
25.303661231102197 
25.303661227520678 
25.303661223643203 
25.303661219855385 
25.303661216201803 
25.303661212380092 
25.303661208405003 
25.303661205002101 
25.303661201730421 
25.303661198374868 
25.303661194924160 
25.303661191942510 
25.303661189156344 
25.303661185614786 
25.303661183268673 
25.303661180503823 
25.303661177448959 
25.303661174881640 
25.303661172395181 
25.303661169915571 
25.303661167282101 
25.303661165211210 
25.303661163157855 
25.303661160766609 
25.303661158601329 
25.303661156822216 
25.303661154836192 
25.303661153023185 
25.303661151291337 
25.303661149942002 
25.303661148124476 
25.303661146476983 
25.303661144787384 
25.303661143299209 
25.303661142230595 
25.303661140840120 
25.303661139688870 
25.303661138752972 
25.303661137478002 
25.303661136655677 
25.303661135807275 
25.303661134973936 
25.303661134174860 
25.303661133258743 
25.303661132615247 
25.303661131820775 
25.303661130755557 
25.303661130025120 
25.303661129487537 
25.303661129286724 
25.303661128744025 
25.303661128573125 
25.303661128685107 
25.303661128554594 
25.303661128840218 
25.303661128718232 
25.303661128674293 
25.303661128716897 
25.303661128455119 
25.303661128426910 
25.303661128304270 
25.303661128410369 
25.303661128527708 
25.303661129321881 
25.303661129654898 
25.303661130126144 
25.303661130571271 
25.303661130991671 
25.303661131688116 
25.303661132318823 
25.303661133547180 
25.303661134185177 
25.303661134829852 
25.303661135714506 
25.303661136358301 
25.303661137429131 
25.303661138760447 
25.303661139982523 
25.303661140387774 
25.303661141367201 
25.303661142440660 
25.303661143317726 
25.303661144539561 
25.303661146145231 
25.303661147022154 
25.303661147938911 
25.303661149579227 
25.303661150423707 
25.303661151413579 
25.303661152057970 
25.303661153283386 
25.303661154908880 
25.303661156447077 
25.303661157419185 
25.303661158869772 
25.303661160404346 
25.303661161775949 
25.303661163168073 
25.303661164319280 
25.303661165496337 
25.303661166962044 
25.303661168570230 
25.303661170088461 
25.303661171484521 
25.303661172765857 
25.303661173855417 
25.303661174766276 
25.303661175734177 
25.303661176852728 
25.303661177672055 
25.303661178677586 
25.303661179734689 
25.303661180542960 
25.303661180999867 
25.303661181944278 
25.303661182432961 
25.303661182557192 
25.303661183657866 
25.303661184117971 
25.303661184358219 
25.303661184543756 
25.303661184804653 
25.303661184912301 
25.303661184648320 
25.303661184403651 
25.303661183815180 
25.303661183283850 
25.303661182841594 
25.303661182499482 
25.303661181619120 
25.303661180436123 
25.303661179418015 
25.303661178435249 
25.303661177406582 
25.303661175757696 
25.303661174701460 
25.303661173060320 
25.303661171557934 
25.303661169500188 
25.303661167718914 
25.303661165645721 
25.303661163559894 
25.303661161122704 
25.303661158620628 
25.303661155798352 
25.303661152398462 
25.303661149422581 
25.303661146218474 
25.303661142964046 
25.303661139372167 
25.303661135959857 
25.303661132276602 
25.303661128048063 
25.303661124337907 
25.303661120248719 
25.303661115341754 
25.303661111187225 
25.303661106278767 
25.303661101397395 
25.303661096283776 
25.303661091241764 
25.303661085965103 
25.303661080496155 
25.303661075101957 
25.303661069375408 
25.303661063678206 
25.303661057682575 
25.303661052030961 
25.303661046105901 
25.303661039722570 
25.303661033164275 
25.303661026184770 
25.303661019019899 
25.303661011824317 
25.303661004603356 
25.303660996909244 
25.303660989333423 
25.303660981676060 
25.303660973677808 
25.303660965702548 
25.303660957355703 
25.303660948229208 
25.303660939609586 
25.303660930657699 
25.303660921569730 
25.303660912367903 
25.303660902937338 
25.303660893317058 
25.303660883262012 
25.303660873088631 
25.303660863156964 
25.303660853061885 
25.303660842646707 
25.303660831990030 
25.303660820840179 
25.303660810104702 
25.303660798703461 
25.303660787262103 
25.303660775722776 
25.303660764726743 
25.303660753259564 
25.303660741658277 
25.303660729863523 
25.303660717722025 
25.303660705916272 
25.303660693562989 
25.303660681624748 
25.303660669556962 
25.303660656933928 
25.303660644664006 
25.303660631845460 
25.303660619158833 
25.303660606276097 
25.303660593488729 
25.303660580672812 
25.303660568001149 
25.303660555193375 
25.303660542207339 
25.303660529496256 
25.303660516795006 
25.303660503926110 
25.303660490823674 
25.303660478247906 
25.303660465399759 
25.303660452970149 
25.303660440494923 
25.303660427716963 
25.303660415505490 
25.303660402802990 
25.303660389869648 
25.303660377022624 
25.303660364174490 
25.303660351294326 
25.303660338349445 
25.303660326063252 
25.303660313759337 
25.303660301775139 
25.303660289249976 
25.303660276911870 
25.303660264331285 
25.303660252422745 
25.303660240381419 
25.303660228604485 
25.303660217046342 
25.303660205071594 
25.303660193413208 
25.303660181714505 
25.303660170136411 
25.303660158928679 
25.303660147735613 
25.303660136303179 
25.303660124849472 
25.303660113529759 
25.303660101869369 
25.303660090631908 
25.303660079558327 
25.303660068854853 
25.303660057950893 
25.303660047307815 
25.303660036726143 
25.303660026170618 
25.303660016176636 
25.303660006150025 
25.303659996418489 
25.303659986461696 
25.303659976146164 
25.303659966657889 
25.303659956956238 
25.303659947411887 
25.303659937707280 
25.303659928414106 
25.303659918971690 
25.303659909711925 
25.303659900296338 
25.303659891271792 
25.303659882368066 
25.303659873425730 
25.303659864664667 
25.303659855770107 
25.303659847203846 
25.303659838504757 
25.303659829833364 
25.303659821305985 
25.303659813106876 
25.303659804960930 
25.303659796889093 
25.303659788961667 
25.303659781078821 
25.303659773590468 
25.303659766135269 
25.303659758238126 
25.303659750904515 
25.303659743591936 
25.303659736788077 
25.303659729446437 
25.303659722015084 
25.303659715299119 
25.303659708745855 
25.303659701830853 
25.303659695242246 
25.303659688566455 
25.303659681729698 
25.303659675366148 
25.303659668944192 
25.303659662134663 
25.303659655493192 
25.303659649184709 
25.303659643180495 
25.303659637316386 
25.303659631287374 
25.303659625803888 
25.303659619707901 
25.303659613995265 
25.303659608049998 
25.303659602741362 
25.303659597285545 
25.303659591584449 
25.303659585826239 
25.303659580141044 
25.303659575330300 
25.303659570397542 
25.303659565086789 
25.303659560220069 
25.303659555206792 
25.303659550244191 
25.303659545625905 
25.303659540776465 
25.303659536603291 
25.303659532380010 
25.303659527985090 
25.303659523970737 
25.303659519858485 
25.303659515491248 
25.303659511550720 
25.303659507557001 
25.303659503374547 
25.303659499551074 
25.303659495642009 
25.303659491698241 
25.303659487408851 
25.303659483730712 
25.303659480510774 
25.303659476760444 
25.303659473019735 
25.303659469389345 
25.303659465902513 
25.303659462572568 
25.303659459611680 
25.303659456610106 
25.303659453617030 
25.303659450204776 
25.303659447118577 
25.303659444322676 
25.303659441542834 
25.303659439063381 
25.303659436694517 
25.303659434006619 
25.303659431268642 
25.303659428937721 
25.303659426771063 
25.303659424392066 
25.303659422544754 
25.303659420610430 
25.303659418521974 
25.303659416582477 
25.303659414685470 
25.303659412995444 
25.303659411154314 
25.303659410077984 
25.303659408464469 
25.303659406644968 
25.303659405451015 
25.303659404739932 
25.303659403318534 
25.303659402513972 
25.303659401352050 
25.303659400431826 
25.303659399538688 
25.303659398448829 
25.303659397571806 
25.303659396785847 
25.303659396084043 
25.303659395519347 
25.303659395206154 
25.303659395038238 
25.303659394205496 
25.303659394404264 
25.303659394456503 
25.303659394327525 
25.303659394243795 
25.303659394586560 
25.303659394856410 
25.303659394428749 
25.303659395029598 
25.303659395419970 
25.303659395854083 
25.303659396849838 
25.303659397869126 
25.303659398450392 
25.303659398901488 
25.303659399821285 
25.303659400595947 
25.303659401452663 
25.303659402116679 
25.303659403202644 
25.303659404686954 
25.303659405402740 
25.303659406750199 
25.303659408218223 
25.303659410464178 
25.303659411821329 
25.303659413467230 
25.303659415265187 
25.303659417590836 
25.303659419523655 
25.303659421124195 
25.303659423422346 
25.303659425115782 
25.303659427147750 
25.303659429514695 
25.303659431625377 
25.303659434288846 
25.303659436594202 
25.303659439424905 
25.303659442069474 
25.303659444800104 
25.303659447845035 
25.303659450424661 
25.303659453487029 
25.303659456377474 
25.303659459325573 
25.303659462674716 
25.303659465695475 
25.303659468782968 
25.303659472247020 
25.303659475684952 
25.303659479445614 
25.303659482768623 
25.303659486436544 
25.303659489902500 
25.303659493415651 
25.303659497515739 
25.303659500886113 
25.303659504626580 
25.303659508481175 
25.303659512863902 
25.303659516948045 
25.303659520904461 
25.303659524939036 
25.303659529251433 
25.303659533299268 
25.303659537400563 
25.303659541822455 
25.303659546054277 
25.303659550489158 
25.303659554841900 
25.303659559258747 
25.303659563979252 
25.303659568722850 
25.303659573714455 
25.303659578836346 
25.303659583547898 
25.303659588411364 
25.303659593253258 
25.303659598386233 
25.303659603213859 
25.303659608395634 
25.303659613505459 
25.303659618328680 
25.303659623457506 
25.303659628610660 
25.303659633636997 
25.303659638927527 
25.303659644186922 
25.303659649722206 
25.303659655055711 
25.303659660566993 
25.303659665794200 
25.303659671162123 
25.303659676503742 
25.303659681858264 
25.303659687276152 
25.303659692924256 
25.303659698430479 
25.303659704212450 
25.303659709763039 
25.303659715659279 
25.303659721482703 
25.303659727518635 
25.303659733309615 
25.303659739406129 
25.303659745489981 
25.303659751816241 
25.303659757946718 
25.303659764075547 
25.303659770194031 
25.303659776184375 
25.303659782345647 
25.303659788618546 
25.303659794441387 
25.303659800528550 
25.303659806709035 
25.303659813381628 
25.303659819842352 
25.303659826285397 
25.303659832130819 
25.303659838290415 
25.303659844323562 
25.303659851132153 
25.303659857554265 
25.303659864067782 
25.303659870378326 
25.303659876714292 
25.303659883502945 
25.303659890404901 
25.303659897013233 
25.303659903451120 
25.303659910110383 
25.303659916834633 
25.303659923399380 
25.303659929983226 
25.303659937081349 
25.303659944125400 
25.303659950493994 
25.303659957386969 
25.303659963973715 
25.303659970780814 
25.303659977741802 
25.303659984284522 
25.303659991168274 
25.303659998753105 
25.303660005874860 
25.303660012734909 
25.303660019762191 
25.303660026616640 
25.303660034120185 
25.303660041149968 
25.303660048233610 
25.303660055435017 
25.303660063158375 
25.303660070209446 
25.303660077632088 
25.303660084482289 
25.303660091359205 
25.303660098593525 
25.303660105476112 
25.303660112173702 
25.303660119478565 
25.303660126864159 
25.303660134506288 
25.303660141938266 
25.303660149118357 
25.303660156417791 
25.303660163517719 
25.303660170873002 
25.303660178433518 
25.303660185698547 
25.303660193252639 
25.303660200375020 
25.303660208244764 
25.303660215660670 
25.303660223724378 
25.303660231247477 
25.303660238465127 
25.303660245610402 
25.303660252797101 
25.303660260394494 
25.303660267987581 
25.303660275424875 
25.303660282863561 
25.303660291057994 
25.303660298886740 
25.303660306983858 
25.303660315012266 
25.303660322634087 
25.303660330266979 
25.303660338290783 
25.303660346201525 
25.303660353725505 
25.303660361432506 
25.303660368808210 
25.303660376934616 
25.303660384815686 
25.303660392813839 
25.303660400545255 
25.303660408044649 
25.303660415626027 
25.303660423273186 
25.303660431387243 
25.303660439246514 
25.303660447361935 
25.303660455040131 
25.303660463342780 
25.303660471166197 
