1.000000000000000 
0.050785937880485 
0.050705491248708 
0.050697923660324 
0.050695113549500 
0.050693666378492 
0.050692783465178 
0.050692183644938 
0.050691744411671 
0.050691404491414 
0.050691130018679 
0.050690900784045 
0.050690703972878 
0.050690531053366 
0.050690376115236 
0.050690234928260 
0.050690104380962 
0.050689982131226 
0.050689866380615 
0.050689755723897 
0.050689649045926 
0.050689545449271 
0.050689444202366 
0.050689344701676 
0.050689246443645 
0.050689149003586 
0.050689052019603 
0.050688955180198 
0.050688858214605 
0.050688760885195 
0.050688662981446 
0.050688564315110 
0.050688464716322 
0.050688364030429 
0.050688262115406 
0.050688158839720 
0.050688054080561 
0.050687947722369 
0.050687839655596 
0.050687729775666 
0.050687617982086 
0.050687504177697 
0.050687388268023 
0.050687270160714 
0.050687149765063 
0.050687026991588 
0.050686901751656 
0.050686773957163 
0.050686643520244 
0.050686510353013 
0.050686374367336 
0.050686235474621 
0.050686093585628 
0.050685948610295 
0.050685800457583 
0.050685649035323 
0.050685494250084 
0.050685336007039 
0.050685174209847 
0.050685008760537 
0.050684839559396 
0.050684666504866 
0.050684489493439 
0.050684308419560 
0.050684123175528 
0.050683933651404 
0.050683739734914 
0.050683541311361 
0.050683338263530 
0.050683130471598 
0.050682917813046 
0.050682700162564 
0.050682477391963 
0.050682249370083 
0.050682015962700 
0.050681777032432 
0.050681532438651 
0.050681282037379 
0.050681025681199 
0.050680763219155 
0.050680494496651 
0.050680219355352 
0.050679937633081 
0.050679649163717 
0.050679353777084 
0.050679051298846 
0.050678741550396 
0.050678424348743 
0.050678099506397 
0.050677766831250 
0.050677426126462 
0.050677077190332 
0.050676719816174 
0.050676353792193 
0.050675978901353 
0.050675594921241 
0.050675201623934 
0.050674798775856 
0.050674386137640 
0.050673963463978 
0.050673530503476 
0.050673086998498 
0.050672632685012 
0.050672167292430 
0.050671690543447 
0.050671202153872 
0.050670701832459 
0.050670189280731 
0.050669664192805 
0.050669126255208 
0.050668575146690 
0.050668010538035 
0.050667432091866 
0.050666839462444 
0.050666232295470 
0.050665610227869 
0.050664972887586 
0.050664319893361 
0.050663650854511 
0.050662965370705 
0.050662263031727 
0.050661543417243 
0.050660806096557 
0.050660050628364 
0.050659276560499 
0.050658483429679 
0.050657670761236 
0.050656838068851 
0.050655984854283 
0.050655110607080 
0.050654214804301 
0.050653296910219 
0.050652356376027 
0.050651392639531 
0.050650405124842 
0.050649393242058 
0.050648356386942 
0.050647293940597 
0.050646205269125 
0.050645089723289 
0.050643946638164 
0.050642775332784 
0.050641575109777 
0.050640345255003 
0.050639085037173 
0.050637793707472 
0.050636470499172 
0.050635114627233 
0.050633725287904 
0.050632301658315 
0.050630842896060 
0.050629348138778 
0.050627816503720 
0.050626247087319 
0.050624638964743 
0.050622991189446 
0.050621302792716 
0.050619572783210 
0.050617800146485 
0.050615983844525 
0.050614122815257 
0.050612215972063 
0.050610262203290 
0.050608260371745 
0.050606209314193 
0.050604107840841 
0.050601954734829 
0.050599748751700 
0.050597488618878 
0.050595173035134 
0.050592800670050 
0.050590370163480 
0.050587880125004 
0.050585329133381 
0.050582715735999 
0.050580038448319 
0.050577295753322 
0.050574486100949 
0.050571607907544 
0.050568659555291 
0.050565639391657 
0.050562545728830 
0.050559376843162 
0.050556130974609 
0.050552806326178 
0.050549401063374 
0.050545913313653 
0.050542341165877 
0.050538682669776 
0.050534935835420 
0.050531098632688 
0.050527168990758 
0.050523144797600 
0.050519023899478 
0.050514804100468 
0.050510483161986 
0.050506058802332 
0.050501528696249 
0.050496890475050 
0.050492141724582 
0.050487279986446 
0.050482302757106 
0.050477207487547 
0.050471991582960 
0.050466652402448 
0.050461187258770 
0.050455593418106 
0.050449868099856 
0.050444008476482 
0.050438011673369 
0.050431874768745 
0.050425594793623 
0.050419168731796 
0.050412593519879 
0.050405866047387 
0.050398983156875 
0.050391941644127 
0.050384738258393 
0.050377369702694 
0.050369832634180 
0.050362123664552 
0.050354239360552 
0.050346176244523 
0.050337930795029 
0.050329499447564 
0.050320878595330 
0.050312064590092 
0.050303053743123 
0.050293842326226 
0.050284426572857 
0.050274802679322 
0.050264966806086 
0.050254915079165 
0.050244643591625 
0.050234148405185 
0.050223425551919 
0.050212471036074 
0.050201280835989 
0.050189850906139 
0.050178177179286 
0.050166255568748 
0.050154081970797 
0.050141652267169 
0.050128962327701 
0.050116008013101 
0.050102785177836 
0.050089289673156 
0.050075517350243 
0.050061464063496 
0.050047125673944 
0.050032498052797 
0.050017577085119 
0.050002358673649 
0.049986838742740 
0.049971013242437 
0.049954878152686 
0.049938429487669 
0.049921663300267 
0.049904575686652 
0.049887162790994 
0.049869420810301 
0.049851345999361 
0.049832934675807 
0.049814183225285 
0.049795088106733 
0.049775645857748 
0.049755853100056 
0.049735706545064 
0.049715202999498 
0.049694339371100 
0.049673112674413 
0.049651520036602 
0.049629558703339 
0.049607226044719 
0.049584519561211 
0.049561436889625 
0.049537975809097 
0.049514134247058 
0.049489910285206 
0.049465302165442 
0.049440308295769 
0.049414927256150 
0.049389157804292 
0.049362998881359 
0.049336449617589 
0.049309509337817 
0.049282177566861 
0.049254454034794 
0.049226338682052 
0.049197831664381 
0.049168933357615 
0.049139644362244 
0.049109965507788 
0.049079897856935 
0.049049442709445 
0.049018601605800 
0.048987376330583 
0.048955768915576 
0.048923781642554 
0.048891417045778 
0.048858677914152 
0.048825567293052 
0.048792088485797 
0.048758245054763 
0.048724040822125 
0.048689479870210 
0.048654566541462 
0.048619305438005 
0.048583701420793 
0.048547759608348 
0.048511485375072 
0.048474884349128 
0.048437962409900 
0.048400725685007 
0.048363180546885 
0.048325333608934 
0.048287191721226 
0.048248761965776 
0.048210051651390 
0.048171068308073 
0.048131819681028 
0.048092313724229 
0.048052558593595 
0.048012562639759 
0.047972334400457 
0.047931882592539 
0.047891216103610 
0.047850343983334 
0.047809275434398 
0.047768019803160 
0.047726586569995 
0.047684985339369 
0.047643225829639 
0.047601317862620 
0.047559271352927 
0.047517096297125 
0.047474802762691 
0.047432400876842 
0.047389900815215 
0.047347312790454 
0.047304647040718 
0.047261913818126 
0.047219123377184 
0.047176285963199 
0.047133411800717 
0.047090511082015 
0.047047593955656 
0.047004670515146 
0.046961750787720 
0.046918844723263 
0.046875962183413 
0.046833112930854 
0.046790306618829 
0.046747552780893 
0.046704860820928 
0.046662240003440 
0.046619699444155 
0.046577248100944 
0.046534894765081 
0.046492648052854 
0.046450516397555 
0.046408508041845 
0.046366631030526 
0.046324893203719 
0.046283302190464 
0.046241865402743 
0.046200590029957 
0.046159483033826 
0.046118551143755 
0.046077800852647 
0.046037238413170 
0.045996869834483 
0.045956700879419 
0.045916737062122 
0.045876983646136 
0.045837445642942 
0.045798127810940 
0.045759034654865 
0.045720170425634 
0.045681539120610 
0.045643144484280 
0.045604990009333 
0.045567078938121 
0.045529414264503 
0.045491998736047 
0.045454834856583 
0.045417924889083 
0.045381270858874 
0.045344874557137 
0.045308737544706 
0.045272861156129 
0.045237246503986 
0.045201894483440 
0.045166805777008 
0.045131980859537 
0.045097420003354 
0.045063123283589 
0.045029090583648 
0.044995321600811 
0.044961815851948 
0.044928572679333 
0.044895591256539 
0.044862870594395 
0.044830409546999 
0.044798206817756 
0.044766260965444 
0.044734570410285 
0.044703133440001 
0.044671948215859 
0.044641012778678 
0.044610325054790 
0.044579882861956 
0.044549683915204 
0.044519725832605 
0.044490006140958 
0.044460522281390 
0.044431271614857 
0.044402251427539 
0.044373458936133 
0.044344891293024 
0.044316545591343 
0.044288418869903 
0.044260508118011 
0.044232810280152 
0.044205322260547 
0.044178040927583 
0.044150963118111 
0.044124085641619 
0.044097405284269 
0.044070918812817 
0.044044622978396 
0.044018514520180 
0.043992590168923 
0.043966846650374 
0.043941280688580 
0.043915889009062 
0.043890668341885 
0.043865615424611 
0.043840727005145 
0.043815999844472 
0.043791430719285 
0.043767016424522 
0.043742753775789 
0.043718639611690 
0.043694670796061 
0.043670844220108 
0.043647156804448 
0.043623605501061 
0.043600187295149 
0.043576899206906 
0.043553738293190 
0.043530701649120 
0.043507786409568 
0.043484989750574 
0.043462308890665 
0.043439741092088 
0.043417283661952 
0.043394933953281 
0.043372689365982 
0.043350547347711 
0.043328505394664 
0.043306561052264 
0.043284711915768 
0.043262955630777 
0.043241289893652 
0.043219712451855 
0.043198221104178 
0.043176813700905 
0.043155488143867 
0.043134242386423 
0.043113074433349 
0.043091982340643 
0.043070964215249 
0.043050018214705 
0.043029142546706 
0.043008335468603 
0.042987595286822 
0.042966920356224 
0.042946309079396 
0.042925759905890 
0.042905271331405 
0.042884841896915 
0.042864470187768 
0.042844154832730 
0.042823894503007 
0.042803687911242 
0.042783533810484 
0.042763430993146 
0.042743378289956 
0.042723374568907 
0.042703418734210 
0.042683509725251 
0.042663646515579 
0.042643828111900 
0.042624053553112 
0.042604321909361 
0.042584632281149 
0.042564983798475 
0.042545375620027 
0.042525806932426 
0.042506276949523 
0.042486784911760 
0.042467330085585 
0.042447911762934 
0.042428529260776 
0.042409181920723 
0.042389869108711 
0.042370590214739 
0.042351344652678 
0.042332131860140 
0.042312951298415 
0.042293802452459 
0.042274684830948 
0.042255597966372 
0.042236541415190 
0.042217514758026 
0.042198517599901 
0.042179549570501 
0.042160610324476 
0.042141699541764 
0.042122816927921 
0.042103962214479 
0.042085135159292 
0.042066335546891 
0.042047563188825 
0.042028817923986 
0.042010099618917 
0.041991408168089 
0.041972743494141 
0.041954105548086 
0.041935494309465 
0.041916909786453 
0.041898352015906 
0.041879821063347 
0.041861317022890 
0.041842840017087 
0.041824390196705 
0.041805967740432 
0.041787572854492 
0.041769205772195 
0.041750866753387 
0.041732556083833 
0.041714274074505 
0.041696021060793 
0.041677797401630 
0.041659603478537 
0.041641439694588 
0.041623306473295 
0.041605204257425 
0.041587133507734 
0.041569094701647 
0.041551088331859 
0.041533114904892 
0.041515174939584 
0.041497268965536 
0.041479397521513 
0.041461561153806 
0.041443760414565 
0.041425995860099 
0.041408268049164 
0.041390577541232 
0.041372924894755 
0.041355310665433 
0.041337735404478 
0.041320199656900 
0.041302703959812 
0.041285248840758 
0.041267834816070 
0.041250462389273 
0.041233132049524 
0.041215844270108 
0.041198599506987 
0.041181398197407 
0.041164240758573 
0.041147127586396 
0.041130059054307 
0.041113035512152 
0.041096057285171 
0.041079124673053 
0.041062237949081 
0.041045397359368 
0.041028603122173 
0.041011855427316 
0.040995154435679 
0.040978500278799 
0.040961893058553 
0.040945332846929 
0.040928819685892 
0.040912353587335 
0.040895934533111 
0.040879562475153 
0.040863237335678 
0.040846959007462 
0.040830727354198 
0.040814542210918 
0.040798403384491 
0.040782310654182 
0.040766263772273 
0.040750262464744 
0.040734306432006 
0.040718395349682 
0.040702528869439 
0.040686706619856 
0.040670928207333 
0.040655193217041 
0.040639501213885 
0.040623851743512 
0.040608244333335 
0.040592678493572 
0.040577153718311 
0.040561669486581 
0.040546225263434 
0.040530820501041 
0.040515454639782 
0.040500127109347 
0.040484837329834 
0.040469584712839 
0.040454368662554 
0.040439188576844 
0.040424043848325 
0.040408933865428 
0.040393858013453 
0.040378815675609 
0.040363806234039 
0.040348829070831 
0.040333883569010 
0.040318969113513 
0.040304085092141 
0.040289230896502 
0.040274405922918 
0.040259609573316 
0.040244841256103 
0.040230100387002 
0.040215386389877 
0.040200698697524 
0.040186036752430 
0.040171400007519 
0.040156787926854 
0.040142199986314 
0.040127635674241 
0.040113094492054 
0.040098575954821 
0.040084079591811 
0.040069604946997 
0.040055151579526 
0.040040719064153 
0.040026306991631 
0.040011914969064 
0.039997542620219 
0.039983189585789 
0.039968855523623 
0.039954540108903 
0.039940243034283 
0.039925964009978 
0.039911702763810 
0.039897459041210 
0.039883232605173 
0.039869023236168 
0.039854830732003 
0.039840654907646 
0.039826495595007 
0.039812352642667 
0.039798225915578 
0.039784115294718 
0.039770020676704 
0.039755941973380 
0.039741879111357 
0.039727832031533 
0.039713800688575 
0.039699785050379 
0.039685785097500 
0.039671800822568 
0.039657832229671 
0.039643879333740 
0.039629942159900 
0.039616020742826 
0.039602115126081 
0.039588225361453 
0.039574351508284 
0.039560493632807 
0.039546651807477 
0.039532826110307 
0.039519016624221 
0.039505223436399 
0.039491446637649 
0.039477686321781 
0.039463942585001 
0.039450215525318 
0.039436505241973 
0.039422811834876 
0.039409135404078 
0.039395476049247 
0.039381833869181 
0.039368208961328 
0.039354601421339 
0.039341011342638 
0.039327438816018 
0.039313883929253 
0.039300346766742 
0.039286827409169 
0.039273325933186 
0.039259842411122 
0.039246376910704 
0.039232929494813 
0.039219500221248 
0.039206089142516 
0.039192696305641 
0.039179321751993 
0.039165965517132 
0.039152627630671 
0.039139308116158 
0.039126006990975 
0.039112724266245 
0.039099459946768 
0.039086214030960 
0.039072986510808 
0.039059777371845 
0.039046586593131 
0.039033414147248 
0.039020260000309 
0.039007124111980 
0.038994006435499 
0.038980906917732 
0.038967825499207 
0.038954762114184 
0.038941716690718 
0.038928689150738 
0.038915679410126 
0.038902687378817 
0.038889712960891 
0.038876756054684 
0.038863816552896 
0.038850894342710 
0.038837989305918 
0.038825101319046 
0.038812230253490 
0.038799375975650 
0.038786538347077 
0.038773717224614 
0.038760912460544 
0.038748123902744 
0.038735351394836 
0.038722594776343 
0.038709853882848 
0.038697128546152 
0.038684418594431 
0.038671723852401 
0.038659044141474 
0.038646379279925 
0.038633729083047 
0.038621093363311 
0.038608471930530 
0.038595864592013 
0.038583271152720 
0.038570691415423 
0.038558125180850 
0.038545572247846 
0.038533032413511 
0.038520505473353 
0.038507991221425 
0.038495489450470 
0.038482999952053 
0.038470522516698 
0.038458056934014 
0.038445602992823 
0.038433160481282 
0.038420729187000 
0.038408308897155 
0.038395899398601 
0.038383500477978 
0.038371111921810 
0.038358733516607 
0.038346365048954 
0.038334006305606 
0.038321657073569 
0.038309317140181 
0.038296986293191 
0.038284664320831 
0.038272351011880 
0.038260046155734 
0.038247749542464 
0.038235460962870 
0.038223180208532 
0.038210907071864 
0.038198641346151 
0.038186382825594 
0.038174131305342 
0.038161886581531 
0.038149648451307 
0.038137416712855 
0.038125191165423 
0.038112971609339 
0.038100757846025 
0.038088549678015 
0.038076346908961 
0.038064149343644 
0.038051956787973 
0.038039769048992 
0.038027585934877 
0.038015407254933 
0.038003232819589 
0.037991062440390 
0.037978895929987 
0.037966733102127 
0.037954573771638 
0.037942417754414 
0.037930264867400 
0.037918114928570 
0.037905967756910 
0.037893823172397 
0.037881680995975 
0.037869541049535 
0.037857403155885 
0.037845267138734 
0.037833132822656 
0.037821000033070 
0.037808868596213 
0.037796738339111 
0.037784609089548 
0.037772480676047 
0.037760352927835 
0.037748225674815 
0.037736098747544 
0.037723971977200 
0.037711845195556 
0.037699718234957 
0.037687590928288 
0.037675463108956 
0.037663334610855 
0.037651205268354 
0.037639074916265 
0.037626943389827 
0.037614810524681 
0.037602676156854 
0.037590540122741 
0.037578402259085 
0.037566262402967 
0.037554120391789 
0.037541976063263 
0.037529829255405 
0.037517679806523 
0.037505527555212 
0.037493372340353 
0.037481214001108 
0.037469052376923 
0.037456887307532 
0.037444718632962 
0.037432546193535 
0.037420369829888 
0.037408189382981 
0.037396004694110 
0.037383815604932 
0.037371621957480 
0.037359423594189 
0.037347220357921 
0.037335012091996 
0.037322798640223 
0.037310579846932 
0.037298355557013 
0.037286125615958 
0.037273889869899 
0.037261648165655 
0.037249400350782 
0.037237146273617 
0.037224885783336 
0.037212618730006 
0.037200344964641 
0.037188064339264 
0.037175776706962 
0.037163481921954 
0.037151179839654 
0.037138870316732 
0.037126553211187 
0.037114228382409 
0.037101895691253 
0.037089555000103 
0.037077206172945 
0.037064849075437 
0.037052483574975 
0.037040109540764 
0.037027726843889 
0.037015335357379 
0.037002934956275 
0.036990525517693 
0.036978106920891 
0.036965679047324 
0.036953241780708 
0.036940795007073 
0.036928338614812 
0.036915872494737 
0.036903396540121 
0.036890910646739 
0.036878414712904 
0.036865908639505 
0.036853392330028 
0.036840865690586 
0.036828328629931 
0.036815781059468 
0.036803222893263 
0.036790654048042 
0.036778074443184 
0.036765484000713 
0.036752882645276 
0.036740270304121 
0.036727646907069 
0.036715012386468 
0.036702366677160 
0.036689709716422 
0.036677041443915 
0.036664361801619 
0.036651670733768 
0.036638968186769 
0.036626254109128 
0.036613528451361 
0.036600791165909 
0.036588042207035 
0.036575281530732 
0.036562509094615 
0.036549724857823 
0.036536928780901 
0.036524120825696 
0.036511300955244 
0.036498469133656 
0.036485625326009 
0.036472769498235 
0.036459901617009 
0.036447021649649 
0.036434129564010 
0.036421225328394 
0.036408308911454 
0.036395380282116 
0.036382439409507 
0.036369486262894 
0.036356520811632 
0.036343543025128 
0.036330552872822 
0.036317550324185 
0.036304535348730 
0.036291507916050 
0.036278467995880 
0.036265415558175 
0.036252350573224 
0.036239273011787 
0.036226182845265 
0.036213080045906 
0.036199964587040 
0.036186836443361 
0.036173695591235 
0.036160542009066 
0.036147375677693 
0.036134196580842 
0.036121004705620 
0.036107800043062 
0.036094582588728 
0.036081352343350 
0.036068109313538 
0.036054853512538 
0.036041584961038 
0.036028303688038 
0.036015009731764 
0.036001703140643 
0.035988383974322 
0.035975052304732 
0.035961708217206 
0.035948351811626 
0.035934983203612 
0.035921602525733 
0.035908209928751 
0.035894805582863 
0.035881389678963 
0.035867962429888 
0.035854524071658 
0.035841074864677 
0.035827615094906 
0.035814145074978 
0.035800665145244 
0.035787175674740 
0.035773677062062 
0.035760169736127 
0.035746654156810 
0.035733130815452 
0.035719600235204 
0.035706062971218 
0.035692519610665 
0.035678970772566 
0.035665417107436 
0.035651859296738 
0.035638298052131 
0.035624734114530 
0.035611168252969 
0.035597601263269 
0.035584033966537 
0.035570467207487 
0.035556901852605 
0.035543338788181 
0.035529778918216 
0.035516223162227 
0.035502672452985 
0.035489127734189 
0.035475589958115 
0.035462060083268 
0.035448539072052 
0.035435027888486 
0.035421527495997 
0.035408038855307 
0.035394562922431 
0.035381100646818 
0.035367652969638 
0.035354220822235 
0.035340805124762 
0.035327406784987 
0.035314026697312 
0.035300665741953 
0.035287324784335 
0.035274004674657 
0.035260706247640 
0.035247430322440 
0.035234177702717 
0.035220949176840 
0.035207745518218 
0.035194567485733 
0.035181415824257 
0.035168291265232 
0.035155194527294 
0.035142126316910 
0.035129087329028 
0.035116078247691 
0.035103099746622 
0.035090152489736 
0.035077237131592 
0.035064354317741 
0.035051504684976 
0.035038688861466 
0.035025907466769 
0.035013161111717 
0.035000450398174 
0.034987775918660 
0.034975138255857 
0.034962537981984 
0.034949975658069 
0.034937451833111 
0.034924967043163 
0.034912521810320 
0.034900116641664 
0.034887752028153 
0.034875428443481 
0.034863146342931 
0.034850906162225 
0.034838708316398 
0.034826553198708 
0.034814441179591 
0.034802372605686 
0.034790347798930 
0.034778367055737 
0.034766430646271 
0.034754538813823 
0.034742691774288 
0.034730889715751 
0.034719132798186 
0.034707421153264 
0.034695754884275 
0.034684134066145 
0.034672558745574 
0.034661028941262 
0.034649544644233 
0.034638105818246 
0.034626712400293 
0.034615364301169 
0.034604061406111 
0.034592803575500 
0.034581590645619 
0.034570422429459 
0.034559298717560 
0.034548219278900 
0.034537183861798 
0.034526192194849 
0.034515243987872 
0.034504338932871 
0.034493476705004 
0.034482656963547 
0.034471879352868 
0.034461143503386 
0.034450449032520 
0.034439795545637 
0.034429182636968 
0.034418609890526 
0.034408076880986 
0.034397583174556 
0.034387128329820 
0.034376711898556 
0.034366333426537 
0.034355992454292 
0.034345688517850 
0.034335421149452 
0.034325189878240 
0.034314994230911 
0.034304833732347 
0.034294707906219 
0.034284616275554 
0.034274558363288 
0.034264533692773 
0.034254541788278 
0.034244582175444 
0.034234654381726 
0.034224757936805 
0.034214892372967 
0.034205057225473 
0.034195252032897 
0.034185476337432 
0.034175729685191 
0.034166011626477 
0.034156321716028 
0.034146659513251 
0.034137024582431 
0.034127416492923 
0.034117834819323 
0.034108279141631 
0.034098749045381 
0.034089244121776 
0.034079763967790 
0.034070308186267 
0.034060876386001 
0.034051468181807 
0.034042083194576 
0.034032721051317 
0.034023381385199 
0.034014063835570 
0.034004768047973 
0.033995493674149 
0.033986240372037 
0.033977007805763 
0.033967795645621 
0.033958603568045 
0.033949431255580 
0.033940278396846 
0.033931144686493 
0.033922029825151 
0.033912933519378 
0.033903855481604 
0.033894795430075 
0.033885753088774 
0.033876728187368 
0.033867720461130 
0.033858729650867 
0.033849755502843 
0.033840797768706 
0.033831856205403 
0.033822930575101 
0.033814020645107 
0.033805126187783 
0.033796246980459 
0.033787382805353 
0.033778533449483 
0.033769698704579 
0.033760878367003 
0.033752072237656 
0.033743280121895 
0.033734501829451 
0.033725737174335 
0.033716985974759 
0.033708248053049 
0.033699523235562 
0.033690811352600 
0.033682112238334 
0.033673425730710 
0.033664751671380 
0.033656089905614 
0.033647440282225 
0.033638802653488 
0.033630176875063 
0.033621562805921 
0.033612960308266 
0.033604369247465 
0.033595789491969 
0.033587220913247 
0.033578663385712 
0.033570116786653 
0.033561580996168 
0.033553055897093 
0.033544541374940 
0.033536037317831 
0.033527543616434 
0.033519060163901 
0.033510586855808 
0.033502123590092 
0.033493670266996 
0.033485226789007 
0.033476793060806 
0.033468368989205 
0.033459954483096 
0.033451549453399 
0.033443153813008 
0.033434767476742 
0.033426390361290 
0.033418022385169 
0.033409663468668 
0.033401313533811 
0.033392972504300 
0.033384640305478 
0.033376316864281 
0.033368002109195 
0.033359695970216 
0.033351398378807 
0.033343109267853 
0.033334828571631 
0.033326556225765 
0.033318292167185 
0.033310036334098 
0.033301788665946 
0.033293549103369 
0.033285317588176 
0.033277094063306 
0.033268878472797 
0.033260670761751 
0.033252470876305 
0.033244278763600 
0.033236094371743 
0.033227917649791 
0.033219748547708 
0.033211587016346 
0.033203433007408 
0.033195286473433 
0.033187147367758 
0.033179015644497 
0.033170891258518 
0.033162774165411 
0.033154664321471 
0.033146561683671 
0.033138466209637 
0.033130377857632 
0.033122296586527 
0.033114222355783 
0.033106155125431 
0.033098094856050 
0.033090041508745 
0.033081995045135 
0.033073955427328 
0.033065922617905 
0.033057896579901 
0.033049877276792 
0.033041864672473 
0.033033858731245 
0.033025859417800 
0.033017866697205 
0.033009880534886 
0.033001900896618 
0.032993927748507 
0.032985961056978 
0.032978000788766 
0.032970046910900 
0.032962099390694 
0.032954158195734 
0.032946223293868 
0.032938294653196 
0.032930372242062 
0.032922456029043 
0.032914545982940 
0.032906642072773 
0.032898744267769 
0.032890852537359 
0.032882966851166 
0.032875087179007 
0.032867213490879 
0.032859345756956 
0.032851483947590 
0.032843628033298 
0.032835777984763 
0.032827933772830 
0.032820095368502 
0.032812262742940 
0.032804435867456 
0.032796614713518 
0.032788799252744 
0.032780989456900 
0.032773185297908 
0.032765386747836 
0.032757593778905 
0.032749806363487 
0.032742024474109 
0.032734248083452 
0.032726477164359 
0.032718711689828 
0.032710951633024 
0.032703196967277 
0.032695447666091 
0.032687703703143 
0.032679965052290 
0.032672231687575 
0.032664503583230 
0.032656780713686 
0.032649063053572 
0.032641350577728 
0.032633643261211 
0.032625941079297 
0.032618244007493 
0.032610552021545 
0.032602865097443 
0.032595183211431 
0.032587506340017 
0.032579834459975 
0.032572167548365 
0.032564505582532 
0.032556848540123 
0.032549196399090 
0.032541549137706 
0.032533906734571 
0.032526269168623 
0.032518636419150 
0.032511008465799 
0.032503385288585 
0.032495766867905 
0.032488153184547 
0.032480544219701 
0.032472939954971 
0.032465340372381 
0.032457745454394 
0.032450155183915 
0.032442569544309 
0.032434988519403 
0.032427412093508 
0.032419840251418 
0.032412272978431 
0.032404710260351 
0.032397152083504 
0.032389598434744 
0.032382049301470 
0.032374504671623 
0.032366964533713 
0.032359428876810 
0.032351897690568 
0.032344370965225 
0.032336848691616 
0.032329330861178 
0.032321817465960 
0.032314308498630 
0.032306803952483 
0.032299303821448 
0.032291808100090 
0.032284316783624 
0.032276829867915 
0.032269347349482 
0.032261869225510 
0.032254395493844 
0.032246926153005 
0.032239461202180 
0.032232000641238 
0.032224544470722 
0.032217092691855 
0.032209645306544 
0.032202202317375 
0.032194763727617 
0.032187329541222 
0.032179899762820 
0.032172474397725 
0.032165053451925 
0.032157636932086 
0.032150224845542 
0.032142817200300 
0.032135414005027 
0.032128015269052 
0.032120621002356 
0.032113231215570 
0.032105845919966 
0.032098465127449 
0.032091088850554 
0.032083717102431 
0.032076349896844 
0.032068987248156 
0.032061629171322 
0.032054275681878 
0.032046926795931 
0.032039582530148 
0.032032242901743 
0.032024907928466 
0.032017577628588 
0.032010252020895 
0.032002931124666 
0.031995614959664 
0.031988303546122 
0.031980996904726 
0.031973695056600 
0.031966398023295 
0.031959105826769 
0.031951818489371 
0.031944536033829 
0.031937258483229 
0.031929985861000 
0.031922718190897 
0.031915455496984 
0.031908197803617 
0.031900945135423 
0.031893697517287 
0.031886454974330 
0.031879217531896 
0.031871985215523 
0.031864758050940 
0.031857536064035 
0.031850319280844 
0.031843107727528 
0.031835901430359 
0.031828700415697 
0.031821504709975 
0.031814314339674 
0.031807129331313 
0.031799949711423 
0.031792775506531 
0.031785606743143 
0.031778443447724 
0.031771285646678 
0.031764133366330 
0.031756986632911 
0.031749845472538 
0.031742709911192 
0.031735579974707 
0.031728455688748 
0.031721337078792 
0.031714224170114 
0.031707116987770 
0.031700015556576 
0.031692919901093 
0.031685830045612 
0.031678746014135 
0.031671667830361 
0.031664595517666 
0.031657529099090 
0.031650468597323 
0.031643414034686 
0.031636365433116 
0.031629322814153 
0.031622286198923 
0.031615255608127 
0.031608231062023 
0.031601212580411 
0.031594200182626 
0.031587193887515 
0.031580193713430 
0.031573199678216 
0.031566211799191 
0.031559230093139 
0.031552254576300 
0.031545285264347 
0.031538322172386 
0.031531365314939 
0.031524414705933 
0.031517470358687 
0.031510532285901 
0.031503600499654 
0.031496675011378 
0.031489755831860 
0.031482842971227 
0.031475936438937 
0.031469036243768 
0.031462142393809 
0.031455254896451 
0.031448373758378 
0.031441498985557 
0.031434630583230 
0.031427768555905 
0.031420912907345 
0.031414063640565 
0.031407220757818 
0.031400384260591 
0.031393554149593 
0.031386730424752 
0.031379913085201 
0.031373102129276 
0.031366297554504 
0.031359499357601 
0.031352707534457 
0.031345922080132 
0.031339142988852 
0.031332370253996 
0.031325603868093 
0.031318843822811 
0.031312090108953 
0.031305342716446 
0.031298601634340 
0.031291866850792 
0.031285138353066 
0.031278416127523 
0.031271700159613 
0.031264990433866 
0.031258286933889 
0.031251589642356 
0.031244898540998 
0.031238213610600 
0.031231534830987 
0.031224862181025 
0.031218195638601 
0.031211535180626 
0.031204880783021 
0.031198232420708 
0.031191590067603 
0.031184953696607 
0.031178323279599 
0.031171698787421 
0.031165080189877 
0.031158467455716 
0.031151860552626 
0.031145259447222 
0.031138664105041 
0.031132074490526 
0.031125490567018 
0.031118912296743 
0.031112339640806 
0.031105772559175 
0.031099211010674 
0.031092654952966 
0.031086104342547 
0.031079559134729 
0.031073019283635 
0.031066484742176 
0.031059955462050 
0.031053431393720 
0.031046912486410 
0.031040398688081 
0.031033889945432 
0.031027386203871 
0.031020887407517 
0.031014393499175 
0.031007904420331 
0.031001420111131 
0.030994940510375 
0.030988465555500 
0.030981995182565 
0.030975529326245 
0.030969067919811 
0.030962610895120 
0.030956158182606 
0.030949709711265 
0.030943265408642 
0.030936825200826 
0.030930389012436 
0.030923956766613 
0.030917528385010 
0.030911103787787 
0.030904682893603 
0.030898265619611 
0.030891851881456 
0.030885441593269 
0.030879034667672 
0.030872631015772 
0.030866230547171 
0.030859833169967 
0.030853438790764 
0.030847047314684 
0.030840658645379 
0.030834272685046 
0.030827889334452 
0.030821508492955 
0.030815130058535 
0.030808753927822 
0.030802379996142 
0.030796008157553 
0.030789638304897 
0.030783270329856 
0.030776904123012 
0.030770539573917 
0.030764176571167 
0.030757815002492 
0.030751454754843 
0.030745095714501 
0.030738737767186 
0.030732380798181 
0.030726024692468 
0.030719669334877 
0.030713314610237 
0.030706960403559 
0.030700606600220 
0.030694253086162 
0.030687899748115 
0.030681546473826 
0.030675193152316 
0.030668839674146 
0.030662485931709 
0.030656131819534 
0.030649777234617 
0.030643422076769 
0.030637066248988 
0.030630709657847 
0.030624352213913 
0.030617993832183 
0.030611634432541 
0.030605273940244 
0.030598912286425 
0.030592549408625 
0.030586185251335 
0.030579819766576 
0.030573452914485 
0.030567084663927 
0.030560714993124 
0.030554343890301 
0.030547971354339 
0.030541597395451 
0.030535222035854 
0.030528845310460 
0.030522467267552 
0.030516087969477 
0.030509707493317 
0.030503325931554 
0.030496943392722 
0.030490560002032 
0.030484175901975 
0.030477791252882 
0.030471406233460 
0.030465021041256 
0.030458635893099 
0.030452251025454 
0.030445866694726 
0.030439483177484 
0.030433100770605 
0.030426719791333 
0.030420340577247 
0.030413963486127 
0.030407588895724 
0.030401217203420 
0.030394848825775 
0.030388484197973 
0.030382123773146 
0.030375768021586 
0.030369417429848 
0.030363072499744 
0.030356733747222 
0.030350401701156 
0.030344076902027 
0.030337759900524 
0.030331451256055 
0.030325151535197 
0.030318861310076 
0.030312581156692 
0.030306311653220 
0.030300053378262 
0.030293806909105 
0.030287572819960 
0.030281351680222 
0.030275144052745 
0.030268950492161 
0.030262771543237 
0.030256607739298 
0.030250459600710 
0.030244327633451 
0.030238212327763 
0.030232114156901 
0.030226033575979 
0.030219971020928 
0.030213926907564 
0.030207901630762 
0.030201895563753 
0.030195909057539 
0.030189942440412 
0.030183996017597 
0.030178070071005 
0.030172164859087 
0.030166280616806 
0.030160417555693 
0.030154575864008 
0.030148755706988 
0.030142957227169 
0.030137180544797 
0.030131425758294 
0.030125692944802 
0.030119982160770 
0.030114293442592 
0.030108626807298 
0.030102982253265 
0.030097359760971 
0.030091759293765 
0.030086180798662 
0.030080624207140 
0.030075089435960 
0.030069576387974 
0.030064084952942 
0.030058615008342 
0.030053166420168 
0.030047739043718 
0.030042332724371 
0.030036947298344 
0.030031582593425 
0.030026238429696 
0.030020914620221 
0.030015610971722 
0.030010327285219 
0.030005063356652 
0.029999818977476 
0.029994593935222 
0.029989388014040 
0.029984200995213 
0.029979032657639 
0.029973882778293 
0.029968751132660 
0.029963637495140 
0.029958541639434 
0.029953463338901 
0.029948402366889 
0.029943358497050 
0.029938331503628 
0.029933321161725 
0.029928327247551 
0.029923349538646 
0.029918387814094 
0.029913441854709 
0.029908511443212 
0.029903596364383 
0.029898696405209 
0.029893811355005 
0.029888941005532 
0.029884085151092 
0.029879243588620 
0.029874416117761 
0.029869602540934 
0.029864802663386 
0.029860016293246 
0.029855243241551 
0.029850483322288 
0.029845736352408 
0.029841002151844 
0.029836280543520 
0.029831571353356 
0.029826874410259 
0.029822189546125 
0.029817516595820 
0.029812855397166 
0.029808205790923 
0.029803567620763 
0.029798940733248 
0.029794324977794 
0.029789720206649 
0.029785126274852 
0.029780543040203 
0.029775970363221 
0.029771408107110 
0.029766856137717 
0.029762314323492 
0.029757782535444 
0.029753260647105 
0.029748748534480 
0.029744246076008 
0.029739753152517 
0.029735269647183 
0.029730795445479 
0.029726330435142 
0.029721874506118 
0.029717427550528 
0.029712989462619 
0.029708560138725 
0.029704139477218 
0.029699727378476 
0.029695323744833 
0.029690928480539 
0.029686541491723 
0.029682162686352 
0.029677791974189 
0.029673429266756 
0.029669074477297 
0.029664727520738 
0.029660388313652 
0.029656056774222 
0.029651732822206 
0.029647416378903 
0.029643107367116 
0.029638805711122 
0.029634511336637 
0.029630224170784 
0.029625944142065 
0.029621671180325 
0.029617405216725 
0.029613146183713 
0.029608894014994 
0.029604648645501 
0.029600410011370 
0.029596178049914 
0.029591952699591 
0.029587733899984 
0.029583521591775 
0.029579315716718 
0.029575116217617 
0.029570923038302 
0.029566736123609 
0.029562555419352 
0.029558380872309 
0.029554212430190 
0.029550050041629 
0.029545893656154 
0.029541743224171 
0.029537598696947 
0.029533460026584 
0.029529327166010 
0.029525200068952 
0.029521078689926 
0.029516962984214 
0.029512852907852 
0.029508748417610 
0.029504649470980 
0.029500556026156 
0.029496468042019 
0.029492385478129 
0.029488308294700 
0.029484236452597 
0.029480169913311 
0.029476108638955 
0.029472052592246 
0.029468001736491 
0.029463956035579 
0.029459915453964 
0.029455879956656 
0.029451849509210 
0.029447824077708 
0.029443803628758 
0.029439788129474 
0.029435777547471 
0.029431771850852 
0.029427771008197 
0.029423774988558 
0.029419783761440 
0.029415797296804 
0.029411815565044 
0.029407838536989 
0.029403866183887 
0.029399898477402 
0.029395935389601 
0.029391976892945 
0.029388022960287 
0.029384073564858 
0.029380128680262 
0.029376188280466 
0.029372252339798 
0.029368320832933 
0.029364393734890 
0.029360471021025 
0.029356552667021 
0.029352638648886 
0.029348728942945 
0.029344823525828 
0.029340922374474 
0.029337025466117 
0.029333132778284 
0.029329244288786 
0.029325359975716 
0.029321479817440 
0.029317603792596 
0.029313731880084 
0.029309864059062 
0.029306000308944 
0.029302140609390 
0.029298284940308 
0.029294433281841 
0.029290585614369 
0.029286741918502 
0.029282902175075 
0.029279066365144 
0.029275234469981 
0.029271406471075 
0.029267582350119 
0.029263762089015 
0.029259945669863 
0.029256133074961 
0.029252324286802 
0.029248519288067 
0.029244718061624 
0.029240920590524 
0.029237126857998 
0.029233336847453 
0.029229550542467 
0.029225767926791 
0.029221988984341 
0.029218213699195 
0.029214442055595 
0.029210674037937 
0.029206909630776 
0.029203148818815 
0.029199391586909 
0.029195637920059 
0.029191887803410 
0.029188141222250 
0.029184398162002 
0.029180658608231 
0.029176922546633 
0.029173189963036 
0.029169460843398 
0.029165735173805 
0.029162012940468 
0.029158294129719 
0.029154578728016 
0.029150866721930 
0.029147158098152 
0.029143452843489 
0.029139750944858 
0.029136052389290 
0.029132357163923 
0.029128665256004 
0.029124976652885 
0.029121291342022 
0.029117609310976 
0.029113930547403 
0.029110255039063 
0.029106582773812 
0.029102913739601 
0.029099247924476 
0.029095585316576 
0.029091925904133 
0.029088269675465 
0.029084616618983 
0.029080966723183 
0.029077319976646 
0.029073676368040 
0.029070035886115 
0.029066398519703 
0.029062764257716 
0.029059133089149 
0.029055505003071 
0.029051879988630 
0.029048258035052 
0.029044639131635 
0.029041023267752 
0.029037410432851 
0.029033800616447 
0.029030193808131 
0.029026589997560 
0.029022989174461 
0.029019391328630 
0.029015796449927 
0.029012204528281 
0.029008615553684 
0.029005029516191 
0.029001446405923 
0.028997866213063 
0.028994288927853 
0.028990714540598 
0.028987143041661 
0.028983574421465 
0.028980008670493 
0.028976445779281 
0.028972885738425 
0.028969328538577 
0.028965774170444 
0.028962222624785 
0.028958673892416 
0.028955127964205 
0.028951584831071 
0.028948044483986 
0.028944506913975 
0.028940972112110 
0.028937440069513 
0.028933910777359 
0.028930384226866 
0.028926860409306 
0.028923339315993 
0.028919820938291 
0.028916305267609 
0.028912792295402 
0.028909282013169 
0.028905774412456 
0.028902269484850 
0.028898767221983 
0.028895267615531 
0.028891770657210 
0.028888276338780 
0.028884784652041 
0.028881295588835 
0.028877809141043 
0.028874325300587 
0.028870844059430 
0.028867365409570 
0.028863889343048 
0.028860415851940 
0.028856944928361 
0.028853476564463 
0.028850010752435 
0.028846547484503 
0.028843086752926 
0.028839628550003 
0.028836172868064 
0.028832719699477 
0.028829269036642 
0.028825820871995 
0.028822375198005 
0.028818932007172 
0.028815491292031 
0.028812053045150 
0.028808617259127 
0.028805183926593 
0.028801753040209 
0.028798324592671 
0.028794898576700 
0.028791474985050 
0.028788053810506 
0.028784635045882 
0.028781218684020 
0.028777804717792 
0.028774393140097 
0.028770983943865 
0.028767577122053 
0.028764172667645 
0.028760770573652 
0.028757370833112 
0.028753973439091 
0.028750578384681 
0.028747185662999 
0.028743795267191 
0.028740407190422 
0.028737021425888 
0.028733637966810 
0.028730256806430 
0.028726877938015 
0.028723501354860 
0.028720127050278 
0.028716755017610 
0.028713385250218 
0.028710017741488 
0.028706652484828 
0.028703289473668 
0.028699928701461 
0.028696570161682 
0.028693213847826 
0.028689859753411 
0.028686507871975 
0.028683158197077 
0.028679810722297 
0.028676465441236 
0.028673122347512 
0.028669781434766 
0.028666442696658 
0.028663106126865 
0.028659771719084 
0.028656439467032 
0.028653109364445 
0.028649781405075 
0.028646455582692 
0.028643131891088 
0.028639810324065 
0.028636490875449 
0.028633173539081 
0.028629858308818 
0.028626545178534 
0.028623234142120 
0.028619925193482 
0.028616618326541 
0.028613313535238 
0.028610010813524 
0.028606710155369 
0.028603411554756 
0.028600115005684 
0.028596820502164 
0.028593528038225 
0.028590237607907 
0.028586949205264 
0.028583662824367 
0.028580378459296 
0.028577096104146 
0.028573815753025 
0.028570537400054 
0.028567261039365 
0.028563986665105 
0.028560714271429 
0.028557443852507 
0.028554175402520 
0.028550908915659 
0.028547644386128 
0.028544381808140 
0.028541121175921 
0.028537862483704 
0.028534605725737 
0.028531350896275 
0.028528097989581 
0.028524846999932 
0.028521597921612 
0.028518350748915 
0.028515105476142 
0.028511862097605 
0.028508620607623 
0.028505381000526 
0.028502143270648 
0.028498907412335 
0.028495673419937 
0.028492441287813 
0.028489211010332 
0.028485982581866 
0.028482755996794 
0.028479531249504 
0.028476308334390 
0.028473087245851 
0.028469867978293 
0.028466650526125 
0.028463434883766 
0.028460221045638 
0.028457009006167 
0.028453798759787 
0.028450590300934 
0.028447383624049 
0.028444178723578 
0.028440975593971 
0.028437774229681 
0.028434574625166 
0.028431376774886 
0.028428180673306 
0.028424986314892 
0.028421793694115 
0.028418602805446 
0.028415413643361 
0.028412226202335 
0.028409040476849 
0.028405856461383 
0.028402674150420 
0.028399493538443 
0.028396314619937 
0.028393137389387 
0.028389961841280 
0.028386787970104 
0.028383615770344 
0.028380445236489 
0.028377276363026 
0.028374109144442 
0.028370943575222 
0.028367779649854 
0.028364617362822 
0.028361456708608 
0.028358297681697 
0.028355140276567 
0.028351984487699 
0.028348830309570 
0.028345677736653 
0.028342526763421 
0.028339377384345 
0.028336229593892 
0.028333083386524 
0.028329938756704 
0.028326795698889 
0.028323654207532 
0.028320514277085 
0.028317375901992 
0.028314239076696 
0.028311103795635 
0.028307970053240 
0.028304837843941 
0.028301707162160 
0.028298578002314 
0.028295450358817 
0.028292324226076 
0.028289199598491 
0.028286076470458 
0.028282954836364 
0.028279834690594 
0.028276716027521 
0.028273598841517 
0.028270483126943 
0.028267368878153 
0.028264256089496 
0.028261144755311 
0.028258034869932 
0.028254926427682 
0.028251819422878 
0.028248713849827 
0.028245609702831 
0.028242506976178 
0.028239405664152 
0.028236305761026 
0.028233207261063 
0.028230110158518 
0.028227014447637 
0.028223920122653 
0.028220827177794 
0.028217735607272 
0.028214645405295 
0.028211556566055 
0.028208469083738 
0.028205382952516 
0.028202298166553 
0.028199214719998 
0.028196132606993 
0.028193051821664 
0.028189972358131 
0.028186894210496 
0.028183817372855 
0.028180741839289 
0.028177667603866 
0.028174594660644 
0.028171523003667 
0.028168452626966 
0.028165383524562 
0.028162315690459 
0.028159249118650 
0.028156183803118 
0.028153119737826 
0.028150056916730 
0.028146995333768 
0.028143934982867 
0.028140875857938 
0.028137817952880 
0.028134761261578 
0.028131705777901 
0.028128651495704 
0.028125598408831 
0.028122546511108 
0.028119495796347 
0.028116446258346 
0.028113397890888 
0.028110350687741 
0.028107304642660 
0.028104259749381 
0.028101216001629 
0.028098173393111 
0.028095131917520 
0.028092091568535 
0.028089052339815 
0.028086014225010 
0.028082977217749 
0.028079941311648 
0.028076906500308 
0.028073872777312 
0.028070840136229 
0.028067808570613 
0.028064778074001 
0.028061748639913 
0.028058720261856 
0.028055692933319 
0.028052666647776 
0.028049641398685 
0.028046617179487 
0.028043593983611 
0.028040571804464 
0.028037550635441 
0.028034530469922 
0.028031511301269 
0.028028493122827 
0.028025475927929 
0.028022459709889 
0.028019444462006 
0.028016430177564 
0.028013416849831 
0.028010404472057 
0.028007393037480 
0.028004382539321 
0.028001372970784 
0.027998364325060 
0.027995356595321 
0.027992349774729 
0.027989343856425 
0.027986338833539 
0.027983334699182 
0.027980331446454 
0.027977329068438 
0.027974327558202 
0.027971326908798 
0.027968327113267 
0.027965328164632 
0.027962330055902 
0.027959332780073 
0.027956336330125 
0.027953340699026 
0.027950345879727 
0.027947351865168 
0.027944358648273 
0.027941366221954 
0.027938374579106 
0.027935383712616 
0.027932393615353 
0.027929404280175 
0.027926415699926 
0.027923427867437 
0.027920440775527 
0.027917454417003 
0.027914468784657 
0.027911483871269 
0.027908499669610 
0.027905516172435 
0.027902533372488 
0.027899551262503 
0.027896569835201 
0.027893589083290 
0.027890608999469 
0.027887629576423 
0.027884650806830 
0.027881672683351 
0.027878695198641 
0.027875718345343 
0.027872742116087 
0.027869766503495 
0.027866791500178 
0.027863817098736 
0.027860843291758 
0.027857870071824 
0.027854897431505 
0.027851925363359 
0.027848953859936 
0.027845982913776 
0.027843012517410 
0.027840042663357 
0.027837073344129 
0.027834104552225 
0.027831136280137 
0.027828168520349 
0.027825201265330 
0.027822234507544 
0.027819268239445 
0.027816302453475 
0.027813337142069 
0.027810372297651 
0.027807407912636 
0.027804443979428 
0.027801480490422 
0.027798517438004 
0.027795554814548 
0.027792592612420 
0.027789630823974 
0.027786669441555 
0.027783708457496 
0.027780747864121 
0.027777787653741 
0.027774827818658 
0.027771868351160 
0.027768909243526 
0.027765950488022 
0.027762992076902 
0.027760034002408 
0.027757076256768 
0.027754118832199 
0.027751161720902 
0.027748204915067 
0.027745248406866 
0.027742292188462 
0.027739336251997 
0.027736380589602 
0.027733425193390 
0.027730470055459 
0.027727515167888 
0.027724560522740 
0.027721606112061 
0.027718651927877 
0.027715697962195 
0.027712744207003 
0.027709790654270 
0.027706837295940 
0.027703884123940 
0.027700931130173 
0.027697978306519 
0.027695025644834 
0.027692073136951 
0.027689120774678 
0.027686168549795 
0.027683216454060 
0.027680264479199 
0.027677312616914 
0.027674360858875 
0.027671409196725 
0.027668457622078 
0.027665506126511 
0.027662554701577 
0.027659603338790 
0.027656652029635 
0.027653700765559 
0.027650749537978 
0.027647798338270 
0.027644847157777 
0.027641895987805 
0.027638944819618 
0.027635993644447 
0.027633042453481 
0.027630091237868 
0.027627139988716 
0.027624188697093 
0.027621237354024 
0.027618285950492 
0.027615334477436 
0.027612382925753 
0.027609431286296 
0.027606479549875 
0.027603527707252 
0.027600575749147 
0.027597623666235 
0.027594671449145 
0.027591719088462 
0.027588766574724 
0.027585813898427 
0.027582861050019 
0.027579908019907 
0.027576954798451 
0.027574001375969 
0.027571047742736 
0.027568093888984 
0.027565139804905 
0.027562185480648 
0.027559230906328 
0.027556276072016 
0.027553320967750 
0.027550365583531 
0.027547409909330 
0.027544453935084 
0.027541497650699 
0.027538541046060 
0.027535584111021 
0.027532626835418 
0.027529669209067 
0.027526711221766 
0.027523752863303 
0.027520794123456 
0.027517834991996 
0.027514875458695 
0.027511915513324 
0.027508955145666 
0.027505994345510 
