-5.951238529858447 
-5.951238529858872 
-5.951238529851890 
-5.951238529843882 
-5.951238529833308 
-5.951238529820057 
-5.951238529804098 
-5.951238529785793 
-5.951238529764619 
-5.951238529741162 
-5.951238529715138 
-5.951238529686671 
-5.951238529657540 
-5.951238529626688 
-5.951238529593734 
-5.951238529560711 
-5.951238529529644 
-5.951238529500205 
-5.951238529473009 
-5.951238529449675 
-5.951238529430188 
-5.951238529418227 
-5.951238529409921 
-5.951238529407353 
-5.951238529408711 
-5.951238529414595 
-5.951238529422887 
-5.951238529433081 
-5.951238529443017 
-5.951238529449002 
-5.951238529453383 
-5.951238529456271 
-5.951238529453438 
-5.951238529446072 
-5.951238529438343 
-5.951238529424452 
-5.951238529409184 
-5.951238529392881 
-5.951238529373660 
-5.951238529356985 
-5.951238529339032 
-5.951238529322626 
-5.951238529306600 
-5.951238529292201 
-5.951238529280177 
-5.951238529268976 
-5.951238529259142 
-5.951238529253308 
-5.951238529247652 
-5.951238529241272 
-5.951238529236648 
-5.951238529227000 
-5.951238529224672 
-5.951238529220495 
-5.951238529213491 
-5.951238529205825 
-5.951238529202037 
-5.951238529198824 
-5.951238529196639 
-5.951238529193407 
-5.951238529188990 
-5.951238529186812 
-5.951238529182344 
-5.951238529179848 
-5.951238529176624 
-5.951238529172908 
-5.951238529170888 
-5.951238529166270 
-5.951238529165702 
-5.951238529158673 
-5.951238529158759 
-5.951238529157120 
-5.951238529154794 
-5.951238529156115 
-5.951238529155134 
-5.951238529159166 
-5.951238529157875 
-5.951238529156749 
-5.951238529161306 
-5.951238529162174 
-5.951238529160716 
-5.951238529163456 
-5.951238529168389 
-5.951238529171242 
-5.951238529170946 
-5.951238529173258 
-5.951238529172251 
-5.951238529172622 
-5.951238529170894 
-5.951238529171873 
-5.951238529172495 
-5.951238529173110 
-5.951238529171812 
-5.951238529174006 
-5.951238529174606 
-5.951238529172265 
-5.951238529168016 
-5.951238529170467 
-5.951238529170456 
-5.951238529172162 
-5.951238529172327 
-5.951238529172803 
-5.951238529175982 
-5.951238529173232 
-5.951238529169868 
-5.951238529169464 
-5.951238529172930 
-5.951238529172664 
-5.951238529172052 
-5.951238529175026 
-5.951238529178059 
-5.951238529178404 
-5.951238529174835 
-5.951238529177528 
-5.951238529180893 
-5.951238529182058 
-5.951238529180600 
-5.951238529181463 
-5.951238529179120 
-5.951238529181096 
-5.951238529181104 
-5.951238529181603 
-5.951238529181274 
-5.951238529177914 
-5.951238529172863 
-5.951238529172891 
-5.951238529171718 
-5.951238529167184 
-5.951238529166848 
-5.951238529162031 
-5.951238529158084 
-5.951238529154757 
-5.951238529151075 
-5.951238529147744 
-5.951238529146914 
-5.951238529146014 
-5.951238529145183 
-5.951238529147738 
-5.951238529147942 
-5.951238529141543 
-5.951238529140220 
-5.951238529135872 
-5.951238529134713 
-5.951238529136264 
-5.951238529133150 
-5.951238529132908 
-5.951238529133710 
-5.951238529130057 
-5.951238529131862 
-5.951238529126975 
-5.951238529128753 
-5.951238529130554 
-5.951238529130281 
-5.951238529129038 
-5.951238529133033 
-5.951238529135241 
-5.951238529134110 
-5.951238529129303 
-5.951238529129848 
-5.951238529127662 
-5.951238529123322 
-5.951238529122875 
-5.951238529122790 
-5.951238529124279 
-5.951238529122561 
-5.951238529126986 
-5.951238529122283 
-5.951238529119965 
-5.951238529119027 
-5.951238529118958 
-5.951238529122079 
-5.951238529120722 
-5.951238529120518 
-5.951238529122589 
-5.951238529121429 
-5.951238529122124 
-5.951238529126162 
-5.951238529127889 
-5.951238529127131 
-5.951238529129030 
-5.951238529121959 
-5.951238529120539 
-5.951238529118214 
-5.951238529111924 
-5.951238529111083 
-5.951238529107909 
-5.951238529100257 
-5.951238529095926 
-5.951238529091228 
-5.951238529095606 
-5.951238529093851 
-5.951238529085594 
-5.951238529082889 
-5.951238529081053 
-5.951238529076568 
-5.951238529072892 
-5.951238529075233 
-5.951238529074876 
-5.951238529078967 
-5.951238529073357 
-5.951238529071881 
-5.951238529075045 
-5.951238529073029 
-5.951238529076168 
-5.951238529072964 
-5.951238529072429 
-5.951238529081208 
-5.951238529080759 
-5.951238528758883 
-5.951238528464695 
-5.951238528185762 
-5.951238527927501 
-5.951238527683488 
-5.951238527455676 
-5.951238527237651 
-5.951238527030059 
-5.951238526830053 
-5.951238526638696 
-5.951238526448543 
-5.951238526270195 
-5.951238526091174 
-5.951238525919265 
-5.951238525762658 
-5.951238525613801 
-5.951238525480965 
-5.951238525363996 
-5.951238525255822 
-5.951238525165141 
-5.951238525085807 
-5.951238525010652 
-5.951238524942042 
-5.951238524865694 
-5.951238524787959 
-5.951238524703448 
-5.951238524613056 
-5.951238524516814 
-5.951238524418358 
-5.951238524312714 
-5.951238524315054 
-5.951238524317419 
-5.951238524322819 
-5.951238524321123 
-5.951238524323206 
-5.951238524323685 
-5.951238524323485 
-5.951238524325239 
-5.951238524324675 
-5.951238524325245 
-5.951238524323687 
-5.951238524324150 
-5.951238524323420 
-5.951238524323844 
-5.951238524327668 
-5.951238524326499 
-5.951238524545861 
-5.951238524755482 
-5.951238524956887 
-5.951238525139551 
-5.951238525307167 
-5.951238525454268 
-5.951238525592104 
-5.951238525708878 
-5.951238525816416 
-5.951238525908811 
-5.951238525994678 
-5.951238526087122 
-5.951238526175572 
-5.951238526267449 
-5.951238526265620 
-5.951238526264808 
-5.951238526266490 
-5.951238526262006 
-5.951238526254387 
-5.951238526252963 
-5.951238526251617 
-5.951238526249777 
-5.951238526253221 
-5.951238526249726 
-5.951238526251539 
-5.951238526250651 
-5.951238526249931 
-5.951238526246455 
-5.951238526243903 
-5.951238526247848 
-5.951238526245457 
-5.951238526280155 
-5.951238526348609 
-5.951238526456772 
-5.951238526602880 
-5.951238526789049 
-5.951238527022031 
-5.951238527304438 
-5.951238527631999 
-5.951238528011013 
-5.951238528436401 
-5.951238528904453 
-5.951238529426115 
-5.951238529989277 
-5.951238530594191 
-5.951238531234301 
