1.000000000000000 
0.995007146320733 
0.991153389256845 
0.988029679521006 
0.985377879533924 
0.983029471179560 
0.980871370510174 
0.978825881194494 
0.976838483604024 
0.974870174911489 
0.972892551426965 
0.970884592180541 
0.968830522935623 
0.966718379510986 
0.964539030779884 
0.962285507631105 
0.959952537592164 
0.957536218692393 
0.955033788005561 
0.952443454647100 
0.949764276553087 
0.946996066843656 
0.944139320044359 
0.941195151577320 
0.938165246156661 
0.935051812285618 
0.931857541116627 
0.928585568611201 
0.925239440313737 
0.921823078216832 
0.918340749227151 
0.914797034715685 
0.911196800616673 
0.907545167568879 
0.903847480693863 
0.900109278779137 
0.896336262860096 
0.892534264434651 
0.888709213743415 
0.884867108642983 
0.881013984532997 
0.877155885539187 
0.873298836721046 
0.869448816537808 
0.865611728291140 
0.861793368907580 
0.857999393349354 
0.854235273218751 
0.850506248756454 
0.846817274379330 
0.843172959065003 
0.839577504136843 
0.836034642161490 
0.832547581539573 
0.829118961751938 
0.825750823982281 
0.822444600949294 
0.819201128354282 
0.816020678591911 
0.812903015530373 
0.809847467467374 
0.806853013974370 
0.803918381353213 
0.801042140899309 
0.798222804114507 
0.795458909434500 
0.792749095885058 
0.790092160265807 
0.787487095836532 
0.784933111872408 
0.782429634682355 
0.779976291609433 
0.777572880091000 
0.775219324086905 
0.772915620222012 
0.770661776036493 
0.768457743000366 
0.766303347555605 
0.764198224357871 
0.762141756830872 
0.760133030655518 
0.758170805402770 
0.756253507928307 
0.754379248575207 
0.752545858331036 
0.750750942714387 
0.748991946993263 
0.747266227546801 
0.745571125407809 
0.743904039535433 
0.742262498370691 
0.740644228163909 
0.739047215325997 
0.737469758098836 
0.735910501129716 
0.734368446278958 
0.732842935119474 
0.731333603138531 
0.729840311417942 
0.728363066412727 
0.726901940317812 
0.725457002605271 
0.724028268585740 
0.722615665449398 
0.721219012297146 
0.719838009233024 
0.718472231380199 
0.717121125593470 
0.715784009475385 
0.714460073327893 
0.713148385768541 
0.711847903236164 
0.710557482978864 
0.709275898722891 
0.708001858205281 
0.706734022049189 
0.705471023892651 
0.704211492071579 
0.702954073392421 
0.701697459567980 
0.700440416727900 
0.699181818045804 
0.697920678921738 
0.696656193313701 
0.695387768815172 
0.694115057189671 
0.692837976730552 
0.691556723465841 
0.690271770061412 
0.688983853936857 
0.687693958660370 
0.686403293961377 
0.685113278918651 
0.683825530198399 
0.682541853731993 
0.681264235436336 
0.679994825604614 
0.678735912640441 
0.677489884203392 
0.676259176502738 
0.675046214520295 
0.673853347001862 
0.672682780298574 
0.671536514971560 
0.670416288801865 
0.669323529513125 
0.668259319973102 
0.667224377771257 
0.666219049925485 
0.665243322263114 
0.664296841987283 
0.663378951217769 
0.662488728889752 
0.661625038230714 
0.660786577039257 
0.659971928125760 
0.659179607541482 
0.658408108619127 
0.657655940346871 
0.656921659144695 
0.656203893639291 
0.655501362484312 
0.654812885614160 
0.654137389548046 
0.653473907495470 
0.652821575084367 
0.652179622567953 
0.651547364386330 
0.650924186971394 
0.650309535684252 
0.649702901750677 
0.649103809998820 
0.648511808096568 
0.647926457836049 
0.647347328833065 
0.646773994820118 
0.646206032532517 
0.645643023029176 
0.645084555151554 
0.644530230694961 
0.643979670735520 
0.643432522426974 
0.642888465480788 
0.642347217519279 
0.641808537598682 
0.641272227469484 
0.640738130557966 
0.640206129136493 
0.639676140572403 
0.639148113768518 
0.638622026837792 
0.638097886681777 
0.637575730555725 
0.637055629060279 
0.636537689473611 
0.636022058059503 
0.635508920010374 
0.634998495983330 
0.634491034679888 
0.633986801501705 
0.633486063887199 
0.632989074419295 
0.632496053135820 
0.632007170632693 
0.631522533505438 
0.631042173429273 
0.630566040764930 
0.630094003060275 
0.629625848282017 
0.629161292145440 
0.628699988581643 
0.628241542225039 
0.627785521813240 
0.627331473530525 
0.626878933542301 
0.626427439209053 
0.625976538693500 
0.625525798860076 
0.625074811502921 
0.624623198030589 
0.624170612791635 
0.623716745256037 
0.623261321282425 
0.622804103707137 
0.622344892491952 
0.621883524663758 
0.621419874270219 
0.620953852557528 
0.620485408545862 
0.620014530131564 
0.619541245779944 
0.619065626788894 
0.618587790004165 
0.618107900758458 
0.617626175697993 
0.617142885063848 
0.616658353924874 
0.616172961828312 
0.615687140356331 
0.615201368161462 
0.614716163206070 
0.614232072147520 
0.613749657077920 
0.613269480120030 
0.612792086662560 
0.612317988245532 
0.611847646237393 
0.611381457449270 
0.610919742697476 
0.610462739068482 
0.610010596299762 
0.609563377319777 
0.609121062647306 
0.608683558080388 
0.608250704934801 
0.607822292025731 
0.607398068609789 
0.606977757592370 
0.606561068428484 
0.606147709277974 
0.605737398099605 
0.605329872471852 
0.604924898006807 
0.604522275277552 
0.604121845211387 
0.603723492915979 
0.603327149909110 
0.602932794723575 
0.602540451866877 
0.602150189140935 
0.601762113377301 
0.601376364719316 
0.600993109676606 
0.600612533273423 
0.600234830690269 
0.599860198839413 
0.599488828308381 
0.599120896051684 
0.598756559121165 
0.598395949616989 
0.598039170932675 
0.597686295272288 
0.597337362342547 
0.596992379067799 
0.596651320138689 
0.596314129183134 
0.595980720339769 
0.595650980020312 
0.595324768669792 
0.595001922372515 
0.594682254204438 
0.594365555293689 
0.594051595612471 
0.593740124577205 
0.593430871572401 
0.593123546533392 
0.592817840722877 
0.592513427819019 
0.592209965403461 
0.591907096902243 
0.591604453996754 
0.591301659490271 
0.590998330590646 
0.590694082552539 
0.590388532612435 
0.590081304145378 
0.589772030972157 
0.589460361748134 
0.589145964369107 
0.588828530334730 
0.588507779015799 
0.588183461777816 
0.587855365918834 
0.587523318383672 
0.587187189217548 
0.586846894718052 
0.586502400233409 
0.586153722536040 
0.585800931673788 
0.585444152169142 
0.585083563404255 
0.584719399003974 
0.584351945019685 
0.583981536733300 
0.583608553951143 
0.583233414745178 
0.582856567720792 
0.582478483034481 
0.582099642532015 
0.581720529503450 
0.581341618631393 
0.580963366723882 
0.580586204765800 
0.580210531698297 
0.579836710163493 
0.579465064259167 
0.579095879164608 
0.578729402349628 
0.578365845979906 
0.578005390089048 
0.577648186097707 
0.577294360312991 
0.576944017124570 
0.576597241713863 
0.576254102196538 
0.575914651214863 
0.575578927074923 
0.575246954576568 
0.574918745706136 
0.574594300352259 
0.574273607167100 
0.573956644636916 
0.573643382358667 
0.573333782456775 
0.573027801028635 
0.572725389488426 
0.572426495689754 
0.572131064745878 
0.571839039522501 
0.571550360838830 
0.571264967463261 
0.570982796018385 
0.570703780909498 
0.570427854362194 
0.570154946605579 
0.569884986180943 
0.569617900305437 
0.569353615188683 
0.569092056194756 
0.568833147763677 
0.568576813050801 
0.568322973299646 
0.568071547022244 
0.567822449109401 
0.567575590022207 
0.567330875220601 
0.567088204964047 
0.566847474576944 
0.566608575213996 
0.566371395097017 
0.566135821133246 
0.565901740774340 
0.565669043940826 
0.565437624823143 
0.565207383378988 
0.564978226376775 
0.564750067883181 
0.564522829153587 
0.564296437949952 
0.564070827373064 
0.563845934346901 
0.563621697925489 
0.563398057603967 
0.563174951805556 
0.562952316688480 
0.562730085377477 
0.562508187679671 
0.562286550299979 
0.562065097530183 
0.561843752349784 
0.561622437845356 
0.561401078827435 
0.561179603500000 
0.560957945018283 
0.560736042759120 
0.560513843128329 
0.560291299745925 
0.560068372885562 
0.559845028099909 
0.559621234035927 
0.559396959526392 
0.559172170126692 
0.558946824337050 
0.558720869798839 
0.558494239771049 
0.558266850175816 
0.558038597452480 
0.557809357385715 
0.557578984986383 
0.557347315416722 
0.557114165875821 
0.556879338304956 
0.556642622739032 
0.556403801118892 
0.556162651385666 
0.555918951696151 
0.555672484621104 
0.555423041210844 
0.555170424831145 
0.554914454685832 
0.554654968951649 
0.554391827458010 
0.554124913852464 
0.553854137204786 
0.553579433020902 
0.553300763662893 
0.553018118202658 
0.552731511772010 
0.552440984507918 
0.552146600224067 
0.551848444964443 
0.551546625607383 
0.551241268686657 
0.550932519579610 
0.550620542184034 
0.550305519171300 
0.549987652870265 
0.549667166808805 
0.549344307914135 
0.549019349334994 
0.548692593773893 
0.548364377079645 
0.548035071636171 
0.547705088812469 
0.547374879474884 
0.547044931413731 
0.546715762624260 
0.546387909795893 
0.546061912103090 
0.545738291331926 
0.545417530283562 
0.545100051993501 
0.544786202381212 
0.544476238440129 
0.544170323121134 
0.543868526919216 
0.543570835144502 
0.543277159174793 
0.542987349742365 
0.542701210463115 
0.542418510242853 
0.542138993739874 
0.541862389594532 
0.541588416572005 
0.541316788067331 
0.541047215588899 
0.540779411882122 
0.540513094298806 
0.540247988878690 
0.539983835405248 
0.539720393445685 
0.539457449106951 
0.539194821964626 
0.538932371388398 
0.538670001343635 
0.538407662742136 
0.538145352584849 
0.537883109495952 
0.537621005758680 
0.537359136546064 
0.537097607572471 
0.536836522742445 
0.536575973441016 
0.536316030861502 
0.536056742253908 
0.535798131320422 
0.535540202335419 
0.535282947060461 
0.535026353241140 
0.534770413427103 
0.534515133008479 
0.534260536640040 
0.534006672553153 
0.533753614574237 
0.533501461938242 
0.533250337188384 
0.533000382584874 
0.532751755509473 
0.532504623356659 
0.532259158356067 
0.532015532687133 
0.531773914140956 
0.531534462473145 
0.531297326490892 
0.531062641839908 
0.530830529408570 
0.530601094247262 
0.530374424904987 
0.530150593103702 
0.529929653694216 
0.529711644857822 
0.529496588530187 
0.529284491026724 
0.529075343842672 
0.528869124589517 
0.528665798015867 
0.528465317049300 
0.528267623788929 
0.528072650378677 
0.527880319699085 
0.527690545830808 
0.527503234264370 
0.527318281856256 
0.527135576558422 
0.526954996973890 
0.526776411812469 
0.526599679335362 
0.526424646883793 
0.526251150584083 
0.526079015310304 
0.525908054967292 
0.525738073133677 
0.525568864079723 
0.525400214150789 
0.525231903486633 
0.525063708031198 
0.524895401777525 
0.524726759188018 
0.524557557730357 
0.524387580472558 
0.524216618685454 
0.524044474405436 
0.523870962913382 
0.523695915086148 
0.523519179574231 
0.523340624753413 
0.523160140390164 
0.522977638952365 
0.522793056491379 
0.522606353022494 
0.522417512342181 
0.522226541245929 
0.522033468150652 
0.521838341179160 
0.521641225824928 
0.521442202374152 
0.521241363307527 
0.521038810925718 
0.520834655433373 
0.520629013675843 
0.520422008656390 
0.520213769880422 
0.520004434489988 
0.519794149077420 
0.519583072007778 
0.519371376036359 
0.519159250976258 
0.518946906146888 
0.518734572314917 
0.518522502826408 
0.518310973630893 
0.518100281926147 
0.517890743217610 
0.517682686695008 
0.517476448977237 
0.517272366450375 
0.517070766597915 
0.516871958866859 
0.516676225699924 
0.516483814374016 
0.516294930213844 
0.516109731608860 
0.515928327076292 
0.515750774413973 
0.515577081804693 
0.515407210592079 
0.515241079359373 
0.515078568908345 
0.514919527748708 
0.514763777755876 
0.514611119722274 
0.514461338601494 
0.514314208314995 
0.514169496051341 
0.514026966034749 
0.513886382772736 
0.513747513813037 
0.513610132050263 
0.513474017625693 
0.513338959461880 
0.513204756469919 
0.513071218463144 
0.512938166808389 
0.512805434845414 
0.512672868107343 
0.512540324379465 
0.512407673639926 
0.512274797932251 
0.512141591224666 
0.512007959312953 
0.511873819820306 
0.511739102338019 
0.511603748734094 
0.511467713633234 
0.511330965042564 
0.511193485065049 
0.511055270610407 
0.510916333985451 
0.510776703226554 
0.510636422030572 
0.510495549150413 
0.510354157149090 
0.510212330451226 
0.510070162690211 
0.509927753416873 
0.509785204303475 
0.509642615036110 
0.509500079130587 
0.509357679925024 
0.509215486993850 
0.509073553193640 
0.508931912496581 
0.508790578700134 
0.508649545031336 
0.508508784599687 
0.508368251600810 
0.508227883137998 
0.508087601511249 
0.507947316821894 
0.507806929751731 
0.507666334394638 
0.507525421041197 
0.507384078839543 
0.507242198275360 
0.507099673429255 
0.506956403979807 
0.506812296925838 
0.506667268002770 
0.506521242766883 
0.506374157319660 
0.506225958644177 
0.506076604528522 
0.505926063058993 
0.505774311679164 
0.505621335830047 
0.505467127210439 
0.505311681723316 
0.505154997201251 
0.504997071027906 
0.504837897790866 
0.504677467110564 
0.504515761789515 
0.504352756414999 
0.504188416527989 
0.504022698443496 
0.503855549775384 
0.503686910685005 
0.503516715839874 
0.503344897037595 
0.503171386421605 
0.502996120188202 
0.502819042657653 
0.502640110554028 
0.502459297308433 
0.502276597168735 
0.502092028868881 
0.501905638587597 
0.501717501917566 
0.501527724580828 
0.501336441672384 
0.501143815296314 
0.500950030575486 
0.500755290157459 
0.500559807487954 
0.500363799256777 
0.500167477516649 
0.499971042015874 
0.499774673264395 
0.499578526774485 
0.499382728797295 
0.499187373735709 
0.498992523273000 
0.498798207131881 
0.498604425278625 
0.498411151314238 
0.498218336746940 
0.498025915813226 
0.497833810505521 
0.497641935471912 
0.497450202478843 
0.497258524173788 
0.497066816953187 
0.496875002830453 
0.496683010303730 
0.496490774332693 
0.496298235633108 
0.496105339571218 
0.495912034973511 
0.495718273153692 
0.495524007398922 
0.495329193061744 
0.495133788289548 
0.494937755309988 
0.494741062096907 
0.494543684180602 
0.494345606344995 
0.494146823971673 
0.493947343839938 
0.493747184262399 
0.493546374514877 
0.493344953595977 
0.493142968415582 
0.492940471556395 
0.492737518775277 
0.492534166412161 
0.492330468857442 
0.492126476199830 
0.491922232142085 
0.491717772238260 
0.491513122477332 
0.491308298216993 
0.491103303458196 
0.490898130444271 
0.490692759566001 
0.490487159553340 
0.490281287933928 
0.490075091737184 
0.489868508420735 
0.489661466994233 
0.489453889315390 
0.489245691535567 
0.489036785678091 
0.488827081341540 
0.488616487531367 
0.488404914634566 
0.488192276560808 
0.487978493076731 
0.487763492354976 
0.487547213743750 
0.487329610735183 
0.487110654071868 
0.486890334883101 
0.486668667690244 
0.486445693070910 
0.486221479733183 
0.485996125733143 
0.485769758580652 
0.485542534025752 
0.485314633402685 
0.485086259525036 
0.484857631261507 
0.484628977058608 
0.484400527792625 
0.484172509408643 
0.483945135825770 
0.483718602551838 
0.483493081365593 
0.483268716306944 
0.483045621088020 
0.482823877920364 
0.482603537662193 
0.482384621130877 
0.482167121398804 
0.481951006887503 
0.481736225085367 
0.481522706727921 
0.481310370289402 
0.481099126636989 
0.480888883695150 
0.480679550960928 
0.480471043706853 
0.480263286711658 
0.480056217373712 
0.479849788089126 
0.479643967814045 
0.479438742774420 
0.479234116331008 
0.479030108047117 
0.478826752038350 
0.478624094706847 
0.478422191979526 
0.478221106184575 
0.478020902716110 
0.477821646654416 
0.477623399525511 
0.477426216393339 
0.477230143473563 
0.477035216434695 
0.476841459508828 
0.476648885474150 
0.476457496502548 
0.476267285797669 
0.476078239891221 
0.475890341424463 
0.475703572220744 
0.475517916452607 
0.475333363719705 
0.475149911876662 
0.474967569477981 
0.474786357736031 
0.474606311915368 
0.474427482110932 
0.474249933379307 
0.474073745212053 
0.473899010360062 
0.473725833039122 
0.473554326570643 
0.473384610537540 
0.473216807562291 
0.473051039839532 
0.472887425575746 
0.472726075499822 
0.472567089607761 
0.472410554290890 
0.472256539970320 
0.472105099323706 
0.471956266147765 
0.471810054856629 
0.471666460576771 
0.471525459767735 
0.471387011276529 
0.471251057722913 
0.471117527111959 
0.470986334577349 
0.470857384171442 
0.470730570633760 
0.470605781086075 
0.470482896618136 
0.470361793742138 
0.470242345705723 
0.470124423662441 
0.470007897705262 
0.469892637773063 
0.469778514442518 
0.469665399618620 
0.469553167136724 
0.469441693287699 
0.469330857275820 
0.469220541616897 
0.469110632481769 
0.469001019988305 
0.468891598443345 
0.468782266535090 
0.468672927476233 
0.468563489098840 
0.468453863903606 
0.468343969068499 
0.468233726424734 
0.468123062411148 
0.468011908020857 
0.467900198756059 
0.467787874607455 
0.467674880073552 
0.467561164231774 
0.467446680867878 
0.467331388662879 
0.467215251428267 
0.467098238371640 
0.466980324367156 
0.466861490199656 
0.466741722749010 
0.466621015082904 
0.466499366432098 
0.466376782031647 
0.466253272823519 
0.466128855028635 
0.466003549607511 
0.465877381636314 
0.465750379627499 
0.465622574820614 
0.465494000459518 
0.465364691058867 
0.465234681647925 
0.465104006966882 
0.464972700583521 
0.464840793898954 
0.464708315021842 
0.464575287510664 
0.464441729010820 
0.464307649843652 
0.464173051632560 
0.464037926072165 
0.463902253955504 
0.463766004569247 
0.463629135547667 
0.463491593244940 
0.463353313646216 
0.463214223795578 
0.463074243678435 
0.462933288460932 
0.462791270962398 
0.462648104220280 
0.462503704001013 
0.462357991115058 
0.462210893410068 
0.462062347342760 
0.461912299067649 
0.461760705028137 
0.461607532090215 
0.461452757316390 
0.461296367530423 
0.461138358863274 
0.460978736488035 
0.460817514739135 
0.460654717765113 
0.460490380786720 
0.460324551931449 
0.460157294505880 
0.459988689465552 
0.459818837766152 
0.459647862243526 
0.459475908681049 
0.459303145780923 
0.459129763852583 
0.458955972152243 
0.458781994935472 
0.458608066403067 
0.458434424816519 
0.458261306125498 
0.458088937483004 
0.457917531025102 
0.457747278263885 
0.457578345388328 
0.457410869692464 
0.457244957260209 
0.457080681939335 
0.456918085543358 
0.456757179139511 
0.456597945221540 
0.456440340532767 
0.456284299298050 
0.456129736639566 
0.455976551984557 
0.455824632315958 
0.455673855162351 
0.455524091266650 
0.455375206909790 
0.455227065895263 
0.455079531222461 
0.454932466492545 
0.454785737101349 
0.454639211280878 
0.454492761055205 
0.454346263178352 
0.454199600120812 
0.454052661167030 
0.453905343677282 
0.453757554552941 
0.453609211923258 
0.453460247044285 
0.453310606367294 
0.453160253697042 
0.453009172322908 
0.452857366972877 
0.452704865416732 
0.452551719535856 
0.452398005686373 
0.452243824211932 
0.452089298010571 
0.451934570122773 
0.451779800377798 
0.451625161204843 
0.451470832776561 
0.451316997699119 
0.451163835491836 
0.451011517109640 
0.450860199754238 
0.450710022197104 
0.450561100801737 
0.450413526386836 
0.450267362019200 
0.450122641768968 
0.449979370404674 
0.449837523956050 
0.449697051032832 
0.449557874760997 
0.449419895185275 
0.449282991987802 
0.449147027385348 
0.449011849088468 
0.448877293231504 
0.448743187209258 
0.448609352381430 
0.448475606627395 
0.448341766750377 
0.448207650740743 
0.448073079913011 
0.447937880930476 
0.447801887725629 
0.447664943314852 
0.447526901492894 
0.447387628378063 
0.447247003764129 
0.447104922221592 
0.446961293881163 
0.446816044827942 
0.446669117037897 
0.446520467800026 
0.446370068588777 
0.446217903381295 
0.446063966451041 
0.445908259710143 
0.445750789713124 
0.445591564469328 
0.445430590235600 
0.445267868470188 
0.445103393120931 
0.444937148395051 
0.444769107116275 
0.444599229721846 
0.444427463893508 
0.444253744760201 
0.444077995564076 
0.443900128653090 
0.443720046659231 
0.443537643745789 
0.443352806861067 
0.443165417017091 
0.442975350712685 
0.442782481728699 
0.442586683621922 
0.442387833312634 
0.442185816175874 
0.441980532986060 
0.441771908910159 
0.441559904486422 
0.441344528167843 
0.441125849577790 
0.440904012173157 
0.440679243623316 
0.440451862002564 
0.440222275977980 
0.439990977642146 
0.439758527503925 
0.439525532309311 
0.439292617596727 
0.439060397899698 
0.438829448012498 
0.438600278569466 
0.438373318385781 
0.438148904783517 
0.437927281806983 
0.437708605131769 
0.437492951798425 
0.437280332706946 
0.437070706011169 
0.436863989998170 
0.436660074563611 
0.436458830874520 
0.436260119175876 
0.436063794927463 
0.435869713567247 
0.435677734218364 
0.435487722622035 
0.435299553516845 
0.435113112615768 
0.434928298268429 
0.434745022843519 
0.434563213827641 
0.434382814612437 
0.434203784931271 
0.434026100908880 
0.433849754700716 
0.433674753720621 
0.433501119482285 
0.433328886107154 
0.433158098573920 
0.432988810798219 
0.432821083632871 
0.432654982869061 
0.432490577299929 
0.432327936885211 
0.432167131034804 
0.432008227015473 
0.431851288481068 
0.431696374132098 
0.431543536521613 
0.431392821035714 
0.431244265083049 
0.431097897524708 
0.430953738362994 
0.430811798687124 
0.430672080850478 
0.430534578833010 
0.430399278728505 
0.430266159291999 
0.430135192487935 
0.430006343992220 
0.429879573617889 
0.429754835650881 
0.429632079096829 
0.429511247850419 
0.429392280805930 
0.429275111932245 
0.429159670339300 
0.429045880366851 
0.428933661730828 
0.428822929766990 
0.428713595814661 
0.428605567783552 
0.428498750942575 
0.428393048960208 
0.428288365211217 
0.428184604344931 
0.428081674087041 
0.427979487221757 
0.427877963676007 
0.427777032604560 
0.427676634356629 
0.427576722193231 
0.427477263622549 
0.427378241229976 
0.427279652901490 
0.427181511373954 
0.427083843091844 
0.426986686403493 
0.426890089185548 
0.426794106035186 
0.426698795208868 
0.426604215508106 
0.426510423313552 
0.426417469948685 
0.426325399516749 
0.426234247305671 
0.426144038803088 
0.426054789314900 
0.425966504141827 
0.425879179242864 
0.425792802302465 
0.425707354118050 
0.425622810231999 
0.425539142743209 
0.425456322243313 
0.425374319828506 
0.425293109137640 
0.425212668360716 
0.425132982150332 
0.425054043354714 
0.424975854478203 
0.424898428767660 
0.424821790824987 
0.424745976660138 
0.424671033126933 
0.424597016725039 
0.424523991802242 
0.424452028245637 
0.424381198801076 
0.424311576199132 
0.424243230286201 
0.424176225357380 
0.424110617863384 
0.424046454620896 
0.423983771601351 
0.423922593315769 
0.423862932760855 
0.423804791850615 
0.423748162231455 
0.423693026367797 
0.423639358787704 
0.423587127390384 
0.423536294735918 
0.423486819258240 
0.423438656362565 
0.423391759386029 
0.423346080414355 
0.423301570957710 
0.423258182495709 
0.423215866905504 
0.423174576788594 
0.423134265712154 
0.423094888379798 
0.423056400745228 
0.423018760080495 
0.422981925008842 
0.422945855510388 
0.422910512907410 
0.422875859834618 
0.422841860198722 
0.422808479130618 
0.422775682932763 
0.422743439023689 
0.422711715881108 
0.422680482984678 
0.422649710759201 
0.422619370518799 
0.422589434412423 
0.422559875370960 
0.422530667056069 
0.422501783810829 
0.422473200612249 
0.422444893025617 
0.422416837160687 
0.422389009629648 
0.422361387506827 
0.422333948290059 
0.422306669863648 
0.422279530462817 
0.422252508639558 
0.422225583229715 
0.422198733321194 
0.422171938223068 
0.422145177435396 
0.422118430619472 
0.422091677568225 
0.422064898176409 
0.422038072410192 
0.422011180275706 
0.421984201786068 
0.421957116926330 
0.421929905615813 
0.421902547667236 
0.421875022742081 
0.421847310301628 
0.421819389553207 
0.421791239391291 
0.421762838333229 
0.421734164449636 
0.421705195289777 
0.421675907802630 
0.421646278254827 
0.421616282147240 
0.421585894132636 
0.421555087937703 
0.421523836293598 
0.421492110880253 
0.421459882290814 
0.421427120023752 
0.421393792511545 
0.421359867195975 
0.421325310661323 
0.421290088837661 
0.421254167287062 
0.421217511585625 
0.421180087813503 
0.421141863163436 
0.421102806675191 
0.421062890098680 
0.421022088881957 
0.420980383271772 
0.420937759503744 
0.420894211047005 
0.420849739854786 
0.420804357559125 
0.420758086535930 
0.420710960758183 
0.420663026351858 
0.420614341773392 
0.420564977540575 
0.420515015471286 
0.420464547415642 
0.420413673504879 
0.420362499980644 
0.420311136706795 
0.420259694496899 
0.420208282409990 
0.420157005171481 
0.420105960864649 
0.420055239012189 
0.420004919130687 
0.419955069798602 
0.419905748235997 
0.419857000357007 
0.419808861227346 
0.419761355841245 
0.419714500124994 
0.419668302076637 
0.419622762960936 
0.419577878492870 
0.419533639959222 
0.419490035243888 
0.419447049737072 
0.419404667120543 
0.419362870030158 
0.419321640603127 
0.419280960921209 
0.419240813362702 
0.419201180876266 
0.419162047188762 
0.419123396957845 
0.419085215878354 
0.419047490749836 
0.419010209511005 
0.418973361245652 
0.418936936163527 
0.418900925559022 
0.418865321750059 
0.418830117999341 
0.418795308420082 
0.418760887868339 
0.418726851824178 
0.418693196263973 
0.418659917526191 
0.418627012173058 
0.418594476850424 
0.418562308148105 
0.418530502462818 
0.418499055865696 
0.418467963976187 
0.418437221844035 
0.418406823840811 
0.418376763562413 
0.418347033743738 
0.418317626186709 
0.418288531702593 
0.418259740069523 
0.418231240005873 
0.418203019160026 
0.418175064116790 
0.418147360420574 
0.418119892615116 
0.418092644299371 
0.418065598198957 
0.418038736252305 
0.418012039710597 
0.417985489250376 
0.417959065097684 
0.417932747162536 
0.417906515182515 
0.417880348874266 
0.417854228091673 
0.417828132989468 
0.417802044190961 
0.417775942958492 
0.417749811365022 
0.417723632465113 
0.417697390463243 
0.417671070877134 
0.417644660693430 
0.417618148512755 
0.417591524680881 
0.417564781402530 
0.417537912834189 
0.417510915152398 
0.417483786594093 
0.417456527466049 
0.417429140121033 
0.417401628899113 
0.417374000033548 
0.417346261521876 
0.417318422964020 
0.417290495370539 
0.417262490945364 
0.417234422848398 
0.417206304944277 
0.417178151544088 
0.417149977147121 
0.417121796189581 
0.417093622806715 
0.417065470614014 
0.417037352512093 
0.417009280518634 
0.416981265629415 
0.416953317709168 
0.416925445411723 
0.416897656127818 
0.416869955958074 
0.416842349707977 
0.416814840901291 
0.416787431808190 
0.416760123484416 
0.416732915817997 
0.416705807580413 
0.416678796479549 
0.416651879212256 
0.416625051514853 
0.416598308210369 
0.416571643251811 
0.416545049761092 
0.416518520063588 
0.416492045718609 
0.416465617546203 
0.416439225650921 
0.416412859443257 
0.416386507659573 
0.416360158381337 
0.416333799054572 
0.416307416510430 
0.416280996987813 
0.416254526159007 
0.416227989159337 
0.416201370621847 
0.416174654718076 
0.416147825206039 
0.416120865486515 
0.416093758668797 
0.416066487647015 
0.416039035188096 
0.416011384032328 
0.415983517007332 
0.415955417155964 
0.415927067878369 
0.415898453087918 
0.415869557380207 
0.415840366213585 
0.415810866098866 
0.415781044794941 
0.415750891506012 
0.415720397075049 
0.415689554167110 
0.415658357435088 
0.415626803659724 
0.415594891855150 
0.415562623331049 
0.415530001702828 
0.415497032842022 
0.415463724760552 
0.415430087424506 
0.415396132495648 
0.415361873001881 
0.415327322941155 
0.415292496826684 
0.415257409184444 
0.415222074016705 
0.415186504247301 
0.415150711165566 
0.415114703885994 
0.415078488839838 
0.415042069313062 
0.415005445042466 
0.414968611878645 
0.414931561521004 
0.414894281326604 
0.414856754191444 
0.414818958500083 
0.414780868137492 
0.414742452555702 
0.414703676887290 
0.414664502097900 
0.414624885170761 
0.414584779317453 
0.414544134210762 
0.414502896237328 
0.414461008769641 
0.414418412458900 
0.414375045551907 
0.414330844236792 
0.414285743023566 
0.414239675166504 
0.414192573135858 
0.414144369146583 
0.414094995751354 
0.414044386504243 
0.413992476699926 
0.413939204191037 
0.413884510283390 
0.413828340705089 
0.413770646641093 
0.413711385819652 
0.413650523631295 
0.413588034254913 
0.413523901759243 
0.413458121142165 
0.413390699265063 
0.413321655635736 
0.413251022991608 
0.413178847635733 
0.413105189482077 
0.413030121773930 
0.412953730450385 
0.412876113150207 
0.412797377859732 
0.412717641230607 
0.412637026612925 
0.412555661868142 
0.412473677042346 
0.412391201992509 
0.412308364064905 
0.412225285925173 
0.412142083633172 
0.412058865043205 
0.411975728592350 
0.411892762517810 
0.411810044520228 
0.411727641865564 
0.411645611895068 
0.411564002892787 
0.411482855243796 
0.411402202804895 
0.411322074403094 
0.411242495375824 
0.411163489070193 
0.411085078226220 
0.411007286180189 
0.410930137838216 
0.410853660386036 
0.410777883717791 
0.410702840583381 
0.410628566469538 
0.410555099243375 
0.410482478597781 
0.410410745345194 
0.410339940609522 
0.410270104965541 
0.410201277571177 
0.410133495331620 
0.410066792125986 
0.410001198118445 
0.409936739167221 
0.409873436337526 
0.409811305518778 
0.409750357142619 
0.409690595996140 
0.409632021124064 
0.409574625813897 
0.409518397658853 
0.409463318694123 
0.409409365602632 
0.409356509986543 
0.409304718700548 
0.409253954242410 
0.409204175195607 
0.409155336718341 
0.409107391072853 
0.409060288188977 
0.409013976256151 
0.408968402338699 
0.408923513009858 
0.408879255000697 
0.408835575860438 
0.408792424624703 
0.408749752487590 
0.408707513472217 
0.408665665092381 
0.408624168995383 
0.408582991572838 
0.408542104522978 
0.408501485344544 
0.408461117739620 
0.408420991900984 
0.408381104659319 
0.408341459467442 
0.408302066202831 
0.408262940776407 
0.408224104544431 
0.408185583531249 
0.408147407482442 
0.408109608779748 
0.408072221259677 
0.408035278985783 
0.407998815029033 
0.407962860311062 
0.407927442561008 
0.407892585428587 
0.407858307784849 
0.407824623228897 
0.407791539805200 
0.407759059923229 
0.407727180460224 
0.407695893019715 
0.407665184313327 
0.407635036631402 
0.407605428368715 
0.407576334574478 
0.407547727500243 
0.407519577124551 
0.407491851638634 
0.407464517882722 
0.407437541727103 
0.407410888396022 
0.407384522735502 
0.407358409428441 
0.407332513161843 
0.407306798751900 
0.407281231233103 
0.407255775917554 
0.407230398430471 
0.407205064727485 
0.407179741098902 
0.407154394165561 
0.407128990870463 
0.407103498469835 
0.407077884526875 
0.407052116910978 
0.407026163804867 
0.406999993721659 
0.406973575533538 
0.406946878513307 
0.406919872389692 
0.406892527416837 
0.406864814457945 
0.406836705082540 
0.406808171676237 
0.406779187561413 
0.406749727126565 
0.406719765961660 
0.406689280996347 
0.406658250637577 
0.406626654903031 
0.406594475546868 
0.406561696174625 
0.406528302344753 
0.406494281655207 
0.406459623814713 
0.406424320699783 
0.406388366400084 
0.406351757256300 
0.406314491896057 
0.406276571274452 
0.406237998726295 
0.406198780037000 
0.406158923538102 
0.406118440231612 
0.406077343944780 
0.406035651513551 
0.405993382989201 
0.405950561858618 
0.405907215264866 
0.405863374211383 
0.405819073730728 
0.405774352997743 
0.405729255367366 
0.405683828319404 
0.405638123296259 
0.405592195424777 
0.405546103119643 
0.405499907572623 
0.405453672138946 
0.405407461638485 
0.405361341594685 
0.405315377437819 
0.405269633700917 
0.405224173236351 
0.405179056478891 
0.405134340777105 
0.405090079809970 
0.405046323099878 
0.405003115627491 
0.404960497548615 
0.404918504008835 
0.404877165048290 
0.404836505586810 
0.404796545478576 
0.404757299625353 
0.404718778137921 
0.404680986536389 
0.404643925981256 
0.404607593528293 
0.404571982401375 
0.404537082278213 
0.404502879584522 
0.404469357792542 
0.404436497720086 
0.404404277826448 
0.404372674501681 
0.404341662345924 
0.404311214435789 
0.404281302575153 
0.404251897528131 
0.404222969232579 
0.404194486992933 
0.404166419651823 
0.404138735740366 
0.404111403607559 
0.404084391529610 
0.404057667800367 
0.404031200804312 
0.404004959073759 
0.403978911332024 
0.403953026524407 
0.403927273838831 
0.403901622717974 
0.403876042864673 
0.403850504242302 
0.403824977071772 
0.403799431826712 
0.403773839228350 
0.403748170241535 
0.403722396073362 
0.403696488175806 
0.403670418253863 
0.403644158280710 
0.403617680521499 
0.403590957567523 
0.403563962382613 
0.403536668363801 
0.403509049418405 
0.403481080059836 
0.403452735524556 
0.403423991912591 
0.403394826353967 
0.403365217203221 
0.403335144263740 
0.403304589043064 
0.403273535039388 
0.403241968058319 
0.403209876557400 
0.403177252014073 
0.403144089310550 
0.403110387126696 
0.403076148329417 
0.403041380344530 
0.403006095494733 
0.402970311285408 
0.402934050618827 
0.402897341917141 
0.402860219135641 
0.402822721650255 
0.402784894007302 
0.402746785528982 
0.402708449774799 
0.402669943866682 
0.402631327693373 
0.402592663017184 
0.402554012512634 
0.402515438771247 
0.402477003309379 
0.402438765616054 
0.402400782275376 
0.402363106193426 
0.402325785953031 
0.402288865312137 
0.402252382853311 
0.402216371783993 
0.402180859879971 
0.402145869558737 
0.402111418065117 
0.402077517748924 
0.402044176413314 
0.402011397712848 
0.401979181581618 
0.401947524673985 
0.401916420803112 
0.401885861365292 
0.401855835740950 
0.401826331665795 
0.401797335567988 
0.401768832869200 
0.401740808249079 
0.401713245873924 
0.401686129591323 
0.401659443093181 
0.401633170049969 
0.401607294219253 
0.401581799531602 
0.401556670156943 
0.401531890554251 
0.401507445507289 
0.401483320148847 
0.401459499975691 
0.401435970856158 
0.401412719032066 
0.401389731116396 
0.401366994087924 
0.401344495283809 
0.401322222390946 
0.401300163436691 
0.401278306779482 
0.401256641099688 
0.401235155390940 
0.401213838952124 
0.401192681380097 
0.401171672563160 
0.401150802675270 
0.401130062170915 
0.401109441780572 
0.401088932506627 
0.401068525619647 
0.401048212654851 
0.401027985408667 
0.401007835935227 
0.400987756542678 
0.400967739789204 
0.400947778478632 
0.400927865655549 
0.400907994599858 
0.400888158820716 
0.400868352049820 
0.400848568234050 
0.400828801527469 
0.400809046282730 
0.400789297041964 
0.400769548527220 
0.400749795630595 
0.400730033404168 
0.400710257049908 
0.400690461909705 
0.400670643455716 
0.400650797281209 
0.400630919092072 
0.400611004699192 
0.400591050011866 
0.400571051032391 
0.400551003851995 
0.400530904648199 
0.400510749683724 
0.400490535306985 
0.400470257954210 
0.400449914153174 
0.400429500528505 
0.400409013808507 
0.400388450833372 
0.400367808564657 
0.400347084095862 
0.400326274663918 
0.400305377661367 
0.400284390649009 
0.400263311368760 
0.400242137756474 
0.400220867954448 
0.400199500323350 
0.400178033453287 
0.400156466173759 
0.400134797562221 
0.400113026951017 
0.400091153932434 
0.400069178361665 
0.400047100357472 
0.400024920300370 
0.400002638828174 
0.399980256828769 
0.399957775430010 
0.399935195986666 
0.399912520064360 
0.399889749420492 
0.399866885982151 
0.399843931821071 
0.399820889125696 
0.399797760170474 
0.399774547282525 
0.399751252805840 
0.399727879063260 
0.399704428316447 
0.399680902724156 
0.399657304299134 
0.399633634863997 
0.399609896006512 
0.399586089034744 
0.399562214932566 
0.399538274316107 
0.399514267391767 
0.399490193916473 
0.399466053160950 
0.399441843876846 
0.399417564268602 
0.399393211971081 
0.399368784034019 
0.399344276914455 
0.399319686478362 
0.399295008012755 
0.399270236249618 
0.399245365402979 
0.399220389220454 
0.399195301050520 
0.399170093926655 
0.399144760669280 
0.399119294006169 
0.399093686711623 
0.399067931764224 
0.399042022522374 
0.399015952916150 
0.398989717653118 
0.398963312434879 
0.398936734180072 
0.398909981248530 
0.398883053660265 
0.398855953302016 
0.398828684113318 
0.398801252243572 
0.398773666171422 
0.398745936778087 
0.398718077367080 
0.398690103624179 
0.398662033513418 
0.398633887107362 
0.398605686352776 
0.398577454775899 
0.398549217134706 
0.398520999028449 
0.398492826477308 
0.398464725486776 
0.398436721612478 
0.398408839541092 
0.398381102702224 
0.398353532924229 
0.398326150144473 
0.398298972181462 
0.398272014572926 
0.398245290480633 
0.398218810659584 
0.398192583486634 
0.398166615041445 
0.398140909231302 
0.398115467950547 
0.398090291265219 
0.398065377613871 
0.398040724016317 
0.398016326283105 
0.397992179219759 
0.397968276821085 
0.397944612452099 
0.397921179013266 
0.397897969088757 
0.397874975077257 
0.397852189305552 
0.397829604125605 
0.397807211996226 
0.397785005550635 
0.397762977651400 
0.397741121434206 
0.397719430341941 
0.397697898150500 
0.397676518987591 
0.397655287345711 
0.397634198090336 
0.397613246464209 
0.397592428088484 
0.397571738961359 
0.397551175454688 
0.397530734308959 
0.397510412626929 
0.397490207866101 
0.397470117830172 
0.397450140659493 
0.397430274820561 
0.397410519094516 
0.397390872564582 
0.397371334602424 
0.397351904853356 
0.397332583220388 
0.397313369847108 
0.397294265099464 
0.397275269546497 
0.397256383940200 
0.397237609194671 
0.397218946364783 
0.397200396624660 
0.397181961246256 
0.397163641578352 
0.397145439026322 
0.397127355032979 
0.397109391060816 
0.397091548575915 
0.397073829033749 
0.397056233867040 
0.397038764475777 
0.397021422219418 
0.397004208411241 
0.396987124314698 
0.396970171141612 
0.396953350051944 
0.396936662154848 
0.396920108510669 
0.396903690133527 
0.396887407994124 
0.396871263022423 
0.396855256109853 
0.396839388110760 
0.396823659842833 
0.396808072086337 
0.396792625582003 
0.396777321027522 
0.396762159072638 
0.396747140312915 
0.396732265282298 
0.396717534444646 
0.396702948184458 
0.396688506797049 
0.396674210478433 
0.396660059315221 
0.396646053274793 
0.396632192196010 
0.396618475780734 
0.396604903586346 
0.396591475019445 
0.396578189330882 
0.396565045612199 
0.396552042793538 
0.396539179643027 
0.396526454767604 
0.396513866615215 
0.396501413478295 
0.396489093498386 
0.396476904671774 
0.396464844855974 
0.396452911776892 
0.396441103036518 
0.396429416120960 
0.396417848408674 
0.396406397178746 
0.396395059619072 
0.396383832834325 
0.396372713853598 
0.396361699637638 
0.396350787085571 
0.396339973041087 
0.396329254298014 
0.396318627605254 
0.396308089671052 
0.396297637166596 
0.396287266728929 
0.396276974963175 
0.396266758444103 
0.396256613717012 
0.396246537297980 
0.396236525673467 
0.396226575299308 
0.396216682599103 
0.396206843962018 
0.396197055740016 
0.396187314244527 
0.396177615742569 
0.396167956452327 
0.396158332538187 
0.396148740105240 
0.396139175193235 
0.396129633770001 
0.396120111724292 
0.396110604858090 
0.396101108878297 
0.396091619387848 
0.396082131876182 
0.396072641709071 
0.396063144117760 
0.396053634187403 
0.396044106844746 
0.396034556845030 
0.396024978758061 
0.396015366953430 
0.396005715584802 
0.395996018573272 
0.395986269589710 
0.395976462036067 
0.395966589025590 
0.395956643361917 
0.395946617517003 
0.395936503607847 
0.395926293372002 
0.395915978141851 
0.395905548817640 
0.395894995839291 
0.395884309157026 
0.395873478200865 
0.395862491849072 
0.395851338395695 
0.395840005517356 
0.395828480239513 
0.395816748902479 
0.395804797127552 
0.395792609783695 
0.395780170955286 
0.395767463911618 
0.395754471078874 
0.395741174015540 
0.395727553392291 
0.395713588977629 
0.395699259630691 
0.395684543302900 
0.395669417050307 
0.395653857058731 
0.395637838684007 
0.395621336509884 
0.395604324426322 
0.395586775731087 
0.395568663257675 
0.395549959532663 
0.395530636965499 
0.395510668073615 
0.395490025745427 
0.395468683543278 
0.395446616047677 
0.395423799243255 
0.395400210945649 
0.395375831267046 
0.395350643116369 
0.395324632728102 
0.395297790211521 
0.395270110109742 
0.395241591955602 
0.395212240809000 
0.395182067758261 
0.395151090366309 
0.395119333041330 
0.395086827311184 
0.395053611981471 
0.395019733158765 
0.394985244123430 
0.394950205040486 
0.394914682502216 
0.394878748902368 
0.394842481648722 
0.394805962227982 
0.394769275144127 
0.394732506757879 
0.394695744060472 
0.394659073418897 
0.394622579331984 
0.394586343236793 
0.394550442402740 
0.394514948946934 
0.394479928998314 
0.394445442031167 
0.394411540380561 
0.394378268944064 
0.394345665066094 
0.394313758594116 
0.394282572089835 
0.394252121174002 
0.394222414980425 
0.394193456693427 
0.394165244143004 
0.394137770433290 
0.394111024582218 
0.394084992153252 
0.394059655863436 
0.394034996155505 
0.394010991725194 
0.393987619998037 
0.393964857552663 
0.393942680489943 
0.393921064749179 
0.393899986373893 
0.393879421730819 
0.393859347686263 
0.393839741744360 
0.393820582151847 
0.393801847973836 
0.393783519144895 
0.393765576499381 
0.393748001784649 
0.393730777660337 
0.393713887686554 
0.393697316303398 
0.393681048803914 
0.393665071302228 
0.393649370698332 
0.393633934640714 
0.393618751487817 
0.393603810269094 
0.393589100646270 
0.393574612875279 
0.393560337769215 
0.393546266662559 
0.393532391376835 
0.393518704187812 
0.393505197794298 
0.393491865288541 
0.393478700128220 
0.393465696109990 
0.393452847344519 
0.393440148232956 
0.393427593444749 
0.393415177896756 
0.393402896733547 
0.393390745308834 
0.393378719167965 
0.393366814031385 
0.393355025779027 
0.393343350435553 
0.393331784156387 
0.393320323214490 
0.393308963987829 
0.393297702947483 
0.393286536646349 
0.393275461708396 
0.393264474818439 
0.393253572712381 
0.393242752167897 
0.393232009995506 
0.393221343030016 
0.393210748122281 
0.393200222131263 
0.393189761916325 
0.393179364329760 
0.393169026209483 
0.393158744371876 
0.393148515604729 
0.393138336660252 
0.393128204248120 
0.393118115028508 
0.393108065605080 
0.393098052517903 
0.393088072236238 
0.393078121151186 
0.393068195568139 
0.393058291699018 
0.393048405654246 
0.393038533434456 
0.393028670921864 
0.393018813871320 
0.393008957900984 
0.392999098482618 
0.392989230931482 
0.392979350395805 
0.392969451845832 
0.392959530062454 
0.392949579625396 
0.392939594901008 
0.392929570029660 
0.392919498912771 
0.392909375199527 
0.392899192273332 
0.392888943238072 
0.392878620904264 
0.392868217775218 
0.392857726033323 
0.392847137526605 
0.392836443755743 
0.392825635861726 
0.392814704614379 
0.392803640402019 
0.392792433222498 
0.392781072675951 
0.392769547959566 
0.392757847864709 
0.392745960776770 
0.392733874678072 
0.392721577154196 
0.392709055404059 
0.392696296254013 
0.392683286176238 
0.392670011311566 
0.392656457496839 
0.392642610296751 
0.392628455040017 
0.392613976859573 
0.392599160736356 
0.392583991546056 
0.392568454108156 
0.392552533236423 
0.392536213790024 
0.392519480724465 
0.392502319141687 
0.392484714338940 
0.392466651856422 
0.392448117524269 
0.392429097510151 
0.392409578369570 
0.392389547101909 
0.392368991216232 
0.392347898811755 
0.392326258678715 
0.392304060425837 
0.392281294640674 
0.392257953088661 
0.392234028955485 
0.392209517135449 
0.392184414565636 
0.392158720602040 
0.392132437429373 
0.392105570491417 
0.392078128923690 
0.392050125965473 
0.392021579324441 
0.391992511464795 
0.391962949789659 
0.391932926690945 
0.391902479445248 
0.391871649942570 
0.391840484245297 
0.391809031987100 
0.391777345634000 
0.391745479641442 
0.391713489550281 
0.391681431069986 
0.391649359198245 
0.391617327422342 
0.391585387039588 
0.391553586622719 
0.391521971643026 
0.391490584250524 
0.391459463198323 
0.391428643888718 
0.391398158512060 
0.391368036246639 
0.391338303488273 
0.391308984081596 
0.391280099530470 
0.391251669171466 
0.391223710301393 
0.391196238256417 
0.391169266446080 
0.391142806349956 
0.391116867487660 
0.391091457374444 
0.391066581474716 
0.391042243164831 
0.391018443714582 
0.390995182294372 
0.390972456012363 
0.390950259983191 
0.390928587427390 
0.390907429798685 
0.390886776934706 
0.390866617225747 
0.390846937795679 
0.390827724689112 
0.390808963059250 
0.390790637351517 
0.390772731478811 
0.390755228985158 
0.390738113195411 
0.390721367349498 
0.390704974720490 
0.390688918716395 
0.390673182966102 
0.390657751390314 
0.390642608258574 
0.390627738233663 
0.390613126404768 
0.390598758310802 
0.390584619955266 
0.390570697813934 
0.390556978836590 
0.390543450443892 
0.390530100520351 
0.390516917404286 
0.390503889875479 
0.390491007141190 
0.390478258821046 
0.390465634931249 
0.390453125868488 
0.390440722393823 
0.390428415616789 
0.390416196979904 
0.390404058243710 
0.390391991472461 
0.390379989020510 
0.390368043519461 
0.390356147866094 
0.390344295211081 
0.390332478948476 
0.390320692705970 
0.390308930335885 
0.390297185906863 
0.390285453696233 
0.390273728182992 
0.390262004041373 
0.390250276134950 
0.390238539511234 
0.390226789396715 
0.390215021192310 
0.390203230469168 
0.390191412964802 
0.390179564579495 
0.390167681372957 
0.390155759561198 
0.390143795513582 
0.390131785750038 
0.390119726938410 
0.390107615891914 
0.390095449566688 
0.390083225059425 
0.390070939605067 
0.390058590574534 
0.390046175472501 
0.390033691935183 
0.390021137728117 
0.390008510743930 
0.389995809000062 
0.389983030636414 
0.389970173912895 
0.389957237206829 
0.389944219010170 
0.389931117926485 
0.389917932667641 
0.389904662050127 
0.389891304990954 
0.389877860503046 
0.389864327690051 
0.389850705740475 
0.389836993921078 
0.389823191569416 
0.389809298085476 
0.389795312922302 
0.389781235575536 
0.389767065571829 
0.389752802456017 
0.389738445777052 
0.389723995072615 
0.389709449852389 
0.389694809579975 
0.389680073653425 
0.389665241384411 
0.389650311976022 
0.389635284499223 
0.389620157867991 
0.389604930813179 
0.389589601855128 
0.389574169275088 
0.389558631085494 
0.389542984999142 
0.389527228397329 
0.389511358297004 
0.389495371316993 
0.389479263643374 
0.389463030994059 
0.389446668582674 
0.389430171081854 
0.389413532586059 
0.389396746574100 
0.389379805871570 
0.389362702613466 
0.389345428207356 
0.389327973297566 
0.389310327730961 
0.389292480525109 
0.389274419839763 
0.389256132952878 
0.389237606242659 
0.389218825177454 
0.389199774315739 
0.389180437318836 
0.389160796979550 
0.389140835270407 
0.389120533415748 
0.389099871992475 
0.389078831064760 
0.389057390358434 
0.389035529480967 
0.389013228192959 
0.388990466736550 
0.388967226225247 
0.388943489097965 
0.388919239637632 
0.388894464551275 
0.388869153604020 
0.388843300294029 
0.388816902549000 
0.388789963418044 
0.388762491725798 
0.388734502649511 
0.388706018175273 
0.388677067387753 
0.388647686549674 
0.388617918933674 
0.388587814380461 
0.388557428573154 
0.388526822037266 
0.388496058897306 
0.388465205441892 
0.388434328567161 
0.388403494180372 
0.388372765650237 
0.388342202386829 
0.388311858622199 
0.388281782444812 
0.388252015118914 
0.388222590696973 
0.388193535912028 
0.388164870319450 
0.388136606645575 
0.388108751294296 
0.388081304961679 
0.388054263311900 
0.388027617674075 
0.388001355727435 
0.387975462150727 
0.387949919219596 
0.387924707342708 
0.387899805532892 
0.387875191813856 
0.387850843565909 
0.387826737815964 
0.387802851478025 
0.387779161550656 
0.387755645277760 
0.387732280278540 
0.387709044651904 
0.387685917059849 
0.387662876793694 
0.387639903826302 
0.387616978852826 
0.387594083321922 
0.387571199458888 
0.387548310281726 
0.387525399610788 
0.387502452072366 
0.387479453096389 
0.387456388908225 
0.387433246514556 
0.387410013683288 
0.387386678917573 
0.387363231424158 
0.387339661076529 
0.387315958373585 
0.387292114394922 
0.387268120754128 
0.387243969551856 
0.387219653330745 
0.387195165034515 
0.387170497973758 
0.387145645800965 
0.387120602497288 
0.387095362373279 
0.387069920085441 
0.387044270669851 
0.387018409593371 
0.386992332822068 
0.386966036905461 
0.386939519074155 
0.386912777347302 
0.386885810645323 
0.386858618902384 
0.386831203172415 
0.386803565722007 
0.386775710103445 
0.386747641201405 
0.386719365247643 
0.386690889799167 
0.386662223677054 
0.386633376865066 
0.386604360369517 
0.386575186044279 
0.386545866387220 
0.386516414316551 
0.386486842937423 
0.386457165310323 
0.386427394233441 
0.386397542050974 
0.386367620498317 
0.386337640593394 
0.386307612580925 
0.386277545933549 
0.386247449410452 
0.386217331170827 
0.386187198936226 
0.386157060192930 
0.386126922422950 
0.386096793350462 
0.386066681189264 
0.386036594876524 
0.386006544278510 
0.385976540355200 
0.385946595272653 
0.385916722454638 
0.385886936568131 
0.385857253440759 
0.385827689911969 
0.385798263623200 
0.385768992755704 
0.385739895727400 
0.385710990862257 
0.385682296046960 
0.385653828389941 
0.385625603897256 
0.385597637178357 
0.385569941192651 
0.385542527045024 
0.385515403835565 
0.385488578565684 
0.385462056099912 
0.385435839180191 
0.385409928487379 
0.385384322743225 
0.385359018845157 
0.385334012025875 
0.385309296029864 
0.385284863299465 
0.385260705163977 
0.385236812026203 
0.385213173541989 
0.385189778789343 
0.385166616424772 
0.385143674825368 
0.385120942215970 
0.385098406781394 
0.385076056764168 
0.385053880548642 
0.385031866732545 
0.385010004187220 
0.384988282107831 
0.384966690054856 
0.384945217988077 
0.384923856294264 
0.384902595809568 
0.384881427837591 
0.384860344163918 
0.384839337067794 
0.384818399331530 
0.384797524248048 
0.384776705626940 
0.384755937799253 
0.384735215621184 
0.384714534476733 
0.384693890279340 
0.384673279472445 
0.384652699028876 
0.384632146448908 
0.384611619756831 
0.384591117495813 
0.384570638720863 
0.384550182989650 
0.384529750350980 
0.384509341330726 
0.384488956915031 
0.384468598530630 
0.384448268022196 
0.384427967626646 
0.384407699944410 
0.384387467907712 
0.384367274746008 
0.384347123948758 
0.384327019225809 
0.384306964465715 
0.384286963692389 
0.384267021020539 
0.384247140610388 
0.384227326622211 
0.384207583171249 
0.384187914283570 
0.384168323853447 
0.384148815602794 
0.384129393043182 
0.384110059440891 
0.384090817785424 
0.384071670761816 
0.384052620726994 
0.384033669690404 
0.384014819298972 
0.383996070826461 
0.383977425167126 
0.383958882833567 
0.383940443958579 
0.383922108300726 
0.383903875253362 
0.383885743856740 
0.383867712812859 
0.383849780502654 
0.383831945005144 
0.383814204118161 
0.383796555380265 
0.383778996093509 
0.383761523346694 
0.383744134038812 
0.383726824902397 
0.383709592526512 
0.383692433379168 
0.383675343828956 
0.383658320165736 
0.383641358620227 
0.383624455382390 
0.383607606618477 
0.383590808486683 
0.383574057151314 
0.383557348795425 
0.383540679631850 
0.383524045912615 
0.383507443936668 
0.383490870055905 
0.383474320679455 
0.383457792276198 
0.383441281375491 
0.383424784566075 
0.383408298493146 
0.383391819853576 
0.383375345389269 
0.383358871878644 
0.383342396126272 
0.383325914950644 
0.383309425170124 
0.383292923587116 
0.383276406970486 
0.383259872036317 
0.383243315427067 
0.383226733689246 
0.383210123249712 
0.383193480390731 
0.383176801223967 
0.383160081663559 
0.383143317398501 
0.383126503864537 
0.383109636215813 
0.383092709296554 
0.383075717613048 
0.383058655306253 
0.383041516125368 
0.383024293402710 
0.383006980030322 
0.382989568438699 
0.382972050578085 
0.382954417902832 
0.382936661359301 
0.382918771377853 
0.382900737869477 
0.382882550227630 
0.382864197335861 
0.382845667581841 
0.382826948878330 
0.382808028691687 
0.382788894078393 
0.382769531730064 
0.382749928027319 
0.382730069102751 
0.382709940913161 
0.382689529321037 
0.382668820185131 
0.382647799459839 
0.382626453302939 
0.382604768191164 
0.382582731043025 
0.382560329348307 
0.382537551303802 
0.382514385955008 
0.382490823343854 
0.382466854662918 
0.382442472417033 
0.382417670593652 
0.382392444843749 
0.382366792675225 
0.382340713660740 
0.382314209661394 
0.382287285066654 
0.382259947049286 
0.382232205831683 
0.382204074957080 
0.382175571555607 
0.382146716591499 
0.382117535074123 
0.382088056212544 
0.382058313491435 
0.382028344645986 
0.381998191515300 
0.381967899758149 
0.381937518421576 
0.381907099361672 
0.381876696526058 
0.381846365118328 
0.381816160674726 
0.381786138091542 
0.381756350646987 
0.381726849062958 
0.381697680649903 
0.381668888572106 
0.381640511261905 
0.381612582000621 
0.381585128672662 
0.381558173688342 
0.381531734061722 
0.381505821622629 
0.381480443337553 
0.381455601712037 
0.381431295247529 
0.381407518927594 
0.381384264711732 
0.381361522018912 
0.381339278187113 
0.381317518899150 
0.381296228568640 
0.381275390682960 
0.381254988102520 
0.381235003317439 
0.381215418664036 
0.381196216504359 
0.381177379372429 
0.381158890091049 
0.381140731862996 
0.381122888340222 
0.381105343674431 
0.381088082552059 
0.381071090216374 
0.381054352479028 
0.381037855723110 
0.381021586899415 
0.381005533517382 
0.380989683631911 
0.380974025827054 
0.380958549197380 
0.380943243327677 
0.380928098271497 
0.380913104528961 
0.380898253024137 
0.380883535082225 
0.380868942406742 
0.380854467056833 
0.380840101424813 
0.380825838213998 
0.380811670416893 
0.380797591293764 
0.380783594351616 
0.380769673323619 
0.380755822148988 
0.380742034953341 
0.380728306029576 
0.380714629819276 
0.380701000894690 
0.380687413941323 
0.380673863741176 
0.380660345156690 
0.380646853115435 
0.380633382595605 
0.380619928612369 
0.380606486205131 
0.380593050425759 
0.380579616327832 
0.380566178956952 
0.380552733342175 
0.380539274488582 
0.380525797371049 
0.380512296929224 
0.380498768063725 
0.380485205633588 
0.380471604454931 
0.380457959300853 
0.380444264902507 
0.380430515951325 
0.380416707102331 
0.380402832978473 
0.380388888175866 
0.380374867269849 
0.380360764821727 
0.380346575386023 
0.380332293518090 
0.380317913781869 
0.380303430757567 
0.380288839049027 
0.380274133290502 
0.380259308152556 
0.380244358346782 
0.380229278629003 
0.380214063800633 
0.380198708707840 
0.380183208238181 
0.380167557314347 
0.380151750884713 
0.380135783910374 
0.380119651348390 
0.380103348131016 
0.380086869140719 
0.380070209180859 
0.380053362941980 
0.380036324963724 
0.380019089592461 
0.380001650934859 
0.379984002807657 
0.379966138684051 
0.379948051637212 
0.379929734281544 
0.379911178712432 
0.379892376445372 
0.379873318355469 
0.379853994618490 
0.379834394654783 
0.379814507077574 
0.379794319647355 
0.379773819234284 
0.379752991790796 
0.379731822336870 
0.379710294960726 
0.379688392838027 
0.379666098272966 
0.379643392764972 
0.379620257104981 
0.379596671505435 
0.379572615768225 
0.379548069494645 
0.379523012341028 
0.379497424323005 
0.379471286170120 
0.379444579730842 
0.379417288425761 
0.379389397743803 
0.379360895772844 
0.379331773752108 
0.379302026629372 
0.379271653601753 
0.379240658614879 
0.379209050792312 
0.379176844765593 
0.379144060875890 
0.379110725221399 
0.379076869530587 
0.379042530850109 
0.379007751047264 
0.378972576139317 
0.378937055474775 
0.378901240803183 
0.378865185278928 
0.378828942449491 
0.378792565278984 
0.378756105253389 
0.378719611605260 
0.378683130683871 
0.378646705483374 
0.378610375328190 
0.378574175703060 
0.378538138206096 
0.378502290597594 
0.378466656915216 
0.378431257627346 
0.378396109800163 
0.378361227259407 
0.378326620734087 
0.378292297975695 
0.378258263852061 
0.378224520419606 
0.378191066980905 
0.378157900136376 
0.378125013839454 
0.378092399464181 
0.378060045892841 
0.378027939629550 
0.377996064943673 
0.377964404045007 
0.377932937290815 
0.377901643423327 
0.377870499835185 
0.377839482859509 
0.377808568080861 
0.377777730663201 
0.377746945690905 
0.377716188519080 
0.377685435129487 
0.377654662488424 
0.377623848902890 
0.377592974371112 
0.377562020923147 
0.377530972946765 
0.377499817493190 
0.377468544556649 
0.377437147320987 
0.377405622366202 
0.377373969827364 
0.377342193498502 
0.377310300874415 
0.377278303124304 
0.377246214992463 
0.377214054623242 
0.377181843309774 
0.377149605168742 
0.377117366746367 
0.377085156563824 
0.377053004613157 
0.377020941817210 
0.376988999469105 
0.376957208667941 
0.376925599767793 
0.376894201856538 
0.376863042279656 
0.376832146221933 
0.376801536357189 
0.376771232572934 
0.376741251773397 
0.376711607761011 
0.376682311193313 
0.376653369609513 
0.376624787518901 
0.376596566541742 
0.376568705592478 
0.376541201094824 
0.376514047218649 
0.376487236129242 
0.376460758240620 
0.376434602465773 
0.376408756458054 
0.376383206839278 
0.376357939411312 
0.376332939349113 
0.376308191374113 
0.376283679907667 
0.376259389204929 
0.376235303469976 
0.376211406953357 
0.376187684033426 
0.376164119282961 
0.376140697522561 
0.376117403862329 
0.376094223733257 
0.376071142909602 
0.376048147523523 
0.376025224073018 
0.376002359424185 
0.375979540808674 
0.375956755817092 
0.375933992389090 
0.375911238800700 
0.375888483649506 
0.375865715838100 
0.375842924556269 
0.375820099262269 
0.375797229663504 
0.375774305696888 
0.375751317509062 
0.375728255436658 
0.375705109986631 
0.375681871816719 
0.375658531715919 
0.375635080584873 
0.375611509415907 
0.375587809272458 
0.375563971267518 
0.375539986540667 
0.375515846233261 
0.375491541461282 
0.375467063285385 
0.375442402677687 
0.375417550484921 
0.375392497387664 
0.375367233855438 
0.375341750097686 
0.375316036010743 
0.375290081121144 
0.375263874525841 
0.375237404830044 
0.375210660083697 
0.375183627717756 
0.375156294481614 
0.375128646383219 
0.375100668633508 
0.375072345596898 
0.375043660749628 
0.375014596647701 
0.374985134906187 
0.374955256191533 
0.374924940228365 
0.374894165822139 
0.374862910898722 
0.374831152561712 
0.374798867168013 
0.374766030421758 
0.374732617486249 
0.374698603113122 
0.374663961787354 
0.374628667886173 
0.374592695849321 
0.374556020357478 
0.374518616515091 
0.374480460033361 
0.374441527408755 
0.374401796092326 
0.374361244645238 
0.374319852876399 
0.374277601959075 
0.374234474524702 
0.374190454733906 
0.374145528326976 
0.374099682658457 
0.374052906723064 
0.374005191182546 
0.373956528405057 
0.373906912529859 
0.373856339570397 
0.373804807567730 
0.373752316803803 
0.373698870080009 
0.373644473061036 
0.373589134677280 
0.373532867571643 
0.373475688568799 
0.373417619137778 
0.373358685812746 
0.373298920533062 
0.373238360862737 
0.373177050052009 
0.373115036910087 
0.373052375468190 
0.372989124425192 
0.372925346383452 
0.372861106898391 
0.372796473380301 
0.372731513899162 
0.372666295951430 
0.372600885250909 
0.372535344603689 
0.372469732920005 
0.372404104404902 
0.372338507956004 
0.372272986782180 
0.372207578242877 
0.372142313895563 
0.372077219728857 
0.372012316551865 
0.371947620506016 
0.371883143663958 
0.371818894680490 
0.371754879462559 
0.371691101828666 
0.371627564132215 
0.371564267828191 
0.371501213967752 
0.371438403610749 
0.371375838151569 
0.371313519558823 
0.371251450534029 
0.371189634598249 
0.371128076118508 
0.371066780287449 
0.371005753070115 
0.370945001130906 
0.370884531751880 
0.370824352750917 
0.370764472405094 
0.370704899381488 
0.370645642674725 
0.370586711548402 
0.370528115476213 
0.370469864078275 
0.370411967048820 
0.370354434072931 
0.370297274732119 
0.370240498400861 
0.370184114138598 
0.370128130583589 
0.370072555856336 
0.370017397480746 
0.369962662330854 
0.369908356609581 
0.369854485864124 
0.369801055039984 
0.369748068572957 
0.369695530515551 
0.369643444691808 
0.369591814872313 
0.369540644959699 
0.369489939173993 
0.369439702227005 
0.369389939475424 
0.369340657043348 
0.369291861906565 
0.369243561932887 
0.369195765875051 
0.369148483315063 
0.369101724561236 
0.369055500501374 
0.369009822417571 
0.368964701769754 
0.368920149956349 
0.368876178061261 
0.368832796596725 
0.368790015251373 
0.368747842652362 
0.368706286149403 
0.368665351627244 
0.368625043351717 
0.368585363852760 
0.368546313846255 
0.368507892194871 
0.368470095906656 
0.368432920168915 
0.368396358413821 
0.368360402411540 
0.368325042386113 
0.368290267149177 
0.368256064246544 
0.368222420112977 
0.368189320230768 
0.368156749288253 
0.368124691334953 
0.368093129930584 
0.368062048285772 
0.368031429392874 
0.368001256145790 
0.367971511448100 
0.367942178309246 
0.367913239928802 
0.367884679769060 
0.367856481616437 
0.367828629632241 
0.367801108393498 
0.367773902924519 
0.367746998719983 
0.367720381760235 
0.367694038519543 
0.367667955968011 
0.367642121567817 
0.367616523264439 
0.367591149473495 
0.367565989063810 
0.367541031337306 
0.367516266006309 
0.367491683168829 
0.367467273282402 
0.367443027137028 
0.367418935827753 
0.367394990727413 
0.367371183460033 
0.367347505875339 
0.367323950024805 
0.367300508139599 
0.367277172610748 
0.367253935971749 
0.367230790883815 
0.367207730123847 
0.367184746575142 
0.367161833220780 
0.367138983139547 
0.367116189504172 
0.367093445581585 
0.367070744734846 
0.367048080426341 
0.367025446221780 
0.367002835794517 
0.366980242929685 
0.366957661527618 
0.366935085606053 
0.366912509300603 
0.366889926863041 
0.366867332656944 
0.366844721150335 
0.366822086904991 
0.366799424562171 
0.366776728824592 
0.366753994434563 
0.366731216148282 
0.366708388706383 
0.366685506800911 
0.366662565038994 
0.366639557903556 
0.366616479711483 
0.366593324569744 
0.366570086329978 
0.366546758542114 
0.366523334407631 
0.366499806733027 
0.366476167884111 
0.366452409741633 
0.366428523658822 
0.366404500421281 
0.366380330209668 
0.366356002565533 
0.366331506360627 
0.366306829769939 
0.366281960248683 
0.366256884513427 
0.366231588527527 
0.366206057491049 
0.366180275835360 
0.366154227222611 
0.366127894550372 
0.366101259961774 
0.366074304861517 
0.366047009938252 
0.366019355193844 
0.365991319980132 
0.365962883043815 
0.365934022580104 
0.365904716295804 
0.365874941482372 
0.365844675099477 
0.365813893869387 
0.365782574382392 
0.365750693213251 
0.365718227048439 
0.365685152823784 
0.365651447871891 
0.365617090078678 
0.365582058048261 
0.365546331275601 
0.365509890326473 
0.365472717024728 
0.365434794647271 
0.365396108127725 
0.365356644270274 
0.365316391975540 
0.365275342480441 
0.365233489613559 
0.365190830066447 
0.365147363679378 
0.365103093737134 
0.365058027266585 
0.365012175323124 
0.364965553247905 
0.364918180872728 
0.364870082645135 
0.364821287643686 
0.364771829453309 
0.364721745873910 
0.364671078442525 
0.364619871760186 
0.364568172628783 
0.364516029019372 
0.364463488909664 
0.364410599043094 
0.364357403672511 
0.364303943356847 
0.364250253877947 
0.364196365337259 
0.364142301479121 
0.364088079270708 
0.364033708750518 
0.363979193139633 
0.363924529194952 
0.363869707772303 
0.363814714560346 
0.363759530943527 
0.363704134953175 
0.363648502269318 
0.363592607240815 
0.363536423896937 
0.363479926928795 
0.363423092623450 
0.363365899736895 
0.363308330294247 
0.363250370306649 
0.363192010394743 
0.363133246308504 
0.363074079333046 
0.363014516570130 
0.362954571085758 
0.362894261915733 
0.362833613923527 
0.362772657508271 
0.362711428165128 
0.362649965905514 
0.362588314550291 
0.362526520914790 
0.362464633909848 
0.362402703587478 
0.362340780162989 
0.362278913046788 
0.362217149918779 
0.362155535875938 
0.362094112679607 
0.362032918123506 
0.361971985536912 
0.361911343430407 
0.361851015284538 
0.361791019475328 
0.361731369325037 
0.361672073262367 
0.361613135073517 
0.361554554224136 
0.361496326232219 
0.361438443073074 
0.361380893599488 
0.361323663962712 
0.361266738022707 
0.361210097738871 
0.361153723535022 
0.361097594634663 
0.361041689364196 
0.360985985423030 
0.360930460120226 
0.360875090577614 
0.360819853899349 
0.360764727307693 
0.360709688244655 
0.360654714439107 
0.360599783939293 
0.360544875111394 
0.360489966606102 
0.360435037297054 
0.360380066197501 
0.360325032364680 
0.360269914804914 
0.360214692396339 
0.360159343850021 
0.360103847733920 
0.360048182587135 
0.359992327153752 
0.359936260765949 
0.359879963903984 
0.359823418955886 
0.359766611191251 
0.359709529950948 
0.359652170037428 
0.359594533268629 
0.359536630132878 
0.359478481454266 
0.359420119950417 
0.359361591541255 
0.359302956253240 
0.359244288563742 
0.359185677049469 
0.359127223243706 
0.359069039668845 
0.359011247088342 
0.358953971106262 
0.358897338320644 
0.358841472295295 
0.358786489642439 
0.358732496499574 
0.358679585639028 
0.358627834375683 
0.358577303350068 
0.358528036175202 
0.358480059859462 
0.358433385863421 
0.358388011619963 
0.358343922342572 
0.358301092961739 
0.358259490056989 
0.358219073685391 
0.358179799040782 
0.358141617907529 
0.358104479896247 
0.358068333466092 
0.358033126749330 
0.357998808200067 
0.357965327091408 
0.357932633885198 
0.357900680496758 
0.357869420474539 
0.357838809111796 
0.357808803504656 
0.357779362568408 
0.357750447021659 
0.357722019346150 
0.357694043728463 
0.357666485988601 
0.357639313499427 
0.357612495100103 
0.357586001006033 
0.357559802717305 
0.357533872927172 
0.357508185431821 
0.357482715042355 
0.357457437499760 
0.357432329393372 
0.357407368083294 
0.357382531627042 
0.357357798710612 
0.357333148584092 
0.357308561001871 
0.357284016167412 
0.357259494682529 
0.357234977501030 
0.357210445886549 
0.357185881374317 
0.357161265736546 
0.357136580951078 
0.357111809172797 
0.357086932707256 
0.357061933985884 
0.357036795541967 
0.357011499986534 
0.356986029983138 
0.356960368220373 
0.356934497380869 
0.356908400105387 
0.356882058950516 
0.356855456338426 
0.356828574497061 
0.356801395389170 
0.356773900628633 
0.356746071382633 
0.356717888258394 
0.356689331173523 
0.356660379209231 
0.356631010446182 
0.356601201783174 
0.356570928739402 
0.356540165241651 
0.356508883398452 
0.356477053263884 
0.356444642594482 
0.356411616603441 
0.356377937717097 
0.356343565339497 
0.356308455631725 
0.356272561313601 
0.356235831496348 
0.356198211555968 
0.356159643058298 
0.356120063748084 
0.356079407615927 
0.356037605058520 
0.355994583149262 
0.355950266037875 
0.355904575498986 
0.355857431650526 
0.355808753862965 
0.355758461879451 
0.355706477164547 
0.355652724494854 
0.355597133798016 
0.355539642236989 
0.355480196523549 
0.355418755428886 
0.355355292439763 
0.355289798486775 
0.355222284647787 
0.355152784706374 
0.355081357424237 
0.355008088371072 
0.354933091148259 
0.354856507847261 
0.354778508602450 
0.354699290132829 
0.354619073217963 
0.354538099118091 
0.354456625022671 
0.354374918688466 
0.354293252499552 
0.354211897238223 
0.354131115889546 
0.354051157807659 
0.353972253546701 
0.353894610605834 
0.353818410262593 
0.353743805581123 
0.353670920592678 
0.353599850565169 
0.353530663214742 
0.353463400670026 
0.353398081980150 
0.353334705958891 
0.353273254175222 
0.353213693929812 
0.353155981092152 
0.353100062709279 
0.353045879330831 
0.352993367024122 
0.352942459075888 
0.352893087394143 
0.352845183634706 
0.352798680083323 
0.352753510326823 
0.352709609746638 
0.352666915865990 
0.352625368578991 
0.352584910286328 
0.352545485958510 
0.352507043144138 
0.352469531937461 
0.352432904916644 
0.352397117061815 
0.352362125659930 
0.352327890201864 
0.352294372275844 
0.352261535460266 
0.352229345218130 
0.352197768794700 
0.352166775119487 
0.352136334713283 
0.352106419600701 
0.352077003228446 
0.352048060389384 
0.352019567152363 
0.351991500797633 
0.351963839757664 
0.351936563563088 
0.351909652793480 
0.351883089032627 
0.351856854827968 
0.351830933653800 
0.351805309877906 
0.351779968731226 
0.351754896280162 
0.351730079401165 
0.351705505757213 
0.351681163775829 
0.351657042628268 
0.351633132209553 
0.351609423119044 
0.351585906641237 
0.351562574726546 
0.351539419971815 
0.351516435600396 
0.351493615441590 
0.351470953909363 
0.351448445980238 
0.351426087170321 
0.351403873511472 
0.351381801526647 
0.351359868204491 
0.351338070973312 
0.351316407674552 
0.351294876535952 
0.351273476144602 
0.351252205420079 
0.351231063587925 
0.351210050153660 
0.351189164877600 
0.351168407750665 
0.351147778971411 
0.351127278924450 
0.351106908160413 
0.351086667377592 
0.351066557405312 
0.351046579189083 
0.351026733777516 
0.351007022310931 
0.350987446011552 
0.350968006175127 
0.350948704163761 
0.350929541399727 
0.350910519359986 
0.350891639571103 
0.350872903604273 
0.350854313070129 
0.350835869613040 
0.350817574904624 
0.350799430636232 
0.350781438510200 
0.350763600229721 
0.350745917487262 
0.350728391951485 
0.350711025252740 
0.350693818967217 
0.350676774599966 
0.350659893566991 
0.350643177176722 
0.350626626611178 
0.350610242907193 
0.350594026938053 
0.350577979395931 
0.350562100775475 
0.350546391358880 
0.350530851202761 
0.350515480127065 
0.350500277706243 
0.350485243262821 
0.350470375863476 
0.350455674317621 
0.350441137178494 
0.350426762746672 
0.350412549075858 
0.350398493980793 
0.350384595046997 
0.350370849642535 
0.350357254930704 
0.350343807884252 
0.350330505300429 
0.350317343816717 
0.350304319926988 
0.350291429997868 
0.350278670285103 
0.350266036949733 
0.350253526073928 
0.350241133676340 
0.350228855726859 
0.350216688160696 
0.350204626891711 
0.350192667824971 
0.350180806868479 
0.350169039944098 
0.350157362997663 
0.350145772008296 
0.350134262996979 
0.350122832034396 
0.350111475248099 
0.350100188829063 
0.350088969037651 
0.350077812209066 
0.350066714758320 
0.350055673184795 
0.350044684076405 
0.350033744113433 
0.350022850072054 
0.350011998827594 
0.350001187357525 
0.349990412744233 
0.349979672177557 
0.349968962957099 
0.349958282494316 
0.349947628314350 
0.349936998057617 
0.349926389481094 
0.349915800459299 
0.349905228984904 
0.349894673168963 
0.349884131240702 
0.349873601546817 
0.349863082550256 
0.349852572828412 
0.349842071070714 
0.349831576075556 
0.349821086746539 
0.349810602088031 
0.349800121199883 
0.349789643271576 
0.349779167575525 
0.349768693459688 
0.349758220339493 
0.349747747689111 
0.349737275032141 
0.349726801931758 
0.349716327980424 
0.349705852789225 
0.349695375976949 
0.349684897158995 
0.349674415936227 
0.349663931883875 
0.349653444540602 
0.349642953397814 
0.349632457889342 
0.349621957381553 
0.349611451163989 
0.349600938440575 
0.349590418321453 
0.349579889815472 
0.349569351823338 
0.349558803131422 
0.349548242406195 
0.349537668189260 
0.349527078892902 
0.349516472796102 
0.349505848040914 
0.349495202629114 
0.349484534419010 
0.349473841122292 
0.349463120300827 
0.349452369363241 
0.349441585561217 
0.349430765985340 
0.349419907560430 
0.349409007040221 
0.349398061001320 
0.349387065836342 
0.349376017746170 
0.349364912731273 
0.349353746582040 
0.349342514868107 
0.349331212926678 
0.349319835849811 
0.349308378470743 
0.349296835349245 
0.349285200756099 
0.349273468656759 
0.349261632694290 
0.349249686171711 
0.349237622033865 
0.349225432848981 
0.349213110790117 
0.349200647616681 
0.349188034656286 
0.349175262787199 
0.349162322421714 
0.349149203490787 
0.349135895430352 
0.349122387169768 
0.349108667122929 
0.349094723182616 
0.349080542718748 
0.349066112581307 
0.349051419108724 
0.349036448142686 
0.349021185050363 
0.349005614755156 
0.348989721777191 
0.348973490284819 
0.348956904158477 
0.348939947068323 
0.348922602567046 
0.348904854199272 
0.348886685628891 
0.348868080785518 
0.348849024031118 
0.348829500347504 
0.348809495545073 
0.348788996492639 
0.348767991367590 
0.348746469924894 
0.348724423782566 
0.348701846720222 
0.348678734986247 
0.348655087607845 
0.348630906697036 
0.348606197744327 
0.348580969890619 
0.348555236166843 
0.348529013690002 
0.348502323803874 
0.348475192152725 
0.348447648677023 
0.348419727521598 
0.348391466848873 
0.348362908552768 
0.348334097872658 
0.348305082911030 
0.348275914063201 
0.348246643372160 
0.348217323826017 
0.348188008619194 
0.348158750401170 
0.348129600537836 
0.348100608410276 
0.348071820774017 
0.348043281198582 
0.348015029602837 
0.347987101896513 
0.347959529732817 
0.347932340371742 
0.347905556648778 
0.347879197039753 
0.347853275809430 
0.347827803229587 
0.347802785851388 
0.347778226816893 
0.347754126195452 
0.347730481332044 
0.347707287196525 
0.347684536724619 
0.347662221143553 
0.347640330277119 
0.347618852826657 
0.347597776625953 
0.347577088869264 
0.347556776312658 
0.347536825449577 
0.347517222662062 
0.347497954349388 
0.347479007036068 
0.347460367461231 
0.347442022651367 
0.347423959978346 
0.347406167204505 
0.347388632516424 
0.347371344548898 
0.347354292400405 
0.347337465641261 
0.347320854315485 
0.347304448937298 
0.347288240483042 
0.347272220379247 
0.347256380487456 
0.347240713086402 
0.347225210852029 
0.347209866835850 
0.347194674442074 
0.347179627403929 
0.347164719759552 
0.347149945827847 
0.347135300184629 
0.347120777639404 
0.347106373213080 
0.347092082116889 
0.347077899732764 
0.347063821595380 
0.347049843376050 
0.347035960868587 
0.347022169977238 
0.347008466706733 
0.346994847154451 
0.346981307504648 
0.346967844024666 
0.346954453062980 
0.346941131048927 
0.346927874493884 
0.346914679993664 
0.346901544231873 
0.346888463983926 
0.346875436121422 
0.346862457616575 
0.346849525546380 
0.346836637096215 
0.346823789562581 
0.346810980354696 
0.346798206994702 
0.346785467116258 
0.346772758461322 
0.346760078874985 
0.346747426298247 
0.346734798758673 
0.346722194358924 
0.346709611263193 
0.346697047681633 
0.346684501852917 
0.346671972025086 
0.346659456434918 
0.346646953286056 
0.346634460726154 
0.346621976823367 
0.346609499542458 
0.346597026720841 
0.346584556044880 
0.346572085026708 
0.346559610981865 
0.346547131007995 
0.346534641964818 
0.346522140455569 
0.346509622810051 
0.346497085069416 
0.346484522972753 
0.346471931945514 
0.346459307089800 
0.346446643176486 
0.346433934639123 
0.346421175569580 
0.346408359715323 
0.346395480478257 
0.346382530915022 
0.346369503738653 
0.346356391321502 
0.346343185699327 
0.346329878576459 
0.346316461331950 
0.346302925026640 
0.346289260411035 
0.346275457933952 
0.346261507751819 
0.346247399738575 
0.346233123496059 
0.346218668364807 
0.346204023435156 
0.346189177558513 
0.346174119358712 
0.346158837243291 
0.346143319414612 
0.346127553880693 
0.346111528465698 
0.346095230820051 
0.346078648430242 
0.346061768628452 
0.346044578602297 
0.346027065405126 
0.346009215967522 
0.345991017110892 
0.345972455564290 
0.345953517985931 
0.345934190991166 
0.345914461188992 
0.345894315229518 
0.345873739865051 
0.345852722027685 
0.345831248926414 
0.345809308166751 
0.345786887895642 
0.345763976974103 
0.345740565179295 
0.345716643436866 
0.345692204083099 
0.345667241154872 
0.345641750703559 
0.345615731126904 
0.345589183510616 
0.345562111969153 
0.345534523972953 
0.345506430647573 
0.345477847028881 
0.345448792258025 
0.345419289700414 
0.345389366974679 
0.345359055880537 
0.345328392218615 
0.345297415500432 
0.345266168552507 
0.345234697024523 
0.345203048817158 
0.345171273449871 
0.345139421392417 
0.345107543385445 
0.345075689775415 
0.345043909887041 
0.345012251452884 
0.344980760115120 
0.344949479009136 
0.344918448433384 
0.344887705604959 
0.344857284496333 
0.344827215745645 
0.344797526630986 
0.344768241098319 
0.344739379832614 
0.344710960362549 
0.344682997190210 
0.344655501938603 
0.344628483511124 
0.344601948258470 
0.344575900149508 
0.344550340943524 
0.344525270361945 
0.344500686258048 
0.344476584783526 
0.344452960550949 
0.344429806791273 
0.344407115505659 
0.344384877610889 
0.344363083077756 
0.344341721061875 
0.344320780026423 
0.344300247856481 
0.344280111964667 
0.344260359387962 
0.344240976875669 
0.344221950968593 
0.344203268069624 
0.344184914505969 
0.344166876583388 
0.344149140632801 
0.344131693049726 
0.344114520326983 
0.344097609081156 
0.344080946073295 
0.344064518224314 
0.344048312625571 
0.344032316545051 
0.344016517429577 
0.344000902903453 
0.343985460763875 
0.343970178973459 
0.343955045650194 
0.343940049055079 
0.343925177577694 
0.343910419719941 
0.343895764078120 
0.343881199323558 
0.343866714181906 
0.343852297411278 
0.343837937779342 
0.343823624039489 
0.343809344906196 
0.343795089029689 
0.343780844970019 
0.343766601170670 
0.343752345931838 
0.343738067383495 
0.343723753458439 
0.343709391865490 
0.343694970063063 
0.343680475233393 
0.343665894257688 
0.343651213692598 
0.343636419748417 
0.343621498269501 
0.343606434717482 
0.343591214157933 
0.343575821251249 
0.343560240248577 
0.343544454993772 
0.343528448932441 
0.343512205129239 
0.343495706294697 
0.343478934822930 
0.343461872841648 
0.343444502275926 
0.343426804927172 
0.343408762568691 
0.343390357059085 
0.343371570474567 
0.343352385260886 
0.343332784405236 
0.343312751627908 
0.343292271592835 
0.343271330135386 
0.343249914504877 
0.343228013618291 
0.343205618320660 
0.343182721646566 
0.343159319076184 
0.343135408778523 
0.343110991833848 
0.343086072426988 
0.343060658003251 
0.343034759379216 
0.343008390801573 
0.342981569948652 
0.342954317871093 
0.342926658870272 
0.342898620315469 
0.342870232403105 
0.342841527863623 
0.342812541623510 
0.342783310431342 
0.342753872457676 
0.342724266878844 
0.342694533454448 
0.342664712107573 
0.342634842515659 
0.342604963718679 
0.342575113749997 
0.342545329294117 
0.342515645374580 
0.342486095074569 
0.342456709292339 
0.342427516533276 
0.342398542740205 
0.342369811163349 
0.342341342270997 
0.342313153701511 
0.342285260256586 
0.342257673934880 
0.342230404004204 
0.342203457109439 
0.342176837412452 
0.342150546759402 
0.342124584870279 
0.342098949545013 
0.342073636880458 
0.342048641492563 
0.342023956738439 
0.341999574933507 
0.341975487559564 
0.341951685460347 
0.341928159021908 
0.341904898335875 
0.341881893344350 
0.341859133965857 
0.341836610202237 
0.341814312226884 
0.341792230455033 
0.341770355597103 
0.341748678696254 
0.341727191151500 
0.341705884727719 
0.341684751553996 
0.341663784111702 
0.341642975213670 
0.341622317975839 
0.341601805782616 
0.341581432247194 
0.341561191167969 
0.341541076482131 
0.341521082217407 
0.341501202442889 
0.341481431219743 
0.341461762552542 
0.341442190341854 
0.341422708338614 
0.341403310100739 
0.341383988952313 
0.341364737945601 
0.341345549826064 
0.341326417000445 
0.341307331507939 
0.341288284994404 
0.341269268689495 
0.341250273386592 
0.341231289425346 
0.341212306676674 
0.341193314530024 
0.341174301882753 
0.341155257131481 
0.341136168165342 
0.341117022361071 
0.341097806579953 
0.341078507166713 
0.341059109950485 
0.341039600248092 
0.341019962869924 
0.341000182128803 
0.340980241852259 
0.340960125398762 
0.340939815678470 
0.340919295179158 
0.340898545998014 
0.340877549880032 
0.340856288263792 
0.340834742335381 
0.340812893091278 
0.340790721410964 
0.340768208140034 
0.340745334184548 
0.340722080617331 
0.340698428796855 
0.340674360499347 
0.340649858064638 
0.340624904556264 
0.340599483936192 
0.340573581254454 
0.340547182853786 
0.340520276589100 
0.340492852061237 
0.340464900863919 
0.340436416842002 
0.340407396358184 
0.340377838563963 
0.340347745669085 
0.340317123201885 
0.340285980250877 
0.340254329675996 
0.340222188275951 
0.340189576896805 
0.340156520466201 
0.340123047938012 
0.340089192133869 
0.340054989471128 
0.340020479571469 
0.339985704750215 
0.339950709393373 
0.339915539236676 
0.339880240567903 
0.339844859379758 
0.339809440504874 
0.339774026766539 
0.339738658178309 
0.339703371222694 
0.339668198233984 
0.339633166903510 
0.339598299917994 
0.339563614733853 
0.339529123483144 
0.339494833000752 
0.339460744957932 
0.339426856084387 
0.339393158459833 
0.339359639856087 
0.339326284111981 
0.339293071525376 
0.339259979249019 
0.339226981679489 
0.339194050831074 
0.339161156688556 
0.339128267534847 
0.339095350250931 
0.339062370586641 
0.339029293401666 
0.338996082876596 
0.338962702694117 
0.338929116190567 
0.338895286478075 
0.338861176537554 
0.338826749282901 
0.338791967596961 
0.338756794340271 
0.338721192334199 
0.338685124321079 
0.338648552905128 
0.338611440479482 
0.338573749146508 
0.338535440640578 
0.338496476264738 
0.338456816854953 
0.338416422787854 
0.338375254049893 
0.338333270387367 
0.338290431557717 
0.338246697702506 
0.338202029861349 
0.338156390643446 
0.338109745069002 
0.338062061586442 
0.338013313262643 
0.337963479132541 
0.337912545681159 
0.337860508416110 
0.337807373472242 
0.337753159173785 
0.337697897464355 
0.337641635103696 
0.337584434524105 
0.337526374241435 
0.337467548727319 
0.337408067671792 
0.337348054598876 
0.337287644840150 
0.337226982919550 
0.337166219451808 
0.337105507701258 
0.337044999981323 
0.336984844092956 
0.336925179999683 
0.336866136917108 
0.336807830958351 
0.336750363428443 
0.336693819806615 
0.336638269402323 
0.336583765624752 
0.336530346770755 
0.336478037214904 
0.336426848877724 
0.336376782852453 
0.336327831084079 
0.336279978013475 
0.336233202121154 
0.336187477326491 
0.336142774217604 
0.336099061102932 
0.336056304887720 
0.336014471787045 
0.335973527892093 
0.335933439608918 
0.335894173989329 
0.335855698972654 
0.335817983555369 
0.335780997903375 
0.335744713419453 
0.335709102776154 
0.335674139922413 
0.335639800070402 
0.335606059667696 
0.335572896358625 
0.335540288937720 
0.335508217297468 
0.335476662371981 
0.335445606077787 
0.335415031252655 
0.335384921593101 
0.335355261591118 
0.335326036470507 
0.335297232123175 
0.335268835045660 
0.335240832276175 
0.335213211332387 
0.335185960150212 
0.335159067023838 
0.335132520547235 
0.335106309557401 
0.335080423079576 
0.335054850274662 
0.335029580389087 
0.335004602707302 
0.334979906507117 
0.334955481018025 
0.334931315382644 
0.334907398621377 
0.334883719600338 
0.334860267002582 
0.334837029302602 
0.334813994744077 
0.334791151320761 
0.334768486760462 
0.334745988511960 
0.334723643734768 
0.334701439291616 
0.334679361743536 
0.334657397347448 
0.334635532056182 
0.334613751520847 
0.334592041095543 
0.334570385844386 
0.334548770550869 
0.334527179729597 
0.334505597640442 
0.334484008305182 
0.334462395526668 
0.334440742910566 
0.334419033889671 
0.334397251750768 
0.334375379663923 
0.334353400714048 
0.334331297934471 
0.334309054342147 
0.334286652974074 
0.334264076924349 
0.334241309381227 
0.334218333663534 
0.334195133255701 
0.334171691840804 
0.334147993331073 
0.334124021895563 
0.334099761985009 
0.334075198354305 
0.334050316083651 
0.334025100600064 
0.333999537701789 
0.333973613588990 
0.333947314905065 
0.333920628793806 
0.333893542978444 
0.333866045869217 
0.333838126706396 
0.333809775745569 
0.333780984491239 
0.333751745983403 
0.333722055139529 
0.333691909151210 
0.333661307930770 
0.333630254598211 
0.333598755993348 
0.333566823192083 
0.333534472000026 
0.333501723391553 
0.333468603858789 
0.333435145633550 
0.333401386746755 
0.333367370894767 
0.333333147090736 
0.333298769091105 
0.333264294602213 
0.333229784288242 
0.333195300617694 
0.333160906599616 
0.333126664470787 
0.333092634399960 
0.333058873274083 
0.333025433624471 
0.332992362738949 
0.332959701990676 
0.332927486397564 
0.332895744409892 
0.332864497909541 
0.332833762393411 
0.332803547306643 
0.332773856488159 
0.332744688691376 
0.332716038145935 
0.332687895131022 
0.332660246536531 
0.332633076394154 
0.332606366366014 
0.332580096183256 
0.332554244030969 
0.332528786878896 
0.332503700759601 
0.332478960997273 
0.332454542391265 
0.332430419358934 
0.332406566042479 
0.332382956384373 
0.332359564175794 
0.332336363082073 
0.332313326648922 
0.332290428292769 
0.332267641278257 
0.332244938685649 
0.332222293370602 
0.332199677918581 
0.332177064596023 
0.332154425300212 
0.332131731509777 
0.332108954237688 
0.332086063988638 
0.332063030722779 
0.332039823827852 
0.332016412101916 
0.331992763749056 
0.331968846390614 
0.331944627094765 
0.331920072427420 
0.331895148527693 
0.331869821211341 
0.331844056105681 
0.331817818819572 
0.331791075151907 
0.331763791341837 
0.331735934363445 
0.331707472266866 
0.331678374566788 
0.331648612677840 
0.331618160394614 
0.331586994411807 
0.331555094877451 
0.331522445969183 
0.331489036480429 
0.331454860400013 
0.331419917465611 
0.331384213668628 
0.331347761685926 
0.331310581212718 
0.331272699171036 
0.331234149769959 
0.331194974397301 
0.331155221327820 
0.331114945240159 
0.331074206543321 
0.331033070523023 
0.330991606328172 
0.330949885827072 
0.330907982371047 
0.330865969509159 
0.330823919700979 
0.330781903074549 
0.330739986273741 
0.330698231433326 
0.330656695311917 
0.330615428603103 
0.330574475434735 
0.330533873056056 
0.330493651703317 
0.330453834627075 
0.330414438259049 
0.330375472493406 
0.330336941056384 
0.330298841939269 
0.330261167872186 
0.330223906819846 
0.330187042484577 
0.330150554806400 
0.330114420454286 
0.330078613306594 
0.330043104922146 
0.330007865006046 
0.329972861876391 
0.329938062939202 
0.329903435179392 
0.329868945675232 
0.329834562142640 
0.329800253513660 
0.329765990550644 
0.329731746493948 
0.329697497736451 
0.329663224512916 
0.329628911586490 
0.329594548908689 
0.329560132223680 
0.329525663583090 
0.329491151734751 
0.329456612348549 
0.329422068045502 
0.329387548202935 
0.329353088519150 
0.329318730334883 
0.329284519725215 
0.329250506392720 
0.329216742408807 
0.329183280863263 
0.329150174490250 
0.329117474341172 
0.329085228570589 
0.329053481391093 
0.329022272238287 
0.328991635169467 
0.328961598501651 
0.328932184678064 
0.328903410338843 
0.328875286562411 
0.328847819238954 
0.328821009536527 
0.328794854422627 
0.328769347208712 
0.328744478091170 
0.328720234668622 
0.328696602421688 
0.328673565146740 
0.328651105339754 
0.328629204529753 
0.328607843563904 
0.328587002847831 
0.328566662545695 
0.328546802744895 
0.328527403590245 
0.328508445392164 
0.328489908713044 
0.328471774435378 
0.328454023814786 
0.328436638520512 
0.328419600665550 
0.328402892828136 
0.328386498065994 
0.328370399924461 
0.328354582439365 
0.328339030135348 
0.328323728020215 
0.328308661575756 
0.328293816745428 
0.328279179919247 
0.328264737916188 
0.328250477964401 
0.328236387679528 
0.328222455041414 
0.328208668369519 
0.328195016297343 
0.328181487746195 
0.328168071898631 
0.328154758171932 
0.328141536191961 
0.328128395767780 
0.328115326867397 
0.328102319595005 
0.328089364170110 
0.328076450908886 
0.328063570208146 
0.328050712532245 
0.328037868403271 
0.328025028394804 
0.328012183129544 
0.327999323281037 
0.327986439579704 
0.327973522823338 
0.327960563892161 
0.327947553768478 
0.327934483560920 
0.327921344533134 
0.327908128136761 
0.327894826048400 
0.327881430210204 
0.327867932873647 
0.327854326645903 
0.327840604538250 
0.327826760015778 
0.327812787047715 
0.327798680157613 
0.327784434472681 
0.327770045771590 
0.327755510530174 
0.327740825964548 
0.327725990071337 
0.327711001664893 
0.327695860411515 
0.327680566860933 
0.327665122475413 
0.327649529656988 
0.327633791773331 
0.327617913182783 
0.327601899258855 
0.327585756414302 
0.327569492124515 
0.327553114949480 
0.327536634553102 
0.327520061718074 
0.327503408354002 
0.327486687495995 
0.327469913290656 
0.327453100966218 
0.327436266783726 
0.327419427966496 
0.327402602605727 
0.327385809541063 
0.327369068216012 
0.327352398509409 
0.327335820545477 
0.327319354486352 
0.327303020312137 
0.327286837594502 
0.327270825270499 
0.327255001423504 
0.327239383078106 
0.327223986015179 
0.327208824612547 
0.327193911715436 
0.327179258539601 
0.327164874608506 
0.327150767724579 
0.327136943973146 
0.327123407756572 
0.327110161855190 
0.327097207510952 
0.327084544529371 
0.327072171395212 
0.327060085397472 
0.327048282759511 
0.327036758770606 
0.327025507915737 
0.327014524000952 
0.327003800272254 
0.326993329526500 
0.326983104213277 
0.326973116527192 
0.326963358490375 
0.326953822025279 
0.326944499018125 
0.326935381373495 
0.326926461060687 
0.326917730152539 
0.326909180857439 
0.326900805545267 
0.326892596767966 
0.326884547275433 
0.326876650027362 
0.326868898201615 
0.326861285199651 
0.326853804649497 
0.326846450406657 
0.326839216553349 
0.326832097396382 
0.326825087463950 
0.326818181501583 
0.326811374467470 
0.326804661527297 
0.326798038048792 
0.326791499596051 
0.326785041923781 
0.326778660971524 
0.326772352857941 
0.326766113875195 
0.326759940483495 
0.326753829305815 
0.326747777122815 
0.326741780867994 
0.326735837623058 
0.326729944613529 
0.326724099204581 
0.326718298897097 
0.326712541323946 
0.326706824246451 
0.326701145551045 
0.326695503246091 
0.326689895458839 
0.326684320432512 
0.326678776523475 
0.326673262198481 
0.326667776031963 
0.326662316703331 
0.326656882994271 
0.326651473786000 
0.326646088056466 
0.326640724877450 
0.326635383411579 
0.326630062909190 
0.326624762705064 
0.326619482214985 
0.326614220932131 
0.326608978423284 
0.326603754324840 
0.326598548338643 
0.326593360227618 
0.326588189811232 
0.326583036960776 
0.326577901594496 
0.326572783672578 
0.326567683192025 
0.326562600181427 
0.326557534695679 
0.326552486810649 
0.326547456617852 
0.326542444219141 
0.326537449721465 
0.326532473231715 
0.326527514851649 
0.326522574673169 
0.326517652773485 
0.326512749210697 
0.326507864019559 
0.326502997207502 
0.326498148750940 
0.326493318591865 
0.326488506634746 
0.326483712743739 
0.326478936740211 
0.326474178400582 
0.326469437454479 
0.326464713583189 
0.326460006418419 
0.326455315541333 
0.326450640481868 
0.326445980718305 
0.326441335677077 
0.326436704732810 
0.326432087208565 
0.326427482376277 
0.326422889457360 
0.326418307623482 
0.326413735997474 
0.326409173654381 
0.326404619622629 
0.326400072885305 
0.326395532381544 
0.326390997008023 
0.326386465620542 
0.326381937035723 
0.326377410032801 
0.326372883355524 
0.326368355714187 
0.326363825787777 
0.326359292226273 
0.326354753653105 
0.326350208667780 
0.326345655848715 
0.326341093756283 
0.326336520936096 
0.326331935922560 
0.326327337242709 
0.326322723420354 
0.326318092980569 
0.326313444454530 
0.326308776384738 
0.326304087330636 
0.326299375874629 
0.326294640628545 
0.326289880240494 
0.326285093402177 
0.326280278856594 
0.326275435406153 
0.326270561921150 
0.326265657348576 
0.326260720721275 
0.326255751167040 
0.326250747918260 
0.326245710321348 
0.326240637846166 
0.326235530095288 
0.326230386812939 
0.326225207893487 
0.326219993389321 
0.326214743517953 
0.326209458668172 
0.326204139405081 
0.326198786473839 
0.326193400801953 
0.326187983499958 
0.326182535860344 
0.326177059354626 
0.326171555628456 
0.326166026494715 
0.326160473924581 
0.326154900036563 
0.326149307083586 
0.326143697438206 
0.326138073576117 
0.326132438058135 
0.326126793510878 
0.326121142606416 
0.326115488041168 
0.326109832514385 
0.326104178706511 
0.326098529257788 
0.326092886747412 
0.326087253673570 
0.326081632434645 
0.326076025311860 
0.326070434453590 
0.326064861861534 
0.326059309378889 
0.326053778680633 
0.326048271265957 
0.326042788452868 
0.326037331374907 
0.326031900979932 
0.326026498030829 
0.326021123108033 
0.326015776613686 
0.326010458777267 
0.326005169662492 
0.325999909175304 
0.325994677072658 
0.325989472972430 
0.325984296363239 
0.325979146615068 
0.325974022989999 
