25.303664911067454 
25.303664911030765 
25.303664911101514 
25.303664911177318 
25.303664911188051 
25.303664911145994 
25.303664911166027 
25.303664911207580 
25.303664911161302 
25.303664911187294 
25.303664911185528 
25.303664911196233 
25.303664911175900 
25.303664911200979 
25.303664911203363 
25.303664911232328 
25.303664911222107 
25.303664911247274 
25.303664911238240 
25.303664911240272 
25.303664911217020 
25.303664911189763 
25.303664911209250 
25.303664911232030 
25.303664911204571 
25.303664911207139 
25.303664911193486 
25.303664911179528 
25.303664911190118 
25.303664911188186 
25.303664911187440 
25.303664911213637 
25.303664911235593 
25.303664911248053 
25.303664911263304 
25.303664911261521 
25.303664911267447 
25.303664911271742 
25.303664911268410 
25.303664911270783 
25.303664911261521 
25.303664911281189 
25.303664911300935 
25.303664911301436 
25.303664911275266 
25.303664911273330 
25.303664911287470 
25.303664911283050 
25.303664911264701 
25.303664911253417 
25.303664911266708 
25.303664911267767 
25.303664911289083 
25.303664911277345 
25.303664911280098 
25.303664911274222 
25.303664911281508 
25.303664911253009 
25.303664911249577 
25.303664911277302 
25.303664911269237 
25.303664911256085 
25.303664911270879 
25.303664911287878 
25.303664911298700 
25.303664911288855 
25.303664911279768 
25.303664911273192 
25.303664911268420 
25.303664911273582 
25.303664911280222 
25.303664911299933 
25.303664911286326 
25.303664911296870 
25.303664911303187 
25.303664911349284 
25.303664911339709 
25.303664911348633 
25.303664911358311 
25.303664911351682 
25.303664911377158 
25.303664911367719 
25.303664911364514 
25.303664911362873 
25.303664911383933 
25.303664911385066 
25.303664911394655 
25.303664911390513 
25.303664911363089 
25.303664911343397 
25.303664911343951 
25.303664911338679 
25.303664911340462 
25.303664911337918 
25.303664911317426 
25.303664911335204 
25.303664911327033 
25.303664911298728 
25.303664911297766 
25.303664911303088 
25.303664911271493 
25.303664911247289 
25.303664911228992 
25.303664911251936 
25.303664911261553 
25.303664911252142 
25.303664911258210 
25.303664911275540 
25.303664911258320 
25.303664911292948 
25.303664911280229 
25.303664911293001 
25.303664911300565 
25.303664911286624 
25.303664911281828 
25.303664911272193 
25.303664911298398 
25.303664911276222 
25.303664911249051 
25.303664911293183 
25.303664911264477 
25.303664911276201 
25.303664911263411 
25.303664911242315 
25.303664911232985 
25.303664911248660 
25.303664911251715 
25.303664911240208 
25.303664911252142 
25.303664911267465 
25.303664911210326 
25.303664911206035 
25.303664911217425 
25.303664911206432 
25.303664911210138 
25.303664911186971 
25.303664911174025 
25.303664911165463 
25.303664911207076 
25.303664911189198 
25.303664911169946 
25.303664911165438 
25.303664911148935 
25.303664911130603 
25.303664911116112 
25.303664911124461 
25.303664911136885 
25.303664911125715 
25.303664911155977 
25.303664911181677 
25.303664911160542 
25.303664911159085 
25.303664911156410 
25.303664911180984 
25.303664911162404 
25.303664911207974 
25.303664911191930 
25.303664911169701 
25.303664911194545 
25.303664911179133 
25.303664911174270 
25.303664911173531 
25.303664911161146 
25.303664911128084 
25.303664911124123 
25.303664911114360 
25.303664911139634 
25.303664911136522 
25.303664911144452 
25.303664911120158 
25.303664911106068 
25.303664911140711 
25.303664911175233 
25.303664911176227 
25.303664911145422 
25.303664911126422 
25.303664911116861 
25.303664911134668 
25.303664911148665 
25.303664911155856 
25.303664911121050 
25.303664911129310 
25.303664911138505 
25.303664911140217 
25.303664911118933 
25.303664911086035 
25.303664911071237 
25.303664911086102 
25.303664911089520 
25.303664911096519 
25.303664911126134 
25.303664911084145 
25.303664911128763 
25.303664911194808 
25.303664911207733 
25.303664911234812 
25.303664911210490 
25.303664911237931 
25.303664911263400 
25.303664911253627 
25.303664911273515 
25.303664911242016 
25.303664911214916 
25.303664911264924 
25.303664911314549 
25.303664911316041 
25.303664911314996 
25.303664911310229 
25.303664911365029 
25.303664911383787 
25.303664911385511 
25.303664911415254 
25.303664911391138 
25.303664911373858 
25.303664911344249 
25.303664911351099 
25.303664911377535 
25.303664911365306 
25.303664911347980 
25.303664911395916 
25.303664911405342 
25.303664911411850 
25.303664911422722 
25.303664911425123 
25.303664911418359 
25.303664911425557 
25.303664911393277 
25.303664911358727 
25.303664911386100 
25.303664911414032 
25.303664911456227 
25.303664911480958 
25.303664911410479 
25.303664911379336 
25.303664911388893 
25.303664911415460 
25.303664911372437 
25.303664911376920 
25.303664911359281 
25.303664911348825 
25.303664911318059 
25.303664911351891 
25.303664911365487 
25.303664911430701 
25.303664911452845 
25.303664911432481 
25.303664911450639 
25.303664911441526 
25.303664911424349 
25.303664911380196 
25.303664911433714 
25.303664911383795 
25.303664911398421 
25.303664911374192 
25.303664911395376 
25.303664911406567 
25.303664911315977 
25.303664911279661 
25.303664911310019 
25.303664911322677 
25.303664911360606 
25.303664911336710 
25.303664911315551 
25.303664911289736 
25.303664911287775 
25.303664911294099 
25.303664911331708 
25.303664911289136 
25.303664911303265 
25.303664911285907 
25.303664911353184 
25.303664911346903 
25.303664911372117 
25.303664911383258 
25.303664911379549 
25.303664911318279 
25.303664911339755 
25.303664911408283 
25.303664911393899 
25.303664911302601 
25.303664911328617 
25.303664911325971 
25.303664911303684 
25.303664911345777 
25.303664911338586 
25.303664911262853 
25.303664911238776 
25.303664911206450 
25.303664911188736 
25.303664911257805 
25.303664911193785 
25.303664911174334 
25.303664911227003 
25.303664911266392 
25.303664911281295 
25.303664911300828 
25.303664911352271 
25.303664911305020 
25.303664911246809 
25.303664911244436 
25.303664911225802 
25.303664911182594 
25.303664911184907 
25.303664911180917 
25.303664911117231 
25.303664911088326 
25.303664911143358 
25.303664911108186 
25.303664911142384 
25.303664911118730 
25.303664911148537 
25.303664911136973 
25.303664911192552 
25.303664911171090 
25.303664911224534 
25.303664911234044 
25.303664911150420 
25.303664911245832 
25.303664911239558 
25.303664911266559 
25.303664911302867 
25.303664911419911 
25.303664911446095 
25.303664911397028 
25.303664911414707 
25.303664911331996 
25.303664911344868 
25.303664911371833 
25.303664911322549 
25.303664911364855 
25.303664911396808 
25.303664911341784 
25.303664911340334 
25.303664911311053 
25.303664911300249 
25.303664911351504 
25.303664911353692 
25.303664911376082 
25.303664911412643 
25.303664911372181 
25.303664911316346 
25.303664911406599 
25.303664911420952 
25.303664911446816 
25.303664911410909 
25.303664911514527 
25.303664911578021 
25.303664911640443 
25.303664911547411 
25.303664911653357 
25.303664911560944 
25.303664911496298 
25.303664911500146 
25.303664911473412 
25.303664911497400 
25.303664911513120 
25.303664911568788 
25.303664911452476 
25.303664911558165 
25.303664911513785 
25.303664911528863 
25.303664911486301 
25.303664911322961 
25.303664911402578 
25.303664911316879 
25.303664911256217 
25.303664911323974 
25.303664911372152 
25.303664911382530 
25.303664911458988 
25.303664911419119 
25.303664911396709 
25.303664911428790 
25.303664911373431 
25.303664911376920 
25.303664911402034 
25.303664911456444 
25.303664911573133 
25.303664911530682 
25.303664911564951 
25.303664911438592 
25.303664911456501 
25.303664911516012 
25.303664911441622 
25.303664911573073 
25.303664911582377 
25.303664911576611 
25.303664911570213 
25.303664911483150 
25.303664911500945 
25.303664911278105 
25.303664911385454 
25.303664911363491 
25.303664911431788 
25.303664911504036 
25.303664911498338 
25.303664911596272 
25.303664911657613 
25.303664911416607 
25.303664911440912 
25.303664911471934 
25.303664911600983 
25.303664911687527 
25.303664911675252 
25.303664911762930 
25.303664911899336 
25.303664911815915 
25.303664911841647 
25.303664911772422 
25.303664911999050 
25.303664912086756 
25.303664912129349 
25.303664912096536 
25.303664912091037 
25.303664912171332 
25.303664912183621 
25.303664912108069 
25.303664912028900 
25.303664912051037 
25.303664911949777 
25.303664912001743 
25.303664912064598 
25.303664912187237 
25.303664912317064 
25.303664912259087 
25.303664912296252 
25.303664912238933 
25.303664912150914 
25.303664912120805 
25.303664912136213 
25.303664912299684 
25.303664912177116 
25.303664912145727 
25.303664912157178 
25.303664912270584 
25.303664912198943 
25.303664912217279 
25.303664912136281 
25.303664912074950 
25.303664911870349 
25.303664911666523 
25.303664911578519 
25.303664911471717 
25.303664911397576 
25.303664911514964 
25.303664911562613 
25.303664911444827 
25.303664911478108 
25.303664911324724 
25.303664911606422 
25.303664911380061 
25.303664911440983 
25.303664911489641 
25.303664911570920 
25.303664911652966 
25.303664911583148 
25.303664911636453 
25.303664911626154 
25.303664911671433 
25.303664911773517 
25.303664911756734 
25.303664911834137 
25.303664911850994 
25.303664911673366 
25.303664911579734 
25.303664911579727 
25.303664911630335 
25.303664911626655 
25.303664911766788 
25.303664911620960 
25.303664911757838 
25.303664911618334 
25.303664911582178 
25.303664911571893 
25.303664911567445 
25.303664911551312 
25.303664911633991 
25.303664911544200 
25.303664911652888 
25.303664911541169 
25.303664911496867 
25.303664911469099 
25.303664911430786 
25.303664911322095 
25.303664911217155 
25.303664911284812 
25.303664911331722 
25.303664911347958 
25.303664911267823 
25.303664911399572 
25.303664911301240 
25.303664911276343 
25.303664911193259 
25.303664910832126 
25.303664910737950 
25.303664910722418 
25.303664910710502 
25.303664910690209 
25.303664910617904 
25.303664910693854 
25.303664910773080 
25.303664910880499 
25.303664910837476 
25.303664910806489 
25.303664910801480 
25.303664910897723 
25.303664910989937 
25.303664910913348 
25.303664910742391 
25.303664910732365 
25.303664910761860 
25.303664910906683 
25.303664910766685 
25.303664911065866 
25.303664911013925 
25.303664910954971 
25.303664911054845 
25.303664910864285 
25.303664910784740 
25.303664910692135 
25.303664910589916 
25.303664910616661 
25.303664910597391 
25.303664910596794 
25.303664910666193 
25.303664910631831 
25.303664910667635 
25.303664910898277 
25.303664910772326 
25.303664910872840 
25.303664910647726 
25.303664910745987 
25.303664910907322 
25.303664911252525 
25.303664911021770 
25.303664911034268 
25.303664910981745 
25.303664910802709 
25.303664911130952 
25.303664911077341 
25.303664911056174 
25.303664911023098 
25.303664911197835 
25.303664911437934 
25.303664911260455 
25.303664911395558 
25.303664911299649 
25.303664911227585 
25.303664911172604 
25.303664911302981 
25.303664911201473 
25.303664910907948 
25.303664911066058 
25.303664910609712 
25.303664910530273 
25.303664910435579 
25.303664910276019 
25.303664910355323 
25.303664910382707 
25.303664910338540 
25.303664910319078 
25.303664910220490 
25.303664910039224 
25.303664909984654 
25.303664909776437 
25.303664909963189 
25.303664909951266 
25.303664910033504 
25.303664909973655 
25.303664910130585 
25.303664910311049 
25.303664910212014 
25.303664910377485 
25.303664910564223 
25.303664910639490 
25.303664910766983 
25.303664910952932 
25.303664910618792 
25.303664910195891 
25.303664910033902 
25.303664909970294 
25.303664910028637 
25.303664910446855 
25.303664910394673 
25.303664910464200 
25.303664910116282 
25.303664910516915 
25.303664910470268 
25.303664910624889 
25.303664910514286 
25.303664910544185 
25.303664910368013 
25.303664910350498 
25.303664910402745 
25.303664910937002 
25.303664910789749 
25.303664910541031 
25.303664910841050 
25.303664910660544 
25.303664910576657 
25.303664910626878 
25.303664910866488 
25.303664911157981 
25.303664911255041 
25.303664911215016 
25.303664911371577 
25.303664911240965 
25.303664911439434 
25.303664911639565 
25.303664911697894 
25.303664911974053 
25.303664912127601 
25.303664912146445 
25.303664911970984 
25.303664911386662 
25.303664911275483 
25.303664911474115 
25.303664911511234 
25.303664911352669 
25.303664911596123 
25.303664911554819 
25.303664911530966 
25.303664911509962 
25.303664911674730 
25.303664911557590 
25.303664911554939 
25.303664911485001 
25.303664911557306 
25.303664911471628 
25.303664911298839 
25.303664911528692 
25.303664911643210 
25.303664911749813 
25.303664911754282 
25.303664911776622 
25.303664911632126 
25.303664911816739 
25.303664911954208 
25.303664911626385 
25.303664911159260 
25.303664911243274 
25.303664911335943 
25.303664911294639 
25.303664910976558 
25.303664910853534 
25.303664910862622 
25.303664910581873 
25.303664910514584 
25.303664910511820 
25.303664910717472 
25.303664910582619 
25.303664910492159 
25.303664910474076 
25.303664910480315 
25.303664910393778 
25.303664910417645 
25.303664910603771 
25.303664910510427 
25.303664910730220 
25.303664911019581 
25.303664910892778 
25.303664910700178 
25.303664910894938 
25.303664910853897 
25.303664911046539 
25.303664910950829 
25.303664910919501 
25.303664910726710 
25.303664910673440 
25.303664910664352 
25.303664910764581 
25.303664910790111 
25.303664910778437 
25.303664910753810 
25.303664910580096 
25.303664910500530 
25.303664910197519 
25.303664910275671 
25.303664910482375 
25.303664910349923 
25.303664910777499 
25.303664910693655 
25.303664910481110 
25.303664910867923 
25.303664911070456 
25.303664911089847 
25.303664910990435 
25.303664911087608 
25.303664910830946 
25.303664911240894 
25.303664911475970 
25.303664911866043 
25.303664911618071 
25.303664911594190 
25.303664911585095 
25.303664912153224 
25.303664911781354 
25.303664912090156 
25.303664911815325 
25.303664911603349 
25.303664911547429 
25.303664911758716 
25.303664911642727 
25.303664911549319 
25.303664911569541 
25.303664911940515 
25.303664912540242 
25.303664912551497 
25.303664912533961 
25.303664912821532 
25.303664912665923 
25.303664912961381 
25.303664912884727 
25.303664912700100 
25.303664912153010 
25.303664912274996 
25.303664911895837 
25.303664911661471 
25.303664911669657 
25.303664911541645 
25.303664911666345 
25.303664911810344 
25.303664912099407 
25.303664912032275 
25.303664912000883 
25.303664911682148 
25.303664911937418 
25.303664911980761 
25.303664911645697 
25.303664911598645 
25.303664912147411 
25.303664911858974 
25.303664911829912 
25.303664911544416 
25.303664911586864 
25.303664911445452 
25.303664911472552 
25.303664911362944 
25.303664911079977 
25.303664911342736 
25.303664911662025 
25.303664912031707 
25.303664911665095 
25.303664911417755 
25.303664911677131 
25.303664911627834 
25.303664911697453 
25.303664911967786 
25.303664912029930 
25.303664912206926 
25.303664912125313 
25.303664912285299 
25.303664912658647 
25.303664912778217 
25.303664912863240 
25.303664912857229 
25.303664913047655 
25.303664913228616 
25.303664913180640 
25.303664913385134 
25.303664913724546 
25.303664914075441 
25.303664914050074 
25.303664913697261 
25.303664914202315 
25.303664914234417 
25.303664914175329 
25.303664914007442 
25.303664913998844 
25.303664913833018 
25.303664914001828 
25.303664914104459 
25.303664914200894 
25.303664913879402 
25.303664913816760 
25.303664913784161 
25.303664913954520 
25.303664914090774 
25.303664913882002 
25.303664913652540 
25.303664913749842 
25.303664914046422 
25.303664913948666 
25.303664914065834 
25.303664914030321 
25.303664914064299 
25.303664914175556 
25.303664914279494 
25.303664914038620 
25.303664913644326 
25.303664913571879 
25.303664914039373 
25.303664914154055 
25.303664913796226 
25.303664913695883 
25.303664913492611 
25.303664913766468 
25.303664913916009 
25.303664914078638 
25.303664914275657 
25.303664914991472 
25.303664914908978 
25.303664915012263 
25.303664915181187 
25.303664915133766 
25.303664915241640 
25.303664915351192 
25.303664915247481 
25.303664915283079 
25.303664914958048 
25.303664914634140 
25.303664914690145 
25.303664915107746 
25.303664915111455 
25.303664914798119 
25.303664915003495 
25.303664915224388 
25.303664915225227 
25.303664915460132 
25.303664915378462 
25.303664915414188 
25.303664915434268 
25.303664915619976 
25.303664915324404 
25.303664915503262 
25.303664915124742 
25.303664915044948 
25.303664915024171 
25.303664914766529 
25.303664914706530 
25.303664914659720 
25.303664914475760 
25.303664914299418 
25.303664914320592 
25.303664914063205 
25.303664914381727 
25.303664914585255 
25.303664914726482 
25.303664914731883 
25.303664915012831 
25.303664914916567 
25.303664914531197 
25.303664914012813 
25.303664914028516 
25.303664914477679 
25.303664914646887 
25.303664914751423 
25.303664914809900 
25.303664914909959 
25.303664915132927 
25.303664915129090 
25.303664915272378 
25.303664915662495 
25.303664915798961 
25.303664915841608 
25.303664916123708 
25.303664916105959 
25.303664915732810 
25.303664916154645 
25.303664915541788 
25.303664915560944 
25.303664915442056 
25.303664915315295 
25.303664915392730 
25.303664915859116 
25.303664915721910 
25.303664915395970 
25.303664915441331 
25.303664915311359 
25.303664915325186 
25.303664915130653 
25.303664915326451 
25.303664915201466 
25.303664915218405 
25.303664914670122 
25.303664914213371 
25.303664914717771 
25.303664914784065 
25.303664914765136 
25.303664914635448 
25.303664914584658 
25.303664914855162 
25.303664915095410 
25.303664915020633 
25.303664915120152 
25.303664915029259 
25.303664915183901 
25.303664915322628 
25.303664915566799 
25.303664915382569 
25.303664915026758 
25.303664914780001 
25.303664914765648 
25.303664914904473 
25.303664914628385 
25.303664914759352 
25.303664914638063 
25.303664915208458 
25.303664915142079 
25.303664915570167 
25.303664915487190 
25.303664915340761 
25.303664915367122 
25.303664915003608 
25.303664915121459 
25.303664915342267 
25.303664915797611 
25.303664916048916 
25.303664915887694 
25.303664916148904 
25.303664916347131 
25.303664916701209 
25.303664916379816 
25.303664916418739 
25.303664916009488 
25.303664916230311 
25.303664916327421 
25.303664916249431 
25.303664916618189 
25.303664916430492 
25.303664916039210 
25.303664915908868 
25.303664915949199 
25.303664916080578 
25.303664916125889 
25.303664916025070 
25.303664915978771 
25.303664915914958 
25.303664916294288 
25.303664916406113 
25.303664916687111 
25.303664916534260 
25.303664915815936 
25.303664915768792 
25.303664915734593 
25.303664915604173 
25.303664915614604 
25.303664915391508 
25.303664915290270 
25.303664915394549 
25.303664915651211 
25.303664915298867 
25.303664915188449 
25.303664914877139 
25.303664915036478 
25.303664915070456 
25.303664915268726 
25.303664915599320 
25.303664915512570 
25.303664915391508 
25.303664915082884 
25.303664915453588 
25.303664915444216 
25.303664915623017 
25.303664915394307 
25.303664915733798 
25.303664916276666 
25.303664916148186 
25.303664916337318 
25.303664916327264 
25.303664916856690 
25.303664916892671 
25.303664916645751 
25.303664917067998 
25.303664917209204 
25.303664917057667 
25.303664917213418 
25.303664917418836 
25.303664917543813 
25.303664917353984 
25.303664917192130 
25.303664917236141 
25.303664917352030 
25.303664917131769 
25.303664917001655 
25.303664916773535 
25.303664916635284 
25.303664916423166 
25.303664916104644 
25.303664915949618 
25.303664915679320 
25.303664915333520 
25.303664915318308 
25.303664915395878 
25.303664915293623 
25.303664915500832 
25.303664915695720 
25.303664915880717 
25.303664915740953 
25.303664916011286 
25.303664915887268 
25.303664916091620 
25.303664915946598 
25.303664915792744 
25.303664915487062 
25.303664915638990 
25.303664915534483 
25.303664916108929 
25.303664916154808 
25.303664915983191 
25.303664916014256 
25.303664915851229 
25.303664915920599 
25.303664916331329 
25.303664916466616 
25.303664916454665 
25.303664916056306 
25.303664916354194 
25.303664916375524 
25.303664916238269 
25.303664916422548 
25.303664916518457 
25.303664916347628 
25.303664916155356 
25.303664916156308 
25.303664916100885 
25.303664916317970 
25.303664916184815 
25.303664916482958 
25.303664916808458 
25.303664916594720 
25.303664916568465 
25.303664916756205 
25.303664916463973 
25.303664916036823 
25.303664916046628 
25.303664915994013 
25.303664916118954 
25.303664916166881 
25.303664916854657 
25.303664917083452 
25.303664917288430 
25.303664917339361 
25.303664917110829 
25.303664917146087 
25.303664917538732 
25.303664917555011 
25.303664917457851 
25.303664917413137 
25.303664917773766 
25.303664917567183 
25.303664916920809 
25.303664917201786 
25.303664916902292 
25.303664916568877 
25.303664916720500 
25.303664916773641 
25.303664916473551 
25.303664915726699 
25.303664916104445 
25.303664916092004 
25.303664915848131 
25.303664915804340 
25.303664915692352 
25.303664916156904 
25.303664915924386 
25.303664915660050 
25.303664915831057 
25.303664916045236 
25.303664916083385 
25.303664915967047 
25.303664915897748 
25.303664915683392 
25.303664915799374 
25.303664916065507 
25.303664916041740 
25.303664915824115 
25.303664916051176 
25.303664916499251 
25.303664916460498 
25.303664916461202 
25.303664917036706 
25.303664917227962 
25.303664917182317 
25.303664917367897 
25.303664917402969 
25.303664917384992 
25.303664917177656 
25.303664916838365 
25.303664916491108 
25.303664916490206 
25.303664916604149 
25.303664916427905 
25.303664916421511 
25.303664916804266 
25.303664916389536 
25.303664916940605 
25.303664917342786 
25.303664917223010 
25.303664917380011 
25.303664917613830 
25.303664917579809 
25.303664917587220 
25.303664917230904 
25.303664917502701 
25.303664917615279 
25.303664918037128 
25.303664917906111 
25.303664918052711 
25.303664918245218 
25.303664918651535 
25.303664918728131 
25.303664919049226 
25.303664918859063 
25.303664918966632 
25.303664918830535 
25.303664918821561 
25.303664918532220 
25.303664919291563 
25.303664919363129 
25.303664919228474 
25.303664919258850 
25.303664919648533 
25.303664919375649 
25.303664919847250 
25.303664919950300 
25.303664920157843 
25.303664919555679 
25.303664919055528 
25.303664919304289 
25.303664918910613 
25.303664919071679 
25.303664919183838 
25.303664918805630 
25.303664918959498 
25.303664918186449 
25.303664918491222 
25.303664918354499 
25.303664918210238 
25.303664917619315 
25.303664917483133 
25.303664917243076 
25.303664916806270 
25.303664916367815 
25.303664916839530 
25.303664917350481 
25.303664917401349 
25.303664917067344 
25.303664916965488 
25.303664916921662 
25.303664917185195 
25.303664917193267 
25.303664916804017 
25.303664917202696 
25.303664917140075 
25.303664916527644 
25.303664917166827 
25.303664917341628 
25.303664917376409 
25.303664916947291 
25.303664916866389 
25.303664917181962 
25.303664917395402 
25.303664917136643 
25.303664917329897 
25.303664917621617 
25.303664917750943 
25.303664917843804 
25.303664917956390 
25.303664918085580 
25.303664918218047 
25.303664918207687 
25.303664918487989 
25.303664918678564 
25.303664918949480 
25.303664918961331 
25.303664918795633 
25.303664919178303 
25.303664919229938 
25.303664919340768 
25.303664919811730 
25.303664919914851 
25.303664920026129 
25.303664919711167 
25.303664920091244 
25.303664920085929 
25.303664919736917 
25.303664919573308 
25.303664920220960 
25.303664919957264 
25.303664919613873 
25.303664919382740 
25.303664919613773 
25.303664919693340 
25.303664919338473 
25.303664919435818 
25.303664919126312 
25.303664919404071 
25.303664918838223 
25.303664918642525 
25.303664918565865 
25.303664918890433 
25.303664919004106 
25.303664918969538 
25.303664919168241 
25.303664918924376 
25.303664918404941 
25.303664918475874 
25.303664918368845 
25.303664918334661 
25.303664917891631 
25.303664918186797 
25.303664918156841 
25.303664918146694 
25.303664917790272 
25.303664917919335 
25.303664918234212 
25.303664918067994 
25.303664918082433 
25.303664918213862 
25.303664918391618 
25.303664918334803 
25.303664918793984 
25.303664918528057 
25.303664918684319 
25.303664918639839 
25.303664918744715 
25.303664919057070 
25.303664919414189 
25.303664919558088 
25.303664919493720 
25.303664919759107 
25.303664919603918 
25.303664920082639 
25.303664920076095 
25.303664919863344 
25.303664919630357 
25.303664920026236 
25.303664920018967 
25.303664920083691 
25.303664920182293 
25.303664919966977 
25.303664919965016 
25.303664920227114 
25.303664920108460 
25.303664919841928 
25.303664919719040 
25.303664919653379 
25.303664919514972 
25.303664919812874 
25.303664919305717 
25.303664919053595 
25.303664918624648 
25.303664918440056 
25.303664918230005 
25.303664917981507 
25.303664917809755 
25.303664918326838 
25.303664918577944 
25.303664918365399 
25.303664918437747 
25.303664918851283 
25.303664918973460 
25.303664918763985 
25.303664918720891 
25.303664918822193 
25.303664918656821 
25.303664918876706 
25.303664918703483 
25.303664918812821 
25.303664919005598 
25.303664919139990 
25.303664919137582 
25.303664919292039 
25.303664919001356 
25.303664919272286 
25.303664919188954 
25.303664919245897 
25.303664918638525 
25.303664918706197 
25.303664918229316 
25.303664918280155 
25.303664918924277 
25.303664919163552 
25.303664919868872 
25.303664919646671 
25.303664919169556 
25.303664919309405 
25.303664918823962 
25.303664919181728 
25.303664918852206 
25.303664918773386 
25.303664918931055 
25.303664918659514 
25.303664918397267 
25.303664918443850 
25.303664918632059 
25.303664918950112 
25.303664918856327 
25.303664918811904 
25.303664918685968 
25.303664918882646 
25.303664919059401 
25.303664918886348 
25.303664918416288 
25.303664918002518 
25.303664917995746 
25.303664917959537 
25.303664918080131 
25.303664917685765 
25.303664917764650 
25.303664917579965 
25.303664917661365 
25.303664917873277 
25.303664917331972 
25.303664917721584 
25.303664917428144 
25.303664917540921 
25.303664917352442 
25.303664917792176 
25.303664917998077 
25.303664918131567 
25.303664917594709 
25.303664917577130 
25.303664918239178 
25.303664918062928 
25.303664918103387 
25.303664917794748 
25.303664917874094 
25.303664917843470 
25.303664917874592 
25.303664917262651 
25.303664917881513 
25.303664917571076 
25.303664917470918 
25.303664917288479 
25.303664916808778 
25.303664916653595 
25.303664916034059 
25.303664916047303 
25.303664916009154 
25.303664916255684 
25.303664916385053 
25.303664916396237 
25.303664916422527 
25.303664916309714 
25.303664916086369 
25.303664916013950 
25.303664915894231 
25.303664915973997 
25.303664915758361 
25.303664916342598 
25.303664916327250 
25.303664916164891 
25.303664915859258 
25.303664916506968 
25.303664916759693 
25.303664916755956 
25.303664916389607 
25.303664916245125 
25.303664916369193 
25.303664916471398 
25.303664916177418 
25.303664916795555 
25.303664916468200 
25.303664916259137 
25.303664916472975 
25.303664916561857 
25.303664916442912 
25.303664916511742 
25.303664917119100 
25.303664917017031 
25.303664916759921 
25.303664916993647 
25.303664917495261 
25.303664916916198 
25.303664916550410 
25.303664916777372 
25.303664916391540 
25.303664916887961 
25.303664916953608 
25.303664917242884 
25.303664917209574 
25.303664917847243 
25.303664917910886 
25.303664918082795 
25.303664918014121 
25.303664917914631 
25.303664917728092 
25.303664917986183 
25.303664918221664 
25.303664917866399 
25.303664917833473 
25.303664917843392 
25.303664918089304 
25.303664918011727 
25.303664918320628 
25.303664917992634 
25.303664917940146 
25.303664917640319 
25.303664917741322 
25.303664918106243 
25.303664918206948 
25.303664918411819 
25.303664917989465 
25.303664917969293 
25.303664917567886 
25.303664917889030 
25.303664918229607 
25.303664918353327 
25.303664918153082 
25.303664918189902 
25.303664917896477 
25.303664918057699 
25.303664917962287 
25.303664918122401 
25.303664917974977 
25.303664918295226 
25.303664918368348 
25.303664918344701 
25.303664918330071 
25.303664918207744 
25.303664917901976 
25.303664918601292 
25.303664918320621 
25.303664918192169 
25.303664918255045 
25.303664918073380 
25.303664918117072 
25.303664917931229 
25.303664918108005 
25.303664917972881 
25.303664918336260 
25.303664918163655 
25.303664918809979 
25.303664918921832 
25.303664918516212 
25.303664918578747 
25.303664918260395 
25.303664918236521 
25.303664918445293 
25.303664918660481 
25.303664918638887 
25.303664918526643 
25.303664918422832 
25.303664918311398 
25.303664918737631 
25.303664919124500 
25.303664918847851 
25.303664918784470 
25.303664918578150 
25.303664918516780 
25.303664918764021 
25.303664918419777 
25.303664917819390 
25.303664917359534 
25.303664917230194 
25.303664917345920 
25.303664917333165 
25.303664917499191 
25.303664917427362 
25.303664917361552 
25.303664917570785 
25.303664917354482 
25.303664917703422 
25.303664917523271 
25.303664917386385 
25.303664917368557 
25.303664917143344 
25.303664916648579 
25.303664916606778 
25.303664916844653 
25.303664916210998 
25.303664916364951 
25.303664916349135 
25.303664916292789 
25.303664916196546 
25.303664915953846 
25.303664916249659 
25.303664916255265 
25.303664915785951 
25.303664915960496 
25.303664915830623 
25.303664916225515 
25.303664915797775 
25.303664916049406 
25.303664916375688 
25.303664916490106 
25.303664915976299 
25.303664916185610 
25.303664916664097 
25.303664916887477 
25.303664916531574 
25.303664916848646 
25.303664916766593 
25.303664916471554 
25.303664916746165 
25.303664917131279 
25.303664916725843 
25.303664917038631 
25.303664917105436 
25.303664917682113 
25.303664917354070 
25.303664917625916 
25.303664917554606 
25.303664917225667 
25.303664917149476 
25.303664916780406 
25.303664916429419 
25.303664915967644 
25.303664915946165 
25.303664915670005 
25.303664916049911 
25.303664916231526 
25.303664915973812 
25.303664916115878 
25.303664916202017 
25.303664916480798 
25.303664916487932 
25.303664916485630 
25.303664917245207 
25.303664917081846 
25.303664917194780 
25.303664917140395 
25.303664917565733 
25.303664917049545 
25.303664916941329 
25.303664916833917 
25.303664916225422 
25.303664916142928 
25.303664916064591 
25.303664915492810 
25.303664915461759 
25.303664915333734 
25.303664915600542 
25.303664915568170 
25.303664915143735 
25.303664915020427 
25.303664915690078 
25.303664915694533 
25.303664915763051 
25.303664915825777 
25.303664915306740 
25.303664915625014 
25.303664915654622 
25.303664915917118 
25.303664915996841 
25.303664916207730 
25.303664916168621 
25.303664916485268 
25.303664916336601 
25.303664915816903 
25.303664915651204 
25.303664915534902 
25.303664915563992 
25.303664915867323 
25.303664916053108 
25.303664916060526 
25.303664916044305 
25.303664915672812 
25.303664916057997 
25.303664916526969 
25.303664916190641 
25.303664915691087 
25.303664915468609 
25.303664915250550 
25.303664914899912 
25.303664914515139 
25.303664914668445 
25.303664914618501 
25.303664914877935 
25.303664914850515 
25.303664914838301 
25.303664915205488 
25.303664914647285 
25.303664914551540 
25.303664914604155 
25.303664914497837 
25.303664914576153 
25.303664915100292 
25.303664914515736 
25.303664914688170 
25.303664914496039 
25.303664915044060 
25.303664914458878 
25.303664914238396 
25.303664913770575 
25.303664913671376 
25.303664913606852 
25.303664913565349 
25.303664913390662 
25.303664913362589 
25.303664913316297 
25.303664912940455 
25.303664913332014 
25.303664913313014 
25.303664913514623 
25.303664913280549 
25.303664913447946 
25.303664912810930 
25.303664912511927 
25.303664912238546 
25.303664912411101 
25.303664912185496 
25.303664912395561 
25.303664912472868 
25.303664912124006 
25.303664912127793 
25.303664912338917 
25.303664912176799 
25.303664912412017 
25.303664912003327 
25.303664912278386 
25.303664912354442 
25.303664911714705 
25.303664912208191 
25.303664912742143 
25.303664912902505 
25.303664913248610 
25.303664913048415 
25.303664912912041 
25.303664913286724 
25.303664913042390 
25.303664913121445 
25.303664913191326 
25.303664912812366 
25.303664912605491 
25.303664912605676 
25.303664912084322 
25.303664912375602 
25.303664912549877 
25.303664912506378 
25.303664912603750 
25.303664912340928 
25.303664912093822 
25.303664912246752 
25.303664912219041 
25.303664912002141 
25.303664911751540 
25.303664912070069 
25.303664912242766 
25.303664912124198 
25.303664912104701 
25.303664912245466 
25.303664912303837 
25.303664912404692 
25.303664912797053 
25.303664912827841 
25.303664912983173 
25.303664912855780 
25.303664912693954 
25.303664912892025 
25.303664913168909 
25.303664913513359 
25.303664913202212 
25.303664913352883 
25.303664913337627 
25.303664913041516 
25.303664913218320 
25.303664913235757 
25.303664913404809 
25.303664912708605 
25.303664912278165 
25.303664912385280 
25.303664912016515 
25.303664912001096 
25.303664911753920 
25.303664911448713 
25.303664911019908 
25.303664911082691 
25.303664911528408 
25.303664911396510 
25.303664911170188 
25.303664911015694 
25.303664910874758 
25.303664910687552 
25.303664910627532 
25.303664910853172 
25.303664910785869 
25.303664910593412 
25.303664910934891 
25.303664911057112 
25.303664911202155 
25.303664910830733 
25.303664910509518 
25.303664910410603 
25.303664910717714 
25.303664910930550 
25.303664911045338 
25.303664910923757 
25.303664910698856 
25.303664910625656 
25.303664910477956 
25.303664910430228 
25.303664910044837 
25.303664909957654 
25.303664909803032 
25.303664909590168 
25.303664909865972 
25.303664909925693 
25.303664909980299 
25.303664910356865 
25.303664910455495 
25.303664910504239 
25.303664910758620 
25.303664910807242 
25.303664910766820 
25.303664910456682 
25.303664910640627 
25.303664911053161 
25.303664910564727 
25.303664909959892 
25.303664909291761 
25.303664909437778 
25.303664909851982 
25.303664910296035 
25.303664910252614 
25.303664910480805 
25.303664910740125 
25.303664910788186 
25.303664910957693 
25.303664910917000 
25.303664910898718 
25.303664911554741 
25.303664911519540 
25.303664911091268 
25.303664911295542 
25.303664911371435 
25.303664911416128 
25.303664911124649 
25.303664910743343 
25.303664909950456 
25.303664910079739 
25.303664910315014 
25.303664910326354 
25.303664910455360 
25.303664910465031 
25.303664910714140 
25.303664910767353 
25.303664911014096 
25.303664910671301 
25.303664911221233 
25.303664910751166 
25.303664910875035 
25.303664911044059 
25.303664910550182 
25.303664910738242 
25.303664910478950 
25.303664910679124 
25.303664910658469 
25.303664910957686 
25.303664911270701 
25.303664911479238 
25.303664911788573 
25.303664911441714 
25.303664911120379 
25.303664910964415 
25.303664911171332 
25.303664911349294 
25.303664911511753 
25.303664911569498 
25.303664911151614 
25.303664911010706 
25.303664910528006 
25.303664910665006 
25.303664910011882 
25.303664910030150 
25.303664909525374 
25.303664909297645 
25.303664909552893 
25.303664909772749 
25.303664909845608 
25.303664909962386 
25.303664910126379 
25.303664910385251 
25.303664910120929 
25.303664910297840 
25.303664910057392 
25.303664910652927 
25.303664911056664 
25.303664911240375 
25.303664911678588 
25.303664911587795 
25.303664911207846 
25.303664911104875 
25.303664910623894 
25.303664910756844 
25.303664910974746 
25.303664910813090 
25.303664910914350 
25.303664910715824 
25.303664910611971 
25.303664910199139 
25.303664910527431 
25.303664910734668 
25.303664910948221 
25.303664910900785 
25.303664911045473 
25.303664910600162 
25.303664910634858 
25.303664910427081 
25.303664910317927 
25.303664910607203 
25.303664910514819 
25.303664910450173 
25.303664910804130 
25.303664910706459 
25.303664910353724 
25.303664910204539 
25.303664909799771 
25.303664910058480 
25.303664909827830 
25.303664910009971 
25.303664910047885 
25.303664909873170 
25.303664909754282 
25.303664909493484 
25.303664909419275 
25.303664909030978 
25.303664909355206 
25.303664909376053 
25.303664909383528 
25.303664909506281 
25.303664909556637 
25.303664909794598 
25.303664910129832 
25.303664910310680 
25.303664910488180 
25.303664910599295 
25.303664910693371 
25.303664910823180 
25.303664911074279 
25.303664911332355 
25.303664911395188 
25.303664911565235 
25.303664911516115 
25.303664911484461 
25.303664911490884 
25.303664912046564 
25.303664912151760 
25.303664912718574 
25.303664911761125 
25.303664912074780 
25.303664911781546 
25.303664911808227 
25.303664912107209 
25.303664912139631 
25.303664912054501 
25.303664912170646 
25.303664912683310 
25.303664912512410 
25.303664912577943 
25.303664912507770 
25.303664913097350 
25.303664913194893 
25.303664913671234 
25.303664914141358 
25.303664913994460 
25.303664914156293 
25.303664913913437 
25.303664914302836 
25.303664914012472 
25.303664914248451 
25.303664914071497 
25.303664913969826 
25.303664913839768 
25.303664913359960 
25.303664913265159 
25.303664913156155 
25.303664913941489 
25.303664913654380 
25.303664913084575 
25.303664913207427 
25.303664913375833 
25.303664912693215 
25.303664912584829 
25.303664912554694 
25.303664911747489 
25.303664912016849 
25.303664912083946 
25.303664912193078 
25.303664912318673 
25.303664912304725 
25.303664912046905 
25.303664912337659 
25.303664912162979 
25.303664912675366 
25.303664913002265 
25.303664913506189 
25.303664913817194 
25.303664913912414 
25.303664913929119 
25.303664913460715 
25.303664913812405 
25.303664914095691 
25.303664914347209 
25.303664914956457 
25.303664914825134 
25.303664914801352 
25.303664915193174 
25.303664915332334 
25.303664915171197 
25.303664915284664 
25.303664915589941 
25.303664915529211 
25.303664915373396 
25.303664915259887 
25.303664915200642 
25.303664915040116 
25.303664915329023 
25.303664915456686 
25.303664915258082 
25.303664915100789 
25.303664914619993 
25.303664914507124 
25.303664914302118 
25.303664914372106 
25.303664914687644 
25.303664914423649 
25.303664914254931 
25.303664914223276 
25.303664913563694 
25.303664913587795 
25.303664913622953 
25.303664913832684 
25.303664913383471 
25.303664912977446 
25.303664913237327 
25.303664913344960 
25.303664913268790 
25.303664913005903 
25.303664913342459 
25.303664912939873 
25.303664913003644 
25.303664913322294 
25.303664913750140 
25.303664913944353 
25.303664914242304 
25.303664914485779 
25.303664914482539 
25.303664914594691 
25.303664914810298 
25.303664914888174 
25.303664915058036 
25.303664914520439 
25.303664914486347 
25.303664914505163 
25.303664914507934 
25.303664914627078 
25.303664914717814 
25.303664914408031 
25.303664914483747 
25.303664914657332 
25.303664914217912 
25.303664914295283 
25.303664914471042 
25.303664914912076 
25.303664915125800 
25.303664915179866 
25.303664915583589 
25.303664915268982 
25.303664915384026 
25.303664915062029 
25.303664914534082 
25.303664914455879 
25.303664914270136 
25.303664914156634 
25.303664914398496 
25.303664914011030 
25.303664914072094 
25.303664913778292 
25.303664913651815 
25.303664914124013 
25.303664914019961 
25.303664913755725 
25.303664913881406 
25.303664913688003 
25.303664913506161 
25.303664913964965 
25.303664913915014 
25.303664913840763 
25.303664914144058 
25.303664914403505 
25.303664913966564 
25.303664914052568 
25.303664914083896 
25.303664914148349 
25.303664913910268 
25.303664913861788 
25.303664914235142 
25.303664913725910 
25.303664913892021 
25.303664913946477 
25.303664914551746 
25.303664914385152 
25.303664914552691 
25.303664914774032 
25.303664914439395 
25.303664914269760 
25.303664914661162 
25.303664914391796 
25.303664914301883 
25.303664914037171 
25.303664914237054 
25.303664914074883 
25.303664913673423 
25.303664912972557 
25.303664913004699 
25.303664913312712 
25.303664913442098 
25.303664913330103 
25.303664913685012 
25.303664913571200 
25.303664913547752 
25.303664913133673 
25.303664913026783 
25.303664913652174 
25.303664914283253 
25.303664913907983 
25.303664914430055 
25.303664914334085 
25.303664914886038 
25.303664914951185 
25.303664915282489 
25.303664915368490 
25.303664915864935 
25.303664916064868 
25.303664915757231 
25.303664915564280 
25.303664915543038 
25.303664915522322 
25.303664915574760 
25.303664915409918 
25.303664915338679 
25.303664915725442 
25.303664915592204 
25.303664915395586 
25.303664915453357 
25.303664915096096 
25.303664915276773 
25.303664915764688 
25.303664916019205 
25.303664916353075 
25.303664915913849 
25.303664915869213 
25.303664915890966 
25.303664916273050 
25.303664916337969 
25.303664916539596 
25.303664916616363 
25.303664916477011 
25.303664916592520 
25.303664916507611 
25.303664916856278 
25.303664916505817 
25.303664916234066 
25.303664916559331 
25.303664916076158 
25.303664916327762 
25.303664916377905 
25.303664916485332 
25.303664916538054 
25.303664916655581 
25.303664916390126 
25.303664916363200 
25.303664916108829 
25.303664916440084 
25.303664916024545 
25.303664916327786 
25.303664915935471 
25.303664916179091 
25.303664915981688 
25.303664915924386 
25.303664916394172 
25.303664916280297 
25.303664916226413 
25.303664916472009 
25.303664916719217 
25.303664916849083 
25.303664917045779 
25.303664917117946 
25.303664917549622 
25.303664917164788 
25.303664917287001 
25.303664917752911 
25.303664917795370 
25.303664917507508 
25.303664917714659 
25.303664917783241 
25.303664917748780 
25.303664918354713 
25.303664918315324 
25.303664918293272 
25.303664918414889 
25.303664918231402 
25.303664918096835 
25.303664918030371 
25.303664917942221 
25.303664918029291 
25.303664918273974 
25.303664917847339 
25.303664918156947 
25.303664917750488 
25.303664917641548 
25.303664917901667 
25.303664918014402 
25.303664918154087 
25.303664917913476 
25.303664917718088 
25.303664917888899 
25.303664917645545 
25.303664917898320 
25.303664917530220 
25.303664917582065 
25.303664917487588 
25.303664918044010 
25.303664918066648 
25.303664918411251 
25.303664917956457 
25.303664918271647 
25.303664918130366 
25.303664918430229 
25.303664918298182 
25.303664918321317 
25.303664918313729 
25.303664918129591 
25.303664918024488 
25.303664918308780 
25.303664918143976 
25.303664918219173 
25.303664917892188 
25.303664918036628 
25.303664918272609 
25.303664918107120 
25.303664918121303 
25.303664918095436 
25.303664918128735 
25.303664917933951 
25.303664917392748 
25.303664916990833 
25.303664917187429 
25.303664917023386 
25.303664917173062 
25.303664917073494 
25.303664916976395 
25.303664917189021 
25.303664917037644 
25.303664916929144 
25.303664917438432 
25.303664917188115 
25.303664916865262 
25.303664917245708 
25.303664917614508 
25.303664917394634 
25.303664917392506 
25.303664917406724 
25.303664917173176 
25.303664916987920 
25.303664916410252 
25.303664916421756 
25.303664916588055 
25.303664916539027 
25.303664916492625 
25.303664916592080 
25.303664916397931 
25.303664915741543 
25.303664915692305 
25.303664915498363 
25.303664915730895 
25.303664915629245 
25.303664915889879 
25.303664915997405 
25.303664915917690 
25.303664915780043 
25.303664915211108 
25.303664915557022 
25.303664915382285 
25.303664915680095 
25.303664915406355 
25.303664915434688 
25.303664915635647 
25.303664915583294 
25.303664915199349 
25.303664914832684 
25.303664915053396 
25.303664915180669 
25.303664915598077 
25.303664915638379 
25.303664915682976 
25.303664915554140 
25.303664915215478 
25.303664916059766 
25.303664916381205 
25.303664916615816 
25.303664916676034 
25.303664916801452 
25.303664916740615 
25.303664916792393 
25.303664917126142 
25.303664916830801 
25.303664917190979 
25.303664917343312 
25.303664917274091 
25.303664917853418 
25.303664917571989 
25.303664917762990 
25.303664917704651 
25.303664917897994 
25.303664917832503 
25.303664917308677 
25.303664917840884 
25.303664917861283 
25.303664918255798 
25.303664918086618 
25.303664918259759 
25.303664918437100 
25.303664918348826 
25.303664917894022 
25.303664918012153 
25.303664918544815 
25.303664918384477 
25.303664917997502 
25.303664917751853 
25.303664918350048 
25.303664918266691 
25.303664918546538 
25.303664918473448 
25.303664918428325 
25.303664918152016 
25.303664917791519 
25.303664918074592 
25.303664918399154 
25.303664918706716 
25.303664919117420 
25.303664919527638 
25.303664919409623 
25.303664919561246 
25.303664919527868 
25.303664920401548 
25.303664920425600 
25.303664920696843 
25.303664919997853 
25.303664920028989 
25.303664919985817 
25.303664920135184 
25.303664920187121 
25.303664919628460 
25.303664920006504 
25.303664920575351 
25.303664920847570 
25.303664920703479 
25.303664921097482 
25.303664921541635 
25.303664921369702 
25.303664921451887 
25.303664921923001 
25.303664921763414 
25.303664922120980 
25.303664922200348 
25.303664921961310 
25.303664921857084 
25.303664921850345 
25.303664921385305 
25.303664921445041 
25.303664921306503 
25.303664921792496 
25.303664921156194 
25.303664920697273 
25.303664920879246 
25.303664921149274 
25.303664920895194 
25.303664920906069 
25.303664920547217 
25.303664920549966 
25.303664911067454 
25.303664911030765 
25.303664911101514 
25.303664911177318 
25.303664911188051 
25.303664911145994 
25.303664911166027 
25.303664911207580 
25.303664911161302 
25.303664911187294 
25.303664911185528 
25.303664911196233 
25.303664911175900 
25.303664911200979 
25.303664911203363 
25.303664911232328 
25.303664911222107 
25.303664911247274 
25.303664911238240 
25.303664911240272 
25.303664911217020 
25.303664911189763 
25.303664911209250 
25.303664911232030 
25.303664911204571 
25.303664911207139 
25.303664911193486 
25.303664911179528 
25.303664911190118 
25.303664911188186 
25.303664911187440 
25.303664911213637 
25.303664911235593 
25.303664911248053 
25.303664911263304 
25.303664911261521 
25.303664911267447 
25.303664911271742 
25.303664911268410 
25.303664911270783 
25.303664911261521 
25.303664911281189 
25.303664911300935 
25.303664911301436 
25.303664911275266 
25.303664911273330 
25.303664911287470 
25.303664911283050 
25.303664911264701 
25.303664911253417 
25.303664911266708 
25.303664911267767 
25.303664911289083 
25.303664911277345 
25.303664911280098 
25.303664911274222 
25.303664911281508 
25.303664911253009 
25.303664911249577 
25.303664911277302 
25.303664911269237 
25.303664911256085 
25.303664911270879 
25.303664911287878 
25.303664911298700 
25.303664911288855 
25.303664911279768 
25.303664911273192 
25.303664911268420 
25.303664911273582 
25.303664911280222 
25.303664911299933 
25.303664911286326 
25.303664911296870 
25.303664911303187 
25.303664911349284 
25.303664911339709 
25.303664911348633 
25.303664911358311 
25.303664911351682 
25.303664911377158 
25.303664911367719 
25.303664911364514 
25.303664911362873 
25.303664911383933 
25.303664911385066 
25.303664911394655 
25.303664911390513 
25.303664911363089 
25.303664911343397 
25.303664911343951 
25.303664911338679 
25.303664911340462 
25.303664911337918 
25.303664911317426 
25.303664911335204 
25.303664911327033 
25.303664911298728 
25.303664911297766 
25.303664911303088 
25.303664911271493 
25.303664911247289 
25.303664911228992 
25.303664911251936 
25.303664911261553 
25.303664911252142 
25.303664911258210 
25.303664911275540 
25.303664911258320 
25.303664911292948 
25.303664911280229 
25.303664911293001 
25.303664911300565 
25.303664911286624 
25.303664911281828 
25.303664911272193 
25.303664911298398 
25.303664911276222 
25.303664911249051 
25.303664911293183 
25.303664911264477 
25.303664911276201 
25.303664911263411 
25.303664911242315 
25.303664911232985 
25.303664911248660 
25.303664911251715 
25.303664911240208 
25.303664911252142 
25.303664911267465 
25.303664911210326 
25.303664911206035 
25.303664911217425 
25.303664911206432 
25.303664911210138 
25.303664911186971 
25.303664911174025 
25.303664911165463 
25.303664911207076 
25.303664911189198 
25.303664911169946 
25.303664911165438 
25.303664911148935 
25.303664911130603 
25.303664911116112 
25.303664911124461 
25.303664911136885 
25.303664911125715 
25.303664911155977 
25.303664911181677 
25.303664911160542 
25.303664911159085 
25.303664911156410 
25.303664911180984 
25.303664911162404 
25.303664911207974 
25.303664911191930 
25.303664911169701 
25.303664911194545 
25.303664911179133 
25.303664911174270 
25.303664911173531 
25.303664911161146 
25.303664911128084 
25.303664911124123 
25.303664911114360 
25.303664911139634 
25.303664911136522 
25.303664911144452 
25.303664911120158 
25.303664911106068 
25.303664911140711 
25.303664911175233 
25.303664911176227 
25.303664911145422 
25.303664911126422 
25.303664911116861 
25.303664911134668 
25.303664911148665 
25.303664911155856 
25.303664911121050 
25.303664911129310 
25.303664911138505 
25.303664911140217 
25.303664911118933 
25.303664911086035 
25.303664911071237 
25.303664911086102 
25.303664911089520 
25.303664911096519 
25.303664911126134 
25.303664911084145 
25.303664911128763 
25.303664911194808 
25.303664911207733 
25.303664911234812 
25.303664911210490 
25.303664911237931 
25.303664911263400 
25.303664911253627 
25.303664911273515 
25.303664911242016 
25.303664911214916 
25.303664911264924 
25.303664911314549 
25.303664911316041 
25.303664911314996 
25.303664911310229 
25.303664911365029 
25.303664911383787 
25.303664911385511 
25.303664911415254 
25.303664911391138 
25.303664911373858 
25.303664911344249 
25.303664911351099 
25.303664911377535 
25.303664911365306 
25.303664911347980 
25.303664911395916 
25.303664911405342 
25.303664911411850 
25.303664911422722 
25.303664911425123 
25.303664911418359 
25.303664911425557 
25.303664911393277 
25.303664911358727 
25.303664911386100 
25.303664911414032 
25.303664911456227 
25.303664911480958 
25.303664911410479 
25.303664911379336 
25.303664911388893 
25.303664911415460 
25.303664911372437 
25.303664911376920 
25.303664911359281 
25.303664911348825 
25.303664911318059 
25.303664911351891 
25.303664911365487 
25.303664911430701 
25.303664911452845 
25.303664911432481 
25.303664911450639 
25.303664911441526 
25.303664911424349 
25.303664911380196 
25.303664911433714 
25.303664911383795 
25.303664911398421 
25.303664911374192 
25.303664911395376 
25.303664911406567 
25.303664911315977 
25.303664911279661 
25.303664911310019 
25.303664911322677 
25.303664911360606 
25.303664911336710 
25.303664911315551 
25.303664911289736 
25.303664911287775 
25.303664911294099 
25.303664911331708 
25.303664911289136 
25.303664911303265 
25.303664911285907 
25.303664911353184 
25.303664911346903 
25.303664911372117 
25.303664911383258 
25.303664911379549 
25.303664911318279 
25.303664911339755 
25.303664911408283 
25.303664911393899 
25.303664911302601 
25.303664911328617 
25.303664911325971 
25.303664911303684 
25.303664911345777 
25.303664911338586 
25.303664911262853 
25.303664911238776 
25.303664911206450 
25.303664911188736 
25.303664911257805 
25.303664911193785 
25.303664911174334 
25.303664911227003 
25.303664911266392 
25.303664911281295 
25.303664911300828 
25.303664911352271 
25.303664911305020 
25.303664911246809 
25.303664911244436 
25.303664911225802 
25.303664911182594 
25.303664911184907 
25.303664911180917 
25.303664911117231 
25.303664911088326 
25.303664911143358 
25.303664911108186 
25.303664911142384 
25.303664911118730 
25.303664911148537 
25.303664911136973 
25.303664911192552 
25.303664911171090 
25.303664911224534 
25.303664911234044 
25.303664911150420 
25.303664911245832 
25.303664911239558 
25.303664911266559 
25.303664911302867 
25.303664911419911 
25.303664911446095 
25.303664911397028 
25.303664911414707 
25.303664911331996 
25.303664911344868 
25.303664911371833 
25.303664911322549 
25.303664911364855 
25.303664911396808 
25.303664911341784 
25.303664911340334 
25.303664911311053 
25.303664911300249 
25.303664911351504 
25.303664911353692 
25.303664911376082 
25.303664911412643 
25.303664911372181 
25.303664911316346 
25.303664911406599 
25.303664911420952 
25.303664911446816 
25.303664911410909 
25.303664911514527 
25.303664911578021 
25.303664911640443 
25.303664911547411 
25.303664911653357 
25.303664911560944 
25.303664911496298 
25.303664911500146 
25.303664911473412 
25.303664911497400 
25.303664911513120 
25.303664911568788 
25.303664911452476 
25.303664911558165 
25.303664911513785 
25.303664911528863 
25.303664911486301 
25.303664911322961 
25.303664911402578 
25.303664911316879 
25.303664911256217 
25.303664911323974 
25.303664911372152 
25.303664911382530 
25.303664911458988 
25.303664911419119 
25.303664911396709 
25.303664911428790 
25.303664911373431 
25.303664911376920 
25.303664911402034 
25.303664911456444 
25.303664911573133 
25.303664911530682 
25.303664911564951 
25.303664911438592 
25.303664911456501 
25.303664911516012 
25.303664911441622 
25.303664911573073 
25.303664911582377 
25.303664911576611 
25.303664911570213 
25.303664911483150 
25.303664911500945 
25.303664911278105 
25.303664911385454 
25.303664911363491 
25.303664911431788 
25.303664911504036 
25.303664911498338 
25.303664911596272 
25.303664911657613 
25.303664911416607 
25.303664911440912 
25.303664911471934 
25.303664911600983 
25.303664911687527 
25.303664911675252 
25.303664911762930 
25.303664911899336 
25.303664911815915 
25.303664911841647 
25.303664911772422 
25.303664911999050 
25.303664912086756 
25.303664912129349 
25.303664912096536 
25.303664912091037 
25.303664912171332 
25.303664912183621 
25.303664912108069 
25.303664912028900 
25.303664912051037 
25.303664911949777 
25.303664912001743 
25.303664912064598 
25.303664912187237 
25.303664912317064 
25.303664912259087 
25.303664912296252 
25.303664912238933 
25.303664912150914 
25.303664912120805 
25.303664912136213 
25.303664912299684 
25.303664912177116 
25.303664912145727 
25.303664912157178 
25.303664912270584 
25.303664912198943 
25.303664912217279 
25.303664912136281 
25.303664912074950 
25.303664911870349 
25.303664911666523 
25.303664911578519 
25.303664911471717 
25.303664911397576 
25.303664911514964 
25.303664911562613 
25.303664911444827 
25.303664911478108 
25.303664911324724 
25.303664911606422 
25.303664911380061 
25.303664911440983 
25.303664911489641 
25.303664911570920 
25.303664911652966 
25.303664911583148 
25.303664911636453 
25.303664911626154 
25.303664911671433 
25.303664911773517 
25.303664911756734 
25.303664911834137 
25.303664911850994 
25.303664911673366 
25.303664911579734 
25.303664911579727 
25.303664911630335 
25.303664911626655 
25.303664911766788 
25.303664911620960 
25.303664911757838 
25.303664911618334 
25.303664911582178 
25.303664911571893 
25.303664911567445 
25.303664911551312 
25.303664911633991 
25.303664911544200 
25.303664911652888 
25.303664911541169 
25.303664911496867 
25.303664911469099 
25.303664911430786 
25.303664911322095 
25.303664911217155 
25.303664911284812 
25.303664911331722 
25.303664911347958 
25.303664911267823 
25.303664911399572 
25.303664911301240 
25.303664911276343 
25.303664911193259 
25.303664910832126 
25.303664910737950 
25.303664910722418 
25.303664910710502 
25.303664910690209 
25.303664910617904 
25.303664910693854 
25.303664910773080 
25.303664910880499 
25.303664910837476 
25.303664910806489 
25.303664910801480 
25.303664910897723 
25.303664910989937 
25.303664910913348 
25.303664910742391 
25.303664910732365 
25.303664910761860 
25.303664910906683 
25.303664910766685 
25.303664911065866 
25.303664911013925 
25.303664910954971 
25.303664911054845 
25.303664910864285 
25.303664910784740 
25.303664910692135 
25.303664910589916 
25.303664910616661 
25.303664910597391 
25.303664910596794 
25.303664910666193 
25.303664910631831 
25.303664910667635 
25.303664910898277 
25.303664910772326 
25.303664910872840 
25.303664910647726 
25.303664910745987 
25.303664910907322 
25.303664911252525 
25.303664911021770 
25.303664911034268 
25.303664910981745 
25.303664910802709 
25.303664911130952 
25.303664911077341 
25.303664911056174 
25.303664911023098 
25.303664911197835 
25.303664911437934 
25.303664911260455 
25.303664911395558 
25.303664911299649 
25.303664911227585 
25.303664911172604 
25.303664911302981 
25.303664911201473 
25.303664910907948 
25.303664911066058 
25.303664910609712 
25.303664910530273 
25.303664910435579 
25.303664910276019 
25.303664910355323 
25.303664910382707 
25.303664910338540 
25.303664910319078 
25.303664910220490 
25.303664910039224 
25.303664909984654 
25.303664909776437 
25.303664909963189 
25.303664909951266 
25.303664910033504 
25.303664909973655 
25.303664910130585 
25.303664910311049 
25.303664910212014 
25.303664910377485 
25.303664910564223 
25.303664910639490 
25.303664910766983 
25.303664910952932 
25.303664910618792 
25.303664910195891 
25.303664910033902 
25.303664909970294 
25.303664910028637 
25.303664910446855 
25.303664910394673 
25.303664910464200 
25.303664910116282 
25.303664910516915 
25.303664910470268 
25.303664910624889 
25.303664910514286 
25.303664910544185 
25.303664910368013 
25.303664910350498 
25.303664910402745 
25.303664910937002 
25.303664910789749 
25.303664910541031 
25.303664910841050 
25.303664910660544 
25.303664910576657 
25.303664910626878 
25.303664910866488 
25.303664911157981 
25.303664911255041 
25.303664911215016 
25.303664911371577 
25.303664911240965 
25.303664911439434 
25.303664911639565 
25.303664911697894 
25.303664911974053 
25.303664912127601 
25.303664912146445 
25.303664911970984 
25.303664911386662 
25.303664911275483 
25.303664911474115 
25.303664911511234 
25.303664911352669 
25.303664911596123 
25.303664911554819 
25.303664911530966 
25.303664911509962 
25.303664911674730 
25.303664911557590 
25.303664911554939 
25.303664911485001 
25.303664911557306 
25.303664911471628 
25.303664911298839 
25.303664911528692 
25.303664911643210 
25.303664911749813 
25.303664911754282 
25.303664911776622 
25.303664911632126 
25.303664911816739 
25.303664911954208 
25.303664911626385 
25.303664911159260 
25.303664911243274 
25.303664911335943 
25.303664911294639 
25.303664910976558 
25.303664910853534 
25.303664910862622 
25.303664910581873 
25.303664910514584 
25.303664910511820 
25.303664910717472 
25.303664910582619 
25.303664910492159 
25.303664910474076 
25.303664910480315 
25.303664910393778 
25.303664910417645 
25.303664910603771 
25.303664910510427 
25.303664910730220 
25.303664911019581 
25.303664910892778 
25.303664910700178 
25.303664910894938 
25.303664910853897 
25.303664911046539 
25.303664910950829 
25.303664910919501 
25.303664910726710 
25.303664910673440 
25.303664910664352 
25.303664910764581 
25.303664910790111 
25.303664910778437 
25.303664910753810 
25.303664910580096 
25.303664910500530 
25.303664910197519 
25.303664910275671 
25.303664910482375 
25.303664910349923 
25.303664910777499 
25.303664910693655 
25.303664910481110 
25.303664910867923 
25.303664911070456 
25.303664911089847 
25.303664910990435 
25.303664911087608 
25.303664910830946 
25.303664911240894 
25.303664911475970 
25.303664911866043 
25.303664911618071 
25.303664911594190 
25.303664911585095 
25.303664912153224 
25.303664911781354 
25.303664912090156 
25.303664911815325 
25.303664911603349 
25.303664911547429 
25.303664911758716 
25.303664911642727 
25.303664911549319 
25.303664911569541 
25.303664911940515 
25.303664912540242 
25.303664912551497 
25.303664912533961 
25.303664912821532 
25.303664912665923 
25.303664912961381 
25.303664912884727 
25.303664912700100 
25.303664912153010 
25.303664912274996 
25.303664911895837 
25.303664911661471 
25.303664911669657 
25.303664911541645 
25.303664911666345 
25.303664911810344 
25.303664912099407 
25.303664912032275 
25.303664912000883 
25.303664911682148 
25.303664911937418 
25.303664911980761 
25.303664911645697 
25.303664911598645 
25.303664912147411 
25.303664911858974 
25.303664911829912 
25.303664911544416 
25.303664911586864 
25.303664911445452 
25.303664911472552 
25.303664911362944 
25.303664911079977 
25.303664911342736 
25.303664911662025 
25.303664912031707 
25.303664911665095 
25.303664911417755 
25.303664911677131 
25.303664911627834 
25.303664911697453 
25.303664911967786 
25.303664912029930 
25.303664912206926 
25.303664912125313 
25.303664912285299 
25.303664912658647 
25.303664912778217 
25.303664912863240 
25.303664912857229 
25.303664913047655 
25.303664913228616 
25.303664913180640 
25.303664913385134 
25.303664913724546 
25.303664914075441 
25.303664914050074 
25.303664913697261 
25.303664914202315 
25.303664914234417 
25.303664914175329 
25.303664914007442 
25.303664913998844 
25.303664913833018 
25.303664914001828 
25.303664914104459 
25.303664914200894 
25.303664913879402 
25.303664913816760 
25.303664913784161 
25.303664913954520 
25.303664914090774 
25.303664913882002 
25.303664913652540 
25.303664913749842 
25.303664914046422 
25.303664913948666 
25.303664914065834 
25.303664914030321 
25.303664914064299 
25.303664914175556 
25.303664914279494 
25.303664914038620 
25.303664913644326 
25.303664913571879 
25.303664914039373 
25.303664914154055 
25.303664913796226 
25.303664913695883 
25.303664913492611 
25.303664913766468 
25.303664913916009 
25.303664914078638 
25.303664914275657 
25.303664914991472 
25.303664914908978 
25.303664915012263 
25.303664915181187 
25.303664915133766 
25.303664915241640 
25.303664915351192 
25.303664915247481 
25.303664915283079 
25.303664914958048 
25.303664914634140 
25.303664914690145 
25.303664915107746 
25.303664915111455 
25.303664914798119 
25.303664915003495 
25.303664915224388 
25.303664915225227 
25.303664915460132 
25.303664915378462 
25.303664915414188 
25.303664915434268 
25.303664915619976 
25.303664915324404 
25.303664915503262 
25.303664915124742 
25.303664915044948 
25.303664915024171 
25.303664914766529 
25.303664914706530 
25.303664914659720 
25.303664914475760 
25.303664914299418 
25.303664914320592 
25.303664914063205 
25.303664914381727 
25.303664914585255 
25.303664914726482 
25.303664914731883 
25.303664915012831 
25.303664914916567 
25.303664914531197 
25.303664914012813 
25.303664914028516 
25.303664914477679 
25.303664914646887 
25.303664914751423 
25.303664914809900 
25.303664914909959 
25.303664915132927 
25.303664915129090 
25.303664915272378 
25.303664915662495 
25.303664915798961 
25.303664915841608 
25.303664916123708 
25.303664916105959 
25.303664915732810 
25.303664916154645 
25.303664915541788 
25.303664915560944 
25.303664915442056 
25.303664915315295 
25.303664915392730 
25.303664915859116 
25.303664915721910 
25.303664915395970 
25.303664915441331 
25.303664915311359 
25.303664915325186 
25.303664915130653 
25.303664915326451 
25.303664915201466 
25.303664915218405 
25.303664914670122 
25.303664914213371 
25.303664914717771 
25.303664914784065 
25.303664914765136 
25.303664914635448 
25.303664914584658 
25.303664914855162 
25.303664915095410 
25.303664915020633 
25.303664915120152 
25.303664915029259 
25.303664915183901 
25.303664915322628 
25.303664915566799 
25.303664915382569 
25.303664915026758 
25.303664914780001 
25.303664914765648 
25.303664914904473 
25.303664914628385 
25.303664914759352 
25.303664914638063 
25.303664915208458 
25.303664915142079 
25.303664915570167 
25.303664915487190 
25.303664915340761 
25.303664915367122 
25.303664915003608 
25.303664915121459 
25.303664915342267 
25.303664915797611 
25.303664916048916 
25.303664915887694 
25.303664916148904 
25.303664916347131 
25.303664916701209 
25.303664916379816 
25.303664916418739 
25.303664916009488 
25.303664916230311 
25.303664916327421 
25.303664916249431 
25.303664916618189 
25.303664916430492 
25.303664916039210 
25.303664915908868 
25.303664915949199 
25.303664916080578 
25.303664916125889 
25.303664916025070 
25.303664915978771 
25.303664915914958 
25.303664916294288 
25.303664916406113 
25.303664916687111 
25.303664916534260 
25.303664915815936 
25.303664915768792 
25.303664915734593 
25.303664915604173 
25.303664915614604 
25.303664915391508 
25.303664915290270 
25.303664915394549 
25.303664915651211 
25.303664915298867 
25.303664915188449 
25.303664914877139 
25.303664915036478 
25.303664915070456 
25.303664915268726 
25.303664915599320 
25.303664915512570 
25.303664915391508 
25.303664915082884 
25.303664915453588 
25.303664915444216 
25.303664915623017 
25.303664915394307 
25.303664915733798 
25.303664916276666 
25.303664916148186 
25.303664916337318 
25.303664916327264 
25.303664916856690 
25.303664916892671 
25.303664916645751 
25.303664917067998 
25.303664917209204 
25.303664917057667 
25.303664917213418 
25.303664917418836 
25.303664917543813 
25.303664917353984 
25.303664917192130 
25.303664917236141 
25.303664917352030 
25.303664917131769 
25.303664917001655 
25.303664916773535 
25.303664916635284 
25.303664916423166 
25.303664916104644 
25.303664915949618 
25.303664915679320 
25.303664915333520 
25.303664915318308 
25.303664915395878 
25.303664915293623 
25.303664915500832 
25.303664915695720 
25.303664915880717 
25.303664915740953 
25.303664916011286 
25.303664915887268 
25.303664916091620 
25.303664915946598 
25.303664915792744 
25.303664915487062 
25.303664915638990 
25.303664915534483 
25.303664916108929 
25.303664916154808 
25.303664915983191 
25.303664916014256 
25.303664915851229 
25.303664915920599 
25.303664916331329 
25.303664916466616 
25.303664916454665 
25.303664916056306 
25.303664916354194 
25.303664916375524 
25.303664916238269 
25.303664916422548 
25.303664916518457 
25.303664916347628 
25.303664916155356 
25.303664916156308 
25.303664916100885 
25.303664916317970 
25.303664916184815 
25.303664916482958 
25.303664916808458 
25.303664916594720 
25.303664916568465 
25.303664916756205 
25.303664916463973 
25.303664916036823 
25.303664916046628 
25.303664915994013 
25.303664916118954 
25.303664916166881 
25.303664916854657 
25.303664917083452 
25.303664917288430 
25.303664917339361 
25.303664917110829 
25.303664917146087 
25.303664917538732 
25.303664917555011 
25.303664917457851 
25.303664917413137 
25.303664917773766 
25.303664917567183 
25.303664916920809 
25.303664917201786 
25.303664916902292 
25.303664916568877 
25.303664916720500 
25.303664916773641 
25.303664916473551 
25.303664915726699 
25.303664916104445 
25.303664916092004 
25.303664915848131 
25.303664915804340 
25.303664915692352 
25.303664916156904 
25.303664915924386 
25.303664915660050 
25.303664915831057 
25.303664916045236 
25.303664916083385 
25.303664915967047 
25.303664915897748 
25.303664915683392 
25.303664915799374 
25.303664916065507 
25.303664916041740 
25.303664915824115 
25.303664916051176 
25.303664916499251 
25.303664916460498 
25.303664916461202 
25.303664917036706 
25.303664917227962 
25.303664917182317 
25.303664917367897 
25.303664917402969 
25.303664917384992 
25.303664917177656 
25.303664916838365 
25.303664916491108 
25.303664916490206 
25.303664916604149 
25.303664916427905 
25.303664916421511 
25.303664916804266 
25.303664916389536 
25.303664916940605 
25.303664917342786 
25.303664917223010 
25.303664917380011 
25.303664917613830 
25.303664917579809 
25.303664917587220 
25.303664917230904 
25.303664917502701 
25.303664917615279 
25.303664918037128 
25.303664917906111 
25.303664918052711 
25.303664918245218 
25.303664918651535 
25.303664918728131 
25.303664919049226 
25.303664918859063 
25.303664918966632 
25.303664918830535 
25.303664918821561 
25.303664918532220 
25.303664919291563 
25.303664919363129 
25.303664919228474 
25.303664919258850 
25.303664919648533 
25.303664919375649 
25.303664919847250 
25.303664919950300 
25.303664920157843 
25.303664919555679 
25.303664919055528 
25.303664919304289 
25.303664918910613 
25.303664919071679 
25.303664919183838 
25.303664918805630 
25.303664918959498 
25.303664918186449 
25.303664918491222 
25.303664918354499 
25.303664918210238 
25.303664917619315 
25.303664917483133 
25.303664917243076 
25.303664916806270 
25.303664916367815 
25.303664916839530 
25.303664917350481 
25.303664917401349 
25.303664917067344 
25.303664916965488 
25.303664916921662 
25.303664917185195 
25.303664917193267 
25.303664916804017 
25.303664917202696 
25.303664917140075 
25.303664916527644 
25.303664917166827 
25.303664917341628 
25.303664917376409 
25.303664916947291 
25.303664916866389 
25.303664917181962 
25.303664917395402 
25.303664917136643 
25.303664917329897 
25.303664917621617 
25.303664917750943 
25.303664917843804 
25.303664917956390 
25.303664918085580 
25.303664918218047 
25.303664918207687 
25.303664918487989 
25.303664918678564 
25.303664918949480 
25.303664918961331 
25.303664918795633 
25.303664919178303 
25.303664919229938 
25.303664919340768 
25.303664919811730 
25.303664919914851 
25.303664920026129 
25.303664919711167 
25.303664920091244 
25.303664920085929 
25.303664919736917 
25.303664919573308 
25.303664920220960 
25.303664919957264 
25.303664919613873 
25.303664919382740 
25.303664919613773 
25.303664919693340 
25.303664919338473 
25.303664919435818 
25.303664919126312 
25.303664919404071 
25.303664918838223 
25.303664918642525 
25.303664918565865 
25.303664918890433 
25.303664919004106 
25.303664918969538 
25.303664919168241 
25.303664918924376 
25.303664918404941 
25.303664918475874 
25.303664918368845 
25.303664918334661 
25.303664917891631 
25.303664918186797 
25.303664918156841 
25.303664918146694 
25.303664917790272 
25.303664917919335 
25.303664918234212 
25.303664918067994 
25.303664918082433 
25.303664918213862 
25.303664918391618 
25.303664918334803 
25.303664918793984 
25.303664918528057 
25.303664918684319 
25.303664918639839 
25.303664918744715 
25.303664919057070 
25.303664919414189 
25.303664919558088 
25.303664919493720 
25.303664919759107 
25.303664919603918 
25.303664920082639 
25.303664920076095 
25.303664919863344 
25.303664919630357 
25.303664920026236 
25.303664920018967 
25.303664920083691 
25.303664920182293 
25.303664919966977 
25.303664919965016 
25.303664920227114 
25.303664920108460 
25.303664919841928 
25.303664919719040 
25.303664919653379 
25.303664919514972 
25.303664919812874 
25.303664919305717 
25.303664919053595 
25.303664918624648 
25.303664918440056 
25.303664918230005 
25.303664917981507 
25.303664917809755 
25.303664918326838 
25.303664918577944 
25.303664918365399 
25.303664918437747 
25.303664918851283 
25.303664918973460 
25.303664918763985 
25.303664918720891 
25.303664918822193 
25.303664918656821 
25.303664918876706 
25.303664918703483 
25.303664918812821 
25.303664919005598 
25.303664919139990 
25.303664919137582 
25.303664919292039 
25.303664919001356 
25.303664919272286 
25.303664919188954 
25.303664919245897 
25.303664918638525 
25.303664918706197 
25.303664918229316 
25.303664918280155 
25.303664918924277 
25.303664919163552 
25.303664919868872 
25.303664919646671 
25.303664919169556 
25.303664919309405 
25.303664918823962 
25.303664919181728 
25.303664918852206 
25.303664918773386 
25.303664918931055 
25.303664918659514 
25.303664918397267 
25.303664918443850 
25.303664918632059 
25.303664918950112 
25.303664918856327 
25.303664918811904 
25.303664918685968 
25.303664918882646 
25.303664919059401 
25.303664918886348 
25.303664918416288 
25.303664918002518 
25.303664917995746 
25.303664917959537 
25.303664918080131 
25.303664917685765 
25.303664917764650 
25.303664917579965 
25.303664917661365 
25.303664917873277 
25.303664917331972 
25.303664917721584 
25.303664917428144 
25.303664917540921 
25.303664917352442 
25.303664917792176 
25.303664917998077 
25.303664918131567 
25.303664917594709 
25.303664917577130 
25.303664918239178 
25.303664918062928 
25.303664918103387 
25.303664917794748 
25.303664917874094 
25.303664917843470 
25.303664917874592 
25.303664917262651 
25.303664917881513 
25.303664917571076 
25.303664917470918 
25.303664917288479 
25.303664916808778 
25.303664916653595 
25.303664916034059 
25.303664916047303 
25.303664916009154 
25.303664916255684 
25.303664916385053 
25.303664916396237 
25.303664916422527 
25.303664916309714 
25.303664916086369 
25.303664916013950 
25.303664915894231 
25.303664915973997 
25.303664915758361 
25.303664916342598 
25.303664916327250 
25.303664916164891 
25.303664915859258 
25.303664916506968 
25.303664916759693 
25.303664916755956 
25.303664916389607 
25.303664916245125 
25.303664916369193 
25.303664916471398 
25.303664916177418 
25.303664916795555 
25.303664916468200 
25.303664916259137 
25.303664916472975 
25.303664916561857 
25.303664916442912 
25.303664916511742 
25.303664917119100 
25.303664917017031 
25.303664916759921 
25.303664916993647 
25.303664917495261 
25.303664916916198 
25.303664916550410 
25.303664916777372 
25.303664916391540 
25.303664916887961 
25.303664916953608 
25.303664917242884 
25.303664917209574 
25.303664917847243 
25.303664917910886 
25.303664918082795 
25.303664918014121 
25.303664917914631 
25.303664917728092 
25.303664917986183 
25.303664918221664 
25.303664917866399 
25.303664917833473 
25.303664917843392 
25.303664918089304 
25.303664918011727 
25.303664918320628 
25.303664917992634 
25.303664917940146 
25.303664917640319 
25.303664917741322 
25.303664918106243 
25.303664918206948 
25.303664918411819 
25.303664917989465 
25.303664917969293 
25.303664917567886 
25.303664917889030 
25.303664918229607 
25.303664918353327 
25.303664918153082 
25.303664918189902 
25.303664917896477 
25.303664918057699 
25.303664917962287 
25.303664918122401 
25.303664917974977 
25.303664918295226 
25.303664918368348 
25.303664918344701 
25.303664918330071 
25.303664918207744 
25.303664917901976 
25.303664918601292 
25.303664918320621 
25.303664918192169 
25.303664918255045 
25.303664918073380 
25.303664918117072 
25.303664917931229 
25.303664918108005 
25.303664917972881 
25.303664918336260 
25.303664918163655 
25.303664918809979 
25.303664918921832 
25.303664918516212 
25.303664918578747 
25.303664918260395 
25.303664918236521 
25.303664918445293 
25.303664918660481 
25.303664918638887 
25.303664918526643 
25.303664918422832 
25.303664918311398 
25.303664918737631 
25.303664919124500 
25.303664918847851 
25.303664918784470 
25.303664918578150 
25.303664918516780 
25.303664918764021 
25.303664918419777 
25.303664917819390 
25.303664917359534 
25.303664917230194 
25.303664917345920 
25.303664917333165 
25.303664917499191 
25.303664917427362 
25.303664917361552 
25.303664917570785 
25.303664917354482 
25.303664917703422 
25.303664917523271 
25.303664917386385 
25.303664917368557 
25.303664917143344 
25.303664916648579 
25.303664916606778 
25.303664916844653 
25.303664916210998 
25.303664916364951 
25.303664916349135 
25.303664916292789 
25.303664916196546 
25.303664915953846 
25.303664916249659 
25.303664916255265 
25.303664915785951 
25.303664915960496 
25.303664915830623 
25.303664916225515 
25.303664915797775 
25.303664916049406 
25.303664916375688 
25.303664916490106 
25.303664915976299 
25.303664916185610 
25.303664916664097 
25.303664916887477 
25.303664916531574 
25.303664916848646 
25.303664916766593 
25.303664916471554 
25.303664916746165 
25.303664917131279 
25.303664916725843 
25.303664917038631 
25.303664917105436 
25.303664917682113 
25.303664917354070 
25.303664917625916 
25.303664917554606 
25.303664917225667 
25.303664917149476 
25.303664916780406 
25.303664916429419 
25.303664915967644 
25.303664915946165 
25.303664915670005 
25.303664916049911 
25.303664916231526 
25.303664915973812 
25.303664916115878 
25.303664916202017 
25.303664916480798 
25.303664916487932 
25.303664916485630 
25.303664917245207 
25.303664917081846 
25.303664917194780 
25.303664917140395 
25.303664917565733 
25.303664917049545 
25.303664916941329 
25.303664916833917 
25.303664916225422 
25.303664916142928 
25.303664916064591 
25.303664915492810 
25.303664915461759 
25.303664915333734 
25.303664915600542 
25.303664915568170 
25.303664915143735 
25.303664915020427 
25.303664915690078 
25.303664915694533 
25.303664915763051 
25.303664915825777 
25.303664915306740 
25.303664915625014 
25.303664915654622 
25.303664915917118 
25.303664915996841 
25.303664916207730 
25.303664916168621 
25.303664916485268 
25.303664916336601 
25.303664915816903 
25.303664915651204 
25.303664915534902 
25.303664915563992 
25.303664915867323 
25.303664916053108 
25.303664916060526 
25.303664916044305 
25.303664915672812 
25.303664916057997 
25.303664916526969 
25.303664916190641 
25.303664915691087 
25.303664915468609 
25.303664915250550 
25.303664914899912 
25.303664914515139 
25.303664914668445 
25.303664914618501 
25.303664914877935 
25.303664914850515 
25.303664914838301 
25.303664915205488 
25.303664914647285 
25.303664914551540 
25.303664914604155 
25.303664914497837 
25.303664914576153 
25.303664915100292 
25.303664914515736 
25.303664914688170 
25.303664914496039 
25.303664915044060 
25.303664914458878 
25.303664914238396 
25.303664913770575 
25.303664913671376 
25.303664913606852 
25.303664913565349 
25.303664913390662 
25.303664913362589 
25.303664913316297 
25.303664912940455 
25.303664913332014 
25.303664913313014 
25.303664913514623 
25.303664913280549 
25.303664913447946 
25.303664912810930 
25.303664912511927 
25.303664912238546 
25.303664912411101 
25.303664912185496 
25.303664912395561 
25.303664912472868 
25.303664912124006 
25.303664912127793 
25.303664912338917 
25.303664912176799 
25.303664912412017 
25.303664912003327 
25.303664912278386 
25.303664912354442 
25.303664911714705 
25.303664912208191 
25.303664912742143 
25.303664912902505 
25.303664913248610 
25.303664913048415 
25.303664912912041 
25.303664913286724 
25.303664913042390 
25.303664913121445 
25.303664913191326 
25.303664912812366 
25.303664912605491 
25.303664912605676 
25.303664912084322 
25.303664912375602 
25.303664912549877 
25.303664912506378 
25.303664912603750 
25.303664912340928 
25.303664912093822 
25.303664912246752 
25.303664912219041 
25.303664912002141 
25.303664911751540 
25.303664912070069 
25.303664912242766 
25.303664912124198 
25.303664912104701 
25.303664912245466 
25.303664912303837 
25.303664912404692 
25.303664912797053 
25.303664912827841 
25.303664912983173 
25.303664912855780 
25.303664912693954 
25.303664912892025 
25.303664913168909 
25.303664913513359 
25.303664913202212 
25.303664913352883 
25.303664913337627 
25.303664913041516 
25.303664913218320 
25.303664913235757 
25.303664913404809 
25.303664912708605 
25.303664912278165 
25.303664912385280 
25.303664912016515 
25.303664912001096 
25.303664911753920 
25.303664911448713 
25.303664911019908 
25.303664911082691 
25.303664911528408 
25.303664911396510 
25.303664911170188 
25.303664911015694 
25.303664910874758 
25.303664910687552 
25.303664910627532 
25.303664910853172 
25.303664910785869 
25.303664910593412 
25.303664910934891 
25.303664911057112 
25.303664911202155 
25.303664910830733 
25.303664910509518 
25.303664910410603 
25.303664910717714 
25.303664910930550 
25.303664911045338 
25.303664910923757 
25.303664910698856 
25.303664910625656 
25.303664910477956 
25.303664910430228 
25.303664910044837 
25.303664909957654 
25.303664909803032 
25.303664909590168 
25.303664909865972 
25.303664909925693 
25.303664909980299 
25.303664910356865 
25.303664910455495 
25.303664910504239 
25.303664910758620 
25.303664910807242 
25.303664910766820 
25.303664910456682 
25.303664910640627 
25.303664911053161 
25.303664910564727 
25.303664909959892 
25.303664909291761 
25.303664909437778 
25.303664909851982 
25.303664910296035 
25.303664910252614 
25.303664910480805 
25.303664910740125 
25.303664910788186 
25.303664910957693 
25.303664910917000 
25.303664910898718 
25.303664911554741 
25.303664911519540 
25.303664911091268 
25.303664911295542 
25.303664911371435 
25.303664911416128 
25.303664911124649 
25.303664910743343 
25.303664909950456 
25.303664910079739 
25.303664910315014 
25.303664910326354 
25.303664910455360 
25.303664910465031 
25.303664910714140 
25.303664910767353 
25.303664911014096 
25.303664910671301 
25.303664911221233 
25.303664910751166 
25.303664910875035 
25.303664911044059 
25.303664910550182 
25.303664910738242 
25.303664910478950 
25.303664910679124 
25.303664910658469 
25.303664910957686 
25.303664911270701 
25.303664911479238 
25.303664911788573 
25.303664911441714 
25.303664911120379 
25.303664910964415 
25.303664911171332 
25.303664911349294 
25.303664911511753 
25.303664911569498 
25.303664911151614 
25.303664911010706 
25.303664910528006 
25.303664910665006 
25.303664910011882 
25.303664910030150 
25.303664909525374 
25.303664909297645 
25.303664909552893 
25.303664909772749 
25.303664909845608 
25.303664909962386 
25.303664910126379 
25.303664910385251 
25.303664910120929 
25.303664910297840 
25.303664910057392 
25.303664910652927 
25.303664911056664 
25.303664911240375 
25.303664911678588 
25.303664911587795 
25.303664911207846 
25.303664911104875 
25.303664910623894 
25.303664910756844 
25.303664910974746 
25.303664910813090 
25.303664910914350 
25.303664910715824 
25.303664910611971 
25.303664910199139 
25.303664910527431 
25.303664910734668 
25.303664910948221 
25.303664910900785 
25.303664911045473 
25.303664910600162 
25.303664910634858 
25.303664910427081 
25.303664910317927 
25.303664910607203 
25.303664910514819 
25.303664910450173 
25.303664910804130 
25.303664910706459 
25.303664910353724 
25.303664910204539 
25.303664909799771 
25.303664910058480 
25.303664909827830 
25.303664910009971 
25.303664910047885 
25.303664909873170 
25.303664909754282 
25.303664909493484 
25.303664909419275 
25.303664909030978 
25.303664909355206 
25.303664909376053 
25.303664909383528 
25.303664909506281 
25.303664909556637 
25.303664909794598 
25.303664910129832 
25.303664910310680 
25.303664910488180 
25.303664910599295 
25.303664910693371 
25.303664910823180 
25.303664911074279 
25.303664911332355 
25.303664911395188 
25.303664911565235 
25.303664911516115 
25.303664911484461 
25.303664911490884 
25.303664912046564 
25.303664912151760 
25.303664912718574 
25.303664911761125 
25.303664912074780 
25.303664911781546 
25.303664911808227 
25.303664912107209 
25.303664912139631 
25.303664912054501 
25.303664912170646 
25.303664912683310 
25.303664912512410 
25.303664912577943 
25.303664912507770 
25.303664913097350 
25.303664913194893 
25.303664913671234 
25.303664914141358 
25.303664913994460 
25.303664914156293 
25.303664913913437 
25.303664914302836 
25.303664914012472 
25.303664914248451 
25.303664914071497 
25.303664913969826 
25.303664913839768 
25.303664913359960 
25.303664913265159 
25.303664913156155 
25.303664913941489 
25.303664913654380 
25.303664913084575 
25.303664913207427 
25.303664913375833 
25.303664912693215 
25.303664912584829 
25.303664912554694 
25.303664911747489 
25.303664912016849 
25.303664912083946 
25.303664912193078 
25.303664912318673 
25.303664912304725 
25.303664912046905 
25.303664912337659 
25.303664912162979 
25.303664912675366 
25.303664913002265 
25.303664913506189 
25.303664913817194 
25.303664913912414 
25.303664913929119 
25.303664913460715 
25.303664913812405 
25.303664914095691 
25.303664914347209 
25.303664914956457 
25.303664914825134 
25.303664914801352 
25.303664915193174 
25.303664915332334 
25.303664915171197 
25.303664915284664 
25.303664915589941 
25.303664915529211 
25.303664915373396 
25.303664915259887 
25.303664915200642 
25.303664915040116 
25.303664915329023 
25.303664915456686 
25.303664915258082 
25.303664915100789 
25.303664914619993 
25.303664914507124 
25.303664914302118 
25.303664914372106 
25.303664914687644 
25.303664914423649 
25.303664914254931 
25.303664914223276 
25.303664913563694 
25.303664913587795 
25.303664913622953 
25.303664913832684 
25.303664913383471 
25.303664912977446 
25.303664913237327 
25.303664913344960 
25.303664913268790 
25.303664913005903 
25.303664913342459 
25.303664912939873 
25.303664913003644 
25.303664913322294 
25.303664913750140 
25.303664913944353 
25.303664914242304 
25.303664914485779 
25.303664914482539 
25.303664914594691 
25.303664914810298 
25.303664914888174 
25.303664915058036 
25.303664914520439 
25.303664914486347 
25.303664914505163 
25.303664914507934 
25.303664914627078 
25.303664914717814 
25.303664914408031 
25.303664914483747 
25.303664914657332 
25.303664914217912 
25.303664914295283 
25.303664914471042 
25.303664914912076 
25.303664915125800 
25.303664915179866 
25.303664915583589 
25.303664915268982 
25.303664915384026 
25.303664915062029 
25.303664914534082 
25.303664914455879 
25.303664914270136 
25.303664914156634 
25.303664914398496 
25.303664914011030 
25.303664914072094 
25.303664913778292 
25.303664913651815 
25.303664914124013 
25.303664914019961 
25.303664913755725 
25.303664913881406 
25.303664913688003 
25.303664913506161 
25.303664913964965 
25.303664913915014 
25.303664913840763 
25.303664914144058 
25.303664914403505 
25.303664913966564 
25.303664914052568 
25.303664914083896 
25.303664914148349 
25.303664913910268 
25.303664913861788 
25.303664914235142 
25.303664913725910 
25.303664913892021 
25.303664913946477 
25.303664914551746 
25.303664914385152 
25.303664914552691 
25.303664914774032 
25.303664914439395 
25.303664914269760 
25.303664914661162 
25.303664914391796 
25.303664914301883 
25.303664914037171 
25.303664914237054 
25.303664914074883 
25.303664913673423 
25.303664912972557 
25.303664913004699 
25.303664913312712 
25.303664913442098 
25.303664913330103 
25.303664913685012 
25.303664913571200 
25.303664913547752 
25.303664913133673 
25.303664913026783 
25.303664913652174 
25.303664914283253 
25.303664913907983 
25.303664914430055 
25.303664914334085 
25.303664914886038 
25.303664914951185 
25.303664915282489 
25.303664915368490 
25.303664915864935 
25.303664916064868 
25.303664915757231 
25.303664915564280 
25.303664915543038 
25.303664915522322 
25.303664915574760 
25.303664915409918 
25.303664915338679 
25.303664915725442 
25.303664915592204 
25.303664915395586 
25.303664915453357 
25.303664915096096 
25.303664915276773 
25.303664915764688 
25.303664916019205 
25.303664916353075 
25.303664915913849 
25.303664915869213 
25.303664915890966 
25.303664916273050 
25.303664916337969 
25.303664916539596 
25.303664916616363 
25.303664916477011 
25.303664916592520 
25.303664916507611 
25.303664916856278 
25.303664916505817 
25.303664916234066 
25.303664916559331 
25.303664916076158 
25.303664916327762 
25.303664916377905 
25.303664916485332 
25.303664916538054 
25.303664916655581 
25.303664916390126 
25.303664916363200 
25.303664916108829 
25.303664916440084 
25.303664916024545 
25.303664916327786 
25.303664915935471 
25.303664916179091 
25.303664915981688 
25.303664915924386 
25.303664916394172 
25.303664916280297 
25.303664916226413 
25.303664916472009 
25.303664916719217 
25.303664916849083 
25.303664917045779 
25.303664917117946 
25.303664917549622 
25.303664917164788 
25.303664917287001 
25.303664917752911 
25.303664917795370 
25.303664917507508 
25.303664917714659 
25.303664917783241 
25.303664917748780 
25.303664918354713 
25.303664918315324 
25.303664918293272 
25.303664918414889 
25.303664918231402 
25.303664918096835 
25.303664918030371 
25.303664917942221 
25.303664918029291 
25.303664918273974 
25.303664917847339 
25.303664918156947 
25.303664917750488 
25.303664917641548 
25.303664917901667 
25.303664918014402 
25.303664918154087 
25.303664917913476 
25.303664917718088 
25.303664917888899 
25.303664917645545 
25.303664917898320 
25.303664917530220 
25.303664917582065 
25.303664917487588 
25.303664918044010 
25.303664918066648 
25.303664918411251 
25.303664917956457 
25.303664918271647 
25.303664918130366 
25.303664918430229 
25.303664918298182 
25.303664918321317 
25.303664918313729 
25.303664918129591 
25.303664918024488 
25.303664918308780 
25.303664918143976 
25.303664918219173 
25.303664917892188 
25.303664918036628 
25.303664918272609 
25.303664918107120 
25.303664918121303 
25.303664918095436 
25.303664918128735 
25.303664917933951 
25.303664917392748 
25.303664916990833 
25.303664917187429 
25.303664917023386 
25.303664917173062 
25.303664917073494 
25.303664916976395 
25.303664917189021 
25.303664917037644 
25.303664916929144 
25.303664917438432 
25.303664917188115 
25.303664916865262 
25.303664917245708 
25.303664917614508 
25.303664917394634 
25.303664917392506 
25.303664917406724 
25.303664917173176 
25.303664916987920 
25.303664916410252 
25.303664916421756 
25.303664916588055 
25.303664916539027 
25.303664916492625 
25.303664916592080 
25.303664916397931 
25.303664915741543 
25.303664915692305 
25.303664915498363 
25.303664915730895 
25.303664915629245 
25.303664915889879 
25.303664915997405 
25.303664915917690 
25.303664915780043 
25.303664915211108 
25.303664915557022 
25.303664915382285 
25.303664915680095 
25.303664915406355 
25.303664915434688 
25.303664915635647 
25.303664915583294 
25.303664915199349 
25.303664914832684 
25.303664915053396 
25.303664915180669 
25.303664915598077 
25.303664915638379 
25.303664915682976 
25.303664915554140 
25.303664915215478 
25.303664916059766 
25.303664916381205 
25.303664916615816 
25.303664916676034 
25.303664916801452 
25.303664916740615 
25.303664916792393 
25.303664917126142 
25.303664916830801 
25.303664917190979 
25.303664917343312 
25.303664917274091 
25.303664917853418 
25.303664917571989 
25.303664917762990 
25.303664917704651 
25.303664917897994 
25.303664917832503 
25.303664917308677 
25.303664917840884 
25.303664917861283 
25.303664918255798 
25.303664918086618 
25.303664918259759 
25.303664918437100 
25.303664918348826 
25.303664917894022 
25.303664918012153 
25.303664918544815 
25.303664918384477 
25.303664917997502 
25.303664917751853 
25.303664918350048 
25.303664918266691 
25.303664918546538 
25.303664918473448 
25.303664918428325 
25.303664918152016 
25.303664917791519 
25.303664918074592 
25.303664918399154 
25.303664918706716 
25.303664919117420 
25.303664919527638 
25.303664919409623 
25.303664919561246 
25.303664919527868 
25.303664920401548 
25.303664920425600 
25.303664920696843 
25.303664919997853 
25.303664920028989 
25.303664919985817 
25.303664920135184 
25.303664920187121 
25.303664919628460 
25.303664920006504 
25.303664920575351 
25.303664920847570 
25.303664920703479 
25.303664921097482 
25.303664921541635 
25.303664921369702 
25.303664921451887 
25.303664921923001 
25.303664921763414 
25.303664922120980 
25.303664922200348 
25.303664921961310 
25.303664921857084 
25.303664921850345 
25.303664921385305 
25.303664921445041 
25.303664921306503 
25.303664921792496 
25.303664921156194 
25.303664920697273 
25.303664920879246 
25.303664921149274 
25.303664920895194 
25.303664920906069 
25.303664920547217 
25.303664920549966 
25.303664920519168 
25.303664920628805 
25.303664921025913 
25.303664920480305 
25.303664920334999 
25.303664920052288 
25.303664920125879 
25.303664920043087 
25.303664920519864 
25.303664920078869 
25.303664919678951 
25.303664919541056 
25.303664919788520 
25.303664919748307 
25.303664920078241 
25.303664920221330 
25.303664920044866 
25.303664919925993 
25.303664919507902 
25.303664919896711 
25.303664919657443 
25.303664919895475 
25.303664919427895 
25.303664919252888 
25.303664919288742 
25.303664919017244 
25.303664919174537 
25.303664919049517 
25.303664919435576 
25.303664919654189 
25.303664920019678 
25.303664919651091 
25.303664919011844 
25.303664919175233 
25.303664919228382 
25.303664919636375 
25.303664919305184 
25.303664919578793 
25.303664919613553 
25.303664919770071 
25.303664919546179 
25.303664919483239 
25.303664919880589 
25.303664919947359 
25.303664919838710 
25.303664920505526 
25.303664920755708 
25.303664920681683 
25.303664920726519 
25.303664920875740 
25.303664920599388 
25.303664920888295 
25.303664921190347 
25.303664921008028 
25.303664920932611 
25.303664921018822 
25.303664920870801 
25.303664920814896 
25.303664920939042 
25.303664920998763 
25.303664921238479 
25.303664921618271 
25.303664922160671 
25.303664921988648 
25.303664922442259 
25.303664922147668 
25.303664922447389 
25.303664922063305 
25.303664922254320 
25.303664922084181 
25.303664922027913 
25.303664922363843 
25.303664922482341 
25.303664922387568 
25.303664922610523 
25.303664922121662 
25.303664922135710 
25.303664922286529 
25.303664922290395 
25.303664922742733 
25.303664922836319 
25.303664922226154 
25.303664922427025 
25.303664922519239 
25.303664922541877 
25.303664922712663 
25.303664923105380 
25.303664922641381 
25.303664922339813 
25.303664922116731 
25.303664922720131 
25.303664922416480 
25.303664922053919 
25.303664922223440 
25.303664921777113 
25.303664921715026 
25.303664921517466 
25.303664922002142 
25.303664922098136 
25.303664922006391 
25.303664921734388 
25.303664921652853 
25.303664921498203 
25.303664921659696 
25.303664921889968 
25.303664921866321 
25.303664922254455 
25.303664922459483 
25.303664922483968 
25.303664922530508 
25.303664922372342 
25.303664922774182 
25.303664922741135 
25.303664922520248 
25.303664922784158 
25.303664923067885 
25.303664923444344 
25.303664922801794 
25.303664922741461 
25.303664922488480 
25.303664922509085 
25.303664922946446 
25.303664923144744 
25.303664922998536 
25.303664923033701 
25.303664923501472 
25.303664923484732 
25.303664923321691 
25.303664923315004 
25.303664923046092 
25.303664923663113 
25.303664923774740 
25.303664923619998 
25.303664922959143 
25.303664923522042 
25.303664923565535 
25.303664923561250 
25.303664923555928 
25.303664923488817 
25.303664923368295 
25.303664923356159 
25.303664923222051 
25.303664922850231 
25.303664923085442 
25.303664923244057 
25.303664922987650 
25.303664922863533 
25.303664922519886 
25.303664922308336 
25.303664922418264 
25.303664922188617 
25.303664922438145 
25.303664922395960 
25.303664922578427 
25.303664922642589 
25.303664922722056 
25.303664921939514 
25.303664921923044 
25.303664921661394 
25.303664921818843 
25.303664921938342 
25.303664921972924 
25.303664921769887 
25.303664921694796 
25.303664921475551 
25.303664921452629 
25.303664921482039 
25.303664921572825 
25.303664921138449 
25.303664920925627 
25.303664920712528 
25.303664921167446 
25.303664921357253 
25.303664921123655 
25.303664920917576 
25.303664920881346 
25.303664921304552 
25.303664921327638 
25.303664922266954 
25.303664922449954 
25.303664922424872 
25.303664922802085 
25.303664922923353 
25.303664922673562 
25.303664923100492 
25.303664923048977 
25.303664923056111 
25.303664923348663 
25.303664923190588 
25.303664923772217 
25.303664924036866 
25.303664924132491 
25.303664923477783 
25.303664923480063 
25.303664923992194 
25.303664923651972 
25.303664923864225 
25.303664924017504 
25.303664923808242 
25.303664923772423 
25.303664923513217 
25.303664922920433 
25.303664923369482 
25.303664923124622 
25.303664923548482 
25.303664923187796 
25.303664923385568 
25.303664923152887 
25.303664922979245 
