1.000000000000000 
0.176554558691461 
0.175979296468419 
0.175938768093408 
0.175922766944008 
0.175912911222702 
0.175905306161353 
0.175898622438286 
0.175892271945724 
0.175885942768740 
0.175879443516770 
0.175872640913881 
0.175865431263966 
0.175857725994275 
0.175849443673182 
0.175840505245119 
0.175830830961556 
0.175820338245727 
0.175808940085955 
0.175796543731112 
0.175783049555892 
0.175768350015539 
0.175752328639382 
0.175734859030366 
0.175715803848692 
0.175695013764878 
0.175672326372391 
0.175647565053649 
0.175620537796046 
0.175591035957247 
0.175558832981463 
0.175523683070978 
0.175485319819981 
0.175443454820847 
0.175397776256514 
0.175347947496520 
0.175293605718750 
0.175234360583905 
0.175169792995215 
0.175099453981982 
0.175022863752020 
0.174939510964908 
0.174848852285094 
0.174750312280947 
0.174643283742720 
0.174527128498622 
0.174401178813437 
0.174264739457811 
0.174117090537966 
0.173957491174461 
0.173785184114083 
0.173599401350267 
0.173399370813973 
0.173184324177947 
0.172953505792447 
0.172706182739313 
0.172441655953784 
0.172159272320012 
0.171858437597477 
0.171538629982747 
0.171199414056027 
0.170840454807083 
0.170461531383243 
0.170062550156760 
0.169643556673559 
0.169204746024119 
0.168746471173818 
0.168269248807630 
0.167773762285132 
0.167260861367436 
0.166731558467474 
0.166187021286702 
0.165628561830333 
0.165057621933432 
0.164475755573618 
0.163884608383837 
0.163285894901390 
0.162681374188594 
0.162072824529027 
0.161462017936659 
0.160850695211418 
0.160240542235313 
0.159633168132169 
0.159030085817864 
0.158432695354582 
0.157842270400285 
0.157259947921442 
0.156686721219578 
0.156123436215661 
0.155570790843971 
0.155029337330525 
0.154499487070715 
0.153981517775948 
0.153475582528514 
0.152981720366245 
0.152499868012419 
0.152029872370253 
0.151571503414395 
0.151124467133142 
0.150688418204133 
0.150262972122822 
0.149847716546508 
0.149442221666287 
0.149046049473241 
0.148658761840811 
0.148279927398964 
0.147909127223546 
0.147545959402351 
0.147190042565412 
0.146841018479792 
0.146498553809919 
0.146162341135759 
0.145832099306957 
0.145507573195836 
0.145188532899769 
0.144874772437321 
0.144566107984006 
0.144262375702749 
0.143963429239188 
0.143669136969974 
0.143379379109156 
0.143094044789917 
0.142813029243240 
0.142536231189685 
0.142263550545461 
0.141994886520696 
0.141730136159139 
0.141469193337740 
0.141211948215055 
0.140958287092057 
0.140708092629720 
0.140461244355455 
0.140217619385388 
0.139977093290478 
0.139739541040594 
0.139504837970148 
0.139272860720243 
0.139043488124128 
0.138816602013859 
0.138592087935599 
0.138369835768536 
0.138149740247665 
0.137931701393826 
0.137715624855737 
0.137501422168724 
0.137289010933868 
0.137078314920140 
0.136869264090840 
0.136661794555113 
0.136455848445293 
0.136251373721763 
0.136048323908549 
0.135846657765076 
0.135646338901834 
0.135447335350084 
0.135249619097596 
0.135053165603716 
0.134857953307520 
0.134663963142369 
0.134471178069059 
0.134279582637911 
0.134089162587952 
0.133899904489006 
0.133711795430127 
0.133524822755775 
0.133338973849333 
0.133154235962190 
0.132970596085623 
0.132788040862045 
0.132606556531798 
0.132426128911504 
0.132246743399933 
0.132068385007367 
0.131891038404542 
0.131714687987260 
0.131539317952887 
0.131364912384957 
0.131191455342206 
0.131018930948410 
0.130847323479550 
0.130676617444997 
0.130506797659686 
0.130337849304589 
0.130169757973268 
0.130002509702801 
0.129836090987992 
0.129670488778467 
0.129505690458900 
0.129341683813327 
0.129178456975105 
0.129015998364635 
0.128854296617385 
0.128693340505040 
0.128533118852781 
0.128373620455651 
0.128214833996909 
0.128056747970944 
0.127899350613027 
0.127742629837804 
0.127586573187915 
0.127431167793785 
0.127276400345162 
0.127122257074599 
0.126968723752799 
0.126815785695421 
0.126663427780801 
0.126511634477841 
0.126360389883286 
0.126209677767502 
0.126059481627893 
0.125909784749066 
0.125760570268891 
0.125611821249600 
0.125463520753098 
0.125315651919636 
0.125168198049008 
0.125021142683403 
0.124874469690979 
0.124728163349204 
0.124582208426958 
0.124436590264278 
0.124291294848650 
0.124146308886675 
0.124001619869924 
0.123857216133831 
0.123713086908501 
0.123569222360420 
0.123425613624160 
0.123282252823372 
0.123139133080504 
0.122996248514988 
0.122853594229809 
0.122711166286703 
0.122568961670422 
0.122426978242792 
0.122285214687503 
0.122143670446724 
0.122002345650834 
0.121861241042628 
0.121720357897427 
0.121579697940531 
0.121439263263443 
0.121299056240218 
0.121159079445204 
0.121019335573342 
0.120879827364066 
0.120740557529699 
0.120601528689129 
0.120462743307407 
0.120324203641782 
0.120185911694581 
0.120047869173220 
0.119910077457561 
0.119772537574683 
0.119635250181144 
0.119498215552646 
0.119361433580997 
0.119224903778205 
0.119088625287439 
0.118952596900590 
0.118816817082050 
0.118681283998331 
0.118545995553035 
0.118410949426691 
0.118276143120843 
0.118141574005804 
0.118007239371353 
0.117873136479647 
0.117739262619544 
0.117605615161475 
0.117472191611966 
0.117338989666861 
0.117206007262275 
0.117073242622261 
0.116940694302218 
0.116808361227036 
0.116676242723044 
0.116544338542857 
0.116412648882333 
0.116281174388931 
0.116149916160884 
0.116018875736758 
0.115888055075125 
0.115757456524196 
0.115627082781504 
0.115496936843819 
0.115367021947648 
0.115237341500835 
0.115107899005862 
0.114978697975563 
0.114849741842025 
0.114721033859493 
0.114592577002117 
0.114464373857358 
0.114336426515857 
0.114208736458493 
0.114081304441329 
0.113954130379049 
0.113827213227423 
0.113700550865296 
0.113574139976552 
0.113447975932504 
0.113322052675230 
0.113196362602522 
0.113070896455361 
0.112945643209277 
0.112820589971548 
0.112695721887113 
0.112571022057371 
0.112446471477728 
0.112322049002079 
0.112197731345419 
0.112073493139504 
0.111949307061040 
0.111825144057069 
0.111700973697650 
0.111576764690801 
0.111452485597439 
0.111328105782486 
0.111203596629211 
0.111078933023403 
0.110954095078697 
0.110829070022942 
0.110703854101230 
0.110578454285037 
0.110452889528457 
0.110327191306808 
0.110201403232470 
0.110075579674081 
0.109949783488359 
0.109824083162089 
0.109698549795964 
0.109573254395272 
0.109448265851950 
0.109323649834291 
0.109199468596600 
0.109075781536796 
0.108952646204894 
0.108830119416281 
0.108708258147007 
0.108587119967518 
0.108466762883895 
0.108347244578139 
0.108228621149085 
0.108110945535535 
0.107994265842555 
0.107878623788764 
0.107764053454284 
0.107650580448530 
0.107538221549808 
0.107426984807551 
0.107316870051621 
0.107207869724608 
0.107099969941266 
0.106993151680522 
0.106887392025167 
0.106782665378433 
0.106678944601890 
0.106576202033809 
0.106474410360226 
0.106373543322370 
0.106273576253859 
0.106174486449404 
0.106076253373880 
0.105978858726467 
0.105882286379232 
0.105786522212804 
0.105691553873612 
0.105597370477536 
0.105503962283817 
0.105411320360774 
0.105319436261787 
0.105228301726206 
0.105137908415851 
0.105048247693928 
0.104959310449551 
0.104871086968119 
0.104783566845354 
0.104696738941123 
0.104610591368021 
0.104525111509131 
0.104440286059266 
0.104356101084168 
0.104272542092608 
0.104189594116888 
0.104107241797906 
0.104025469471612 
0.103944261254317 
0.103863601124899 
0.103783473002526 
0.103703860818880 
0.103624748584349 
0.103546120447882 
0.103467960750515 
0.103390254072728 
0.103312985275956 
0.103236139538691 
0.103159702387647 
0.103083659724526 
0.103007997849016 
0.102932703478376 
0.102857763764334 
0.102783166307714 
0.102708899171257 
0.102634950891057 
0.102561310486988 
0.102487967472411 
0.102414911863428 
0.102342134187854 
0.102269625494036 
0.102197377359569 
0.102125381899906 
0.102053631776773 
0.101982120206265 
0.101910840966423 
0.101839788404034 
0.101768957440364 
0.101698343575498 
0.101627942890902 
0.101557752049875 
0.101487768295479 
0.101417989445623 
0.101348413884957 
0.101279040553340 
0.101209868930629 
0.101140899017699 
0.101072131313632 
0.101003566789146 
0.100935206856404 
0.100867053335477 
0.100799108417786 
0.100731374626985 
0.100663854777764 
0.100596551933149 
0.100529469360898 
0.100462610489593 
0.100395978865052 
0.100329578107655 
0.100263411871123 
0.100197483803253 
0.100131797509048 
0.100066356516586 
0.100001164245913 
0.099936223981178 
0.099871538846087 
0.099807111782773 
0.099742945534017 
0.099679042628778 
0.099615405370859 
0.099552035830577 
0.099488935839200 
0.099426106985939 
0.099363550617248 
0.099301267838183 
0.099239259515564 
0.099177526282712 
0.099116068545498 
0.099054886489516 
0.098993980088140 
0.098933349111285 
0.098872993134722 
0.098812911549747 
0.098753103573110 
0.098693568257056 
0.098634304499390 
0.098575311053475 
0.098516586538073 
0.098458129446992 
0.098399938158476 
0.098342010944301 
0.098284345978540 
0.098226941345984 
0.098169795050201 
0.098112905021220 
0.098056269122839 
0.097999885159551 
0.097943750883091 
0.097887863998626 
0.097832222170567 
0.097776823028038 
0.097721664169999 
0.097666743170046 
0.097612057580879 
0.097557604938494 
0.097503382766054 
0.097449388577510 
0.097395619880942 
0.097342074181669 
0.097288748985108 
0.097235641799420 
0.097182750137944 
0.097130071521435 
0.097077603480114 
0.097025343555546 
0.096973289302356 
0.096921438289786 
0.096869788103114 
0.096818336344936 
0.096767080636326 
0.096716018617873 
0.096665147950614 
0.096614466316861 
0.096563971420937 
0.096513660989820 
0.096463532773710 
0.096413584546514 
0.096363814106264 
0.096314219275463 
0.096264797901383 
0.096215547856295 
0.096166467037651 
0.096117553368214 
0.096068804796152 
0.096020219295083 
0.095971794864085 
0.095923529527673 
0.095875421335739 
0.095827468363469 
0.095779668711224 
0.095732020504411 
0.095684521893315 
0.095637171052922 
0.095589966182717 
0.095542905506467 
0.095495987271994 
0.095449209750922 
0.095402571238423 
0.095356070052945 
0.095309704535938 
0.095263473051556 
0.095217373986368 
0.095171405749055 
0.095125566770092 
0.095079855501446 
0.095034270416247 
0.094988810008469 
0.094943472792605 
0.094898257303337 
0.094853162095210 
0.094808185742290 
0.094763326837847 
0.094718583994007 
0.094673955841428 
0.094629441028962 
0.094585038223326 
0.094540746108767 
0.094496563386735 
0.094452488775552 
0.094408521010083 
0.094364658841413 
0.094320901036517 
0.094277246377949 
0.094233693663510 
0.094190241705941 
0.094146889332598 
0.094103635385149 
0.094060478719262 
0.094017418204288 
0.093974452722970 
0.093931581171132 
0.093888802457384 
0.093846115502821 
0.093803519240735 
0.093761012616317 
0.093718594586372 
0.093676264119034 
0.093634020193477 
0.093591861799638 
0.093549787937936 
0.093507797618995 
0.093465889863371 
0.093424063701280 
0.093382318172324 
0.093340652325224 
0.093299065217555 
0.093257555915479 
0.093216123493481 
0.093174767034109 
0.093133485627710 
0.093092278372171 
0.093051144372660 
0.093010082741369 
0.092969092597254 
0.092928173065780 
0.092887323278660 
0.092846542373604 
0.092805829494054 
0.092765183788934 
0.092724604412386 
0.092684090523516 
0.092643641286130 
0.092603255868470 
0.092562933442959 
0.092522673185931 
0.092482474277365 
0.092442335900613 
0.092402257242133 
0.092362237491210 
0.092322275839682 
0.092282371481654 
