281.885231244097042 
7.102992742375974 
0.165380016069072 
0.005625804803182 
0.000265654163699 
0.000012493890593 
0.000000562349394 
0.000000026044619 
0.000000001286673 
185.533012980146793 
2.207802520746113 
0.076286186509895 
0.003834238355202 
0.000148882524943 
0.000005703935937 
0.000000234050590 
0.000000010773323 
0.000000000535651 
39.098707198275712 
0.659353906401055 
0.024574492345022 
0.001106424527069 
0.000046524238863 
0.000001915486867 
0.000000088401369 
0.000000004248831 
15.005702686101525 
0.366756344287175 
0.014851517947548 
0.000663816087164 
0.000030753858710 
0.000001442011285 
0.000000070048317 
0.000000003447008 
8.077527514413820 
0.232687944823690 
0.009625619919618 
0.000438761199708 
0.000020778139139 
0.000000998866824 
0.000000048699832 
0.000000002424026 
5.066764231456651 
0.154497426658612 
0.006335821267738 
0.000289578067325 
0.000013723960820 
0.000000654266320 
0.000000031618783 
0.000000001574312 
3.491034606099722 
0.107442253546680 
0.004305653263364 
0.000195117162149 
0.000009119025932 
0.000000424290880 
0.000000020122257 
0.000000000994595 
2.604248172885770 
0.079084885480830 
0.003084842758907 
0.000137541604442 
0.000006272055846 
0.000000281898120 
0.000000012984386 
0.000000000636570 
2.094974881094116 
0.062239463997087 
0.002369454129051 
0.000103343528986 
0.000004568815367 
0.000000197309012 
0.000000008767079 
1.809162738357375 
0.052644268163994 
0.001966430898908 
0.000083541077944 
0.000003569766653 
0.000000148454258 
0.000000006386059 
1.662391530009852 
0.047684986200980 
0.001756295032861 
0.000072509606713 
0.000002994230243 
0.000000121033477 
0.000000005111909 
1.604735799357902 
0.045691433289406 
0.001664963555894 
0.000066837446666 
0.000002674373604 
0.000000106323461 
0.000000004473098 
1.605227346989713 
0.045581793027517 
0.001646802002148 
0.000064493411920 
0.000002512718110 
0.000000099189550 
0.000000004203251 
1.644284590553421 
0.046668829823150 
0.001674320030141 
0.000064275536151 
0.000002452583337 
0.000000096668799 
0.000000004140577 
1.709463944602136 
0.048527388613839 
0.001731267443503 
0.000065467365829 
0.000002460237643 
0.000000097061872 
0.000000004194984 
1.792827987490683 
0.050897820501343 
0.001808084354949 
0.000067635266111 
0.000002514997662 
0.000000099381603 
0.000000004329748 
1.889297573722487 
0.053621235043511 
0.001899131160529 
0.000070513590893 
0.000002603928301 
0.000000103034537 
0.000000004510618 
1.995666751677929 
0.056600200965313 
0.002001113022474 
0.000073940801273 
0.000002718958121 
0.000000107689225 
0.000000004732805 
2.110065594401842 
0.059776855359928 
0.002112221938557 
0.000077823969927 
0.000002855243949 
0.000000113137297 
0.000000004984900 
2.231721159090207 
0.063121884189153 
0.002231682182586 
0.000082118854505 
0.000003010249339 
0.000000119294499 
0.000000005263512 
2.360912609564837 
0.066629987938638 
0.002359511143693 
0.000086818314655 
0.000003183094755 
0.000000126112835 
0.000000005569604 
2.499042036082312 
0.070319019163764 
0.002496384653475 
0.000091944660615 
0.000003374211886 
0.000000133613812 
0.000000005903597 
2.648749465856402 
0.074230849127487 
0.002643538658689 
0.000097543362979 
0.000003584962123 
0.000000141846462 
0.000000006266051 
2.813994495618742 
0.078432394645072 
0.002802664534147 
0.000103676000056 
0.000003817287596 
0.000000150864597 
0.000000006657081 
3.000017419195989 
0.083015360619001 
0.002975773278001 
0.000110411698465 
0.000004073350083 
0.000000160718424 
0.000000007076743 
3.213094242460497 
0.088093370263139 
0.003165021385695 
0.000117816743254 
0.000004355071415 
0.000000171465674 
0.000000007521543 
3.460029362208378 
0.093795480893310 
0.003372508022009 
0.000125943457221 
0.000004663623360 
0.000000183078279 
0.000000008001941 
3.747395115888537 
0.100255748382228 
0.003600065696640 
0.000134820122026 
0.000004999079671 
0.000000195547287 
0.000000008496165 
4.080614007113986 
0.107599454300852 
0.003849069543052 
0.000144443680469 
0.000005360143971 
0.000000208729258 
0.000000009000938 
4.463047843317124 
0.115927564801087 
0.004120281779851 
0.000154776393375 
0.000005744105047 
0.000000222510898 
0.000000009512932 
4.895268980012673 
0.125301569168576 
0.004413732979450 
0.000165746760998 
0.000006146894837 
0.000000236665876 
0.000000010016181 
0.000000000609998 
5.374636638745120 
0.135730797558997 
0.004728628988666 
0.000177253406151 
0.000006563403047 
0.000000250985225 
0.000000010497044 
0.000000000647845 
5.895219570387788 
0.147163715762817 
0.005063271385514 
0.000189171006537 
0.000006987766895 
0.000000265247616 
0.000000010957187 
0.000000000683208 
6.448038284953065 
0.159483881504253 
0.005414986943681 
0.000201356948200 
0.000007413705578 
0.000000279228808 
0.000000011381606 
0.000000000696518 
7.021566334161891 
0.172510617154230 
0.005780074686169 
0.000213657760569 
0.000007834900717 
0.000000292734042 
0.000000011759862 
0.000000000733166 
7.602424622827849 
0.186004230352183 
0.006153787319766 
0.000225914678279 
0.000008245280305 
0.000000305602682 
0.000000012098509 
0.000000000759830 
8.176208452271174 
0.199675745057808 
0.006530369555800 
0.000237967668918 
0.000008639231525 
0.000000317693780 
0.000000012394920 
0.000000000788030 
8.728390279574318 
0.213201281360353 
0.006903178973150 
0.000249657777326 
0.000009011842093 
0.000000328922572 
0.000000012654556 
0.000000000810877 
9.245236066633675 
0.226241039149350 
0.007264914088779 
0.000260827692977 
0.000009358876895 
0.000000339199261 
0.000000012885456 
0.000000000856093 
9.714660755282658 
0.238462041209445 
0.007607963547138 
0.000271322173090 
0.000009676700974 
0.000000348459538 
0.000000013086496 
0.000000000862964 
10.126936297681503 
0.249562511569741 
0.007924868106978 
0.000280989184759 
0.000009962114709 
0.000000356607796 
0.000000013248288 
0.000000000898802 
10.475166008791369 
0.259294550359014 
0.008208853486198 
0.000289683453243 
0.000010212306232 
0.000000363580139 
0.000000013383772 
0.000000000924385 
10.755463222703318 
0.267481279839991 
0.008454366172974 
0.000297272907023 
0.000010424580863 
0.000000369267943 
0.000000013482572 
0.000000000943159 
10.966821773267670 
0.274025258216476 
0.008657526623263 
0.000303648132035 
0.000010596639301 
0.000000373575087 
0.000000013554521 
0.000000000959352 
11.110726183422342 
0.278906539021283 
0.008816407802359 
0.000308732997124 
0.000010726667204 
0.000000376465222 
0.000000013582896 
0.000000000953996 
11.190596579776068 
0.282170818497021 
0.008931048952959 
0.000312492286750 
0.000010813765571 
0.000000377862750 
0.000000013552043 
0.000000000968351 
11.211180516370806 
0.283910275234220 
0.009003151178575 
0.000314933537508 
0.000010858122851 
0.000000377791339 
0.000000013482428 
0.000000000992176 
11.177992297509006 
0.284241721026299 
0.009035493603670 
0.000316099537148 
0.000010860909647 
0.000000376286607 
0.000000013371997 
0.000000001060133 
11.096871200574517 
0.283287935745493 
0.009031236687608 
0.000316055021698 
0.000010824033376 
0.000000373469758 
0.000000013223467 
0.000000001039582 
10.973691347254560 
0.281167345197471 
0.008993359363391 
0.000314872723068 
0.000010749909465 
0.000000369380518 
0.000000013031114 
0.000000001042087 
10.814214485415622 
0.277993848378290 
0.008924430868735 
0.000312625374044 
0.000010641095621 
0.000000364179460 
0.000000012780215 
0.000000001039115 
10.624044459937410 
0.273883936864772 
0.008826750023513 
0.000309385304030 
0.000010500265860 
0.000000357958898 
0.000000012538690 
0.000000001048683 
10.408629176648056 
0.268965190809183 
0.008702707094676 
0.000305230598513 
0.000010330337302 
0.000000350827478 
0.000000012243667 
0.000000001028825 
10.173262946937770 
0.263380825460057 
0.008555149371865 
0.000300251867556 
0.000010134541544 
0.000000342892494 
0.000000011927414 
0.000000001078086 
9.923062558451777 
0.257288298925472 
0.008387594313837 
0.000294557668377 
0.000009916478466 
0.000000334321750 
0.000000011579397 
0.000000001079882 
9.662913747802403 
0.250853306931384 
0.008204246581108 
0.000288276003009 
0.000009680245166 
0.000000325211455 
0.000000011245856 
0.000000001097675 
9.397398611494424 
0.244241702820447 
0.008009853215057 
0.000281552498325 
0.000009430322841 
0.000000315735161 
0.000000010890026 
0.000000001058307 
9.130713520542944 
0.237611104854053 
0.007809452555865 
0.000274545267215 
0.000009171479415 
0.000000306052588 
0.000000010503905 
0.000000001080163 
8.866579560953696 
0.231102687076213 
0.007608052835099 
0.000267416384213 
0.000008908663721 
0.000000296326179 
0.000000010153876 
0.000000001098566 
8.608147114308450 
0.224833255668985 
0.007410271248792 
0.000260320549069 
0.000008646733724 
0.000000286679484 
0.000000009813746 
8.357907361783674 
0.218888402155174 
0.007219975995882 
0.000253392976154 
0.000008389918694 
0.000000277291404 
0.000000009459197 
8.117636681763926 
0.213318449367952 
0.007040001887837 
0.000246738238713 
0.000008141765558 
0.000000268239827 
0.000000009118937 
7.888401266525982 
0.208138941804170 
0.006872011861848 
0.000240424444708 
0.000007904775426 
0.000000259637207 
0.000000008824580 
7.670634291112691 
0.203336188940576 
0.006716544518808 
0.000234484155782 
0.000007680296512 
0.000000251481284 
0.000000008550919 
7.464275100660084 
0.198876559007765 
0.006573228410736 
0.000228921045480 
0.000007468880744 
0.000000243827759 
0.000000008293995 
7.268942085657129 
0.194717005863148 
0.006441092452717 
0.000223721325912 
0.000007270430390 
0.000000236608408 
0.000000008033629 
7.084105132246955 
0.190814326774870 
0.006318885377054 
0.000218864338218 
0.000007084546428 
0.000000229862986 
0.000000007800599 
6.909228458863939 
0.187131588455055 
0.006205332117991 
0.000214330696595 
0.000006910882190 
0.000000223556762 
0.000000007589596 
6.743865324896328 
0.183641306760914 
0.006099293011181 
0.000210106105038 
0.000006749276153 
0.000000217685126 
0.000000007381169 
6.587698453601102 
0.180325808330403 
0.005999825794646 
0.000206180431378 
0.000006599691485 
0.000000212219549 
0.000000007191735 
6.440531510473371 
0.177175648946692 
0.005906177134025 
0.000202544732528 
0.000006462245894 
0.000000207186711 
0.000000007045665 
6.302245602262174 
0.174187099267750 
0.005817739712277 
0.000199187205219 
0.000006336838200 
0.000000202555593 
0.000000006836179 
6.172738675618310 
0.171359602372874 
0.005734008300167 
0.000196090541440 
0.000006223185595 
0.000000198347322 
0.000000006686093 
6.051864253510673 
0.168693784114932 
0.005654556866654 
0.000193231479606 
0.000006120771502 
0.000000194547742 
0.000000006554097 
5.939380495240991 
0.166190141324229 
0.005579040074911 
0.000190582679503 
0.000006028610552 
0.000000191109320 
0.000000006404051 
5.834914237069911 
0.163848106211284 
0.005507205244520 
0.000188116189107 
0.000005945652574 
0.000000188049328 
0.000000006286202 
5.737940822619980 
0.161665009039031 
0.005438890522855 
0.000185806718543 
0.000005870750227 
0.000000185280198 
0.000000006206618 
5.647780633071851 
0.159634676375930 
0.005373988842108 
0.000183633736056 
0.000005802871651 
0.000000182804228 
0.000000006067669 
5.563615403635759 
0.157745957465791 
0.005312379362396 
0.000181581290354 
0.000005741145836 
0.000000180562975 
0.000000006003864 
5.484527515740797 
0.155982019607722 
0.005253854583179 
0.000179636317539 
0.000005684769754 
0.000000178583451 
0.000000005924159 
5.409560551403852 
0.154321313413217 
0.005198084882436 
0.000177786521561 
0.000005633085155 
0.000000176777162 
0.000000005829145 
5.337791066942663 
0.152740423215161 
0.005144645622889 
0.000176019096295 
0.000005585502821 
0.000000175176243 
0.000000005763349 
5.268395309116614 
0.151217912928490 
0.005093096623522 
0.000174321063969 
0.000005541441957 
0.000000173723149 
0.000000005698885 
5.200695406233617 
0.149737528336353 
0.005043070655886 
0.000172680696365 
0.000005500335224 
0.000000172467602 
0.000000005648145 
5.134177475826404 
0.148289325694550 
0.004994323084596 
0.000171088611872 
0.000005461705908 
0.000000171322482 
0.000000005614533 
5.068484360130960 
0.146868368604138 
0.004946720137897 
0.000169538211275 
0.000005425161005 
0.000000170351530 
0.000000005580170 
5.003392754769356 
0.145471859641299 
0.004900178617549 
0.000168024356494 
0.000005390369750 
0.000000169511806 
0.000000005548289 
4.938785812972188 
0.144096209444028 
0.004854592921535 
0.000166541994626 
0.000005356863131 
0.000000168761069 
0.000000005529307 
4.874629100320906 
0.142735339201763 
0.004809785314342 
0.000165084633859 
0.000005324221578 
0.000000168111070 
0.000000005505930 
4.810953077849034 
0.141380739745967 
0.004765499822173 
0.000163643894591 
0.000005291882375 
0.000000167535995 
0.000000005502859 
4.747841623013107 
0.140022994052454 
0.004721438064890 
0.000162209914936 
0.000005259278014 
0.000000166964978 
0.000000005487733 
4.685424424241702 
0.138653991283139 
0.004677320171685 
0.000160772712640 
0.000005225713817 
0.000000166410957 
0.000000005496372 
4.623871032152356 
0.137269013519814 
0.004632949991085 
0.000159323831197 
0.000005190637873 
0.000000165799494 
0.000000005476074 
4.563385037549861 
0.135868120250978 
0.004588263667590 
0.000157857680697 
0.000005153525665 
0.000000165098291 
0.000000005480188 
4.504197535124806 
0.134456578423976 
0.004543350261001 
0.000156372243382 
0.000005114050951 
0.000000164230244 
0.000000005474078 
4.446559414487537 
0.133044353924569 
0.004498440408772 
0.000154869239656 
0.000005072056175 
0.000000163295152 
0.000000005487377 
4.390732164833401 
0.131644847187643 
0.004453867429033 
0.000153353262959 
0.000005027506643 
0.000000162184755 
0.000000005438848 
4.336977021251530 
0.130273142313887 
0.004410011332573 
0.000151830937729 
0.000004980537911 
0.000000160933964 
0.000000005408017 
4.285542606940790 
0.128944083582759 
0.004367239190001 
0.000150309519228 
0.000004931400152 
0.000000159523260 
0.000000005384229 
4.236651768978330 
0.127670497996078 
0.004325855365287 
0.000148796285150 
0.000004880465129 
0.000000158031547 
0.000000005317379 
