485.452558077262381 
10.005812310169906 
0.488184849923152 
0.030729104431198 
0.002330238803791 
0.000187743844768 
0.000015622114222 
0.000001326319606 
0.000000114192773 
0.000000010719518 
205.965377720760557 
4.911684622955319 
0.177622136475748 
0.010800043707639 
0.000827717630479 
0.000068625010880 
0.000005873592269 
0.000000510656482 
0.000000044907570 
46.514242264297756 
1.493593682704777 
0.066399776014716 
0.003966385932725 
0.000274372409601 
0.000020888804454 
0.000001675631473 
0.000000138335522 
0.000000011744360 
19.078106641583418 
0.847330373934793 
0.053336866088275 
0.003801750218066 
0.000286025829218 
0.000022559192647 
0.000001831451406 
0.000000151276382 
0.000000012707487 
10.988855703736256 
0.609033260678410 
0.044560332371627 
0.003434151929437 
0.000273341327651 
0.000022439082613 
0.000001877989251 
0.000000159186612 
0.000000013656358 
7.227690513096577 
0.456624070376750 
0.035491518415203 
0.002831427574828 
0.000231974098446 
0.000019463633278 
0.000001656792565 
0.000000142455407 
0.000000012367295 
5.084120772060968 
0.347638069951694 
0.027700091239527 
0.002246933282676 
0.000187122490922 
0.000015904625067 
0.000001367803452 
0.000000118639149 
0.000000010375620 
3.766315861944250 
0.270016632964464 
0.021673900599017 
0.001770623507094 
0.000148804878646 
0.000012742118580 
0.000001102334112 
0.000000096103963 
2.922202891479110 
0.215039196541693 
0.017222734140855 
0.001409216311781 
0.000118963061514 
0.000010224780225 
0.000000887164198 
0.000000077523602 
2.362838494938041 
0.175817717029183 
0.013975240847646 
0.001141828558297 
0.000096542920416 
0.000008308640547 
0.000000721579788 
0.000000063147839 
1.980054556779707 
0.147360361696659 
0.011588581584618 
0.000943973346138 
0.000079804377894 
0.000006867032683 
0.000000596194222 
0.000000052123910 
1.710490485540147 
0.126270092586199 
0.009803514072900 
0.000795502442442 
0.000067179140042 
0.000005774851017 
0.000000500854534 
0.000000043743440 
1.516282930572876 
0.110302699443564 
0.008439686983259 
0.000681831610571 
0.000057481964544 
0.000004933810534 
0.000000427316212 
0.000000037267515 
1.374121649406841 
0.097981169873853 
0.007375566083137 
0.000592951445148 
0.000049881063975 
0.000004273355499 
0.000000369491210 
0.000000032198836 
1.269096784103370 
0.088320967087972 
0.006529510987807 
0.000522092514780 
0.000043807430614 
0.000003744876216 
0.000000323178296 
0.000000028104821 
1.191284993020746 
0.080651902358909 
0.005845971003141 
0.000464642884076 
0.000038871409324 
0.000003314801363 
0.000000285450210 
0.000000024769419 
1.133843496021654 
0.074506716956877 
0.005286359287677 
0.000417400464519 
0.000034801815239 
0.000002959776860 
0.000000254301170 
0.000000022020336 
1.091915844998930 
0.069551647571508 
0.004823242000220 
0.000378089738705 
0.000031405562192 
0.000002663131748 
0.000000228268180 
0.000000019732811 
1.061977173877698 
0.065542655611451 
0.004436661846866 
0.000345055836855 
0.000028541941694 
0.000002412671264 
0.000000206272863 
0.000000017805776 
1.041424354705793 
0.062297357236712 
0.004111788853431 
0.000317069471267 
0.000026106399649 
0.000002199285364 
0.000000187524724 
0.000000016150406 
1.028308469630049 
0.059676678552221 
0.003837389317342 
0.000293200513102 
0.000024019681384 
0.000002016101713 
0.000000171414491 
0.000000014734080 
1.021153909753678 
0.057572634042067 
0.003604805514500 
0.000272733679636 
0.000022220752100 
0.000001857821953 
0.000000157513243 
0.000000013509776 
1.018832609546753 
0.055900026480585 
0.003407260040795 
0.000255111044706 
0.000020662158544 
0.000001720330451 
0.000000145409983 
0.000000012444149 
1.020474746580537 
0.054590701556434 
0.003239370650560 
0.000239891442014 
0.000019306394623 
0.000001600357982 
0.000000134834517 
0.000000011518785 
1.025404304620239 
0.053589492999709 
0.003096806183742 
0.000226721904881 
0.000018123458323 
0.000001495231736 
0.000000125527927 
0.000000010673263 
1.033091981232582 
0.052851304085224 
0.002976037798387 
0.000215316890102 
0.000017089126024 
0.000001402911000 
0.000000117350061 
0.000000009975346 
1.043120407096175 
0.052338964868094 
0.002874157208199 
0.000205442523811 
0.000016183801048 
0.000001321713396 
0.000000110158932 
0.000000009321510 
1.055158224268951 
0.052021628229015 
0.002788741475600 
0.000196905473856 
0.000015391165654 
0.000001250165355 
0.000000103780437 
0.000000008766656 
1.068940609154478 
0.051873546314705 
0.002717752040128 
0.000189543993551 
0.000014697752447 
0.000001187192518 
0.000000098171418 
1.084254530383439 
0.051873121987591 
0.002659458144842 
0.000183221582126 
0.000014092181318 
0.000001131727571 
0.000000093185945 
1.100927512842813 
0.052002162266348 
0.002612378711261 
0.000177821781379 
0.000013564816959 
0.000001082999234 
0.000000088787186 
1.118819017494100 
0.052245283311736 
0.002575237382595 
0.000173244371550 
0.000013107398981 
0.000001040315592 
0.000000084945704 
1.137813785312106 
0.052589431177708 
0.002546927788147 
0.000169402287248 
0.000012712794277 
0.000001003057874 
0.000000081532043 
1.157816665135459 
0.053023492584659 
0.002526486319025 
0.000166219581464 
0.000012374797704 
0.000000970672418 
0.000000078573756 
1.178748568417384 
0.053537976298587 
0.002513070407030 
0.000163629227545 
0.000012087860927 
0.000000942738194 
0.000000076012502 
1.200543284780358 
0.054124750388555 
0.002505940992183 
0.000161572097189 
0.000011847165982 
0.000000918817265 
0.000000073784814 
1.223144959371959 
0.054776825448314 
0.002504448533219 
0.000159995673139 
0.000011648386247 
0.000000898533087 
0.000000071853252 
1.246506079833732 
0.055488173785811 
0.002508020941766 
0.000158853062065 
0.000011487689563 
0.000000881651442 
0.000000070233300 
1.270585860705314 
0.056253578571157 
0.002516153773478 
0.000158102667158 
0.000011361477148 
0.000000867760997 
0.000000068880125 
1.295348936361448 
0.057068507902719 
0.002528401646342 
0.000157707066908 
0.000011266725666 
0.000000856655565 
0.000000067763695 
1.320764297470720 
0.057929008538579 
0.002544371282425 
0.000157632999203 
0.000011200590254 
0.000000848108325 
0.000000066904180 
1.346804418911205 
0.058831616851377 
0.002563714793538 
0.000157850719249 
0.000011160487713 
0.000000841841287 
0.000000066248663 
1.373444540065541 
0.059773283070079 
0.002586124500850 
0.000158333697537 
0.000011144207193 
0.000000837760853 
0.000000065752490 
1.400662066569765 
0.060751307819460 
0.002611327953500 
0.000159058154391 
0.000011149673259 
0.000000835550021 
0.000000065419716 
1.428436069837251 
0.061763287837525 
0.002639083720026 
0.000160003012516 
0.000011174977753 
0.000000835182228 
0.000000065258594 
1.456746864913009 
0.062807069927644 
0.002669177826576 
0.000161149542757 
0.000011218547731 
0.000000836390310 
0.000000065259419 
1.485575653216417 
0.063880711908625 
0.002701420427668 
0.000162481087131 
0.000011278880293 
0.000000839160761 
0.000000065371645 
1.514904216805808 
0.064982449172487 
0.002735642918674 
0.000163982724556 
0.000011354676801 
0.000000843297942 
0.000000065629982 
1.544714656775810 
0.066110666085271 
0.002771695395359 
0.000165641627274 
0.000011444805122 
0.000000848730997 
0.000000065984060 
1.574989166651572 
0.067263871571553 
0.002809444677712 
0.000167446178207 
0.000011548224212 
0.000000855350314 
0.000000066482587 
1.605709836240533 
0.068440678263486 
0.002848772069301 
0.000169386251748 
0.000011664019353 
0.000000863093971 
0.000000067017693 
1.636858481077898 
0.069639784739038 
0.002889572151194 
0.000171453057200 
0.000011791425418 
0.000000871923562 
0.000000067697703 
1.668416492957095 
0.070859960025600 
0.002931750806254 
0.000173638847424 
0.000011929811863 
0.000000881709085 
0.000000068457875 
1.700364709548967 
0.072100030714441 
0.002975224451343 
0.000175936952297 
0.000012078547917 
0.000000892472222 
0.000000069298290 
1.732683300286082 
0.073358869460610 
0.003019918449772 
0.000178341623014 
0.000012237177496 
0.000000904117865 
0.000000070190054 
1.765351666813868 
0.074635385578229 
0.003065766702035 
0.000180847962308 
0.000012405222659 
0.000000916575228 
0.000000071150996 
1.798348356140303 
0.075928517113723 
0.003112710302988 
0.000183451790399 
0.000012582391655 
0.000000929894480 
0.000000072209196 
1.831650985901154 
0.077237223702993 
0.003160697200996 
0.000186149736059 
0.000012768431114 
0.000000944019971 
0.000000073344131 
1.865236180686326 
0.078560480634784 
0.003209681363727 
0.000188938999286 
0.000012963072496 
0.000000958912076 
0.000000074607662 
1.899079518095707 
0.079897274237432 
0.003259622245270 
0.000191817216054 
0.000013166143080 
0.000000974561530 
0.000000075832936 
1.933155484717685 
0.081246597798179 
0.003310484403599 
0.000194782734876 
0.000013377561269 
0.000000991029453 
0.000000077178492 
1.967437441677637 
0.082607447839944 
0.003362236683172 
0.000197834223428 
0.000013597186401 
0.000001008202868 
0.000000078587831 
2.001897598758435 
0.083978821845563 
0.003414852562522 
0.000200970746982 
0.000013824968273 
0.000001026150514 
0.000000080011332 
2.036506997556355 
0.085359715419094 
0.003468308982535 
0.000204191868352 
0.000014060802080 
0.000001044715167 
0.000000081573340 
2.071235502999937 
0.086749120800980 
0.003522586218546 
0.000207497166544 
0.000014304858504 
0.000001064119028 
0.000000083154486 
2.106051803584551 
0.088146025657555 
0.003577667778634 
0.000210886793467 
0.000014556980732 
0.000001084201316 
0.000000084863085 
2.140923419611167 
0.089549411221816 
0.003633539898368 
0.000214360763963 
0.000014817197805 
0.000001105041613 
0.000000086520323 
2.175816720676140 
0.090958251723725 
0.003690190949302 
0.000217919548648 
0.000015085583979 
0.000001126530420 
0.000000088290491 
2.210696950282629 
0.092371514187794 
0.003747611323933 
0.000221563514536 
0.000015362161206 
0.000001148815575 
0.000000090127612 
2.245528259984627 
0.093788156914435 
0.003805793148076 
0.000225292954683 
0.000015646837300 
0.000001171725159 
0.000000092017377 
2.280273750598596 
0.095207129236543 
0.003864729333876 
0.000229108554962 
0.000015939700559 
0.000001195378596 
0.000000093945677 
2.314895523045204 
0.096627371323514 
0.003924413890841 
0.000233010329656 
0.000016240670553 
0.000001219807587 
0.000000095985183 
2.349354736140548 
0.098047813545124 
0.003984840875905 
0.000236998599351 
0.000016549642560 
0.000001244819330 
0.000000098025116 
2.383611673446518 
0.099467376032632 
0.004046004178372 
0.000241073248927 
0.000016866633098 
0.000001270490485 
0.000000100203681 
0.000000008277205 
2.417625818482692 
0.100884967470920 
0.004107897005353 
0.000245234232692 
0.000017191505279 
0.000001296903292 
0.000000102356368 
0.000000008480679 
2.451355937344917 
0.102299485651702 
0.004170511125286 
0.000249480571715 
0.000017524024843 
0.000001323875703 
0.000000104553993 
0.000000008708963 
2.484760170338607 
0.103709815732237 
0.004233837139498 
0.000253811592087 
0.000017864037784 
0.000001351423850 
0.000000106827568 
0.000000008889806 
2.517796130925790 
0.105114830086858 
0.004297862633395 
0.000258225683867 
0.000018211380084 
0.000001379689480 
0.000000109136968 
0.000000009082081 
2.550421013910275 
0.106513387113080 
0.004362572795068 
0.000262721069792 
0.000018565549268 
0.000001408297505 
0.000000111478695 
0.000000009299155 
2.582591710090357 
0.107904330677364 
0.004427949175713 
0.000267295412325 
0.000018926388544 
0.000001437447774 
0.000000113931502 
0.000000009445674 
2.614264930390384 
0.109286489035650 
0.004493969730293 
0.000271945621135 
0.000019293456900 
0.000001467005845 
0.000000116276730 
0.000000009661381 
2.645397336557710 
0.110658673508689 
0.004560607817698 
0.000276668266881 
0.000019666208519 
0.000001497099861 
0.000000118712333 
0.000000009842574 
2.675945680331933 
0.112019678374777 
0.004627831953315 
0.000281459290572 
0.000020044126974 
0.000001527446602 
0.000000121211537 
0.000000010092942 
2.705866949202891 
0.113368279192545 
0.004695605378618 
0.000286313851241 
0.000020426899467 
0.000001558087881 
0.000000123683484 
0.000000010314069 
2.735118520205658 
0.114703232605880 
0.004763885718751 
0.000291226461980 
0.000020813580677 
0.000001588996061 
0.000000126083405 
0.000000010455878 
2.763658319560627 
0.116023275662363 
0.004832624536089 
0.000296191258749 
0.000021203470683 
0.000001619996384 
0.000000128607524 
0.000000010662391 
2.791444989258022 
0.117327125383993 
0.004901767159931 
0.000301201744844 
0.000021596204105 
0.000001651092494 
0.000000131164578 
0.000000010806625 
2.818438058632429 
0.118613478160784 
0.004971252598113 
0.000306250230384 
0.000021990750464 
0.000001682229355 
0.000000133615191 
0.000000011100363 
2.844598122106862 
0.119881010952204 
0.005041012964491 
0.000311329221979 
0.000022386463979 
0.000001713394785 
0.000000136018131 
0.000000011282600 
2.869887019710665 
0.121128381048447 
0.005110974054850 
0.000316430168166 
0.000022782398176 
0.000001744349591 
0.000000138429772 
0.000000011501638 
2.894268022224617 
0.122354226989757 
0.005181055088267 
0.000321544227912 
0.000023177509021 
0.000001775038287 
0.000000140901826 
0.000000011664158 
2.917706016839972 
0.123557170360757 
0.005251168725250 
0.000326662000786 
0.000023571304354 
0.000001805565673 
0.000000143150313 
0.000000011801974 
2.940167695354680 
0.124735816692280 
0.005321221350077 
0.000331773530374 
0.000023962718051 
0.000001835573340 
0.000000145456100 
0.000000011988873 
2.961621740206156 
0.125888758959086 
0.005391113722041 
0.000336869062641 
0.000024350603824 
0.000001865295675 
0.000000147784892 
0.000000012191341 
2.982039009193978 
0.127014579037390 
0.005460740605236 
0.000341937550585 
0.000024734150812 
0.000001894439217 
0.000000149944042 
0.000000012372721 
3.001392715514204 
0.128111851772408 
0.005529992039875 
0.000346968837817 
0.000025112520133 
0.000001922946219 
0.000000152116054 
0.000000012592056 
3.019658602890549 
0.129179148163754 
0.005598752907215 
0.000351951514370 
0.000025484721019 
0.000001950688653 
0.000000154275991 
0.000000012754373 
3.036815111723845 
0.130215039996240 
0.005666904373020 
0.000356874926154 
0.000025849934486 
0.000001977823618 
0.000000156301082 
0.000000012913206 
3.052843535684039 
0.131218103922049 
0.005734323954323 
0.000361727826780 
0.000026206939255 
0.000002004079749 
0.000000158141010 
0.000000013041387 
3.067728167291321 
0.132186926723884 
0.005800886128023 
0.000366499346079 
0.000026555123006 
0.000002029310882 
0.000000160084261 
0.000000013217099 
