1.000000000000000 
0.553554765038413 
0.483777091219878 
0.459682449141876 
0.447780252862836 
0.440742191652283 
0.436106661203840 
0.432826052785231 
0.430382613543828 
0.428492138927095 
0.426985897516382 
0.425757415820590 
0.424736151732563 
0.423873476703866 
0.423134751695071 
0.422494618614553 
0.421934081130003 
0.421438627397408 
0.420996983784724 
0.420600264141234 
0.420241374709693 
0.419914588806523 
0.419615237030889 
0.419339477792482 
0.419084124791409 
0.418846515583385 
0.418624410251028 
0.418415912447444 
0.418219407276228 
0.418033511987181 
0.417857036528602 
0.417688951752006 
0.417528363609351 
0.417374492080155 
0.417226653859265 
0.417084248054947 
0.416946744311868 
0.416813672898983 
0.416684616398392 
0.416559202705476 
0.416437099108366 
0.416318007259986 
0.416201658891532 
0.416087812144457 
0.415976248420532 
0.415866769667553 
0.415759196032737 
0.415653363827594 
0.415549123757542 
0.415446339377318 
0.415344885739595 
0.415244648209384 
0.415145521421180 
0.415047408359344 
0.414950219545145 
0.414853872316434 
0.414758290187920 
0.414663402281782 
0.414569142819804 
0.414475450669472 
0.414382268937468 
0.414289544604938 
0.414197228199618 
0.414105273500574 
0.414013637271844 
0.413922279021759 
0.413831160785099 
0.413740246925625 
0.413649503956792 
0.413558900378751 
0.413468406529917 
0.413377994451171 
0.413287637763775 
0.413197311554912 
0.413106992274809 
0.413016657641988 
0.412926286556336 
0.412835859019238 
0.412745356060139 
0.412654759668931 
0.412564052733654 
0.412473218983007 
0.412382242933271 
0.412291109839247 
0.412199805648870 
0.412108316961166 
0.412016630987299 
0.411924735514426 
0.411832618872147 
0.411740269901322 
0.411647677925087 
0.411554832721861 
0.411461724500220 
0.411368343875478 
0.411274681847840 
0.411180729782003 
0.411086479388127 
0.410991922704025 
0.410897052078519 
0.410801860155867 
0.410706339861168 
0.410610484386702 
0.410514287179111 
0.410417741927383 
0.410320842551570 
0.410223583192191 
0.410125958200277 
0.410027962128017 
0.409929589719948 
0.409830835904680 
0.409731695787087 
0.409632164640965 
0.409532237902112 
0.409431911161789 
0.409331180160574 
0.409230040782539 
0.409128489049774 
0.409026521117196 
0.408924133267661 
0.408821321907328 
0.408718083561289 
0.408614414869420 
0.408510312582472 
0.408405773558359 
0.408300794758638 
0.408195373245189 
0.408089506177058 
0.407983190807466 
0.407876424480973 
0.407769204630793 
0.407661528776236 
0.407553394520287 
0.407444799547307 
0.407335741620845 
0.407226218581567 
0.407116228345282 
0.407005768901063 
0.406894838309470 
0.406783434700856 
0.406671556273750 
0.406559201293325 
0.406446368089936 
0.406333055057735 
0.406219260653347 
0.406104983394601 
0.405990221859347 
0.405874974684295 
0.405759240563939 
0.405643018249510 
0.405526306547995 
0.405409104321186 
0.405291410484782 
0.405173224007538 
0.405054543910436 
0.404935369265914 
0.404815699197114 
0.404695532877178 
0.404574869528564 
0.404453708422403 
0.404332048877880 
0.404209890261640 
0.404087231987231 
0.403964073514557 
0.403840414349374 
0.403716254042792 
0.403591592190807 
0.403466428433851 
0.403340762456369 
0.403214593986401 
0.403087922795190 
0.402960748696813 
0.402833071547824 
0.402704891246897 
0.402576207734509 
0.402447020992622 
0.402317331044376 
0.402187137953809 
0.402056441825571 
0.401925242804663 
0.401793541076176 
0.401661336865058 
0.401528630435860 
0.401395422092525 
0.401261712178159 
0.401127501074831 
0.400992789203362 
0.400857577023131 
0.400721865031889 
0.400585653765571 
0.400448943798127 
0.400311735741344 
0.400174030244678 
0.400035827995102 
0.399897129716935 
0.399757936171699 
0.399618248157960 
0.399478066511185 
0.399337392103599 
0.399196225844040 
0.399054568677821 
0.398912421586583 
0.398769785588178 
0.398626661736511 
0.398483051121420 
0.398338954868538 
0.398194374139162 
0.398049310130112 
0.397903764073603 
0.397757737237110 
0.397611230923235 
0.397464246469564 
0.397316785248536 
0.397168848667307 
0.397020438167594 
0.396871555225550 
0.396722201351606 
0.396572378090337 
0.396422087020296 
0.396271329753872 
0.396120107937129 
0.395968423249644 
0.395816277404352 
0.395663672147373 
0.395510609257839 
0.395357090547724 
0.395203117861661 
0.395048693076763 
0.394893818102418 
0.394738494880120 
0.394582725383248 
0.394426511616878 
0.394269855617562 
0.394112759453121 
0.393955225222416 
0.393797255055136 
0.393638851111550 
0.393480015582272 
0.393320750688036 
0.393161058679413 
0.393000941836582 
0.392840402469050 
0.392679442915390 
0.392518065542965 
0.392356272747641 
0.392194066953500 
0.392031450612540 
0.391868426204381 
0.391704996235943 
0.391541163241145 
0.391376929780559 
0.391212298441107 
0.391047271835704 
0.390881852602921 
0.390716043406631 
0.390549846935662 
0.390383265903420 
0.390216303047527 
0.390048961129443 
0.389881242934073 
0.389713151269398 
0.389544688966059 
0.389375858876960 
0.389206663876865 
0.389037106861981 
0.388867190749536 
0.388696918477351 
0.388526293003416 
0.388355317305450 
0.388183994380464 
0.388012327244301 
0.387840318931195 
0.387667972493316 
0.387495291000307 
0.387322277538820 
0.387148935212046 
0.386975267139242 
0.386801276455261 
0.386626966310068 
0.386452339868262 
0.386277400308589 
0.386102150823458 
0.385926594618449 
0.385750734911827 
0.385574574934045 
0.385398117927257 
0.385221367144812 
0.385044325850775 
0.384866997319418 
0.384689384834735 
0.384511491689938 
0.384333321186974 
0.384154876636015 
0.383976161354984 
0.383797178669054 
0.383617931910164 
0.383438424416525 
0.383258659532150 
0.383078640606362 
0.382898370993317 
0.382717854051539 
0.382537093143442 
0.382356091634867 
0.382174852894618 
0.381993380294011 
0.381811677206416 
0.381629747006816 
0.381447593071368 
0.381265218776962 
0.381082627500809 
0.380899822619995 
0.380716807511089 
0.380533585549727 
0.380350160110219 
0.380166534565142 
0.379982712284977 
0.379798696637723 
0.379614490988525 
0.379430098699316 
0.379245523128485 
0.379060767630518 
0.378875835555670 
0.378690730249646 
0.378505455053295 
0.378320013302297 
0.378134408326871 
0.377948643451502 
0.377762721994653 
0.377576647268520 
0.377390422578771 
0.377204051224303 
0.377017536497012 
0.376830881681585 
0.376644090055261 
0.376457164887659 
0.376270109440580 
0.376082926967826 
0.375895620715035 
0.375708193919522 
0.375520649810133 
0.375332991607111 
0.375145222521971 
0.374957345757373 
0.374769364507036 
0.374581281955622 
0.374393101278668 
0.374204825642497 
0.374016458204163 
0.373828002111389 
0.373639460502516 
0.373450836506480 
0.373262133242756 
0.373073353821368 
0.372884501342857 
0.372695578898287 
0.372506589569242 
0.372317536427848 
0.372128422536790 
0.371939250949328 
0.371750024709347 
0.371560746851392 
0.371371420400713 
0.371182048373317 
0.370992633776039 
0.370803179606588 
0.370613688853632 
0.370424164496877 
0.370234609507126 
0.370045026846384 
0.369855419467925 
0.369665790316413 
0.369476142327968 
0.369286478430269 
0.369096801542671 
0.368907114576281 
0.368717420434095 
0.368527722011070 
0.368338022194246 
0.368148323862864 
0.367958629888457 
0.367768943134964 
0.367579266458838 
0.367389602709166 
0.367199954727747 
0.367010325349233 
0.366820717401214 
0.366631133704313 
0.366441577072304 
0.366252050312204 
0.366062556224367 
0.365873097602581 
0.365683677234145 
0.365494297899979 
0.365304962374678 
0.365115673426618 
0.364926433818012 
0.364737246304986 
0.364548113637641 
0.364359038560120 
0.364170023810660 
0.363981072121634 
0.363792186219612 
0.363603368825388 
0.363414622654013 
0.363225950414837 
0.363037354811501 
0.362848838541982 
0.362660404298579 
0.362472054767936 
0.362283792631021 
0.362095620563118 
0.361907541233818 
0.361719557306972 
0.361531671440696 
0.361343886287298 
0.361156204493244 
0.360968628699115 
0.360781161539537 
0.360593805643116 
0.360406563632376 
0.360219438123658 
0.360032431727046 
0.359845547046272 
0.359658786678620 
0.359472153214803 
0.359285649238875 
0.359099277328077 
0.358913040052731 
0.358726939976108 
0.358540979654274 
0.358355161635958 
0.358169488462393 
0.357983962667153 
0.357798586776002 
0.357613363306705 
0.357428294768872 
0.357243383663775 
0.357058632484153 
0.356874043714019 
0.356689619828480 
0.356505363293527 
0.356321276565834 
0.356137362092545 
0.355953622311071 
0.355770059648868 
0.355586676523207 
0.355403475340977 
0.355220458498430 
0.355037628380970 
0.354854987362917 
0.354672537807274 
0.354490282065483 
0.354308222477209 
0.354126361370076 
0.353944701059433 
0.353763243848111 
0.353581992026197 
0.353400947870756 
0.353220113645623 
0.353039491601140 
0.352859083973903 
0.352678892986540 
0.352498920847452 
0.352319169750578 
0.352139641875150 
0.351960339385446 
0.351781264430572 
0.351602419144204 
0.351423805644361 
0.351245426033181 
0.351067282396672 
0.350889376804512 
0.350711711309799 
0.350534287948842 
0.350357108740944 
0.350180175688186 
0.350003490775230 
0.349827055969083 
0.349650873218930 
0.349474944455909 
0.349299271592947 
0.349123856524537 
0.348948701126585 
0.348773807256229 
0.348599176751654 
0.348424811431940 
0.348250713096890 
0.348076883526871 
0.347903324482682 
0.347730037705394 
0.347557024916230 
0.347384287816428 
0.347211828087088 
0.347039647389113 
0.346867747363039 
0.346696129628966 
0.346524795786445 
0.346353747414382 
0.346182986070970 
0.346012513293594 
0.345842330598773 
0.345672439482074 
0.345502841418076 
0.345333537860302 
0.345164530241187 
0.344995819972033 
0.344827408442973 
0.344659297022948 
0.344491487059697 
0.344323979879730 
0.344156776788335 
0.343989879069564 
0.343823287986264 
0.343657004780047 
0.343491030671355 
0.343325366859450 
0.343160014522458 
0.342994974817407 
0.342830248880248 
0.342665837825926 
0.342501742748419 
0.342337964720785 
0.342174504795234 
0.342011364003187 
0.341848543355356 
0.341686043841795 
0.341523866431999 
0.341362012074977 
0.341200481699329 
0.341039276213336 
0.340878396505073 
0.340717843442479 
0.340557617873463 
0.340397720626000 
0.340238152508237 
0.340078914308600 
0.339920006795892 
0.339761430719416 
0.339603186809061 
0.339445275775439 
0.339287698309990 
0.339130455085094 
0.338973546754178 
0.338816973951846 
0.338660737293986 
0.338504837377893 
0.338349274782382 
0.338194050067915 
0.338039163776701 
0.337884616432828 
0.337730408542377 
0.337576540593536 
0.337423013056726 
0.337269826384698 
0.337116981012673 
0.336964477358428 
0.336812315822441 
0.336660496787981 
0.336509020621233 
0.336357887671404 
0.336207098270830 
0.336056652735092 
0.335906551363124 
0.335756794437317 
0.335607382223621 
0.335458314971665 
0.335309592914844 
0.335161216270429 
0.335013185239679 
0.334865500007923 
0.334718160744679 
0.334571167603737 
0.334424520723275 
0.334278220225938 
0.334132266218955 
0.333986658794223 
0.333841398028405 
0.333696483983034 
0.333551916704603 
0.333407696224659 
0.333263822559891 
0.333120295712257 
0.332977115669040 
0.332834282402973 
0.332691795872330 
0.332549656020999 
0.332407862778628 
0.332266416060673 
0.332125315768537 
0.331984561789644 
0.331844153997557 
0.331704092252076 
0.331564376399336 
0.331425006271920 
0.331285981688968 
0.331147302456288 
0.331008968366460 
0.330870979198950 
0.330733334720242 
0.330596034683931 
0.330459078830861 
0.330322466889232 
0.330186198574748 
0.330050273590724 
0.329914691628218 
0.329779452366178 
0.329644555471564 
0.329510000599491 
0.329375787393370 
0.329241915485050 
0.329108384494977 
0.328975194032320 
0.328842343695149 
0.328709833070574 
0.328577661734917 
0.328445829253866 
0.328314335182636 
0.328183179066143 
0.328052360439183 
0.327921878826583 
0.327791733743409 
0.327661924695104 
0.327532451177714 
0.327403312678037 
0.327274508673840 
0.327146038634021 
0.327017902018809 
0.326890098279978 
0.326762626861015 
0.326635487197341 
0.326508678716488 
0.326382200838322 
0.326256052975238 
0.326130234532367 
0.326004744907778 
0.325879583492688 
0.325754749671670 
0.325630242822871 
0.325506062318209 
0.325382207523594 
0.325258677799131 
0.325135472499333 
0.325012590973343 
0.324890032565142 
0.324767796613740 
0.324645882453402 
0.324524289413873 
0.324403016820556 
0.324282063994738 
0.324161430253804 
0.324041114911417 
0.323921117277738 
0.323801436659630 
0.323682072360856 
0.323563023682260 
0.323444289921981 
0.323325870375644 
0.323207764336543 
0.323089971095823 
0.322972489942672 
0.322855320164517 
0.322738461047159 
0.322621911874988 
0.322505671931140 
0.322389740497657 
0.322274116855645 
0.322158800285461 
0.322043790066829 
0.321929085479012 
0.321814685800960 
0.321700590311438 
0.321586798289165 
0.321473309012968 
0.321360121761879 
0.321247235815256 
0.321134650452938 
0.321022364955305 
0.320910378603430 
0.320798690679154 
0.320687300465192 
0.320576207245222 
0.320465410303980 
0.320354908927311 
0.320244702402296 
0.320134790017267 
0.320025171061908 
0.319915844827302 
0.319806810605978 
0.319698067691988 
0.319589615380920 
0.319481452969935 
0.319373579757835 
0.319265995045054 
0.319158698133695 
0.319051688327556 
0.318944964932126 
0.318838527254610 
0.318732374603911 
0.318626506290646 
0.318520921627127 
0.318415619927365 
0.318310600507038 
0.318205862683475 
0.318101405775630 
0.317997229104059 
0.317893331990884 
0.317789713759742 
0.317686373735766 
0.317583311245519 
0.317480525616962 
0.317378016179381 
0.317275782263346 
0.317173823200643 
0.317072138324230 
0.316970726968137 
0.316869588467411 
0.316768722158054 
0.316668127376945 
0.316567803461751 
0.316467749750851 
0.316367965583256 
0.316268450298532 
0.316169203236705 
0.316070223738157 
0.315971511143572 
0.315873064793801 
0.315774884029806 
0.315676968192549 
0.315579316622899 
0.315481928661519 
0.315384803648804 
0.315287940924745 
0.315191339828854 
0.315094999700054 
0.314998919876582 
0.314903099695902 
0.314807538494583 
0.314712235608207 
0.314617190371288 
0.314522402117149 
0.314427870177841 
0.314333593884039 
0.314239572564945 
0.314145805548204 
0.314052292159796 
0.313959031723943 
0.313866023563048 
0.313773266997556 
0.313680761345920 
0.313588505924489 
0.313496500047402 
0.313404743026551 
0.313313234171479 
0.313221972789315 
0.313130958184681 
0.313040189659640 
0.312949666513610 
0.312859388043327 
0.312769353542739 
0.312679562302987 
0.312590013612331 
0.312500706756094 
0.312411641016609 
0.312322815673189 
0.312234230002060 
0.312145883276338 
0.312057774765988 
0.311969903737790 
0.311882269455300 
0.311794871178849 
0.311707708165488 
0.311620779668989 
0.311534084939832 
0.311447623225178 
0.311361393768881 
0.311275395811470 
0.311189628590146 
0.311104091338800 
0.311018783288008 
0.310933703665051 
0.310848851693916 
0.310764226595329 
0.310679827586768 
0.310595653882487 
0.310511704693549 
0.310427979227862 
0.310344476690204 
0.310261196282272 
0.310178137202719 
0.310095298647193 
0.310012679808410 
0.309930279876167 
0.309848098037438 
0.309766133476405 
0.309684385374513 
0.309602852910572 
0.309521535260770 
0.309440431598787 
0.309359541095836 
0.309278862920757 
0.309198396240063 
0.309118140218057 
0.309038094016885 
0.308958256796622 
0.308878627715361 
0.308799205929289 
0.308719990592795 
0.308640980858517 
0.308562175877478 
0.308483574799144 
0.308405176771539 
0.308326980941322 
0.308248986453886 
0.308171192453452 
0.308093598083160 
0.308016202485178 
0.307939004800786 
0.307862004170487 
0.307785199734086 
0.307708590630797 
0.307632175999337 
0.307555954978035 
0.307479926704911 
0.307404090317787 
0.307328444954376 
0.307252989752388 
0.307177723849607 
0.307102646384011 
0.307027756493841 
0.306953053317715 
0.306878535994707 
0.306804203664446 
0.306730055467205 
0.306656090543989 
0.306582308036631 
0.306508707087862 
0.306435286841426 
0.306362046442126 
0.306288985035939 
0.306216101770095 
0.306143395793132 
0.306070866255013 
0.305998512307157 
0.305926333102573 
0.305854327795870 
0.305782495543379 
0.305710835503191 
0.305639346835260 
0.305568028701435 
0.305496880265540 
0.305425900693441 
0.305355089153108 
0.305284444814663 
0.305213966850449 
0.305143654435084 
0.305073506745512 
0.305003522961052 
0.304933702263469 
0.304864043836988 
0.304794546868376 
0.304725210546960 
0.304656034064684 
0.304587016616146 
0.304518157398642 
0.304449455612206 
0.304380910459627 
0.304312521146499 
0.304244286881260 
0.304176206875202 
0.304108280342518 
0.304040506500325 
0.303972884568687 
0.303905413770635 
0.303838093332203 
0.303770922482431 
0.303703900453404 
0.303637026480256 
0.303570299801195 
0.303503719657512 
0.303437285293598 
0.303370995956970 
0.303304850898245 
0.303238849371197 
0.303172990632732 
0.303107273942920 
0.303041698564986 
0.302976263765312 
0.302910968813451 
0.302845812982137 
0.302780795547287 
0.302715915787974 
0.302651172986471 
0.302586566428225 
0.302522095401864 
0.302457759199189 
0.302393557115186 
0.302329488448010 
0.302265552498982 
0.302201748572597 
0.302138075976517 
0.302074534021554 
0.302011122021680 
0.301947839294005 
0.301884685158786 
0.301821658939415 
0.301758759962413 
0.301695987557421 
0.301633341057189 
0.301570819797582 
0.301508423117562 
0.301446150359173 
0.301384000867552 
0.301321973990902 
0.301260069080508 
0.301198285490700 
0.301136622578866 
0.301075079705433 
0.301013656233862 
0.300952351530649 
0.300891164965300 
0.300830095910335 
0.300769143741275 
0.300708307836644 
0.300647587577946 
0.300586982349682 
0.300526491539314 
0.300466114537276 
0.300405850736972 
0.300345699534759 
0.300285660329933 
0.300225732524754 
0.300165915524420 
0.300106208737048 
0.300046611573714 
0.299987123448401 
0.299927743778027 
0.299868471982433 
0.299809307484363 
0.299750249709503 
0.299691298086430 
0.299632452046651 
0.299573711024584 
0.299515074457551 
0.299456541785792 
0.299398112452459 
0.299339785903618 
0.299281561588252 
0.299223438958258 
0.299165417468448 
0.299107496576568 
0.299049675743272 
0.298991954432159 
0.298934332109755 
0.298876808245524 
0.298819382311876 
0.298762053784167 
0.298704822140702 
0.298647686862769 
0.298590647434595 
0.298533703343402 
0.298476854079399 
0.298420099135777 
0.298363438008729 
0.298306870197473 
0.298250395204225 
0.298194012534247 
0.298137721695833 
0.298081522200336 
0.298025413562167 
0.297969395298806 
0.297913466930830 
0.297857627981906 
0.297801877978818 
0.297746216451470 
0.297690642932900 
0.297635156959295 
0.297579758070015 
0.297524445807582 
0.297469219717724 
0.297414079349367 
0.297359024254654 
0.297304053988964 
0.297249168110929 
0.297194366182432 
0.297139647768646 
0.297085012438033 
0.297030459762365 
0.296975989316729 
0.296921600679558 
0.296867293432626 
0.296813067161081 
0.296758921453455 
0.296704855901660 
0.296650870101035 
0.296596963650339 
0.296543136151749 
0.296489387210925 
0.296435716436964 
0.296382123442448 
0.296328607843453 
0.296275169259547 
0.296221807313827 
0.296168521632895 
0.296115311846896 
0.296062177589535 
0.296009118498053 
0.295956134213266 
0.295903224379559 
0.295850388644895 
0.295797626660836 
0.295744938082537 
0.295692322568748 
0.295639779781833 
0.295587309387765 
0.295534911056127 
0.295482584460124 
0.295430329276582 
0.295378145185941 
0.295326031872271 
0.295273989023250 
0.295222016330182 
0.295170113487980 
0.295118280195175 
0.295066516153898 
0.295014821069878 
0.294963194652450 
0.294911636614522 
0.294860146672583 
0.294808724546683 
0.294757369960430 
0.294706082640970 
0.294654862318979 
0.294603708728640 
0.294552621607644 
0.294501600697151 
0.294450645741779 
0.294399756489593 
0.294348932692077 
0.294298174104105 
0.294247480483932 
0.294196851593158 
0.294146287196705 
0.294095787062799 
0.294045350962921 
0.293994978671799 
0.293944669967367 
0.293894424630738 
0.293844242446161 
0.293794123201001 
0.293744066685692 
0.293694072693709 
0.293644141021531 
0.293594271468591 
0.293544463837254 
0.293494717932769 
0.293445033563219 
0.293395410539489 
0.293345848675232 
0.293296347786800 
0.293246907693221 
0.293197528216145 
0.293148209179794 
0.293098950410926 
0.293049751738775 
0.293000612995016 
0.292951534013707 
0.292902514631236 
0.292853554686282 
0.292804654019755 
0.292755812474753 
0.292707029896505 
0.292658306132319 
0.292609641031533 
0.292561034445460 
0.292512486227340 
0.292463996232278 
0.292415564317202 
0.292367190340800 
0.292318874163481 
0.292270615647297 
0.292222414655923 
0.292174271054575 
0.292126184709969 
0.292078155490274 
0.292030183265040 
0.291982267905170 
0.291934409282849 
0.291886607271500 
0.291838861745730 
0.291791172581282 
0.291743539654985 
0.291695962844683 
0.291648442029223 
0.291600977088374 
0.291553567902785 
0.291506214353943 
0.291458916324121 
0.291411673696335 
0.291364486354289 
0.291317354182330 
0.291270277065409 
0.291223254889031 
0.291176287539214 
0.291129374902450 
0.291082516865642 
0.291035713316081 
0.290988964141410 
0.290942269229564 
0.290895628468737 
0.290849041747352 
0.290802508954024 
0.290756029977503 
0.290709604706660 
0.290663233030437 
0.290616914837816 
0.290570650017801 
0.290524438459356 
0.290478280051388 
0.290432174682724 
0.290386122242069 
0.290340122617981 
0.290294175698843 
0.290248281372823 
0.290202439527873 
0.290156650051685 
0.290110912831664 
0.290065227754907 
0.290019594708187 
0.289974013577918 
0.289928484250147 
0.289883006610521 
0.289837580544278 
0.289792205936212 
0.289746882670671 
0.289701610631535 
0.289656389702182 
0.289611219765499 
0.289566100703854 
0.289521032399078 
0.289476014732458 
0.289431047584721 
0.289386130836015 
0.289341264365900 
0.289296448053363 
0.289251681776760 
0.289206965413851 
0.289162298841766 
0.289117681937001 
0.289073114575414 
0.289028596632225 
0.288984127981990 
0.288939708498619 
0.288895338055356 
0.288851016524777 
0.288806743778793 
0.288762519688634 
0.288718344124863 
0.288674216957357 
0.288630138055324 
0.288586107287289 
0.288542124521098 
0.288498189623922 
0.288454302462242 
0.288410462901878 
0.288366670807969 
0.288322926044975 
0.288279228476697 
0.288235577966268 
0.288191974376154 
0.288148417568166 
0.288104907403473 
0.288061443742581 
0.288018026445362 
0.287974655371049 
0.287931330378252 
0.287888051324963 
0.287844818068553 
0.287801630465789 
0.287758488372844 
0.287715391645293 
0.287672340138142 
0.287629333705817 
0.287586372202195 
0.287543455480598 
0.287500583393812 
0.287457755794090 
0.287414972533172 
0.287372233462294 
0.287329538432192 
0.287286887293140 
0.287244279894924 
0.287201716086888 
0.287159195717944 
0.287116718636555 
0.287074284690794 
0.287031893728323 
0.286989545596427 
0.286947240142014 
0.286904977211653 
0.286862756651569 
0.286820578307671 
0.286778442025558 
0.286736347650549 
0.286694295027683 
0.286652284001754 
0.286610314417312 
0.286568386118687 
0.286526498950019 
0.286484652755252 
0.286442847378184 
0.286401082662448 
0.286359358451552 
0.286317674588915 
0.286276030917849 
0.286234427281597 
0.286192863523361 
0.286151339486307 
0.286109855013598 
0.286068409948394 
0.286027004133901 
0.285985637413370 
0.285944309630116 
0.285903020627558 
0.285861770249219 
0.285820558338767 
0.285779384740023 
0.285738249296975 
0.285697151853825 
0.285656092254976 
0.285615070345082 
0.285574085969067 
0.285533138972126 
0.285492229199770 
0.285451356497834 
0.285410520712499 
0.285369721690325 
0.285328959278257 
0.285288233323662 
0.285247543674341 
0.285206890178548 
0.285166272685028 
0.285125691043014 
0.285085145102276 
0.285044634713122 
0.285004159726420 
0.284963719993635 
0.284923315366836 
0.284882945698724 
0.284842610842649 
0.284802310652628 
0.284762044983374 
0.284721813690314 
0.284681616629606 
0.284641453658151 
0.284601324633638 
0.284561229414540 
0.284521167860139 
0.284481139830547 
0.284441145186735 
0.284401183790533 
0.284361255504649 
0.284321360192712 
0.284281497719261 
0.284241667949781 
0.284201870750704 
0.284162105989436 
0.284122373534374 
0.284082673254923 
0.284043005021498 
0.284003368705564 
0.283963764179617 
0.283924191317228 
0.283884649993038 
0.283845140082787 
0.283805661463312 
0.283766214012566 
0.283726797609635 
0.283687412134743 
0.283648057469257 
0.283608733495707 
0.283569440097796 
0.283530177160407 
0.283490944569614 
0.283451742212671 
0.283412569978057 
0.283373427755459 
0.283334315435767 
0.283295232911112 
0.283256180074837 
0.283217156821549 
0.283178163047061 
0.283139198648449 
0.283100263524024 
0.283061357573347 
0.283022480697231 
0.282983632797740 
0.282944813778190 
0.282906023543145 
0.282867261998429 
0.282828529051105 
0.282789824609489 
0.282751148583150 
0.282712500882889 
0.282673881420755 
0.282635290110026 
0.282596726865213 
0.282558191602059 
0.282519684237524 
0.282481204689768 
0.282442752878171 
0.282404328723309 
0.282365932146950 
0.282327563072033 
0.282289221422678 
0.282250907124168 
0.282212620102932 
0.282174360286548 
0.282136127603716 
0.282097921984253 
0.282059743359087 
0.282021591660239 
0.281983466820803 
0.281945368774947 
0.281907297457882 
0.281869252805860 
0.281831234756145 
0.281793243247024 
0.281755278217761 
0.281717339608596 
0.281679427360727 
0.281641541416297 
0.281603681718364 
0.281565848210893 
0.281528040838746 
0.281490259547643 
0.281452504284158 
0.281414774995705 
0.281377071630496 
0.281339394137554 
0.281301742466661 
0.281264116568370 
0.281226516393963 
0.281188941895430 
0.281151393025471 
0.281113869737458 
0.281076371985416 
0.281038899724010 
0.281001452908516 
0.280964031494811 
0.280926635439343 
0.280889264699122 
0.280851919231681 
0.280814598995069 
0.280777303947848 
0.280740034049035 
0.280702789258108 
0.280665569534979 
0.280628374839976 
0.280591205133814 
0.280554060377591 
0.280516940532761 
0.280479845561117 
0.280442775424764 
0.280405730086108 
0.280368709507832 
0.280331713652896 
0.280294742484485 
0.280257795966018 
0.280220874061131 
0.280183976733642 
0.280147103947542 
0.280110255666989 
0.280073431856271 
0.280036632479819 
0.279999857502153 
0.279963106887906 
0.279926380601784 
0.279889678608549 
0.279853000873034 
0.279816347360098 
0.279779718034622 
0.279743112861504 
0.279706531805633 
0.279669974831897 
0.279633441905143 
0.279596932990195 
0.279560448051827 
0.279523987054749 
0.279487549963608 
0.279451136742979 
0.279414747357335 
0.279378381771067 
0.279342039948470 
0.279305721853709 
0.279269427450843 
0.279233156703804 
0.279196909576389 
0.279160686032265 
0.279124486034946 
0.279088309547811 
0.279052156534079 
0.279016026956815 
0.278979920778924 
0.278943837963148 
0.278907778472064 
0.278871742268081 
0.278835729313436 
0.278799739570193 
0.278763773000255 
0.278727829565333 
0.278691909226987 
0.278656011946589 
0.278620137685341 
0.278584286404280 
0.278548458064263 
0.278512652625992 
0.278476870049994 
0.278441110296630 
0.278405373326110 
0.278369659098488 
0.278333967573663 
0.278298298711376 
0.278262652471237 
0.278227028812709 
0.278191427695118 
0.278155849077668 
0.278120292919428 
0.278084759179362 
0.278049247816313 
0.278013758789022 
0.277978292056132 
0.277942847576194 
0.277907425307673 
0.277872025208963 
0.277836647238379 
0.277801291354178 
0.277765957514576 
0.277730645677732 
0.277695355801773 
0.277660087844798 
0.277624841764884 
0.277589617520105 
0.277554415068538 
0.277519234368256 
0.277484075377358 
0.277448938053975 
0.277413822356270 
0.277378728242458 
0.277343655670808 
0.277308604599666 
0.277273574987436 
0.277238566792628 
0.277203579973844 
0.277168614489786 
0.277133670299289 
0.277098747361307 
0.277063845634941 
0.277028965079427 
0.276994105654166 
0.276959267318733 
0.276924450032879 
0.276889653756544 
0.276854878449876 
0.276820124073216 
0.276785390587142 
0.276750677952449 
0.276715986130179 
0.276681315081626 
0.276646664768329 
0.276612035152114 
0.276577426195070 
0.276542837859580 
0.276508270108326 
0.276473722904289 
0.276439196210770 
0.276404689991395 
0.276370204210114 
0.276335738831227 
0.276301293819377 
0.276266869139567 
0.276232464757165 
0.276198080637910 
0.276163716747922 
0.276129373053707 
0.276095049522174 
0.276060746120621 
0.276026462816773 
0.275992199578757 
0.275957956375131 
0.275923733174873 
0.275889529947402 
0.275855346662575 
0.275821183290695 
0.275787039802509 
0.275752916169237 
0.275718812362547 
0.275684728354571 
0.275650664117918 
0.275616619625665 
0.275582594851377 
0.275548589769088 
0.275514604353322 
0.275480638579095 
0.275446692421911 
0.275412765857760 
0.275378858863145 
0.275344971415049 
0.275311103490965 
0.275277255068887 
0.275243426127311 
0.275209616645231 
0.275175826602159 
0.275142055978100 
0.275108304753571 
0.275074572909597 
0.275040860427704 
0.275007167289929 
0.274973493478812 
0.274939838977398 
0.274906203769229 
0.274872587838360 
0.274838991169342 
0.274805413747228 
0.274771855557561 
0.274738316586378 
0.274704796820225 
0.274671296246117 
0.274637814851572 
0.274604352624583 
0.274570909553621 
0.274537485627646 
0.274504080836090 
0.274470695168845 
0.274437328616286 
0.274403981169230 
0.274370652818962 
0.274337343557228 
0.274304053376210 
0.274270782268539 
0.274237530227289 
0.274204297245959 
0.274171083318484 
0.274137888439218 
0.274104712602931 
0.274071555804805 
0.274038418040438 
0.274005299305820 
0.273972199597332 
0.273939118911748 
0.273906057246223 
0.273873014598283 
0.273839990965825 
0.273806986347117 
0.273774000740769 
0.273741034145745 
0.273708086561353 
0.273675157987233 
0.273642248423359 
0.273609357870015 
0.273576486327815 
0.273543633797666 
0.273510800280782 
0.273477985778672 
0.273445190293123 
0.273412413826205 
0.273379656380258 
0.273346917957889 
0.273314198561959 
0.273281498195575 
0.273248816862099 
0.273216154565110 
0.273183511308426 
0.273150887096088 
0.273118281932335 
0.273085695821622 
0.273053128768604 
0.273020580778121 
0.272988051855209 
0.272955542005068 
0.272923051233076 
0.272890579544768 
0.272858126945834 
0.272825693442129 
0.272793279039633 
0.272760883744464 
0.272728507562875 
0.272696150501238 
0.272663812566037 
0.272631493763867 
0.272599194101425 
0.272566913585510 
0.272534652222997 
0.272502410020861 
0.272470186986140 
0.272437983125951 
0.272405798447475 
0.272373632957944 
0.272341486664653 
0.272309359574937 
0.272277251696178 
0.272245163035801 
0.272213093601249 
0.272181043399995 
0.272149012439537 
0.272117000727380 
0.272085008271049 
0.272053035078068 
0.272021081155966 
0.271989146512252 
0.271957231154452 
0.271925335090058 
0.271893458326552 
0.271861600871400 
0.271829762732035 
0.271797943915854 
0.271766144430232 
0.271734364282500 
0.271702603479940 
0.271670862029803 
0.271639139939289 
0.271607437215532 
0.271575753865622 
0.271544089896596 
0.271512445315410 
0.271480820128973 
0.271449214344119 
0.271417627967610 
0.271386061006140 
0.271354513466324 
0.271322985354694 
0.271291476677716 
0.271259987441759 
0.271228517653115 
0.271197067317988 
0.271165636442488 
0.271134225032643 
0.271102833094384 
0.271071460633547 
0.271040107655873 
0.271008774167008 
0.270977460172496 
0.270946165677777 
0.270914890688210 
0.270883635209032 
0.270852399245379 
0.270821182802303 
0.270789985884719 
0.270758808497467 
0.270727650645261 
0.270696512332708 
0.270665393564325 
0.270634294344506 
0.270603214677539 
0.270572154567608 
0.270541114018786 
0.270510093035037 
0.270479091620208 
0.270448109778058 
0.270417147512216 
0.270386204826208 
0.270355281723459 
0.270324378207273 
0.270293494280858 
0.270262629947302 
0.270231785209600 
0.270200960070625 
0.270170154533155 
0.270139368599853 
0.270108602273279 
0.270077855555895 
0.270047128450040 
0.270016420957978 
0.269985733081850 
0.269955064823697 
0.269924416185466 
0.269893787169001 
0.269863177776044 
0.269832588008240 
0.269802017867147 
0.269771467354204 
0.269740936470775 
0.269710425218122 
0.269679933597421 
0.269649461609743 
0.269619009256081 
0.269588576537340 
0.269558163454320 
0.269527770007749 
0.269497396198269 
0.269467042026434 
0.269436707492716 
0.269406392597505 
0.269376097341113 
0.269345821723767 
0.269315565745622 
0.269285329406755 
0.269255112707168 
0.269224915646799 
0.269194738225500 
0.269164580443061 
0.269134442299198 
0.269104323793568 
0.269074224925751 
0.269044145695274 
0.269014086101591 
0.268984046144096 
0.268954025822135 
0.268924025134980 
0.268894044081853 
0.268864082661916 
0.268834140874289 
0.268804218718025 
0.268774316192138 
0.268744433295581 
0.268714570027274 
0.268684726386075 
0.268654902370806 
0.268625097980241 
0.268595313213116 
0.268565548068126 
0.268535802543924 
0.268506076639126 
0.268476370352316 
0.268446683682038 
0.268417016626808 
0.268387369185107 
0.268357741355385 
0.268328133136064 
0.268298544525533 
0.268268975522173 
0.268239426124323 
0.268209896330300 
0.268180386138406 
0.268150895546916 
0.268121424554097 
0.268091973158182 
0.268062541357396 
0.268033129149952 
0.268003736534044 
0.267974363507848 
0.267945010069548 
0.267915676217298 
0.267886361949247 
0.267857067263545 
0.267827792158327 
0.267798536631725 
0.267769300681872 
0.267740084306892 
0.267710887504907 
0.267681710274042 
0.267652552612423 
0.267623414518168 
0.267594295989411 
0.267565197024278 
0.267536117620910 
0.267507057777442 
0.267478017492029 
0.267448996762824 
0.267419995587995 
0.267391013965714 
0.267362051894162 
0.267333109371544 
0.267304186396061 
0.267275282965934 
0.267246399079408 
0.267217534734722 
0.267188689930150 
0.267159864663968 
0.267131058934476 
0.267102272740001 
0.267073506078869 
0.267044758949435 
0.267016031350077 
0.266987323279190 
0.266958634735189 
0.266929965716510 
0.266901316221622 
0.266872686249001 
0.266844075797157 
0.266815484864619 
0.266786913449943 
0.266758361551703 
0.266729829168510 
0.266701316298994 
0.266672822941810 
0.266644349095638 
0.266615894759192 
0.266587459931205 
0.266559044610437 
0.266530648795680 
0.266502272485751 
0.266473915679499 
0.266445578375793 
0.266417260573542 
0.266388962271667 
0.266360683469127 
0.266332424164906 
0.266304184358025 
0.266275964047518 
0.266247763232466 
0.266219581911961 
0.266191420085129 
0.266163277751119 
0.266135154909123 
0.266107051558340 
0.266078967698015 
0.266050903327413 
0.266022858445820 
0.265994833052550 
0.265966827146950 
0.265938840728387 
0.265910873796255 
0.265882926349973 
0.265854998388985 
0.265827089912761 
0.265799200920784 
0.265771331412576 
0.265743481387667 
0.265715650845613 
0.265687839785996 
0.265660048208418 
0.265632276112486 
0.265604523497850 
0.265576790364160 
0.265549076711090 
0.265521382538329 
0.265493707845580 
0.265466052632564 
0.265438416899016 
0.265410800644682 
0.265383203869321 
0.265355626572702 
0.265328068754609 
0.265300530414820 
0.265273011553137 
0.265245512169372 
0.265218032263328 
0.265190571834815 
0.265163130883655 
0.265135709409667 
0.265108307412666 
0.265080924892477 
0.265053561848915 
0.265026218281791 
0.264998894190916 
0.264971589576089 
0.264944304437113 
0.264917038773774 
0.264889792585849 
0.264862565873106 
0.264835358635292 
0.264808170872151 
0.264781002583399 
0.264753853768740 
0.264726724427862 
0.264699614560430 
0.264672524166081 
0.264645453244428 
0.264618401795070 
0.264591369817561 
0.264564357311441 
0.264537364276209 
0.264510390711330 
0.264483436616248 
0.264456501990352 
0.264429586833010 
0.264402691143534 
0.264375814921207 
0.264348958165258 
0.264322120874882 
0.264295303049215 
0.264268504687348 
0.264241725788323 
0.264214966351128 
0.264188226374695 
0.264161505857893 
0.264134804799541 
0.264108123198398 
0.264081461053153 
0.264054818362432 
0.264028195124794 
0.264001591338727 
0.263975007002659 
0.263948442114935 
0.263921896673827 
0.263895370677529 
0.263868864124160 
0.263842377011760 
0.263815909338276 
0.263789461101576 
0.263763032299446 
0.263736622929580 
0.263710232989575 
0.263683862476947 
0.263657511389111 
0.263631179723376 
0.263604867476964 
0.263578574646993 
0.263552301230479 
0.263526047224330 
0.263499812625351 
0.263473597430241 
0.263447401635582 
0.263421225237843 
0.263395068233383 
0.263368930618446 
0.263342812389146 
0.263316713541487 
0.263290634071359 
0.263264573974506 
0.263238533246566 
0.263212511883033 
0.263186509879287 
0.263160527230570 
0.263134563931988 
0.263108619978511 
0.263082695364979 
0.263056790086095 
0.263030904136405 
0.263005037510334 
0.262979190202148 
0.262953362205982 
0.262927553515807 
0.262901764125460 
0.262875994028622 
0.262850243218817 
0.262824511689425 
0.262798799433661 
0.262773106444596 
0.262747432715137 
0.262721778238027 
0.262696143005850 
0.262670527011033 
0.262644930245834 
0.262619352702349 
0.262593794372505 
0.262568255248062 
0.262542735320613 
0.262517234581574 
0.262491753022192 
0.262466290633551 
0.262440847406547 
0.262415423331910 
0.262390018400188 
0.262364632601751 
0.262339265926798 
0.262313918365336 
0.262288589907203 
0.262263280542049 
0.262237990259340 
0.262212719048365 
0.262187466898223 
0.262162233797832 
0.262137019735914 
0.262111824701019 
0.262086648681492 
0.262061491665499 
0.262036353641025 
0.262011234595846 
0.261986134517560 
0.261961053393572 
0.261935991211086 
0.261910947957125 
0.261885923618515 
0.261860918181888 
0.261835931633678 
0.261810963960128 
0.261786015147286 
0.261761085181007 
0.261736174046944 
0.261711281730556 
0.261686408217108 
0.261661553491669 
0.261636717539103 
0.261611900344088 
0.261587101891094 
0.261562322164402 
0.261537561148090 
0.261512818826040 
0.261488095181936 
0.261463390199264 
0.261438703861314 
0.261414036151175 
0.261389387051741 
0.261364756545702 
0.261340144615563 
0.261315551243623 
0.261290976411979 
0.261266420102539 
0.261241882297010 
0.261217362976906 
0.261192862123548 
0.261168379718047 
0.261143915741330 
0.261119470174131 
0.261095042996976 
0.261070634190208 
0.261046243733979 
0.261021871608234 
0.260997517792730 
0.260973182267041 
