1.000000000000000 
0.553554765038413 
0.483777091219878 
0.459682449141876 
0.447780252862836 
0.440742191652283 
0.436106661203840 
0.432826052785231 
0.430382613543828 
0.428492138927095 
0.426985897516382 
0.425757415820590 
0.424736151732563 
0.423873476703866 
0.423134751695071 
0.422494618614553 
0.421934081130003 
0.421438627397408 
0.420996983784724 
0.420600264141234 
0.420241374709693 
0.419914588806523 
0.419615237030889 
0.419339477792482 
0.419084124791409 
0.418846515583385 
0.418624410251028 
0.418415912447444 
0.418219407276228 
0.418033511987181 
0.417857036528602 
0.417688951752006 
0.417528363609351 
0.417374492080155 
0.417226653859265 
0.417084248054947 
0.416946744311868 
0.416813672898983 
0.416684616398392 
0.416559202705476 
0.416437099108366 
0.416318007259986 
0.416201658891532 
0.416087812144457 
0.415976248420532 
0.415866769667553 
0.415759196032737 
0.415653363827594 
0.415549123757542 
0.415446339377318 
0.415344885739595 
0.415244648209384 
0.415145521421180 
0.415047408359344 
0.414950219545145 
0.414853872316434 
0.414758290187920 
0.414663402281782 
0.414569142819804 
0.414475450669472 
0.414382268937468 
0.414289544604938 
0.414197228199618 
0.414105273500574 
0.414013637271844 
0.413922279021759 
0.413831160785099 
0.413740246925625 
0.413649503956792 
0.413558900378751 
0.413468406529917 
0.413377994451171 
0.413287637763775 
0.413197311554912 
0.413106992274809 
0.413016657641988 
0.412926286556336 
0.412835859019238 
0.412745356060139 
0.412654759668931 
0.412564052733654 
0.412473218983007 
0.412382242933271 
0.412291109839247 
0.412199805648870 
0.412108316961166 
0.412016630987299 
0.411924735514426 
0.411832618872147 
0.411740269901322 
0.411647677925087 
0.411554832721861 
0.411461724500220 
0.411368343875478 
0.411274681847840 
0.411180729782003 
0.411086479388127 
0.410991922704025 
0.410897052078519 
0.410801860155867 
0.410706339861168 
0.410610484386702 
0.410514287179111 
0.410417741927383 
0.410320842551570 
0.410223583192191 
0.410125958200277 
0.410027962128017 
0.409929589719948 
0.409830835904680 
0.409731695787087 
0.409632164640965 
0.409532237902112 
0.409431911161789 
0.409331180160574 
0.409230040782539 
0.409128489049774 
0.409026521117196 
0.408924133267661 
0.408821321907328 
0.408718083561289 
0.408614414869420 
0.408510312582472 
0.408405773558359 
0.408300794758638 
0.408195373245189 
0.408089506177058 
0.407983190807466 
0.407876424480973 
0.407769204630793 
0.407661528776236 
0.407553394520287 
0.407444799547307 
0.407335741620845 
0.407226218581567 
0.407116228345282 
0.407005768901063 
0.406894838309470 
0.406783434700856 
0.406671556273750 
0.406559201293325 
0.406446368089936 
0.406333055057735 
0.406219260653347 
0.406104983394601 
0.405990221859347 
0.405874974684295 
0.405759240563939 
0.405643018249510 
0.405526306547995 
0.405409104321186 
0.405291410484782 
0.405173224007538 
0.405054543910436 
0.404935369265914 
0.404815699197114 
0.404695532877178 
0.404574869528564 
0.404453708422403 
0.404332048877880 
0.404209890261640 
0.404087231987231 
0.403964073514557 
0.403840414349374 
0.403716254042792 
0.403591592190807 
0.403466428433851 
0.403340762456369 
0.403214593986401 
0.403087922795190 
0.402960748696813 
0.402833071547824 
0.402704891246897 
0.402576207734509 
0.402447020992622 
0.402317331044376 
0.402187137953809 
0.402056441825571 
0.401925242804663 
0.401793541076176 
0.401661336865058 
0.401528630435860 
0.401395422092525 
0.401261712178159 
0.401127501074831 
0.400992789203362 
0.400857577023131 
0.400721865031889 
0.400585653765571 
0.400448943798127 
0.400311735741344 
0.400174030244678 
0.400035827995102 
0.399897129716935 
0.399757936171699 
0.399618248157960 
0.399478066511185 
0.399337392103599 
0.399196225844040 
0.399054568677821 
1.000000000000000 
0.553554765038413 
0.483777091219878 
0.459682449141876 
0.447780252862836 
0.440742191652283 
0.436106661203840 
0.432826052785231 
0.430382613543828 
0.428492138927095 
0.426985897516382 
0.425757415820590 
0.424736151732563 
0.423873476703866 
0.423134751695071 
0.422494618614553 
0.421934081130003 
0.421438627397408 
0.420996983784724 
0.420600264141234 
0.420241374709693 
0.419914588806523 
0.419615237030889 
0.419339477792482 
0.419084124791409 
0.418846515583385 
0.418624410251028 
0.418415912447444 
0.418219407276228 
0.418033511987181 
0.417857036528602 
0.417688951752006 
0.417528363609351 
0.417374492080155 
0.417226653859265 
0.417084248054947 
0.416946744311868 
0.416813672898983 
0.416684616398392 
0.416559202705476 
0.416437099108366 
0.416318007259986 
0.416201658891532 
0.416087812144457 
0.415976248420532 
0.415866769667553 
0.415759196032737 
0.415653363827594 
0.415549123757542 
0.415446339377318 
0.415344885739595 
0.415244648209384 
0.415145521421180 
0.415047408359344 
0.414950219545145 
0.414853872316434 
0.414758290187920 
0.414663402281782 
0.414569142819804 
0.414475450669472 
0.414382268937468 
0.414289544604938 
0.414197228199618 
0.414105273500574 
0.414013637271844 
0.413922279021759 
0.413831160785099 
0.413740246925625 
0.413649503956792 
0.413558900378751 
0.413468406529917 
0.413377994451171 
0.413287637763775 
0.413197311554912 
0.413106992274809 
0.413016657641988 
0.412926286556336 
0.412835859019238 
0.412745356060139 
0.412654759668931 
0.412564052733654 
0.412473218983007 
0.412382242933271 
0.412291109839247 
0.412199805648870 
0.412108316961166 
0.412016630987299 
0.411924735514426 
0.411832618872147 
0.411740269901322 
0.411647677925087 
0.411554832721861 
0.411461724500220 
0.411368343875478 
0.411274681847840 
0.411180729782003 
0.411086479388127 
0.410991922704025 
0.410897052078519 
0.410801860155867 
0.410706339861168 
0.410610484386702 
0.410514287179111 
0.410417741927383 
0.410320842551570 
0.410223583192191 
0.410125958200277 
0.410027962128017 
0.409929589719948 
0.409830835904680 
0.409731695787087 
0.409632164640965 
0.409532237902112 
0.409431911161789 
0.409331180160574 
0.409230040782539 
0.409128489049774 
0.409026521117196 
0.408924133267661 
0.408821321907328 
0.408718083561289 
0.408614414869420 
0.408510312582472 
0.408405773558359 
0.408300794758638 
0.408195373245189 
0.408089506177058 
0.407983190807466 
0.407876424480973 
0.407769204630793 
0.407661528776236 
0.407553394520287 
0.407444799547307 
0.407335741620845 
0.407226218581567 
0.407116228345282 
0.407005768901063 
0.406894838309470 
0.406783434700856 
0.406671556273750 
0.406559201293325 
0.406446368089936 
0.406333055057735 
0.406219260653347 
0.406104983394601 
0.405990221859347 
0.405874974684295 
0.405759240563939 
0.405643018249510 
0.405526306547995 
0.405409104321186 
0.405291410484782 
0.405173224007538 
0.405054543910436 
0.404935369265914 
0.404815699197114 
0.404695532877178 
0.404574869528564 
0.404453708422403 
0.404332048877880 
0.404209890261640 
0.404087231987231 
0.403964073514557 
0.403840414349374 
0.403716254042792 
0.403591592190807 
0.403466428433851 
0.403340762456369 
0.403214593986401 
0.403087922795190 
0.402960748696813 
0.402833071547824 
0.402704891246897 
0.402576207734509 
0.402447020992622 
0.402317331044376 
0.402187137953809 
0.402056441825571 
0.401925242804663 
0.401793541076176 
0.401661336865058 
0.401528630435860 
0.401395422092525 
0.401261712178159 
0.401127501074831 
0.400992789203362 
0.400857577023131 
0.400721865031889 
0.400585653765571 
0.400448943798127 
0.400311735741344 
0.400174030244678 
0.400035827995102 
0.399897129716935 
0.399757936171699 
0.399618248157960 
0.399478066511185 
0.399337392103599 
0.399196225844040 
0.399054568677821 
