1.000000000000000 
0.798158891146094 
0.664921589794984 
0.572793301716332 
0.506770139247946 
0.458078518998542 
0.421305456436830 
0.392966822178959 
0.370741872555499 
0.353040281266979 
0.338745718910086 
0.327058127740762 
0.317393579253671 
0.309318950212816 
0.302508299616139 
0.296713128603646 
0.291741727311646 
0.287444591747332 
0.283703970334957 
0.280426267146666 
0.277536451478839 
0.274973896320204 
0.272689247578346 
0.270642045693176 
0.268798902460863 
0.267132091713900 
0.265618451383523 
0.264238521883497 
0.262975865300957 
0.261816523967074 
0.260748587233207 
0.259761842809865 
0.258847494606341 
0.257997933177379 
0.257206548020535 
0.256467573345896 
0.255775960754454 
0.255127273654792 
0.254517599324025 
0.253943475355074 
0.253401827885270 
0.252889919513855 
0.252405305220200 
0.251945794914980 
0.251509421511518 
0.251094413608416 
0.250699172038228 
0.250322249668830 
0.249962333950871 
0.249618231791336 
0.249288856403912 
0.248973215844621 
0.248670402988611 
0.248379586743051 
0.248100004323371 
0.247830954446806 
0.247571791319458 
0.247321919311665 
0.247080788231939 
0.246847889122785 
0.246622750512668 
0.246404935067602 
0.246194036593697 
0.245989677348598 
0.245791505625397 
0.245599193577422 
0.245412435256394 
0.245230944839976 
0.245054455027765 
0.244882715587381 
0.244715492034534 
0.244552564432925 
0.244393726301499 
0.244238783618031 
0.244087553909300 
0.243939865419231 
0.243795556347329 
0.243654474150593 
0.243516474902840 
0.243381422706031 
0.243249189148745 
0.243119652807476 
0.242992698786878 
0.242868218295457 
0.242746108253582 
0.242626270930995 
0.242508613611283 
0.242393048280991 
0.242279491341330 
0.242167863340583 
0.242058088725508 
0.241950095610199 
0.241843815561000 
0.241739183396188 
0.241636136999276 
0.241534617144870 
0.241434567336110 
0.241335933652823 
0.241238664609571 
0.241142711022865 
0.241048025886855 
0.240954564256899 
0.240862283140413 
0.240771141394500 
0.240681099629878 
0.240592120120642 
0.240504166719488 
0.240417204777985 
0.240331201071584 
0.240246123729017 
0.240161942165810 
0.240078627021621 
0.239996150101166 
0.239914484318484 
0.239833603644339 
0.239753483056540 
0.239674098493013 
0.239595426807439 
0.239517445727295 
0.239440133814157 
0.239363470426127 
0.239287435682237 
0.239212010428737 
0.239137176207130 
0.239062915223858 
0.238989210321554 
0.238916044951739 
0.238843403148912 
0.238771269505931 
0.238699629150618 
0.238628467723519 
0.238557771356748 
0.238487526653869 
0.238417720670736 
0.238348340897256 
0.238279375240017 
0.238210812005738 
0.238142639885485 
0.238074847939633 
0.238007425583507 
0.237940362573696 
0.237873648994976 
0.237807275247831 
0.237741232036530 
0.237675510357738 
0.237610101489627 
0.237544996981466 
0.237480188643667 
0.237415668538260 
0.237351428969775 
0.237287462476520 
0.237223761822222 
0.237160319988027 
0.237097130164830 
0.237034185745922 
0.236971480319950 
0.236909007664157 
0.236846761737900 
0.236784736676434 
0.236722926784939 
0.236661326532797 
0.236599930548084 
0.236538733612289 
0.236477730655234 
0.236416916750197 
0.236356287109221 
0.236295837078604 
0.236235562134563 
0.236175457879061 
0.236115520035796 
0.236055744446332 
0.235996127066387 
0.235936663962248 
0.235877351307323 
0.235818185378821 
0.235759162554550 
0.235700279309834 
0.235641532214537 
0.235582917930199 
0.235524433207273 
0.235466074882455 
0.235407839876114 
0.235349725189809 
0.235291727903896 
0.235233845175213 
0.235176074234849 
0.235118412385987 
0.235060857001822 
0.235003405523549 
0.234946055458420 
0.234888804377864 
0.234831649915674 
0.234774589766248 
0.234717621682892 
0.234660743476182 
0.234603953012371 
0.234547248211856 
0.234490627047691 
0.234434087544147 
0.234377627775321 
0.234321245863788 
0.234264939979292 
0.234208708337488 
0.234152549198712 
0.234096460866798 
0.234040441687929 
0.233984490049521 
0.233928604379145 
0.233872783143481 
0.233817024847304 
0.233761328032500 
0.233705691277113 
0.233650113194419 
0.233594592432027 
0.233539127671014 
0.233483717625077 
0.233428361039710 
0.233373056691413 
0.233317803386921 
0.233262599962448 
0.233207445282965 
0.233152338241489 
0.233097277758398 
0.233042262780764 
0.232987292281706 
0.232932365259759 
0.232877480738260 
0.232822637764759 
0.232767835410436 
0.232713072769542 
0.232658348958851 
0.232603663117132 
0.232549014404628 
0.232494402002556 
0.232439825112620 
0.232385282956534 
0.232330774775557 
0.232276299830049 
0.232221857399027 
0.232167446779742 
0.232113067287264 
0.232058718254079 
0.232004399029690 
0.231950108980244 
0.231895847488149 
0.231841613951718 
0.231787407784812 
0.231733228416495 
0.231679075290700 
0.231624947865902 
0.231570845614797 
0.231516768023992 
0.231462714593706 
0.231408684837466 
0.231354678281830 
0.231300694466097 
0.231246732942041 
0.231192793273636 
0.231138875036804 
0.231084977819156 
0.231031101219743 
0.230977244848821 
0.230923408327608 
0.230869591288057 
0.230815793372633 
0.230762014234089 
0.230708253535258 
0.230654510948838 
0.230600786157194 
0.230547078852152 
0.230493388734811 
0.230439715515350 
0.230386058912840 
0.230332418655068 
0.230278794478354 
0.230225186127384 
0.230171593355036 
0.230118015922214 
0.230064453597694 
0.230010906157954 
0.229957373387033 
0.229903855076367 
0.229850351024652 
0.229796861037692 
0.229743384928264 
0.229689922515973 
0.229636473627123 
0.229583038094582 
0.229529615757653 
0.229476206461945 
0.229422810059254 
0.229369426407438 
0.229316055370299 
0.229262696817468 
0.229209350624290 
0.229156016671712 
0.229102694846176 
0.229049385039509 
0.228996087148823 
0.228942801076406 
0.228889526729629 
0.228836264020841 
0.228783012867277 
0.228729773190960 
0.228676544918611 
0.228623327981558 
0.228570122315645 
0.228516927861145 
0.228463744562679 
0.228410572369124 
0.228357411233539 
0.228304261113078 
0.228251121968914 
0.228197993766160 
0.228144876473793 
0.228091770064582 
0.228038674515009 
0.227985589805202 
0.227932515918861 
0.227879452843192 
0.227826400568835 
0.227773359089799 
0.227720328403398 
0.227667308510184 
0.227614299413883 
0.227561301121337 
0.227508313642439 
0.227455336990073 
0.227402371180058 
0.227349416231087 
0.227296472164671 
0.227243539005085 
0.227190616779311 
0.227137705516983 
0.227084805250335 
0.227031916014151 
0.226979037845709 
0.226926170784735 
0.226873314873351 
0.226820470156025 
0.226767636679527 
0.226714814492876 
0.226662003647299 
0.226609204196183 
0.226556416195029 
0.226503639701410 
0.226450874774923 
0.226398121477154 
0.226345379871628 
0.226292650023770 
0.226239932000866 
0.226187225872023 
0.226134531708124 
0.226081849581795 
0.226029179567365 
0.225976521740826 
0.225923876179799 
0.225871242963492 
0.225818622172672 
0.225766013889622 
0.225713418198110 
0.225660835183352 
0.225608264931981 
0.225555707532009 
0.225503163072800 
0.225450631645032 
0.225398113340667 
0.225345608252920 
0.225293116476226 
0.225240638106213 
0.225188173239668 
0.225135721974507 
0.225083284409748 
0.225030860645483 
0.224978450782843 
0.224926054923979 
0.224873673172026 
0.224821305631081 
0.224768952406172 
0.224716613603236 
0.224664289329088 
0.224611979691397 
0.224559684798662 
0.224507404760185 
0.224455139686046 
0.224402889687079 
0.224350654874848 
0.224298435361623 
0.224246231260356 
0.224194042684659 
0.224141869748779 
0.224089712567578 
0.224037571256508 
0.223985445931592 
0.223933336709399 
0.223881243707025 
0.223829167042071 
0.223777106832622 
0.223725063197227 
0.223673036254879 
0.223621026124993 
0.223569032927388 
0.223517056782268 
0.223465097810200 
0.223413156132099 
0.223361231869206 
0.223309325143070 
0.223257436075531 
0.223205564788701 
0.223153711404948 
0.223101876046876 
0.223050058837307 
0.222998259899269 
0.222946479355973 
0.222894717330801 
0.222842973947287 
0.222791249329100 
0.222739543600033 
0.222687856883981 
0.222636189304929 
0.222584540986936 
0.222532912054121 
0.222481302630644 
0.222429712840695 
0.222378142808481 
0.222326592658206 
0.222275062514061 
0.222223552500209 
0.222172062740771 
0.222120593359813 
0.222069144481330 
0.222017716229239 
0.221966308727358 
0.221914922099399 
0.221863556468951 
0.221812211959473 
0.221760888694275 
0.221709586796512 
0.221658306389166 
0.221607047595039 
0.221555810536739 
0.221504595336671 
0.221453402117019 
0.221402230999743 
0.221351082106564 
0.221299955558951 
0.221248851478116 
0.221197769984997 
0.221146711200252 
0.221095675244247 
0.221044662237045 
0.220993672298400 
0.220942705547740 
0.220891762104166 
0.220840842086435 
0.220789945612953 
0.220739072801769 
0.220688223770561 
0.220637398636628 
0.220586597516886 
0.220535820527851 
0.220485067785637 
0.220434339405945 
0.220383635504056 
0.220332956194818 
0.220282301592647 
0.220231671811508 
0.220181066964918 
0.220130487165929 
0.220079932527125 
0.220029403160617 
0.219978899178030 
0.219928420690498 
0.219877967808659 
0.219827540642646 
0.219777139302079 
0.219726763896061 
0.219676414533169 
0.219626091321449 
0.219575794368410 
0.219525523781015 
0.219475279665677 
0.219425062128252 
0.219374871274036 
0.219324707207754 
0.219274570033556 
0.219224459855016 
0.219174376775119 
0.219124320896260 
0.219074292320239 
0.219024291148254 
0.218974317480896 
0.218924371418145 
0.218874453059363 
0.218824562503292 
0.218774699848048 
0.218724865191115 
0.218675058629343 
0.218625280258942 
0.218575530175475 
0.218525808473862 
0.218476115248365 
0.218426450592594 
0.218376814599494 
0.218327207361348 
0.218277628969770 
0.218228079515702 
0.218178559089411 
0.218129067780483 
0.218079605677823 
0.218030172869648 
0.217980769443488 
0.217931395486177 
0.217882051083858 
0.217832736321972 
0.217783451285258 
0.217734196057753 
0.217684970722783 
0.217635775362968 
0.217586610060212 
0.217537474895707 
0.217488369949924 
0.217439295302615 
0.217390251032811 
0.217341237218817 
0.217292253938211 
0.217243301267843 
0.217194379283831 
0.217145488061563 
0.217096627675687 
0.217047798200120 
0.216998999708037 
0.216950232271876 
0.216901495963330 
0.216852790853353 
0.216804117012151 
0.216755474509186 
0.216706863413173 
0.216658283792079 
0.216609735713120 
0.216561219242762 
0.216512734446720 
0.216464281389956 
0.216415860136678 
0.216367470750341 
0.216319113293642 
0.216270787828526 
0.216222494416179 
0.216174233117030 
0.216126003990751 
0.216077807096255 
0.216029642491698 
0.215981510234475 
0.215933410381224 
0.215885342987822 
0.215837308109387 
0.215789305800279 
0.215741336114094 
0.215693399103673 
0.215645494821094 
0.215597623317677 
0.215549784643983 
0.215501978849811 
0.215454205984205 
0.215406466095447 
0.215358759231064 
0.215311085437822 
0.215263444761731 
0.215215837248047 
0.215168262941264 
0.215120721885127 
0.215073214122621 
0.215025739695979 
0.214978298646682 
0.214930891015456 
0.214883516842277 
0.214836176166371 
0.214788869026213 
0.214741595459529 
0.214694355503300 
0.214647149193759 
0.214599976566393 
0.214552837655947 
0.214505732496422 
0.214458661121078 
0.214411623562436 
0.214364619852275 
0.214317650021641 
0.214270714100843 
0.214223812119454 
0.214176944106318 
0.214130110089544 
0.214083310096516 
0.214036544153886 
0.213989812287583 
0.213943114522811 
0.213896450884055 
0.213849821395074 
0.213803226078912 
0.213756664957897 
0.213710138053641 
0.213663645387045 
0.213617186978298 
0.213570762846881 
0.213524373011570 
0.213478017490438 
0.213431696300852 
0.213385409459484 
0.213339156982307 
0.213292938884599 
0.213246755180946 
0.213200605885244 
0.213154491010700 
0.213108410569837 
0.213062364574497 
0.213016353035838 
0.212970375964344 
0.212924433369822 
0.212878525261407 
0.212832651647565 
0.212786812536095 
0.212741007934131 
0.212695237848147 
0.212649502283957 
0.212603801246719 
0.212558134740941 
0.212512502770477 
0.212466905338536 
0.212421342447684 
0.212375814099844 
0.212330320296301 
0.212284861037706 
0.212239436324077 
0.212194046154804 
0.212148690528651 
0.212103369443760 
0.212058082897652 
0.212012830887234 
0.211967613408798 
0.211922430458029 
0.211877282030002 
0.211832168119193 
0.211787088719476 
0.211742043824130 
0.211697033425840 
0.211652057516701 
0.211607116088226 
0.211562209131342 
0.211517336636397 
0.211472498593166 
0.211427694990850 
0.211382925818083 
0.211338191062935 
0.211293490712912 
0.211248824754967 
0.211204193175497 
0.211159595960348 
0.211115033094822 
0.211070504563678 
0.211026010351135 
0.210981550440879 
0.210937124816064 
0.210892733459316 
0.210848376352739 
0.210804053477918 
0.210759764815920 
0.210715510347302 
0.210671290052113 
0.210627103909898 
0.210582951899703 
0.210538834000077 
0.210494750189078 
0.210450700444276 
0.210406684742757 
0.210362703061128 
0.210318755375520 
0.210274841661592 
0.210230961894537 
0.210187116049084 
0.210143304099502 
0.210099526019608 
0.210055781782765 
0.210012071361890 
0.209968394729461 
0.209924751857515 
0.209881142717655 
0.209837567281057 
0.209794025518468 
0.209750517400217 
0.209707042896216 
0.209663601975963 
0.209620194608551 
0.209576820762666 
0.209533480406597 
0.209490173508236 
0.209446900035087 
0.209403659954266 
0.209360453232508 
0.209317279836169 
0.209274139731235 
0.209231032883322 
0.209187959257682 
0.209144918819206 
0.209101911532433 
0.209058937361549 
0.209015996270394 
0.208973088222468 
0.208930213180930 
0.208887371108612 
0.208844561968014 
0.208801785721312 
0.208759042330366 
0.208716331756718 
0.208673653961602 
0.208631008905947 
0.208588396550380 
0.208545816855232 
0.208503269780541 
0.208460755286061 
0.208418273331260 
0.208375823875330 
0.208333406877190 
0.208291022295487 
0.208248670088607 
0.208206350214676 
0.208164062631563 
0.208121807296888 
0.208079584168024 
0.208037393202106 
0.207995234356029 
0.207953107586456 
0.207911012849824 
0.207868950102347 
0.207826919300021 
0.207784920398628 
0.207742953353740 
0.207701018120726 
0.207659114654755 
0.207617242910801 
0.207575402843646 
0.207533594407888 
0.207491817557943 
0.207450072248050 
0.207408358432274 
0.207366676064517 
0.207325025098514 
0.207283405487843 
0.207241817185926 
0.207200260146041 
0.207158734321316 
0.207117239664741 
0.207075776129171 
0.207034343667329 
0.206992942231810 
0.206951571775090 
0.206910232249526 
0.206868923607362 
0.206827645800735 
0.206786398781675 
0.206745182502115 
0.206703996913893 
0.206662841968755 
0.206621717618363 
0.206580623814295 
0.206539560508055 
0.206498527651071 
0.206457525194705 
0.206416553090253 
0.206375611288955 
0.206334699741991 
0.206293818400496 
0.206252967215553 
0.206212146138206 
0.206171355119463 
0.206130594110294 
0.206089863061643 
0.206049161924429 
0.206008490649549 
0.205967849187886 
0.205927237490310 
0.205886655507681 
0.205846103190859 
0.205805580490702 
0.205765087358073 
0.205724623743845 
0.205684189598904 
0.205643784874152 
0.205603409520512 
0.205563063488935 
0.205522746730398 
0.205482459195914 
0.205442200836531 
0.205401971603341 
0.205361771447480 
0.205321600320133 
0.205281458172540 
0.205241344955995 
0.205201260621857 
0.205161205121548 
0.205121178406558 
0.205081180428451 
0.205041211138868 
0.205001270489528 
0.204961358432235 
0.204921474918882 
0.204881619901451 
0.204841793332022 
0.204801995162770 
0.204762225345976 
0.204722483834024 
0.204682770579410 
0.204643085534741 
0.204603428652742 
0.204563799886257 
0.204524199188255 
0.204484626511829 
0.204445081810206 
0.204405565036746 
0.204366076144943 
0.204326615088435 
0.204287181821002 
0.204247776296571 
0.204208398469221 
0.204169048293182 
0.204129725722842 
0.204090430712749 
0.204051163217612 
0.204011923192308 
0.203972710591883 
0.203933525371553 
0.203894367486712 
0.203855236892928 
0.203816133545954 
0.203777057401724 
0.203738008416361 
0.203698986546174 
0.203659991747669 
0.203621023977543 
0.203582083192692 
0.203543169350213 
0.203504282407407 
0.203465422321778 
0.203426589051041 
0.203387782553121 
0.203349002786156 
0.203310249708501 
0.203271523278727 
0.203232823455630 
0.203194150198226 
0.203155503465756 
0.203116883217692 
0.203078289413734 
0.203039722013815 
0.203001180978102 
0.202962666267000 
0.202924177841153 
0.202885715661444 
0.202847279689001 
0.202808869885198 
0.202770486211654 
0.202732128630238 
0.202693797103071 
0.202655491592525 
0.202617212061230 
0.202578958472069 
0.202540730788187 
0.202502528972985 
0.202464352990131 
0.202426202803552 
0.202388078377443 
0.202349979676264 
0.202311906664746 
0.202273859307887 
0.202235837570958 
0.202197841419504 
0.202159870819341 
0.202121925736563 
0.202084006137542 
0.202046111988927 
0.202008243257646 
0.201970399910909 
0.201932581916208 
0.201894789241317 
0.201857021854298 
0.201819279723494 
0.201781562817537 
0.201743871105346 
0.201706204556130 
0.201668563139386 
0.201630946824902 
0.201593355582757 
0.201555789383323 
0.201518248197265 
0.201480731995541 
0.201443240749405 
0.201405774430404 
0.201368333010384 
0.201330916461487 
0.201293524756149 
0.201256157867108 
0.201218815767399 
0.201181498430354 
0.201144205829607 
0.201106937939092 
0.201069694733040 
0.201032476185987 
0.200995282272766 
0.200958112968514 
0.200920968248668 
0.200883848088969 
0.200846752465458 
0.200809681354478 
0.200772634732676 
0.200735612577000 
0.200698614864703 
0.200661641573338 
0.200624692680762 
0.200587768165135 
0.200550868004918 
0.200513992178877 
0.200477140666080 
0.200440313445896 
0.200403510497997 
0.200366731802357 
0.200329977339254 
0.200293247089264 
0.200256541033267 
0.200219859152444 
0.200183201428276 
0.200146567842544 
0.200109958377331 
0.200073373015018 
0.200036811738286 
0.200000274530114 
0.199963761373780 
0.199927272252861 
0.199890807151229 
0.199854366053054 
0.199817948942803 
0.199781555805236 
0.199745186625411 
0.199708841388677 
0.199672520080680 
0.199636222687357 
0.199599949194937 
0.199563699589941 
0.199527473859181 
0.199491271989757 
0.199455093969061 
0.199418939784770 
0.199382809424852 
0.199346702877557 
0.199310620131424 
0.199274561175275 
0.199238525998216 
0.199202514589636 
0.199166526939205 
0.199130563036874 
0.199094622872874 
0.199058706437714 
0.199022813722181 
0.198986944717338 
0.198951099414524 
0.198915277805351 
0.198879479881705 
0.198843705635742 
0.198807955059893 
0.198772228146854 
0.198736524889592 
0.198700845281339 
0.198665189315595 
0.198629556986122 
0.198593948286948 
0.198558363212360 
0.198522801756908 
0.198487263915401 
0.198451749682905 
0.198416259054742 
0.198380792026491 
0.198345348593984 
0.198309928753304 
0.198274532500789 
0.198239159833021 
0.198203810746835 
0.198168485239310 
0.198133183307771 
0.198097904949785 
0.198062650163165 
0.198027418945960 
0.197992211296462 
0.197957027213197 
0.197921866694932 
0.197886729740663 
0.197851616349623 
0.197816526521275 
0.197781460255311 
0.197746417551651 
0.197711398410444 
0.197676402832061 
0.197641430817097 
0.197606482366371 
0.197571557480918 
0.197536656161994 
0.197501778411073 
0.197466924229839 
0.197432093620195 
0.197397286584251 
0.197362503124329 
0.197327743242961 
0.197293006942881 
0.197258294227031 
0.197223605098555 
0.197188939560799 
0.197154297617307 
0.197119679271822 
0.197085084528282 
0.197050513390820 
0.197015965863762 
0.196981441951623 
0.196946941659108 
0.196912464991109 
0.196878011952702 
0.196843582549148 
0.196809176785890 
0.196774794668550 
0.196740436202926 
0.196706101394996 
0.196671790250911 
0.196637502776992 
0.196603238979736 
0.196568998865803 
0.196534782442024 
0.196500589715395 
0.196466420693072 
0.196432275382377 
0.196398153790788 
0.196364055925944 
0.196329981795636 
0.196295931407813 
0.196261904770574 
0.196227901892169 
0.196193922780996 
0.196159967445599 
0.196126035894669 
0.196092128137039 
0.196058244181681 
0.196024384037708 
0.195990547714370 
0.195956735221053 
0.195922946567275 
0.195889181762685 
0.195855440817066 
0.195821723740324 
0.195788030542495 
0.195754361233734 
0.195720715824323 
0.195687094324663 
0.195653496745273 
0.195619923096789 
0.195586373389961 
0.195552847635653 
0.195519345844840 
0.195485868028604 
0.195452414198138 
0.195418984364738 
0.195385578539803 
0.195352196734835 
0.195318838961435 
0.195285505231304 
0.195252195556236 
0.195218909948122 
0.195185648418944 
0.195152410980774 
0.195119197645776 
0.195086008426196 
0.195052843334369 
0.195019702382711 
0.194986585583721 
0.194953492949977 
0.194920424494134 
0.194887380228924 
0.194854360167152 
0.194821364321697 
0.194788392705508 
0.194755445331600 
0.194722522213059 
0.194689623363033 
0.194656748794734 
0.194623898521438 
0.194591072556477 
0.194558270913244 
0.194525493605186 
0.194492740645805 
0.194460012048657 
0.194427307827347 
0.194394627995530 
0.194361972566910 
0.194329341555233 
0.194296734974292 
0.194264152837920 
0.194231595159994 
0.194199061954425 
0.194166553235165 
0.194134069016199 
0.194101609311546 
0.194069174135258 
0.194036763501415 
0.194004377424129 
0.193972015917534 
0.193939678995794 
0.193907366673094 
0.193875078963641 
0.193842815881662 
0.193810577441405 
0.193778363657129 
0.193746174543116 
0.193714010113655 
0.193681870383050 
0.193649755365616 
0.193617665075674 
0.193585599527555 
0.193553558735594 
0.193521542714131 
0.193489551477506 
0.193457585040063 
0.193425643416142 
0.193393726620082 
0.193361834666219 
0.193329967568882 
0.193298125342395 
0.193266308001069 
0.193234515559210 
0.193202748031109 
0.193171005431045 
0.193139287773282 
0.193107595072069 
0.193075927341635 
0.193044284596190 
0.193012666849925 
0.192981074117008 
0.192949506411582 
0.192917963747768 
0.192886446139655 
0.192854953601310 
0.192823486146766 
0.192792043790027 
0.192760626545064 
0.192729234425813 
0.192697867446178 
0.192666525620022 
0.192635208961173 
0.192603917483418 
0.192572651200503 
0.192541410126131 
0.192510194273964 
0.192479003657616 
0.192447838290655 
0.192416698186601 
0.192385583358926 
0.192354493821051 
0.192323429586344 
0.192292390668119 
0.192261377079638 
0.192230388834104 
0.192199425944666 
0.192168488424411 
0.192137576286368 
0.192106689543504 
0.192075828208723 
0.192044992294867 
0.192014181814709 
0.191983396780961 
0.191952637206262 
0.191921903103184 
0.191891194484230 
0.191860511361829 
0.191829853748339 
0.191799221656044 
0.191768615097152 
0.191738034083792 
0.191707478628021 
0.191676948741812 
0.191646444437059 
0.191615965725576 
0.191585512619093 
0.191555085129256 
0.191524683267627 
0.191494307045681 
0.191463956474805 
0.191433631566299 
0.191403332331372 
0.191373058781143 
0.191342810926638 
0.191312588778791 
0.191282392348439 
0.191252221646327 
0.191222076683100 
0.191191957469307 
0.191161864015400 
0.191131796331726 
0.191101754428536 
0.191071738315976 
0.191041748004088 
0.191011783502812 
0.190981844821981 
0.190951931971322 
0.190922044960455 
0.190892183798888 
0.190862348496023 
0.190832539061152 
0.190802755503450 
0.190772997831984 
0.190743266055706 
0.190713560183451 
0.190683880223940 
0.190654226185777 
0.190624598077448 
0.190594995907321 
0.190565419683640 
0.190535869414534 
0.190506345108006 
0.190476846771938 
0.190447374414088 
0.190417928042089 
0.190388507663448 
0.190359113285547 
0.190329744915640 
0.190300402560851 
0.190271086228177 
0.190241795924484 
0.190212531656505 
0.190183293430846 
0.190154081253975 
0.190124895132229 
0.190095735071810 
0.190066601078785 
0.190037493159085 
0.190008411318502 
0.189979355562693 
0.189950325897175 
0.189921322327325 
0.189892344858381 
0.189863393495440 
0.189834468243457 
0.189805569107244 
0.189776696091470 
0.189747849200662 
0.189719028439198 
0.189690233811315 
0.189661465321101 
0.189632722972499 
0.189604006769304 
0.189575316715162 
0.189546652813571 
0.189518015067879 
0.189489403481285 
0.189460818056835 
0.189432258797427 
0.189403725705804 
0.189375218784558 
0.189346738036128 
0.189318283462799 
0.189289855066699 
0.189261452849806 
0.189233076813939 
0.189204726960763 
0.189176403291786 
0.189148105808359 
0.189119834511675 
0.189091589402771 
0.189063370482522 
0.189035177751649 
0.189007011210710 
0.188978870860105 
0.188950756700074 
0.188922668730696 
0.188894606951888 
0.188866571363408 
0.188838561964851 
0.188810578755651 
0.188782621735078 
0.188754690902240 
0.188726786256083 
0.188698907795388 
0.188671055518775 
0.188643229424698 
0.188615429511448 
0.188587655777150 
0.188559908219766 
0.188532186837092 
0.188504491626762 
0.188476822586239 
0.188449179712827 
0.188421563003660 
0.188393972455708 
0.188366408065774 
0.188338869830497 
0.188311357746347 
0.188283871809630 
0.188256412016486 
0.188228978362886 
0.188201570844637 
0.188174189457377 
0.188146834196581 
0.188119505057552 
0.188092202035431 
0.188064925125191 
0.188037674321637 
0.188010449619410 
0.187983251012980 
0.187956078496655 
0.187928932064575 
0.187901811710712 
0.187874717428874 
0.187847649212700 
0.187820607055664 
0.187793590951075 
0.187766600892075 
0.187739636871641 
0.187712698882582 
0.187685786917544 
0.187658900969007 
0.187632041029285 
0.187605207090528 
0.187578399144721 
0.187551617183684 
0.187524861199073 
0.187498131182380 
0.187471427124932 
0.187444749017895 
0.187418096852270 
0.187391470618893 
0.187364870308441 
0.187338295911426 
0.187311747418199 
0.187285224818948 
0.187258728103701 
0.187232257262324 
0.187205812284521 
0.187179393159836 
0.187152999877655 
0.187126632427202 
0.187100290797541 
0.187073974977579 
0.187047684956064 
0.187021420721583 
0.186995182262568 
0.186968969567293 
0.186942782623875 
0.186916621420273 
0.186890485944291 
0.186864376183577 
0.186838292125623 
0.186812233757768 
0.186786201067193 
0.186760194040930 
0.186734212665852 
0.186708256928684 
0.186682326815995 
0.186656422314203 
0.186630543409574 
0.186604690088222 
0.186578862336114 
0.186553060139063 
0.186527283482734 
0.186501532352641 
0.186475806734152 
0.186450106612486 
0.186424431972712 
0.186398782799755 
0.186373159078393 
0.186347560793255 
0.186321987928828 
0.186296440469451 
0.186270918399320 
0.186245421702487 
0.186219950362860 
0.186194504364204 
0.186169083690142 
0.186143688324154 
0.186118318249579 
0.186092973449616 
0.186067653907324 
0.186042359605619 
0.186017090527281 
0.185991846654949 
0.185966627971126 
0.185941434458175 
0.185916266098324 
0.185891122873662 
0.185866004766143 
0.185840911757586 
0.185815843829674 
0.185790800963955 
0.185765783141844 
0.185740790344623 
0.185715822553438 
0.185690879749305 
0.185665961913107 
0.185641069025598 
0.185616201067396 
0.185591358018993 
0.185566539860749 
0.185541746572895 
0.185516978135533 
0.185492234528635 
0.185467515732048 
0.185442821725490 
0.185418152488550 
0.185393508000694 
0.185368888241260 
0.185344293189459 
0.185319722824381 
0.185295177124987 
0.185270656070116 
0.185246159638484 
0.185221687808681 
0.185197240559178 
0.185172817868321 
0.185148419714335 
0.185124046075323 
0.185099696929267 
0.185075372254031 
0.185051072027354 
0.185026796226860 
0.185002544830053 
0.184978317814315 
0.184954115156913 
0.184929936834996 
0.184905782825593 
0.184881653105618 
0.184857547651867 
0.184833466441023 
0.184809409449648 
0.184785376654193 
0.184761368030992 
0.184737383556264 
0.184713423206116 
0.184689486956538 
0.184665574783409 
0.184641686662495 
0.184617822569447 
0.184593982479807 
0.184570166369003 
0.184546374212351 
0.184522605985058 
0.184498861662220 
0.184475141218820 
0.184451444629734 
0.184427771869727 
0.184404122913456 
0.184380497735468 
0.184356896310202 
0.184333318611988 
0.184309764615049 
0.184286234293502 
0.184262727621355 
0.184239244572509 
0.184215785120762 
0.184192349239802 
0.184168936903215 
0.184145548084478 
0.184122182756967 
0.184098840893951 
0.184075522468598 
0.184052227453968 
0.184028955823020 
0.184005707548610 
0.183982482603492 
0.183959280960317 
0.183936102591632 
0.183912947469887 
0.183889815567426 
0.183866706856496 
0.183843621309241 
0.183820558897708 
0.183797519593841 
0.183774503369486 
0.183751510196391 
0.183728540046204 
0.183705592890475 
0.183682668700658 
0.183659767448108 
0.183636889104082 
0.183614033639743 
0.183591201026156 
0.183568391234290 
0.183545604235020 
0.183522839999124 
0.183500098497288 
0.183477379700102 
0.183454683578061 
0.183432010101569 
0.183409359240936 
0.183386730966379 
0.183364125248023 
0.183341542055903 
0.183318981359959 
0.183296443130044 
0.183273927335919 
0.183251433947254 
0.183228962933630 
0.183206514264541 
0.183184087909389 
0.183161683837490 
0.183139302018072 
0.183116942420275 
0.183094605013152 
0.183072289765671 
0.183049996646714 
0.183027725625075 
0.183005476669467 
0.182983249748516 
0.182961044830765 
0.182938861884673 
0.182916700878617 
0.182894561780890 
0.182872444559706 
0.182850349183195 
0.182828275619406 
0.182806223836310 
0.182784193801796 
0.182762185483675 
0.182740198849679 
0.182718233867461 
0.182696290504597 
0.182674368728587 
0.182652468506853 
0.182630589806740 
0.182608732595521 
0.182586896840391 
0.182565082508473 
0.182543289566814 
0.182521517982390 
0.182499767722103 
0.182478038752785 
0.182456331041193 
0.182434644554018 
0.182412979257877 
0.182391335119320 
0.182369712104826 
0.182348110180809 
0.182326529313610 
0.182304969469508 
0.182283430614712 
0.182261912715369 
0.182240415737557 
0.182218939647290 
0.182197484410522 
0.182176049993139 
0.182154636360966 
0.182133243479766 
0.182111871315243 
0.182090519833036 
0.182069188998727 
0.182047878777839 
0.182026589135833 
0.182005320038115 
0.181984071450034 
0.181962843336879 
0.181941635663887 
0.181920448396237 
0.181899281499053 
0.181878134937406 
0.181857008676316 
0.181835902680746 
0.181814816915610 
0.181793751345768 
0.181772705936034 
0.181751680651166 
0.181730675455878 
0.181709690314834 
0.181688725192648 
0.181667780053889 
0.181646854863080 
0.181625949584695 
0.181605064183168 
0.181584198622883 
0.181563352868185 
0.181542526883372 
0.181521720632703 
0.181500934080394 
0.181480167190619 
0.181459419927514 
0.181438692255173 
0.181417984137653 
0.181397295538972 
0.181376626423110 
0.181355976754012 
0.181335346495584 
0.181314735611700 
0.181294144066196 
0.181273571822876 
0.181253018845509 
0.181232485097833 
0.181211970543553 
0.181191475146343 
0.181170998869846 
0.181150541677674 
0.181130103533412 
0.181109684400614 
0.181089284242806 
0.181068903023489 
0.181048540706136 
0.181028197254193 
0.181007872631082 
0.180987566800199 
0.180967279724917 
0.180947011368584 
0.180926761694527 
0.180906530666049 
0.180886318246434 
0.180866124398943 
0.180845949086818 
0.180825792273279 
0.180805653921530 
0.180785533994755 
0.180765432456119 
0.180745349268774 
0.180725284395849 
0.180705237800464 
0.180685209445719 
0.180665199294700 
0.180645207310481 
0.180625233456118 
0.180605277694659 
0.180585339989136 
0.180565420302571 
0.180545518597973 
0.180525634838344 
0.180505768986670 
0.180485921005933 
0.180466090859103 
0.180446278509141 
0.180426483919002 
0.180406707051632 
0.180386947869971 
0.180367206336952 
0.180347482415504 
0.180327776068547 
0.180308087259000 
0.180288415949774 
0.180268762103780 
0.180249125683924 
0.180229506653109 
0.180209904974234 
0.180190320610200 
0.180170753523904 
0.180151203678242 
0.180131671036111 
0.180112155560407 
0.180092657214028 
0.180073175959870 
0.180053711760833 
0.180034264579818 
0.180014834379729 
0.179995421123471 
0.179976024773954 
0.179956645294089 
0.179937282646795 
0.179917936794993 
0.179898607701607 
0.179879295329570 
0.179859999641818 
0.179840720601294 
0.179821458170948 
0.179802212313734 
0.179782982992616 
0.179763770170565 
0.179744573810559 
0.179725393875585 
0.179706230328637 
0.179687083132721 
0.179667952250851 
0.179648837646047 
0.179629739281346 
0.179610657119788 
0.179591591124429 
0.179572541258334 
0.179553507484579 
0.179534489766252 
0.179515488066453 
0.179496502348293 
0.179477532574897 
0.179458578709403 
0.179439640714960 
0.179420718554733 
0.179401812191898 
0.179382921589648 
0.179364046711187 
0.179345187519735 
0.179326343978527 
0.179307516050813 
0.179288703699857 
0.179269906888941 
0.179251125581358 
0.179232359740423 
0.179213609329464 
0.179194874311824 
0.179176154650865 
0.179157450309965 
0.179138761252521 
0.179120087441944 
0.179101428841665 
0.179082785415132 
0.179064157125811 
0.179045543937186 
0.179026945812760 
0.179008362716055 
0.178989794610608 
0.178971241459981 
0.178952703227750 
0.178934179877513 
0.178915671372888 
0.178897177677510 
0.178878698755036 
0.178860234569142 
0.178841785083525 
0.178823350261903 
0.178804930068011 
0.178786524465610 
0.178768133418478 
0.178749756890414 
0.178731394845239 
0.178713047246797 
0.178694714058952 
0.178676395245588 
0.178658090770614 
0.178639800597958 
0.178621524691571 
0.178603263015426 
0.178585015533518 
0.178566782209867 
0.178548563008511 
0.178530357893515 
0.178512166828964 
0.178493989778967 
0.178475826707654 
0.178457677579183 
0.178439542357730 
0.178421421007496 
0.178403313492708 
0.178385219777613 
0.178367139826484 
0.178349073603617 
0.178331021073332 
0.178312982199974 
0.178294956947909 
0.178276945281531 
0.178258947165257 
0.178240962563529 
0.178222991440811 
0.178205033761594 
0.178187089490395 
0.178169158591752 
0.178151241030231 
0.178133336770422 
0.178115445776942 
0.178097568014429 
0.178079703447550 
0.178061852040997 
0.178044013759487 
0.178026188567762 
0.178008376430591 
0.177990577312768 
0.177972791179113 
0.177955017994473 
0.177937257723720 
0.177919510331751 
0.177901775783493 
0.177884054043898 
0.177866345077941 
0.177848648850629 
0.177830965326993 
0.177813294472091 
0.177795636251007 
0.177777990628855 
0.177760357570772 
0.177742737041927 
0.177725129007512 
0.177707533432748 
0.177689950282886 
0.177672379523200 
0.177654821118996 
0.177637275035606 
0.177619741238390 
0.177602219692736 
0.177584710364060 
0.177567213217808 
0.177549728219452 
0.177532255334495 
0.177514794528467 
0.177497345766928 
0.177479909015466 
0.177462484239698 
0.177445071405269 
0.177427670477859 
0.177410281423170 
0.177392904206939 
0.177375538794929 
0.177358185152935 
0.177340843246782 
0.177323513042325 
0.177306194505449 
0.177288887602068 
0.177271592298130 
0.177254308559611 
0.177237036352518 
0.177219775642890 
0.177202526396799 
0.177185288580344 
0.177168062159659 
0.177150847100909 
0.177133643370290 
0.177116450934030 
0.177099269758393 
0.177082099809669 
0.177064941054187 
0.177047793458305 
0.177030656988414 
0.177013531610941 
0.176996417292344 
0.176979313999115 
0.176962221697781 
0.176945140354901 
0.176928069937071 
0.176911010410920 
0.176893961743111 
0.176876923900344 
0.176859896849353 
0.176842880556907 
0.176825874989812 
0.176808880114908 
0.176791895899074 
0.176774922309224 
0.176757959312307 
0.176741006875313 
0.176724064965265 
0.176707133549228 
0.176690212594300 
0.176673302067621 
0.176656401936368 
0.176639512167757 
0.176622632729042 
0.176605763587518 
0.176588904710519 
0.176572056065419 
0.176555217619632 
0.176538389340613 
0.176521571195858 
0.176504763152904 
0.176487965179332 
0.176471177242761 
0.176454399310856 
0.176437631351323 
0.176420873331912 
0.176404125220416 
0.176387386984673 
0.176370658592564 
0.176353940012015 
0.176337231211000 
0.176320532157534 
0.176303842819681 
0.176287163165552 
0.176270493163303 
0.176253832781138 
0.176237181987310 
0.176220540750120 
0.176203909037915 
0.176187286819096 
0.176170674062110 
0.176154070735456 
0.176137476807683 
0.176120892247393 
0.176104317023236 
0.176087751103919 
0.176071194458198 
0.176054647054886 
0.176038108862846 
0.176021579850998 
0.176005059988318 
0.175988549243834 
0.175972047586635 
0.175955554985863 
0.175939071410719 
0.175922596830464 
0.175906131214413 
0.175889674531944 
0.175873226752495 
0.175856787845563 
0.175840357780706 
0.175823936527548 
0.175807524055769 
0.175791120335119 
0.175774725335406 
0.175758339026509 
0.175741961378367 
0.175725592360989 
0.175709231944448 
0.175692880098886 
0.175676536794515 
0.175660202001613 
0.175643875690530 
0.175627557831688 
0.175611248395577 
0.175594947352762 
0.175578654673881 
0.175562370329645 
0.175546094290840 
0.175529826528330 
0.175513567013051 
0.175497315716020 
0.175481072608332 
0.175464837661160 
0.175448610845757 
0.175432392133459 
0.175416181495681 
0.175399978903924 
0.175383784329769 
0.175367597744885 
0.175351419121025 
0.175335248430031 
0.175319085643827 
0.175302930734432 
0.175286783673951 
0.175270644434581 
0.175254512988610 
0.175238389308418 
0.175222273366481 
0.175206165135367 
0.175190064587741 
0.175173971696366 
0.175157886434100 
0.175141808773904 
0.175125738688836 
0.175109676152056 
0.175093621136826 
0.175077573616512 
0.175061533564586 
0.175045500954622 
0.175029475760306 
0.175013457955426 
0.174997447513884 
0.174981444409690 
0.174965448616967 
0.174949460109949 
0.174933478862984 
0.174917504850537 
0.174901538047188 
0.174885578427634 
0.174869625966692 
0.174853680639299 
0.174837742420511 
0.174821811285509 
0.174805887209597 
0.174789970168202 
0.174774060136881 
0.174758157091315 
0.174742261007315 
0.174726371860822 
0.174710489627909 
0.174694614284781 
0.174678745807775 
0.174662884173367 
0.174647029358165 
0.174631181338918 
0.174615340092512 
0.174599505595976 
0.174583677826476 
0.174567856761325 
0.174552042377979 
0.174536234654038 
0.174520433567250 
0.174504639095512 
0.174488851216868 
0.174473069909514 
0.174457295151798 
0.174441526922221 
0.174425765199438 
0.174410009962261 
0.174394261189658 
0.174378518860755 
0.174362782954838 
0.174347053451356 
0.174331330329915 
0.174315613570290 
0.174299903152416 
0.174284199056397 
0.174268501262503 
0.174252809751171 
0.174237124503011 
0.174221445498800 
0.174205772719488 
0.174190106146198 
0.174174445760229 
0.174158791543053 
0.174143143476319 
0.174127501541855 
0.174111865721666 
0.174096235997938 
0.174080612353038 
0.174064994769515 
0.174049383230100 
0.174033777717709 
0.174018178215443 
0.174002584706589 
0.173986997174622 
0.173971415603203 
0.173955839976184 
0.173940270277606 
0.173924706491701 
0.173909148602893 
0.173893596595799 
0.173878050455227 
0.173862510166182 
0.173846975713862 
0.173831447083662 
0.173815924261173 
0.173800407232183 
0.173784895982678 
0.173769390498843 
0.173753890767060 
0.173738396773913 
0.173722908506185 
0.173707425950861 
0.173691949095126 
0.173676477926366 
0.173661012432171 
0.173645552600333 
0.173630098418846 
0.173614649875908 
0.173599206959921 
0.173583769659488 
0.173568337963420 
0.173552911860730 
0.173537491340635 
0.173522076392556 
0.173506667006122 
0.173491263171162 
0.173475864877712 
0.173460472116013 
0.173445084876507 
0.173429703149845 
0.173414326926880 
0.173398956198666 
0.173383590956466 
0.173368231191742 
0.173352876896161 
0.173337528061592 
0.173322184680108 
0.173306846743981 
0.173291514245685 
0.173276187177895 
0.173260865533488 
0.173245549305536 
0.173230238487315 
0.173214933072295 
0.173199633054145 
0.173184338426730 
0.173169049184111 
0.173153765320542 
0.173138486830474 
0.173123213708547 
0.173107945949595 
0.173092683548641 
0.173077426500900 
0.173062174801773 
0.173046928446847 
0.173031687431898 
0.173016451752884 
0.173001221405946 
0.172985996387409 
0.172970776693774 
0.172955562321725 
0.172940353268122 
0.172925149529998 
0.172909951104563 
0.172894757989198 
0.172879570181455 
0.172864387679053 
0.172849210479882 
0.172834038581993 
0.172818871983603 
0.172803710683088 
0.172788554678987 
0.172773403969993 
0.172758258554955 
0.172743118432878 
0.172727983602915 
0.172712854064369 
0.172697729816691 
0.172682610859477 
0.172667497192463 
0.172652388815527 
0.172637285728685 
0.172622187932088 
0.172607095426019 
0.172592008210893 
0.172576926287255 
0.172561849655771 
0.172546778317235 
0.172531712272560 
0.172516651522776 
0.172501596069031 
0.172486545912585 
0.172471501054807 
0.172456461497176 
0.172441427241276 
0.172426398288792 
0.172411374641509 
0.172396356301310 
0.172381343270172 
0.172366335550163 
0.172351333143439 
0.172336336052245 
0.172321344278904 
0.172306357825825 
0.172291376695491 
0.172276400890461 
0.172261430413364 
0.172246465266901 
0.172231505453836 
0.172216550976999 
0.172201601839279 
0.172186658043622 
0.172171719593029 
0.172156786490554 
0.172141858739298 
0.172126936342409 
0.172112019303079 
0.172097107624539 
0.172082201310057 
0.172067300362937 
0.172052404786514 
0.172037514584151 
0.172022629759238 
0.172007750315189 
0.171992876255436 
0.171978007583430 
0.171963144302637 
0.171948286416534 
0.171933433928607 
0.171918586842350 
0.171903745161259 
0.171888908888831 
0.171874078028564 
0.171859252583947 
0.171844432558465 
0.171829617955593 
0.171814808778791 
0.171800005031508 
0.171785206717172 
0.171770413839192 
0.171755626400956 
0.171740844405823 
0.171726067857128 
0.171711296758174 
0.171696531112231 
0.171681770922534 
0.171667016192283 
0.171652266924633 
0.171637523122703 
0.171622784789565 
0.171608051928242 
0.171593324541711 
0.171578602632898 
0.171563886204675 
0.171549175259856 
0.171534469801203 
0.171519769831413 
0.171505075353125 
0.171490386368913 
0.171475702881285 
0.171461024892682 
0.171446352405475 
0.171431685421964 
0.171417023944377 
0.171402367974866 
0.171387717515506 
0.171373072568293 
0.171358433135144 
0.171343799217895 
0.171329170818298 
0.171314547938017 
0.171299930578634 
0.171285318741640 
0.171270712428439 
0.171256111640341 
0.171241516378567 
0.171226926644240 
0.171212342438394 
0.171197763761960 
0.171183190615776 
0.171168623000581 
0.171154060917011 
0.171139504365605 
0.171124953346796 
0.171110407860915 
0.171095867908191 
0.171081333488746 
0.171066804602594 
0.171052281249644 
0.171037763429696 
0.171023251142443 
0.171008744387466 
0.170994243164236 
0.170979747472113 
0.170965257310344 
0.170950772678066 
0.170936293574299 
0.170921819997953 
0.170907351947820 
0.170892889422579 
0.170878432420792 
0.170863980940907 
0.170849534981254 
0.170835094540045 
0.170820659615376 
0.170806230205227 
0.170791806307455 
0.170777387919803 
0.170762975039895 
0.170748567665234 
0.170734165793206 
0.170719769421075 
0.170705378545989 
0.170690993164973 
0.170676613274936 
0.170662238872664 
0.170647869954824 
0.170633506517965 
0.170619148558514 
0.170604796072779 
0.170590449056947 
0.170576107507088 
0.170561771419150 
0.170547440788963 
0.170533115612235 
0.170518795884559 
0.170504481601406 
0.170490172758128 
0.170475869349960 
0.170461571372019 
0.170447278819300 
0.170432991686686 
0.170418709968938 
0.170404433660703 
0.170390162756508 
0.170375897250767 
0.170361637137775 
0.170347382411713 
0.170333133066646 
0.170318889096524 
0.170304650495185 
0.170290417256349 
0.170276189373626 
0.170261966840512 
0.170247749650389 
0.170233537796531 
0.170219331272096 
0.170205130070133 
0.170190934183583 
0.170176743605273 
0.170162558327926 
0.170148378344151 
0.170134203646453 
0.170120034227227 
0.170105870078765 
0.170091711193250 
0.170077557562760 
0.170063409179268 
0.170049266034645 
0.170035128120657 
0.170020995428966 
0.170006867951136 
0.169992745678626 
0.169978628602796 
0.169964516714905 
0.169950410006115 
0.169936308467488 
0.169922212089988 
0.169908120864483 
0.169894034781744 
0.169879953832449 
0.169865878007177 
0.169851807296418 
0.169837741690564 
0.169823681179920 
0.169809625754693 
0.169795575405006 
0.169781530120886 
0.169767489892276 
0.169753454709027 
0.169739424560903 
0.169725399437582 
0.169711379328656 
0.169697364223631 
0.169683354111929 
0.169669348982889 
0.169655348825765 
0.169641353629733 
0.169627363383883 
0.169613378077228 
0.169599397698701 
0.169585422237155 
0.169571451681367 
0.169557486020034 
0.169543525241780 
0.169529569335152 
0.169515618288621 
0.169501672090587 
0.169487730729374 
0.169473794193237 
0.169459862470356 
0.169445935548844 
0.169432013416741 
0.169418096062020 
0.169404183472586 
0.169390275636275 
0.169376372540858 
0.169362474174039 
0.169348580523460 
0.169334691576693 
0.169320807321254 
0.169306927744590 
0.169293052834090 
0.169279182577081 
0.169265316960829 
0.169251455972542 
0.169237599599369 
0.169223747828401 
0.169209900646671 
0.169196058041157 
0.169182219998781 
0.169168386506411 
0.169154557550858 
0.169140733118884 
0.169126913197197 
0.169113097772451 
0.169099286831252 
0.169085480360153 
0.169071678345662 
0.169057880774232 
0.169044087632274 
0.169030298906147 
0.169016514582166 
0.169002734646600 
0.168988959085672 
0.168975187885561 
0.168961421032402 
0.168947658512288 
0.168933900311267 
0.168920146415349 
0.168906396810500 
0.168892651482649 
0.168878910417682 
0.168865173601447 
0.168851441019756 
0.168837712658380 
0.168823988503056 
0.168810268539483 
0.168796552753326 
0.168782841130214 
0.168769133655740 
0.168755430315467 
0.168741731094923 
0.168728035979602 
0.168714344954970 
0.168700658006458 
0.168686975119469 
0.168673296279375 
0.168659621471519 
0.168645950681215 
0.168632283893749 
0.168618621094380 
0.168604962268337 
0.168591307400828 
0.168577656477031 
0.168564009482099 
0.168550366401162 
0.168536727219325 
0.168523091921668 
0.168509460493252 
0.168495832919111 
0.168482209184258 
0.168468589273687 
0.168454973172369 
0.168441360865255 
0.168427752337276 
0.168414147573343 
0.168400546558350 
0.168386949277170 
0.168373355714660 
0.168359765855661 
0.168346179684992 
0.168332597187462 
0.168319018347858 
0.168305443150955 
0.168291871581513 
0.168278303624277 
0.168264739263976 
0.168251178485328 
0.168237621273037 
0.168224067611792 
0.168210517486273 
0.168196970881145 
0.168183427781065 
0.168169888170675 
0.168156352034608 
0.168142819357488 
0.168129290123928 
0.168115764318531 
0.168102241925891 
0.168088722930594 
0.168075207317216 
0.168061695070329 
0.168048186174494 
0.168034680614263 
0.168021178374187 
0.168007679438805 
0.167994183792653 
0.167980691420260 
0.167967202306149 
0.167953716434841 
0.167940233790848 
0.167926754358681 
0.167913278122843 
0.167899805067837 
0.167886335178161 
0.167872868438310 
0.167859404832776 
0.167845944346049 
0.167832486962615 
0.167819032666960 
0.167805581443567 
0.167792133276919 
0.167778688151496 
0.167765246051779 
0.167751806962247 
0.167738370867380 
0.167724937751657 
0.167711507599556 
0.167698080395559 
0.167684656124146 
0.167671234769797 
0.167657816316997 
0.167644400750230 
0.167630988053981 
0.167617578212739 
0.167604171210993 
0.167590767033236 
0.167577365663962 
0.167563967087671 
0.167550571288861 
0.167537178252038 
0.167523787961708 
0.167510400402383 
0.167497015558577 
0.167483633414810 
0.167470253955604 
0.167456877165488 
0.167443503028992 
0.167430131530654 
0.167416762655015 
0.167403396386622 
0.167390032710028 
0.167376671609790 
0.167363313070469 
0.167349957076637 
0.167336603612867 
0.167323252663740 
0.167309904213843 
0.167296558247769 
0.167283214750119 
0.167269873705498 
0.167256535098520 
0.167243198913806 
0.167229865135982 
0.167216533749682 
0.167203204739549 
0.167189878090232 
0.167176553786387 
0.167163231812679 
0.167149912153779 
0.167136594794367 
0.167123279719132 
0.167109966912770 
0.167096656359985 
0.167083348045489 
0.167070041954004 
0.167056738070259 
0.167043436378991 
0.167030136864949 
0.167016839512888 
0.167003544307571 
0.166990251233773 
0.166976960276277 
0.166963671419874 
0.166950384649364 
0.166937099949557 
0.166923817305274 
0.166910536701344 
0.166897258122604 
0.166883981553903 
0.166870706980098 
0.166857434386058 
0.166844163756658 
0.166830895076786 
0.166817628331340 
0.166804363505225 
0.166791100583360 
0.166777839550670 
0.166764580392094 
0.166751323092578 
0.166738067637081 
0.166724814010569 
0.166711562198022 
0.166698312184427 
0.166685063954784 
0.166671817494103 
0.166658572787403 
0.166645329819715 
0.166632088576081 
0.166618849041552 
0.166605611201190 
0.166592375040070 
0.166579140543275 
0.166565907695899 
0.166552676483049 
0.166539446889841 
0.166526218901403 
0.166512992502873 
0.166499767679400 
0.166486544416145 
0.166473322698278 
0.166460102510983 
0.166446883839452 
0.166433666668891 
0.166420450984514 
0.166407236771550 
0.166394024015235 
0.166380812700820 
0.166367602813564 
0.166354394338739 
0.166341187261628 
0.166327981567526 
0.166314777241738 
0.166301574269581 
0.166288372636383 
0.166275172327485 
0.166261973328235 
0.166248775623999 
0.166235579200149 
0.166222384042071 
0.166209190135162 
0.166195997464830 
0.166182806016494 
0.166169615775587 
0.166156426727551 
0.166143238857841 
0.166130052151922 
0.166116866595273 
0.166103682173383 
0.166090498871753 
0.166077316675896 
0.166064135571335 
0.166050955543606 
0.166037776578258 
0.166024598660851 
0.166011421776954 
0.165998245912150 
0.165985071052036 
0.165971897182216 
0.165958724288311 
0.165945552355948 
0.165932381370772 
0.165919211318435 
0.165906042184603 
0.165892873954954 
0.165879706615178 
0.165866540150977 
0.165853374548063 
0.165840209792162 
0.165827045869013 
0.165813882764364 
0.165800720463977 
0.165787558953626 
0.165774398219097 
0.165761238246189 
0.165748079020710 
0.165734920528484 
0.165721762755344 
0.165708605687138 
0.165695449309726 
0.165682293608978 
0.165669138570777 
0.165655984181021 
0.165642830425617 
0.165629677290486 
0.165616524761561 
0.165603372824788 
0.165590221466126 
0.165577070671545 
0.165563920427028 
0.165550770718571 
0.165537621532182 
0.165524472853884 
0.165511324669710 
0.165498176965707 
0.165485029727933 
0.165471882942462 
0.165458736595378 
0.165445590672780 
0.165432445160778 
0.165419300045498 
0.165406155313075 
0.165393010949661 
0.165379866941417 
0.165366723274522 
0.165353579935164 
0.165340436909546 
0.165327294183886 
0.165314151744413 
0.165301009577370 
0.165287867669013 
0.165274726005614 
0.165261584573456 
0.165248443358837 
0.165235302348067 
0.165222161527473 
0.165209020883394 
0.165195880402181 
0.165182740070203 
0.165169599873840 
0.165156459799487 
0.165143319833554 
0.165130179962466 
0.165117040172658 
0.165103900450584 
0.165090760782712 
0.165077621155523 
0.165064481555512 
0.165051341969192 
0.165038202383087 
0.165025062783740 
0.165011923157704 
0.164998783491553 
0.164985643771871 
0.164972503985260 
0.164959364118337 
0.164946224157734 
0.164933084090100 
0.164919943902097 
0.164906803580406 
0.164893663111721 
0.164880522482753 
0.164867381680232 
0.164854240690899 
0.164841099501516 
0.164827958098859 
0.164814816469720 
0.164801674600909 
0.164788532479254 
0.164775390091598 
0.164762247424801 
0.164749104465742 
0.164735961201317 
0.164722817618436 
0.164709673704033 
0.164696529445053 
0.164683384828465 
0.164670239841252 
0.164657094470415 
0.164643948702978 
0.164630802525978 
0.164617655926474 
0.164604508891543 
0.164591361408282 
0.164578213463805 
0.164565065045246 
0.164551916139761 
0.164538766734523 
0.164525616816726 
0.164512466373584 
0.164499315392330 
0.164486163860220 
0.164473011764530 
0.164459859092555 
0.164446705831612 
0.164433551969041 
0.164420397492201 
0.164407242388475 
0.164394086645265 
0.164380930249998 
0.164367773190122 
0.164354615453108 
0.164341457026450 
0.164328297897664 
0.164315138054290 
0.164301977483893 
0.164288816174060 
0.164275654112403 
0.164262491286556 
0.164249327684181 
0.164236163292963 
0.164222998100612 
0.164209832094866 
0.164196665263484 
0.164183497594254 
0.164170329074991 
0.164157159693535 
0.164143989437753 
0.164130818295540 
0.164117646254817 
0.164104473303534 
0.164091299429668 
0.164078124621227 
0.164064948866245 
0.164051772152786 
0.164038594468945 
0.164025415802843 
0.164012236142635 
0.163999055476506 
0.163985873792668 
0.163972691079369 
0.163959507324887 
0.163946322517531 
0.163933136645643 
0.163919949697598 
0.163906761661805 
0.163893572526704 
0.163880382280771 
0.163867190912516 
0.163853998410484 
0.163840804763254 
0.163827609959444 
0.163814413987702 
0.163801216836720 
0.163788018495220 
0.163774818951968 
0.163761618195762 
0.163748416215442 
0.163735212999886 
0.163722008538012 
0.163708802818776 
0.163695595831176 
0.163682387564251 
0.163669178007079 
0.163655967148783 
0.163642754978527 
0.163629541485517 
0.163616326659004 
0.163603110488283 
0.163589892962692 
0.163576674071615 
0.163563453804483 
0.163550232150770 
0.163537009100001 
0.163523784641746 
0.163510558765622 
0.163497331461298 
0.163484102718488 
0.163470872526961 
0.163457640876531 
0.163444407757067 
0.163431173158489 
0.163417937070767 
0.163404699483928 
0.163391460388050 
0.163378219773265 
0.163364977629762 
0.163351733947785 
0.163338488717634 
0.163325241929666 
0.163311993574298 
0.163298743642001 
0.163285492123310 
0.163272239008817 
0.163258984289178 
0.163245727955106 
0.163232469997378 
0.163219210406838 
0.163205949174387 
0.163192686290995 
0.163179421747695 
0.163166155535589 
0.163152887645843 
0.163139618069693 
0.163126346798441 
0.163113073823460 
0.163099799136194 
0.163086522728155 
0.163073244590929 
0.163059964716176 
0.163046683095627 
0.163033399721088 
0.163020114584441 
0.163006827677643 
0.162993538992730 
0.162980248521814 
0.162966956257087 
0.162953662190821 
0.162940366315366 
0.162927068623157 
0.162913769106710 
0.162900467758624 
0.162887164571584 
0.162873859538357 
0.162860552651802 
0.162847243904859 
0.162833933290560 
0.162820620802025 
0.162807306432465 
0.162793990175181 
0.162780672023567 
0.162767351971109 
0.162754030011390 
0.162740706138085 
0.162727380344966 
0.162714052625904 
0.162700722974867 
0.162687391385921 
0.162674057853235 
0.162660722371078 
0.162647384933820 
0.162634045535938 
0.162620704172010 
0.162607360836722 
0.162594015524867 
0.162580668231342 
0.162567318951159 
0.162553967679433 
0.162540614411397 
0.162527259142391 
0.162513901867871 
0.162500542583405 
0.162487181284680 
0.162473817967498 
0.162460452627776 
0.162447085261554 
0.162433715864989 
0.162420344434362 
0.162406970966073 
0.162393595456647 
0.162380217902736 
0.162366838301112 
0.162353456648679 
0.162340072942466 
0.162326687179631 
0.162313299357465 
0.162299909473389 
0.162286517524955 
0.162273123509851 
0.162259727425898 
0.162246329271055 
0.162232929043416 
0.162219526741215 
0.162206122362827 
0.162192715906764 
0.162179307371682 
0.162165896756380 
0.162152484059802 
0.162139069281035 
0.162125652419315 
0.162112233474025 
0.162098812444696 
0.162085389331009 
0.162071964132799 
0.162058536850051 
0.162045107482903 
0.162031676031650 
0.162018242496740 
0.162004806878780 
0.161991369178536 
0.161977929396932 
0.161964487535052 
0.161951043594142 
0.161937597575613 
0.161924149481037 
0.161910699312154 
0.161897247070866 
0.161883792759247 
0.161870336379537 
0.161856877934146 
0.161843417425656 
0.161829954856819 
0.161816490230561 
0.161803023549982 
0.161789554818358 
0.161776084039140 
0.161762611215958 
0.161749136352619 
0.161735659453109 
0.161722180521599 
0.161708699562436 
0.161695216580155 
0.161681731579472 
0.161668244565288 
0.161654755542691 
0.161641264516955 
0.161627771493544 
0.161614276478109 
0.161600779476493 
0.161587280494729 
0.161573779539042 
0.161560276615852 
0.161546771731770 
0.161533264893606 
0.161519756108362 
0.161506245383242 
0.161492732725643 
0.161479218143165 
0.161465701643606 
0.161452183234964 
0.161438662925441 
0.161425140723441 
0.161411616637571 
0.161398090676642 
0.161384562849672 
0.161371033165885 
0.161357501634710 
0.161343968265786 
0.161330433068960 
0.161316896054290 
0.161303357232042 
0.161289816612695 
0.161276274206939 
0.161262730025677 
0.161249184080026 
0.161235636381318 
0.161222086941098 
0.161208535771128 
0.161194982883386 
0.161181428290068 
0.161167872003587 
0.161154314036576 
0.161140754401884 
0.161127193112583 
0.161113630181965 
0.161100065623540 
0.161086499451046 
0.161072931678435 
0.161059362319890 
0.161045791389811 
0.161032218902827 
0.161018644873787 
0.161005069317768 
0.160991492250072 
0.160977913686226 
0.160964333641984 
0.160950752133326 
0.160937169176463 
0.160923584787829 
0.160909998984087 
0.160896411782133 
0.160882823199086 
0.160869233252298 
0.160855641959348 
0.160842049338047 
0.160828455406437 
0.160814860182787 
0.160801263685600 
0.160787665933607 
0.160774066945773 
0.160760466741292 
0.160746865339593 
0.160733262760332 
0.160719659023402 
0.160706054148924 
0.160692448157253 
0.160678841068975 
0.160665232904910 
0.160651623686110 
0.160638013433858 
0.160624402169671 
0.160610789915297 
0.160597176692717 
0.160583562524145 
0.160569947432026 
0.160556331439038 
0.160542714568091 
0.160529096842325 
0.160515478285114 
0.160501858920063 
0.160488238771008 
0.160474617862015 
0.160460996217383 
0.160447373861640 
0.160433750819545 
0.160420127116086 
0.160406502776482 
0.160392877826180 
0.160379252290856 
0.160365626196415 
0.160351999568990 
0.160338372434941 
0.160324744820855 
0.160311116753544 
0.160297488260050 
0.160283859367637 
0.160270230103793 
0.160256600496235 
0.160242970572898 
0.160229340361943 
0.160215709891752 
0.160202079190929 
0.160188448288300 
0.160174817212907 
0.160161185994015 
0.160147554661106 
0.160133923243877 
0.160120291772246 
0.160106660276344 
0.160093028786515 
0.160079397333321 
0.160065765947534 
0.160052134660137 
0.160038503502325 
0.160024872505502 
0.160011241701281 
0.159997611121482 
0.159983980798130 
0.159970350763456 
0.159956721049895 
0.159943091690083 
0.159929462716859 
0.159915834163260 
0.159902206062522 
0.159888578448078 
0.159874951353558 
0.159861324812784 
0.159847698859770 
0.159834073528726 
0.159820448854047 
0.159806824870318 
0.159793201612309 
0.159779579114977 
0.159765957413461 
0.159752336543082 
0.159738716539340 
0.159725097437914 
0.159711479274658 
0.159697862085602 
0.159684245906947 
0.159670630775067 
0.159657016726502 
0.159643403797961 
0.159629792026316 
0.159616181448604 
0.159602572102021 
0.159588964023923 
0.159575357251823 
0.159561751823386 
0.159548147776432 
0.159534545148930 
0.159520943978997 
0.159507344304896 
0.159493746165035 
0.159480149597959 
0.159466554642356 
0.159452961337048 
0.159439369720992 
0.159425779833275 
0.159412191713116 
0.159398605399858 
0.159385020932968 
0.159371438352037 
0.159357857696772 
0.159344279006999 
0.159330702322655 
0.159317127683790 
0.159303555130561 
0.159289984703231 
0.159276416442168 
0.159262850387836 
0.159249286580799 
0.159235725061716 
0.159222165871334 
0.159208609050494 
0.159195054640117 
0.159181502681212 
0.159167953214865 
0.159154406282238 
0.159140861924571 
0.159127320183171 
0.159113781099416 
0.159100244714744 
0.159086711070661 
0.159073180208727 
0.159059652170558 
0.159046126997824 
0.159032604732244 
0.159019085415581 
0.159005569089643 
0.158992055796276 
0.158978545577364 
0.158965038474820 
0.158951534530592 
0.158938033786652 
0.158924536284994 
0.158911042067633 
0.158897551176601 
0.158884063653942 
0.158870579541712 
0.158857098881970 
0.158843621716780 
0.158830148088206 
0.158816678038308 
0.158803211609138 
0.158789748842738 
0.158776289781136 
0.158762834466342 
0.158749382940346 
0.158735935245114 
0.158722491422582 
0.158709051514657 
0.158695615563211 
0.158682183610076 
0.158668755697045 
0.158655331865865 
0.158641912158233 
0.158628496615795 
0.158615085280143 
0.158601678192809 
0.158588275395261 
0.158574876928903 
0.158561482835072 
0.158548093155027 
0.158534707929955 
0.158521327200961 
0.158507951009069 
0.158494579395215 
0.158481212400247 
0.158467850064918 
0.158454492429885 
0.158441139535707 
0.158427791422837 
0.158414448131621 
0.158401109702299 
0.158387776174994 
0.158374447589714 
0.158361123986347 
0.158347805404656 
0.158334491884282 
0.158321183464733 
0.158307880185383 
0.158294582085474 
0.158281289204106 
0.158268001580238 
0.158254719252682 
0.158241442260104 
0.158228170641014 
0.158214904433773 
0.158201643676580 
0.158188388407475 
0.158175138664334 
0.158161894484866 
0.158148655906611 
0.158135422966935 
0.158122195703031 
0.158108974151911 
0.158095758350409 
0.158082548335174 
0.158069344142666 
0.158056145809160 
0.158042953370736 
0.158029766863280 
0.158016586322481 
0.158003411783828 
0.157990243282609 
0.157977080853905 
0.157963924532590 
0.157950774353329 
0.157937630350575 
0.157924492558565 
0.157911361011320 
0.157898235742643 
0.157885116786112 
0.157872004175085 
0.157858897942691 
0.157845798121833 
0.157832704745184 
0.157819617845182 
0.157806537454035 
0.157793463603711 
0.157780396325942 
0.157767335652220 
0.157754281613792 
0.157741234241665 
0.157728193566598 
0.157715159619106 
0.157702132429451 
0.157689112027647 
0.157676098443454 
0.157663091706380 
0.157650091845677 
0.157637098890339 
0.157624112869105 
0.157611133810450 
0.157598161742593 
0.157585196693486 
0.157572238690820 
0.157559287762022 
0.157546343934252 
0.157533407234403 
0.157520477689099 
0.157507555324698 
0.157494640167285 
0.157481732242675 
0.157468831576411 
0.157455938193763 
0.157443052119728 
0.157430173379028 
0.157417301996110 
0.157404437995145 
0.157391581400028 
0.157378732234378 
0.157365890521535 
0.157353056284560 
0.157340229546239 
0.157327410329075 
0.157314598655295 
0.157301794546843 
0.157288998025387 
0.157276209112312 
0.157263427828723 
0.157250654195446 
0.157237888233024 
0.157225129961722 
0.157212379401522 
0.157199636572127 
0.157186901492956 
0.157174174183151 
0.157161454661574 
0.157148742946802 
0.157136039057136 
0.157123343010596 
0.157110654824922 
0.157097974517575 
0.157085302105738 
0.157072637606313 
0.157059981035927 
0.157047332410928 
0.157034691747387 
0.157022059061098 
0.157009434367580 
0.156996817682077 
0.156984209019557 
0.156971608394715 
0.156959015821974 
0.156946431315481 
0.156933854889115 
0.156921286556483 
0.156908726330922 
0.156896174225500 
0.156883630253017 
0.156871094426007 
0.156858566756735 
0.156846047257204 
0.156833535939151 
0.156821032814051 
0.156808537893118 
0.156796051187304 
0.156783572707302 
0.156771102463547 
0.156758640466216 
0.156746186725233 
0.156733741250263 
0.156721304050723 
0.156708875135775 
0.156696454514331 
0.156684042195054 
0.156671638186360 
0.156659242496419 
0.156646855133156 
0.156634476104252 
0.156622105417149 
0.156609743079045 
0.156597389096902 
0.156585043477445 
0.156572706227163 
0.156560377352312 
0.156548056858914 
0.156535744752763 
0.156523441039422 
0.156511145724229 
0.156498858812296 
0.156486580308510 
0.156474310217538 
0.156462048543826 
0.156449795291602 
0.156437550464879 
0.156425314067452 
0.156413086102906 
0.156400866574614 
0.156388655485740 
0.156376452839241 
0.156364258637868 
0.156352072884170 
0.156339895580492 
0.156327726728983 
0.156315566331590 
0.156303414390069 
0.156291270905978 
0.156279135880686 
0.156267009315371 
0.156254891211024 
0.156242781568449 
0.156230680388268 
0.156218587670919 
0.156206503416661 
0.156194427625577 
0.156182360297572 
0.156170301432379 
0.156158251029557 
0.156146209088498 
0.156134175608426 
0.156122150588398 
0.156110134027307 
0.156098125923890 
0.156086126276718 
0.156074135084208 
0.156062152344623 
0.156050178056070 
0.156038212216506 
0.156026254823742 
0.156014305875439 
0.156002365369112 
0.155990433302137 
0.155978509671748 
0.155966594475040 
0.155954687708971 
0.155942789370367 
0.155930899455919 
0.155919017962189 
0.155907144885612 
0.155895280222494 
0.155883423969019 
0.155871576121250 
0.155859736675129 
0.155847905626479 
0.155836082971008 
0.155824268704312 
0.155812462821873 
0.155800665319063 
0.155788876191150 
0.155777095433292 
0.155765323040546 
0.155753559007866 
0.155741803330107 
0.155730056002028 
0.155718317018288 
0.155706586373458 
0.155694864062014 
0.155683150078340 
0.155671444416739 
0.155659747071421 
0.155648058036517 
0.155636377306074 
0.155624704874059 
0.155613040734361 
0.155601384880794 
0.155589737307096 
0.155578098006934 
0.155566466973903 
0.155554844201530 
0.155543229683275 
0.155531623412533 
0.155520025382635 
0.155508435586852 
0.155496854018394 
0.155485280670414 
0.155473715536009 
0.155462158608221 
0.155450609880041 
0.155439069344405 
0.155427536994206 
0.155416012822284 
0.155404496821437 
0.155392988984417 
0.155381489303934 
0.155369997772658 
0.155358514383218 
0.155347039128208 
0.155335572000186 
0.155324112991673 
0.155312662095159 
0.155301219303103 
0.155289784607935 
0.155278358002055 
0.155266939477838 
0.155255529027633 
0.155244126643767 
0.155232732318542 
0.155221346044243 
0.155209967813132 
0.155198597617456 
0.155187235449445 
0.155175881301312 
0.155164535165260 
0.155153197033475 
0.155141866898135 
0.155130544751409 
0.155119230585456 
0.155107924392428 
0.155096626164472 
0.155085335893728 
0.155074053572337 
0.155062779192433 
0.155051512746153 
0.155040254225631 
0.155029003623005 
0.155017760930414 
0.155006526140001 
0.154995299243913 
0.154984080234304 
0.154972869103334 
0.154961665843172 
0.154950470445993 
0.154939282903986 
0.154928103209348 
0.154916931354289 
0.154905767331032 
0.154894611131813 
0.154883462748883 
0.154872322174509 
0.154861189400973 
0.154850064420578 
0.154838947225641 
0.154827837808499 
0.154816736161511 
0.154805642277054 
0.154794556147528 
0.154783477765353 
0.154772407122975 
0.154761344212861 
0.154750289027503 
0.154739241559417 
0.154728201801146 
0.154717169745259 
0.154706145384351 
0.154695128711044 
0.154684119717989 
0.154673118397866 
0.154662124743382 
0.154651138747274 
0.154640160402311 
0.154629189701291 
0.154618226637043 
0.154607271202427 
0.154596323390337 
0.154585383193697 
0.154574450605466 
0.154563525618633 
0.154552608226222 
0.154541698421292 
0.154530796196934 
0.154519901546275 
0.154509014462474 
0.154498134938728 
0.154487262968268 
0.154476398544360 
0.154465541660306 
0.154454692309443 
0.154443850485146 
0.154433016180823 
0.154422189389921 
0.154411370105921 
0.154400558322344 
0.154389754032745 
0.154378957230714 
0.154368167909882 
0.154357386063914 
0.154346611686512 
0.154335844771415 
0.154325085312399 
0.154314333303277 
0.154303588737899 
0.154292851610150 
0.154282121913952 
0.154271399643266 
0.154260684792086 
0.154249977354444 
0.154239277324409 
0.154228584696084 
0.154217899463610 
0.154207221621162 
0.154196551162950 
0.154185888083221 
0.154175232376256 
0.154164584036372 
0.154153943057919 
0.154143309435282 
0.154132683162880 
0.154122064235167 
0.154111452646628 
0.154100848391782 
0.154090251465183 
0.154079661861415 
0.154069079575094 
0.154058504600869 
0.154047936933421 
0.154037376567461 
0.154026823497729 
0.154016277718999 
0.154005739226071 
0.153995208013777 
0.153984684076976 
0.153974167410557 
0.153963658009437 
0.153953155868559 
0.153942660982895 
0.153932173347441 
0.153921692957222 
0.153911219807286 
0.153900753892708 
0.153890295208586 
0.153879843750044 
0.153869399512227 
0.153858962490303 
0.153848532679465 
0.153838110074924 
0.153827694671916 
0.153817286465695 
0.153806885451535 
0.153796491624731 
0.153786104980595 
0.153775725514458 
0.153765353221668 
0.153754988097591 
0.153744630137609 
0.153734279337120 
0.153723935691534 
0.153713599196280 
0.153703269846796 
0.153692947638538 
0.153682632566971 
0.153672324627571 
0.153662023815829 
0.153651730127243 
0.153641443557321 
0.153631164101583 
0.153620891755552 
0.153610626514765 
0.153600368374760 
0.153590117331086 
0.153579873379295 
0.153569636514945 
0.153559406733597 
0.153549184030817 
0.153538968402172 
0.153528759843232 
0.153518558349571 
0.153508363916758 
0.153498176540367 
0.153487996215969 
0.153477822939135 
0.153467656705431 
0.153457497510424 
0.153447345349674 
0.153437200218738 
0.153427062113171 
0.153416931028516 
0.153406806960315 
0.153396689904102 
0.153386579855402 
0.153376476809730 
0.153366380762596 
0.153356291709498 
0.153346209645922 
0.153336134567345 
0.153326066469231 
0.153316005347032 
0.153305951196186 
0.153295904012118 
0.153285863790237 
0.153275830525937 
0.153265804214598 
0.153255784851581 
0.153245772432231 
0.153235766951874 
0.153225768405818 
0.153215776789352 
0.153205792097745 
0.153195814326244 
0.153185843470077 
0.153175879524450 
0.153165922484545 
0.153155972345522 
0.153146029102517 
0.153136092750642 
0.153126163284984 
0.153116240700605 
0.153106324992540 
0.153096416155799 
0.153086514185361 
0.153076619076183 
0.153066730823188 
0.153056849421274 
0.153046974865309 
0.153037107150128 
0.153027246270538 
0.153017392221316 
0.153007544997205 
0.152997704592917 
0.152987871003131 
0.152978044222492 
0.152968224245614 
0.152958411067074 
0.152948604681417 
0.152938805083150 
0.152929012266747 
0.152919226226644 
0.152909446957243 
0.152899674452906 
0.152889908707961 
0.152880149716694 
0.152870397473358 
0.152860651972164 
0.152850913207283 
0.152841181172849 
0.152831455862958 
0.152821737271660 
0.152812025392969 
0.152802320220858 
0.152792621749256 
0.152782929972054 
0.152773244883097 
0.152763566476191 
0.152753894745099 
0.152744229683539 
0.152734571285188 
0.152724919543678 
0.152715274452599 
0.152705636005495 
0.152696004195868 
0.152686379017172 
0.152676760462818 
0.152667148526174 
0.152657543200559 
0.152647944479249 
0.152638352355474 
0.152628766822416 
0.152619187873213 
0.152609615500956 
0.152600049698690 
0.152590490459411 
0.152580937776071 
0.152571391641573 
0.152561852048774 
0.152552318990484 
0.152542792459463 
0.152533272448427 
0.152523758950041 
0.152514251956924 
0.152504751461647 
0.152495257456732 
0.152485769934655 
0.152476288887842 
0.152466814308671 
0.152457346189471 
0.152447884522525 
0.152438429300066 
0.152428980514278 
0.152419538157298 
0.152410102221214 
0.152400672698066 
0.152391249579845 
0.152381832858492 
0.152372422525903 
0.152363018573922 
0.152353620994348 
0.152344229778929 
0.152334844919366 
0.152325466407311 
0.152316094234368 
0.152306728392093 
0.152297368871994 
0.152288015665530 
0.152278668764115 
0.152269328159112 
0.152259993841837 
0.152250665803559 
0.152241344035500 
0.152232028528833 
0.152222719274686 
0.152213416264137 
0.152204119488218 
0.152194828937917 
0.152185544604172 
0.152176266477875 
0.152166994549873 
0.152157728810966 
0.152148469251907 
0.152139215863404 
0.152129968636120 
0.152120727560672 
0.152111492627631 
0.152102263827526 
0.152093041150836 
0.152083824588000 
0.152074614129409 
0.152065409765414 
0.152056211486318 
0.152047019282383 
0.152037833143826 
0.152028653060821 
0.152019479023500 
0.152010311021950 
0.152001149046220 
0.151991993086311 
0.151982843132187 
0.151973699173768 
0.151964561200933 
0.151955429203520 
0.151946303171326 
0.151937183094108 
0.151928068961581 
0.151918960763424 
0.151909858489271 
0.151900762128722 
0.151891671671334 
0.151882587106629 
0.151873508424086 
0.151864435613150 
0.151855368663226 
0.151846307563684 
0.151837252303853 
0.151828202873029 
0.151819159260470 
0.151810121455398 
0.151801089446999 
0.151792063224424 
0.151783042776789 
0.151774028093176 
0.151765019162631 
0.151756015974167 
0.151747018516764 
0.151738026779366 
0.151729040750889 
0.151720060420212 
0.151711085776184 
0.151702116807620 
0.151693153503306 
0.151684195851996 
0.151675243842414 
0.151666297463252 
0.151657356703173 
0.151648421550810 
0.151639491994768 
0.151630568023623 
0.151621649625920 
0.151612736790179 
0.151603829504891 
0.151594927758518 
0.151586031539500 
0.151577140836246 
0.151568255637139 
0.151559375930538 
0.151550501704776 
0.151541632948161 
0.151532769648976 
0.151523911795481 
0.151515059375910 
0.151506212378476 
0.151497370791367 
0.151488534602749 
0.151479703800767 
0.151470878373541 
0.151462058309172 
0.151453243595741 
0.151444434221304 
0.151435630173902 
0.151426831441550 
0.151418038012249 
0.151409249873977 
0.151400467014696 
0.151391689422349 
0.151382917084859 
0.151374149990134 
0.151365388126062 
0.151356631480516 
0.151347880041353 
0.151339133796413 
0.151330392733520 
0.151321656840484 
0.151312926105097 
0.151304200515142 
0.151295480058383 
0.151286764722570 
0.151278054495444 
0.151269349364729 
0.151260649318138 
0.151251954343372 
0.151243264428118 
0.151234579560054 
0.151225899726845 
0.151217224916148 
0.151208555115605 
0.151199890312852 
0.151191230495514 
0.151182575651207 
0.151173925767536 
0.151165280832100 
0.151156640832490 
0.151148005756286 
0.151139375591063 
0.151130750324388 
0.151122129943823 
0.151113514436921 
0.151104903791230 
0.151096297994292 
0.151087697033645 
0.151079100896819 
0.151070509571342 
0.151061923044737 
0.151053341304521 
0.151044764338212 
0.151036192133320 
0.151027624677353 
0.151019061957818 
0.151010503962219 
0.151001950678056 
0.150993402092831 
0.150984858194040 
0.150976318969183 
0.150967784405756 
0.150959254491255 
0.150950729213177 
0.150942208559018 
0.150933692516276 
0.150925181072448 
0.150916674215034 
0.150908171931535 
0.150899674209452 
0.150891181036291 
0.150882692399558 
0.150874208286764 
0.150865728685420 
0.150857253583043 
0.150848782967151 
0.150840316825270 
0.150831855144925 
0.150823397913649 
0.150814945118979 
0.150806496748456 
0.150798052789627 
0.150789613230045 
0.150781178057268 
0.150772747258861 
0.150764320822394 
0.150755898735445 
0.150747480985599 
0.150739067560446 
0.150730658447586 
0.150722253634626 
0.150713853109180 
0.150705456858871 
0.150697064871330 
0.150688677134199 
0.150680293635125 
0.150671914361766 
0.150663539301792 
0.150655168442877 
0.150646801772711 
0.150638439278990 
0.150630080949423 
0.150621726771727 
0.150613376733633 
0.150605030822879 
0.150596689027220 
0.150588351334416 
0.150580017732245 
0.150571688208492 
0.150563362750956 
0.150555041347450 
0.150546723985797 
0.150538410653835 
0.150530101339414 
0.150521796030396 
0.150513494714659 
0.150505197380093 
0.150496904014603 
0.150488614606106 
0.150480329142535 
0.150472047611837 
0.150463770001974 
0.150455496300922 
0.150447226496673 
0.150438960577232 
0.150430698530623 
0.150422440344881 
0.150414186008061 
0.150405935508231 
0.150397688833476 
0.150389445971897 
0.150381206911613 
0.150372971640758 
0.150364740147482 
0.150356512419954 
0.150348288446357 
0.150340068214895 
0.150331851713786 
0.150323638931268 
0.150315429855596 
0.150307224475041 
0.150299022777894 
0.150290824752463 
0.150282630387077 
0.150274439670079 
0.150266252589833 
0.150258069134721 
0.150249889293146 
0.150241713053526 
0.150233540404301 
0.150225371333930 
0.150217205830889 
0.150209043883677 
0.150200885480810 
0.150192730610825 
0.150184579262277 
0.150176431423743 
0.150168287083819 
0.150160146231122 
0.150152008854288 
0.150143874941974 
0.150135744482858 
0.150127617465638 
0.150119493879033 
0.150111373711784 
0.150103256952649 
0.150095143590411 
0.150087033613873 
0.150078927011859 
0.150070823773214 
0.150062723886805 
0.150054627341520 
0.150046534126268 
0.150038444229982 
0.150030357641614 
0.150022274350139 
0.150014194344554 
0.150006117613878 
0.149998044147152 
0.149989973933440 
0.149981906961826 
0.149973843221418 
0.149965782701346 
0.149957725390763 
0.149949671278844 
0.149941620354786 
0.149933572607809 
0.149925528027157 
0.149917486602096 
0.149909448321913 
0.149901413175921 
0.149893381153453 
0.149885352243867 
0.149877326436544 
0.149869303720886 
0.149861284086322 
0.149853267522300 
0.149845254018295 
0.149837243563802 
0.149829236148342 
0.149821231761457 
0.149813230392715 
0.149805232031706 
0.149797236668044 
0.149789244291366 
0.149781254891334 
0.149773268457631 
0.149765284979966 
0.149757304448071 
0.149749326851702 
0.149741352180638 
0.149733380424684 
0.149725411573665 
0.149717445617433 
0.149709482545863 
0.149701522348854 
0.149693565016328 
0.149685610538232 
0.149677658904537 
0.149669710105238 
0.149661764130352 
0.149653820969924 
0.149645880614018 
0.149637943052727 
0.149630008276166 
0.149622076274473 
0.149614147037810 
0.149606220556366 
0.149598296820351 
0.149590375820002 
0.149582457545576 
0.149574541987358 
0.149566629135656 
0.149558718980801 
0.149550811513150 
0.149542906723082 
0.149535004601001 
0.149527105137337 
0.149519208322540 
0.149511314147089 
0.149503422601483 
0.149495533676248 
0.149487647361932 
0.149479763649107 
0.149471882528373 
0.149464003990349 
0.149456128025680 
0.149448254625037 
0.149440383779111 
0.149432515478621 
0.149424649714307 
0.149416786476935 
0.149408925757295 
0.149401067546199 
0.149393211834484 
0.149385358613012 
0.149377507872667 
0.149369659604358 
0.149361813799018 
0.149353970447603 
0.149346129541094 
0.149338291070495 
0.149330455026832 
0.149322621401158 
0.149314790184548 
0.149306961368101 
0.149299134942939 
0.149291310900209 
0.149283489231079 
0.149275669926743 
0.149267852978418 
0.149260038377343 
0.149252226114782 
0.149244416182023 
0.149236608570377 
0.149228803271175 
0.149221000275776 
0.149213199575559 
0.149205401161928 
0.149197605026310 
0.149189811160153 
0.149182019554932 
0.149174230202141 
0.149166443093300 
0.149158658219951 
0.149150875573658 
0.149143095146009 
0.149135316928615 
0.149127540913108 
0.149119767091144 
0.149111995454403 
0.149104225994586 
0.149096458703416 
0.149088693572640 
0.149080930594027 
0.149073169759368 
0.149065411060477 
0.149057654489191 
0.149049900037367 
0.149042147696887 
0.149034397459652 
0.149026649317589 
0.149018903262645 
0.149011159286787 
0.149003417382008 
0.148995677540320 
0.148987939753759 
0.148980204014380 
0.148972470314262 
0.148964738645506 
0.148957009000232 
0.148949281370586 
0.148941555748730 
0.148933832126851 
0.148926110497157 
0.148918390851877 
0.148910673183262 
0.148902957483582 
0.148895243745129 
0.148887531960219 
0.148879822121185 
0.148872114220384 
0.148864408250191 
0.148856704203004 
0.148849002071241 
0.148841301847342 
0.148833603523765 
0.148825907092990 
0.148818212547519 
0.148810519879872 
0.148802829082590 
0.148795140148236 
0.148787453069391 
0.148779767838658 
0.148772084448658 
0.148764402892034 
0.148756723161448 
0.148749045249582 
0.148741369149139 
0.148733694852839 
0.148726022353425 
0.148718351643657 
0.148710682716316 
0.148703015564203 
0.148695350180135 
0.148687686556953 
0.148680024687514 
0.148672364564697 
0.148664706181396 
0.148657049530528 
0.148649394605028 
0.148641741397849 
0.148634089901962 
0.148626440110359 
0.148618792016049 
0.148611145612061 
0.148603500891442 
0.148595857847256 
0.148588216472589 
0.148580576760540 
0.148572938704232 
0.148565302296802 
0.148557667531408 
0.148550034401223 
0.148542402899439 
0.148534773019269 
0.148527144753938 
0.148519518096695 
0.148511893040802 
0.148504269579540 
0.148496647706208 
0.148489027414122 
0.148481408696616 
0.148473791547040 
0.148466175958761 
0.148458561925166 
0.148450949439656 
0.148443338495650 
0.148435729086584 
0.148428121205911 
0.148420514847099 
0.148412910003636 
0.148405306669024 
0.148397704836781 
0.148390104500443 
0.148382505653564 
0.148374908289709 
0.148367312402465 
0.148359717985431 
0.148352125032223 
0.148344533536475 
0.148336943491835 
0.148329354891966 
0.148321767730550 
0.148314182001281 
0.148306597697870 
0.148299014814044 
0.148291433343544 
0.148283853280129 
0.148276274617571 
0.148268697349658 
0.148261121470191 
0.148253546972990 
0.148245973851887 
0.148238402100730 
0.148230831713380 
0.148223262683716 
0.148215695005629 
0.148208128673025 
0.148200563679826 
0.148193000019966 
0.148185437687395 
0.148177876676076 
0.148170316979988 
0.148162758593122 
0.148155201509485 
0.148147645723096 
0.148140091227991 
0.148132538018214 
0.148124986087829 
0.148117435430909 
0.148109886041544 
0.148102337913834 
0.148094791041896 
0.148087245419857 
0.148079701041860 
0.148072157902059 
0.148064615994623 
0.148057075313732 
0.148049535853580 
0.148041997608373 
0.148034460572331 
0.148026924739687 
0.148019390104685 
0.148011856661582 
0.148004324404648 
0.147996793328165 
0.147989263426427 
0.147981734693742 
0.147974207124427 
0.147966680712814 
0.147959155453244 
0.147951631340075 
0.147944108367670 
0.147936586530409 
0.147929065822682 
0.147921546238890 
0.147914027773446 
0.147906510420775 
0.147898994175313 
0.147891479031508 
0.147883964983817 
0.147876452026710 
0.147868940154668 
0.147861429362182 
0.147853919643756 
0.147846410993902 
0.147838903407146 
0.147831396878021 
0.147823891401073 
0.147816386970859 
0.147808883581945 
0.147801381228908 
0.147793879906335 
0.147786379608825 
0.147778880330984 
0.147771382067430 
0.147763884812792 
0.147756388561707 
0.147748893308824 
0.147741399048799 
0.147733905776299 
0.147726413486002 
0.147718922172595 
0.147711431830773 
0.147703942455241 
0.147696454040715 
0.147688966581919 
0.147681480073586 
0.147673994510459 
0.147666509887289 
0.147659026198837 
0.147651543439873 
0.147644061605174 
0.147636580689529 
0.147629100687733 
0.147621621594591 
0.147614143404916 
0.147606666113529 
0.147599189715261 
0.147591714204951 
0.147584239577444 
0.147576765827597 
0.147569292950272 
0.147561820940341 
0.147554349792682 
0.147546879502184 
0.147539410063742 
0.147531941472257 
0.147524473722641 
0.147517006809813 
0.147509540728698 
0.147502075474229 
0.147494611041348 
0.147487147425003 
0.147479684620149 
0.147472222621750 
0.147464761424775 
0.147457301024203 
0.147449841415017 
0.147442382592208 
0.147434924550775 
0.147427467285722 
0.147420010792062 
0.147412555064813 
0.147405100098999 
0.147397645889655 
0.147390192431816 
0.147382739720528 
0.147375287750843 
0.147367836517817 
0.147360386016514 
0.147352936242005 
0.147345487189364 
0.147338038853675 
0.147330591230025 
0.147323144313509 
0.147315698099224 
0.147308252582279 
0.147300807757785 
0.147293363620857 
0.147285920166619 
0.147278477390198 
0.147271035286729 
0.147263593851351 
0.147256153079207 
0.147248712965448 
0.147241273505228 
0.147233834693708 
0.147226396526052 
0.147218958997431 
0.147211522103020 
0.147204085837998 
0.147196650197551 
0.147189215176869 
0.147181780771145 
0.147174346975579 
0.147166913785374 
0.147159481195739 
0.147152049201885 
0.147144617799030 
0.147137186982396 
0.147129756747207 
0.147122327088694 
0.147114898002091 
0.147107469482635 
0.147100041525569 
0.147092614126140 
0.147085187279596 
0.147077760981192 
0.147070335226186 
0.147062910009839 
0.147055485327416 
0.147048061174186 
0.147040637545421 
0.147033214436397 
0.147025791842394 
0.147018369758693 
0.147010948180581 
0.147003527103347 
0.146996106522283 
0.146988686432685 
0.146981266829851 
0.146973847709084 
0.146966429065687 
0.146959010894969 
0.146951593192239 
0.146944175952812 
0.146936759172002 
0.146929342845129 
0.146921926967514 
0.146914511534480 
0.146907096541354 
0.146899681983465 
0.146892267856145 
0.146884854154725 
0.146877440874543 
0.146870028010936 
0.146862615559246 
0.146855203514813 
0.146847791872982 
0.146840380629100 
0.146832969778516 
0.146825559316578 
0.146818149238641 
0.146810739540056 
0.146803330216181 
0.146795921262372 
0.146788512673988 
0.146781104446390 
0.146773696574940 
0.146766289055000 
0.146758881881937 
0.146751475051115 
0.146744068557903 
0.146736662397669 
0.146729256565784 
0.146721851057617 
0.146714445868541 
0.146707040993931 
0.146699636429158 
0.146692232169598 
0.146684828210628 
0.146677424547624 
0.146670021175963 
0.146662618091023 
0.146655215288184 
0.146647812762824 
0.146640410510324 
0.146633008526063 
0.146625606805424 
0.146618205343786 
0.146610804136532 
0.146603403179043 
0.146596002466701 
0.146588601994889 
0.146581201758988 
0.146573801754382 
0.146566401976453 
0.146559002420583 
0.146551603082155 
0.146544203956551 
0.146536805039152 
0.146529406325341 
0.146522007810499 
0.146514609490008 
0.146507211359247 
0.146499813413598 
0.146492415648441 
0.146485018059154 
0.146477620641115 
0.146470223389705 
0.146462826300299 
0.146455429368275 
0.146448032589007 
0.146440635957872 
0.146433239470243 
0.146425843121494 
0.146418446906996 
0.146411050822121 
0.146403654862239 
0.146396259022719 
0.146388863298927 
0.146381467686231 
0.146374072179997 
0.146366676775587 
0.146359281468364 
0.146351886253689 
0.146344491126921 
0.146337096083419 
0.146329701118539 
0.146322306227636 
0.146314911406062 
0.146307516649168 
0.146300121952305 
0.146292727310821 
0.146285332720060 
0.146277938175366 
0.146270543672082 
0.146263149205548 
0.146255754771100 
0.146248360364075 
0.146240965979807 
0.146233571613625 
0.146226177260860 
0.146218782916837 
0.146211388576883 
0.146203994236318 
0.146196599890460 
0.146189205534628 
0.146181811164137 
0.146174416774296 
0.146167022360416 
0.146159627917803 
0.146152233441761 
0.146144838927590 
0.146137444370588 
0.146130049766050 
0.146122655109269 
0.146115260395533 
0.146107865620129 
0.146100470778340 
0.146093075865444 
0.146085680876720 
0.146078285807441 
0.146070890652877 
0.146063495408294 
0.146056100068956 
0.146048704630123 
0.146041309087052 
0.146033913434997 
0.146026517669205 
0.146019121784924 
0.146011725777395 
0.146004329641858 
0.145996933373546 
0.145989536967692 
0.145982140419522 
0.145974743724260 
0.145967346877124 
0.145959949873330 
0.145952552708090 
0.145945155376611 
0.145937757874096 
0.145930360195744 
0.145922962336749 
0.145915564292303 
0.145908166057591 
0.145900767627796 
0.145893368998094 
0.145885970163658 
0.145878571119658 
0.145871171861256 
0.145863772383613 
0.145856372681883 
0.145848972751216 
0.145841572586758 
0.145834172183648 
0.145826771537023 
0.145819370642014 
0.145811969493745 
0.145804568087338 
0.145797166417910 
0.145789764480571 
0.145782362270427 
0.145774959782578 
0.145767557012120 
0.145760153954143 
0.145752750603732 
0.145745346955967 
0.145737943005922 
0.145730538748665 
0.145723134179260 
0.145715729292765 
0.145708324084231 
0.145700918548705 
0.145693512681230 
0.145686106476839 
0.145678699930562 
0.145671293037423 
0.145663885792440 
0.145656478190625 
0.145649070226983 
0.145641661896515 
0.145634253194216 
0.145626844115073 
0.145619434654067 
0.145612024806174 
0.145604614566365 
0.145597203929602 
0.145589792890842 
0.145582381445036 
0.145574969587128 
0.145567557312056 
0.145560144614752 
0.145552731490139 
0.145545317933137 
0.145537903938656 
0.145530489501602 
0.145523074616873 
0.145515659279361 
0.145508243483950 
0.145500827225517 
0.145493410498934 
0.145485993299066 
0.145478575620767 
0.145471157458891 
0.145463738808278 
0.145456319663765 
0.145448900020179 
0.145441479872344 
0.145434059215073 
0.145426638043172 
0.145419216351442 
0.145411794134675 
0.145404371387655 
0.145396948105159 
0.145389524281959 
0.145382099912815 
0.145374674992482 
0.145367249515707 
0.145359823477230 
0.145352396871781 
0.145344969694086 
0.145337541938859 
0.145330113600809 
0.145322684674635 
0.145315255155030 
0.145307825036678 
0.145300394314256 
0.145292962982430 
0.145285531035862 
0.145278098469202 
0.145270665277094 
0.145263231454174 
0.145255796995068 
0.145248361894395 
0.145240926146765 
0.145233489746780 
0.145226052689033 
0.145218614968108 
0.145211176578583 
0.145203737515024 
0.145196297771991 
0.145188857344033 
0.145181416225692 
0.145173974411501 
0.145166531895983 
0.145159088673655 
0.145151644739021 
0.145144200086580 
0.145136754710819 
0.145129308606218 
0.145121861767246 
0.145114414188366 
0.145106965864027 
0.145099516788674 
0.145092066956740 
0.145084616362650 
0.145077165000817 
0.145069712865648 
0.145062259951539 
0.145054806252876 
0.145047351764038 
0.145039896479392 
0.145032440393295 
0.145024983500098 
0.145017525794138 
0.145010067269747 
0.145002607921242 
0.144995147742936 
0.144987686729126 
0.144980224874105 
0.144972762172153 
0.144965298617540 
0.144957834204528 
0.144950368927368 
0.144942902780300 
0.144935435757556 
0.144927967853356 
0.144920499061912 
0.144913029377424 
0.144905558794082 
0.144898087306068 
0.144890614907551 
0.144883141592692 
0.144875667355640 
0.144868192190534 
0.144860716091504 
0.144853239052668 
0.144845761068134 
0.144838282132000 
0.144830802238354 
0.144823321381273 
0.144815839554823 
0.144808356753059 
0.144800872970028 
0.144793388199763 
0.144785902436289 
0.144778415673620 
0.144770927905757 
0.144763439126692 
0.144755949330408 
0.144748458510874 
0.144740966662050 
0.144733473777886 
0.144725979852319 
0.144718484879276 
0.144710988852674 
0.144703491766418 
0.144695993614403 
0.144688494390512 
0.144680994088618 
0.144673492702583 
0.144665990226258 
0.144658486653481 
0.144650981978082 
0.144643476193879 
0.144635969294678 
0.144628461274274 
0.144620952126451 
0.144613441844984 
0.144605930423634 
0.144598417856152 
0.144590904136280 
0.144583389257744 
0.144575873214263 
0.144568355999543 
0.144560837607280 
0.144553318031158 
0.144545797264849 
0.144538275302016 
0.144530752136310 
0.144523227761369 
0.144515702170821 
0.144508175358284 
0.144500647317364 
0.144493118041655 
0.144485587524741 
0.144478055760194 
0.144470522741575 
0.144462988462433 
0.144455452916308 
0.144447916096728 
0.144440377997208 
0.144432838611253 
0.144425297932359 
0.144417755954007 
0.144410212669670 
0.144402668072808 
0.144395122156871 
0.144387574915297 
0.144380026341515 
0.144372476428940 
0.144364925170978 
0.144357372561024 
0.144349818592461 
0.144342263258661 
0.144334706552987 
0.144327148468789 
0.144319588999407 
0.144312028138170 
0.144304465878397 
0.144296902213394 
0.144289337136459 
0.144281770640878 
0.144274202719927 
0.144266633366869 
0.144259062574960 
0.144251490337444 
0.144243916647552 
0.144236341498509 
0.144228764883526 
0.144221186795807 
0.144213607228542 
0.144206026174914 
0.144198443628093 
0.144190859581241 
0.144183274027509 
0.144175686960038 
0.144168098371960 
0.144160508256397 
0.144152916606459 
0.144145323415248 
0.144137728675858 
0.144130132381370 
0.144122534524858 
0.144114935099386 
0.144107334098008 
0.144099731513768 
0.144092127339704 
0.144084521568842 
0.144076914194199 
0.144069305208786 
0.144061694605601 
0.144054082377636 
0.144046468517874 
0.144038853019290 
0.144031235874849 
0.144023617077509 
0.144015996620219 
0.144008374495921 
0.144000750697547 
0.143993125218025 
0.143985498050270 
0.143977869187195 
0.143970238621701 
0.143962606346684 
0.143954972355031 
0.143947336639626 
0.143939699193340 
0.143932060009043 
0.143924419079594 
0.143916776397849 
0.143909131956654 
0.143901485748852 
0.143893837767280 
0.143886188004766 
0.143878536454136 
0.143870883108207 
0.143863227959794 
0.143855571001704 
0.143847912226740 
0.143840251627703 
0.143832589197383 
0.143824924928572 
0.143817258814054 
0.143809590846611 
0.143801921019019 
0.143794249324052 
0.143786575754482 
0.143778900303073 
0.143771222962592 
0.143763543725798 
0.143755862585450 
0.143748179534305 
0.143740494565118 
0.143732807670640 
0.143725118843622 
0.143717428076815 
0.143709735362965 
0.143702040694822 
0.143694344065133 
0.143686645466643 
0.143678944892099 
0.143671242334250 
0.143663537785842 
0.143655831239622 
0.143648122688342 
0.143640412124751 
0.143632699541602 
0.143624984931649 
0.143617268287650 
0.143609549602363 
0.143601828868551 
0.143594106078980 
0.143586381226418 
0.143578654303639 
0.143570925303420 
0.143563194218544 
0.143555461041797 
0.143547725765972 
0.143539988383866 
0.143532248888284 
0.143524507272036 
0.143516763527941 
0.143509017648822 
0.143501269627511 
0.143493519456849 
0.143485767129685 
0.143478012638875 
0.143470255977287 
0.143462497137797 
0.143454736113291 
0.143446972896667 
0.143439207480831 
0.143431439858705 
0.143423670023218 
0.143415897967315 
0.143408123683952 
0.143400347166099 
0.143392568406738 
0.143384787398869 
0.143377004135502 
0.143369218609666 
0.143361430814404 
0.143353640742777 
0.143345848387859 
0.143338053742746 
0.143330256800549 
0.143322457554397 
0.143314655997441 
0.143306852122849 
0.143299045923808 
0.143291237393529 
0.143283426525243 
0.143275613312202 
0.143267797747679 
0.143259979824974 
0.143252159537407 
0.143244336878325 
0.143236511841098 
0.143228684419121 
0.143220854605819 
0.143213022394638 
0.143205187779057 
0.143197350752579 
0.143189511308739 
0.143181669441098 
0.143173825143251 
0.143165978408821 
0.143158129231464 
0.143150277604867 
0.143142423522753 
0.143134566978874 
0.143126707967021 
0.143118846481018 
0.143110982514725 
0.143103116062039 
0.143095247116895 
0.143087375673265 
0.143079501725161 
0.143071625266636 
0.143063746291782 
0.143055864794732 
0.143047980769664 
0.143040094210796 
0.143032205112392 
0.143024313468761 
0.143016419274256 
0.143008522523277 
0.143000623210274 
0.142992721329742 
0.142984816876226 
0.142976909844323 
0.142969000228678 
0.142961088023990 
0.142953173225011 
0.142945255826544 
0.142937335823451 
0.142929413210647 
0.142921487983103 
0.142913560135850 
0.142905629663975 
0.142897696562626 
0.142889760827011 
0.142881822452401 
0.142873881434127 
0.142865937767586 
0.142857991448237 
0.142850042471607 
0.142842090833288 
0.142834136528941 
0.142826179554294 
0.142818219905147 
0.142810257577370 
0.142802292566903 
0.142794324869763 
0.142786354482037 
0.142778381399890 
0.142770405619562 
0.142762427137372 
0.142754445949716 
0.142746462053070 
0.142738475443991 
0.142730486119119 
0.142722494075176 
0.142714499308968 
0.142706501817388 
0.142698501597415 
0.142690498646114 
0.142682492960642 
0.142674484538245 
0.142666473376260 
0.142658459472117 
0.142650442823339 
0.142642423427546 
0.142634401282453 
0.142626376385872 
0.142618348735715 
0.142610318329993 
0.142602285166818 
0.142594249244405 
0.142586210561075 
0.142578169115249 
0.142570124905458 
0.142562077930340 
0.142554028188641 
0.142545975679217 
0.142537920401036 
0.142529862353178 
0.142521801534838 
0.142513737945324 
0.142505671584063 
0.142497602450598 
0.142489530544592 
0.142481455865828 
0.142473378414210 
0.142465298189767 
0.142457215192650 
0.142449129423136 
0.142441040881631 
0.142432949568667 
0.142424855484905 
0.142416758631139 
0.142408659008293 
0.142400556617426 
0.142392451459730 
0.142384343536535 
0.142376232849306 
0.142368119399650 
0.142360003189311 
0.142351884220174 
0.142343762494267 
0.142335638013765 
0.142327510780982 
0.142319380798384 
0.142311248068582 
0.142303112594335 
0.142294974378554 
0.142286833424301 
0.142278689734790 
0.142270543313390 
0.142262394163624 
0.142254242289171 
0.142246087693870 
0.142237930381718 
0.142229770356871 
0.142221607623646 
0.142213442186526 
0.142205274050153 
0.142197103219337 
0.142188929699054 
0.142180753494445 
0.142172574610822 
0.142164393053666 
0.142156208828627 
0.142148021941529 
0.142139832398367 
0.142131640205312 
0.142123445368709 
0.142115247895079 
0.142107047791119 
0.142098845063709 
0.142090639719903 
0.142082431766938 
0.142074221212232 
0.142066008063385 
0.142057792328180 
0.142049574014586 
0.142041353130756 
0.142033129685028 
0.142024903685928 
0.142016675142171 
0.142008444062659 
0.142000210456484 
0.141991974332930 
0.141983735701470 
0.141975494571770 
0.141967250953690 
0.141959004857280 
0.141950756292789 
0.141942505270657 
0.141934251801521 
0.141925995896215 
