1.000000000000000 
0.222929394059721 
0.197902879634641 
0.191372649083851 
0.188303417772277 
0.186499397192826 
0.185301701801656 
0.184442586286384 
0.183791938292989 
0.183278637554489 
0.182860491145629 
0.182510907699819 
0.182212319928151 
0.181952669747192 
0.181723412670145 
0.181518328548305 
0.181332783645797 
0.181163256621538 
0.181007024694449 
0.180861950265777 
0.180726332396705 
0.180598801255431 
0.180478241700862 
0.180363737037695 
0.180254526998813 
0.180149975932151 
0.180049548418286 
0.179952790373821 
0.179859314255812 
0.179768787367415 
0.179680922533746 
0.179595470607070 
0.179512214396871 
0.179430963719264 
0.179351551332764 
0.179273829581194 
0.179197667604793 
0.179122949010854 
0.179049569918290 
0.178977437308618 
0.178906467628077 
0.178836585599533 
0.178767723206938 
0.178699818824838 
0.178632816469404 
0.178566665151849 
0.178501318318388 
0.178436733363764 
0.178372871207330 
0.178309695922647 
0.178247174412966 
0.178185276126142 
0.178123972803563 
0.178063238258498 
0.178003048179947 
0.177943379958649 
0.177884212532390 
0.177825526248219 
0.177767302739352 
0.177709524815119 
0.177652176362223 
0.177595242256061 
0.177538708280898 
0.177482561057864 
0.177426787979915 
0.177371377152943 
0.177316317342340 
0.177261597924539 
0.177207208842832 
0.177153140567126 
0.177099384057205 
0.177045930729149 
0.176992772424536 
0.176939901382220 
0.176887310212397 
0.176834991872761 
0.176782939646517 
0.176731147122097 
0.176679608174441 
0.176628316947677 
0.176577267839083 
0.176526455484219 
0.176475874743107 
0.176425520687421 
0.176375388588547 
0.176325473906462 
0.176275772279382 
0.176226279514112 
0.176176991576976 
0.176127904585412 
0.176079014800060 
0.176030318617356 
0.175981812562609 
0.175933493283489 
0.175885357543919 
0.175837402218347 
0.175789624286331 
0.175742020827489 
0.175694589016695 
0.175647326119578 
0.175600229488278 
0.175553296557457 
0.175506524840489 
0.175459911925896 
0.175413455473993 
0.175367153213657 
0.175321002939323 
0.175275002508135 
0.175229149837221 
0.175183442901124 
0.175137879729382 
0.175092458404199 
0.175047177058255 
0.175002033872643 
0.174957027074865 
0.174912154936963 
0.174867415773738 
0.174822807941037 
0.174778329834133 
0.174733979886205 
0.174689756566836 
0.174645658380648 
0.174601683865946 
0.174557831593439 
0.174514100165049 
0.174470488212751 
0.174426994397450 
0.174383617407929 
0.174340355959852 
0.174297208794782 
0.174254174679272 
0.174211252403967 
0.174168440782786 
0.174125738652073 
0.174083144869856 
0.174040658315111 
0.173998277887009 
0.173956002504282 
0.173913831104529 
0.173871762643621 
0.173829796095081 
0.173787930449524 
0.173746164714073 
0.173704497911869 
0.173662929081513 
0.173621457276608 
0.173580081565278 
0.173538801029713 
0.173497614765716 
0.173456521882318 
0.173415521501343 
0.173374612757028 
0.173333794795641 
0.173293066775134 
0.173252427864786 
0.173211877244862 
0.173171414106299 
0.173131037650385 
0.173090747088478 
0.173050541641681 
0.173010420540588 
0.172970383025001 
0.172930428343683 
0.172890555754079 
0.172850764522101 
0.172811053921871 
0.172771423235508 
0.172731871752901 
0.172692398771481 
0.172653003596042 
0.172613685538521 
0.172574443917815 
0.172535278059586 
0.172496187296086 
0.172457170965984 
0.172418228414177 
0.172379358991648 
0.172340562055302 
0.172301836967794 
0.172263183097408 
0.172224599817871 
0.172186086508258 
0.172147642552817 
0.172109267340854 
0.172070960266590 
0.172032720729068 
0.171994548131980 
0.171956441883605 
0.171918401396639 
0.171880426088116 
0.171842515379306 
0.171804668695587 
0.171766885466325 
0.171729165124840 
0.171691507108245 
0.171653910857373 
0.171616375816684 
0.171578901434182 
0.171541487161323 
0.171504132452916 
0.171466836767053 
0.171429599565030 
0.171392420311254 
0.171355298473194 
0.171318233521271 
0.171281224928808 
0.171244272171949 
0.171207374729597 
0.171170532083321 
0.171133743717323 
0.171097009118354 
0.171060327775652 
0.171023699180880 
0.170987122828068 
0.170950598213563 
0.170914124835952 
0.170877702196006 
0.170841329796635 
0.170805007142836 
0.170768733741635 
0.170732509102018 
0.170696332734910 
0.170660204153101 
0.170624122871217 
0.170588088405646 
0.170552100274518 
0.170516157997626 
0.170480261096431 
0.170444409093971 
0.170408601514825 
0.170372837885091 
0.170337117732328 
0.170301440585517 
0.170265805975015 
0.170230213432523 
0.170194662491041 
0.170159152684838 
0.170123683549416 
0.170088254621455 
0.170052865438784 
0.170017515540342 
0.169982204466150 
0.169946931757299 
0.169911696955850 
0.169876499604858 
0.169841339248300 
0.169806215431083 
0.169771127698983 
0.169736075598596 
0.169701058677361 
0.169666076483463 
0.169631128565853 
0.169596214474190 
0.169561333758817 
0.169526485970731 
0.169491670661566 
0.169456887383535 
0.169422135689413 
0.169387415132518 
0.169352725266690 
0.169318065646227 
0.169283435825875 
0.169248835360813 
0.169214263806630 
0.169179720719241 
0.169145205654941 
0.169110718170311 
0.169076257822232 
0.169041824167833 
0.169007416764476 
0.168973035169738 
0.168938678941363 
0.168904347637261 
0.168870040815446 
0.168835758034052 
0.168801498851277 
0.168767262825377 
0.168733049514625 
0.168698858477282 
0.168664689271598 
0.168630541455757 
0.168596414587869 
0.168562308225937 
0.168528221927834 
0.168494155251275 
0.168460107753804 
0.168426078992750 
0.168392068525215 
0.168358075908047 
0.168324100697806 
0.168290142450742 
0.168256200722797 
0.168222275069530 
0.168188365046133 
0.168154470207374 
0.168120590107610 
0.168086724300725 
0.168052872340129 
0.168019033778707 
0.167985208168827 
0.167951395062288 
0.167917594010310 
0.167883804563483 
0.167850026271786 
0.167816258684508 
0.167782501350274 
0.167748753816975 
0.167715015631763 
0.167681286341025 
0.167647565490352 
0.167613852624518 
0.167580147287430 
0.167546449022147 
0.167512757370802 
0.167479071874602 
0.167445392073816 
0.167411717507714 
0.167378047714540 
0.167344382231518 
0.167310720594786 
0.167277062339394 
0.167243406999264 
0.167209754107161 
0.167176103194667 
0.167142453792155 
0.167108805428744 
0.167075157632295 
0.167041509929342 
0.167007861845117 
0.166974212903457 
0.166940562626830 
0.166906910536267 
0.166873256151339 
0.166839598990127 
0.166805938569199 
0.166772274403573 
0.166738606006669 
0.166704932890287 
0.166671254564576 
0.166637570538017 
0.166603880317350 
0.166570183407564 
0.166536479311873 
0.166502767531645 
0.166469047566415 
0.166435318913792 
0.166401581069479 
0.166367833527194 
0.166334075778661 
0.166300307313532 
0.166266527619417 
0.166232736181800 
0.166198932483988 
0.166165116007075 
0.166131286229958 
0.166097442629225 
0.166063584679156 
0.166029711851673 
0.165995823616285 
0.165961919440056 
0.165927998787577 
0.165894061120882 
0.165860105899450 
0.165826132580121 
0.165792140617099 
0.165758129461826 
0.165724098563021 
0.165690047366578 
0.165655975315550 
0.165621881850089 
0.165587766407374 
0.165553628421596 
0.165519467323889 
0.165485282542279 
0.165451073501641 
0.165416839623631 
0.165382580326645 
0.165348295025776 
0.165313983132712 
0.165279644055723 
0.165245277199599 
0.165210881965584 
0.165176457751318 
0.165142003950760 
0.165107519954169 
0.165073005147998 
0.165038458914869 
0.165003880633463 
0.164969269678514 
0.164934625420694 
0.164899947226581 
0.164865234458569 
0.164830486474815 
0.164795702629144 
0.164760882270998 
0.164726024745361 
0.164691129392686 
0.164656195548819 
0.164621222544934 
0.164586209707417 
0.164551156357835 
0.164516061812831 
0.164480925384052 
0.164445746378059 
0.164410524096236 
0.164375257834738 
0.164339946884345 
0.164304590530440 
0.164269188052877 
0.164233738725889 
0.164198241818037 
0.164162696592033 
0.164127102304746 
0.164091458207005 
0.164055763543568 
0.164020017552993 
0.163984219467533 
0.163948368513045 
0.163912463908859 
0.163876504867683 
0.163840490595481 
0.163804420291369 
0.163768293147507 
0.163732108348944 
0.163695865073552 
0.163659562491841 
0.163623199766884 
0.163586776054169 
0.163550290501443 
0.163513742248650 
0.163477130427698 
0.163440454162413 
0.163403712568330 
0.163366904752609 
0.163330029813797 
0.163293086841788 
0.163256074917599 
0.163218993113239 
0.163181840491527 
0.163144616105959 
0.163107319000513 
0.163069948209521 
0.163032502757436 
0.162994981658713 
0.162957383917583 
0.162919708527905 
0.162881954472953 
0.162844120725240 
0.162806206246308 
0.162768209986519 
0.162730130884904 
0.162691967868859 
0.162653719854004 
0.162615385743971 
0.162576964430119 
0.162538454791329 
0.162499855693807 
0.162461165990828 
0.162422384522420 
0.162383510115210 
0.162344541582130 
0.162305477722145 
0.162266317319991 
0.162227059145906 
0.162187701955331 
0.162148244488630 
0.162108685470819 
0.162069023611237 
0.162029257603220 
0.161989386123847 
0.161949407833534 
0.161909321375761 
0.161869125376708 
0.161828818444896 
0.161788399170870 
0.161747866126767 
0.161707217866013 
0.161666452922874 
0.161625569812096 
0.161584567028480 
0.161543443046485 
0.161502196319762 
0.161460825280784 
0.161419328340331 
0.161377703887049 
0.161335950287000 
0.161294065883126 
0.161252048994774 
0.161209897917219 
0.161167610921076 
0.161125186251793 
0.161082622129086 
0.161039916746365 
0.160997068270144 
0.160954074839443 
0.160910934565161 
0.160867645529442 
0.160824205785012 
0.160780613354486 
0.160736866229732 
0.160692962371072 
0.160648899706605 
0.160604676131436 
0.160560289506868 
0.160515737659634 
0.160471018381046 
0.160426129426123 
0.160381068512776 
0.160335833320842 
0.160290421491163 
0.160244830624618 
0.160199058281154 
0.160153101978747 
0.160106959192341 
0.160060627352764 
0.160014103845586 
0.159967386009952 
0.159920471137452 
0.159873356470797 
0.159826039202583 
0.159778516473937 
0.159730785373194 
0.159682842934474 
0.159634686136196 
0.159586311899576 
0.159537717087098 
0.159488898500860 
0.159439852880914 
0.159390576903547 
0.159341067179486 
0.159291320252035 
0.159241332595163 
0.159191100611493 
0.159140620630278 
0.159089888905209 
0.159038901612236 
0.158987654847283 
0.158936144623786 
0.158884366870287 
0.158832317427822 
0.158779992047287 
0.158727386386616 
0.158674496007938 
0.158621316374557 
0.158567842847829 
0.158514070683970 
0.158459995030605 
0.158405610923323 
0.158350913281993 
0.158295896906982 
0.158240556475153 
0.158184886535750 
0.158128881506128 
0.158072535667205 
0.158015843158811 
0.157958797974758 
0.157901393957799 
0.157843624794205 
0.157785484008287 
0.157726964956488 
0.157668060821345 
0.157608764605073 
0.157549069122923 
0.157488966996207 
0.157428450644904 
0.157367512280104 
0.157306143895868 
0.157244337260867 
0.157182083909489 
0.157119375132545 
0.157056201967536 
0.156992555188371 
0.156928425294576 
0.156863802499985 
0.156798676720762 
0.156733037562813 
0.156666874308552 
0.156600175902911 
0.156532930938613 
0.156465127640599 
0.156396753849629 
0.156327797004855 
0.156258244125499 
0.156188081791431 
0.156117296122577 
0.156045872757141 
0.155973796828479 
0.155901052940636 
0.155827625142297 
0.155753496899104 
0.155678651064393 
0.155603069847802 
0.155526734782050 
0.155449626687483 
0.155371725634195 
0.155293010901730 
0.155213460935926 
0.155133053302846 
0.155051764639441 
0.154969570600762 
0.154886445803365 
0.154802363764511 
0.154717296837033 
0.154631216139203 
0.154544091479273 
0.154455891274244 
0.154366582462259 
0.154276130408075 
0.154184498800861 
0.154091649543695 
0.153997542633859 
0.153902136033100 
0.153805385526713 
0.153707244570478 
0.153607664124042 
0.153506592469374 
0.153403975012754 
0.153299754068395 
0.153193868621763 
0.153086254070378 
0.152976841939377 
0.152865559569182 
0.152752329771802 
0.152637070452263 
0.152519694190958 
0.152400107782048 
0.152278211722854 
0.152153899647780 
0.152027057700253 
0.151897563834526 
0.151765287038602 
0.151630086468012 
0.151491810479230 
0.151350295549342 
0.151205365067676 
0.151056827982428 
0.150904477284271 
0.150748088305820 
0.150587416814586 
0.150422196874647 
0.150252138450705 
0.150076924727403 
0.149896209116810 
0.149709611929857 
0.149516716692557 
0.149317066098839 
0.149110157609970 
0.148895438740021 
0.148672302112561 
0.148440080443694 
0.148198041708793 
0.147945384899645 
0.147681236988910 
0.147404652009191 
0.147114613541654 
0.146810042403984 
0.146489811922237 
0.146152773814141 
0.145797798280666 
0.145423832158067 
0.145029978529804 
0.144615599490781 
0.144180440190058 
0.143724766475429 
0.143249500748666 
0.142756332613050 
0.142247775663889 
0.141727143270047 
0.141198427255746 
0.140666083259825 
0.140134749645337 
0.139608944500833 
0.139092790217158 
0.138589805609787 
0.138102786263906 
0.137633772725531 
0.137184090282886 
0.136754436477648 
0.136344992422019 
0.135955538660335 
0.135585562689751 
0.135234351217936 
0.134901064765440 
0.134584795130970 
0.134284607788557 
0.133999571879022 
0.133728780468777 
0.133471363459536 
0.133226495126999 
0.132993397851842 
0.132771343233828 
0.132559651470873 
0.132357689639675 
0.132164869327271 
0.131980643923826 
0.131804505784911 
0.131635983399648 
0.131474638649499 
0.131320064207840 
0.131171881106341 
0.131029736478629 
0.130893301481621 
0.130762269388405 
0.130636353843595 
0.130515287269616 
0.130398819411987 
0.130286716011894 
0.130178757594374 
0.130074738361603 
0.129974465181228 
0.129877756660852 
0.129784442300376 
0.129694361714907 
0.129607363921561 
0.129523306684162 
0.129442055910599 
0.129363485097932 
0.129287474821005 
0.129213912260718 
0.129142690768528 
0.129073709463806 
0.129006872861559 
0.128942090527711 
0.128879276759836 
0.128818350291029 
0.128759234015223 
0.128701854732029 
0.128646142909817 
0.128592032465196 
0.128539460557996 
0.128488367400303 
0.128438696078534 
0.128390392387575 
0.128343404676044 
0.128297683701854 
0.128253182497246 
0.128209856242674 
0.128167662148916 
0.128126559346629 
0.128086508783012 
0.128047473124975 
0.128009416668409 
0.127972305252899 
0.127936106181899 
0.127900788147585 
0.127866321160366 
0.127832676482516 
0.127799826565765 
0.127767744992554 
0.127736406420741 
0.127705786531398 
0.127675861979645 
0.127646610348355 
0.127618010104232 
0.127590040556554 
0.127562681818057 
0.127535914767950 
0.127509721017057 
0.127484082874660 
0.127458983317166 
0.127434405958495 
0.127410335021879 
0.127386755313269 
0.127363652195951 
0.127341011566579 
0.127318819832308 
0.127297063889177 
0.127275731101482 
0.127254809282205 
0.127234286674332 
0.127214151933163 
0.127194394109423 
0.127175002633156 
0.127155967298412 
0.127137278248631 
0.127118925962743 
0.127100901241840 
0.127083195196514 
0.127065799234735 
0.127048705050308 
0.127031904611824 
0.127015390152079 
0.126999154158009 
0.126983189361074 
0.126967488727966 
0.126952045451805 
0.126936852943694 
0.126921904824632 
0.126907194917752 
0.126892717240863 
0.126878465999415 
0.126864435579623 
0.126850620541954 
0.126837015614861 
0.126823615688751 
0.126810415810205 
0.126797411176495 
0.126784597130219 
0.126771969154253 
0.126759522866787 
0.126747254016649 
0.126735158478794 
0.126723232249955 
0.126711471444445 
0.126699872290183 
0.126688431124766 
0.126677144391853 
0.126666008637491 
0.126655020506751 
0.126644176740396 
0.126633474171713 
0.126622909723413 
0.126612480404732 
0.126602183308543 
0.126592015608682 
0.126581974557254 
0.126572057482095 
0.126562261784375 
0.126552584936207 
0.126543024478412 
0.126533578018254 
0.126524243227388 
0.126515017839837 
0.126505899649968 
0.126496886510646 
0.126487976331386 
0.126479167076606 
0.126470456763909 
0.126461843462455 
0.126453325291357 
0.126444900418160 
0.126436567057363 
0.126428323469028 
0.126420167957330 
0.126412098869280 
0.126404114593435 
0.126396213558628 
0.126388394232806 
0.126380655121806 
0.126372994768343 
0.126365411750830 
0.126357904682367 
0.126350472209708 
0.126343113012330 
0.126335825801429 
0.126328609319055 
0.126321462337173 
0.126314383656873 
0.126307372107468 
0.126300426545744 
0.126293545855161 
0.126286728945106 
0.126279974750175 
0.126273282229467 
0.126266650365884 
0.126260078165495 
0.126253564656885 
0.126247108890513 
0.126240709938173 
0.126234366892379 
0.126228078865763 
0.126221844990604 
0.126215664418252 
0.126209536318638 
0.126203459879757 
0.126197434307207 
0.126191458823688 
0.126185532668640 
0.126179655097660 
0.126173825382232 
0.126168042809191 
0.126162306680416 
0.126156616312388 
0.126150971035791 
0.126145370195233 
0.126139813148811 
0.126134299267806 
0.126128827936370 
0.126123398551114 
0.126118010520897 
0.126112663266488 
0.126107356220211 
0.126102088825757 
0.126096860537832 
0.126091670821912 
0.126086519153980 
0.126081405020241 
0.126076327916923 
0.126071287349983 
0.126066282834929 
0.126061313896550 
0.126056380068709 
0.126051480894118 
0.126046615924136 
0.126041784718554 
0.126036986845440 
0.126032221880863 
0.126027489408805 
0.126022789020880 
0.126018120316249 
0.126013482901382 
0.126008876389927 
0.126004300402520 
0.125999754566620 
0.125995238516426 
0.125990751892611 
0.125986294342276 
0.125981865518746 
0.125977465081479 
0.125973092695895 
0.125968748033239 
0.125964430770483 
0.125960140590185 
0.125955877180357 
0.125951640234372 
0.125947429450819 
0.125943244533422 
0.125939085190903 
0.125934951136887 
0.125930842089796 
0.125926757772758 
0.125922697913480 
0.125918662244170 
0.125914650501467 
0.125910662426294 
0.125906697763824 
0.125902756263317 
0.125898837678158 
0.125894941765657 
0.125891068286999 
0.125887217007214 
0.125883387695026 
0.125879580122838 
0.125875794066640 
0.125872029305917 
0.125868285623576 
0.125864562805945 
0.125860860642611 
0.125857178926420 
0.125853517453399 
0.125849876022669 
0.125846254436430 
0.125842652499843 
0.125839070021035 
0.125835506811005 
0.125831962683543 
0.125828437455248 
0.125824930945401 
0.125821442975976 
0.125817973371570 
0.125814521959300 
0.125811088568814 
0.125807673032269 
0.125804275184186 
0.125800894861524 
0.125797531903536 
0.125794186151755 
0.125790857449984 
0.125787545644231 
0.125784250582679 
0.125780972115625 
0.125777710095447 
0.125774464376588 
0.125771234815495 
0.125768021270608 
0.125764823602291 
0.125761641672836 
0.125758475346385 
0.125755324488942 
0.125752188968314 
0.125749068654035 
0.125745963417455 
0.125742873131614 
0.125739797671218 
0.125736736912649 
0.125733690733907 
0.125730659014588 
0.125727641635865 
0.125724638480447 
0.125721649432563 
0.125718674377949 
0.125715713203787 
0.125712765798701 
0.125709832052733 
0.125706911857326 
0.125704005105291 
0.125701111690793 
0.125698231509303 
0.125695364457606 
0.125692510433769 
0.125689669337111 
0.125686841068216 
0.125684025528849 
0.125681222621999 
0.125678432251808 
0.125675654323624 
0.125672888743888 
0.125670135420203 
0.125667394261237 
0.125664665176778 
0.125661948077676 
0.125659242875833 
0.125656549484173 
0.125653867816656 
0.125651197788267 
0.125648539314916 
0.125645892313541 
0.125643256702008 
0.125640632399143 
0.125638019324695 
0.125635417399311 
0.125632826544548 
0.125630246682867 
0.125627677737564 
0.125625119632828 
0.125622572293675 
0.125620035645939 
0.125617509616293 
0.125614994132212 
0.125612489121981 
0.125609994514627 
0.125607510239996 
0.125605036228660 
0.125602572411965 
0.125600118721986 
0.125597675091502 
0.125595241454041 
0.125592817743812 
0.125590403895735 
0.125587999845395 
0.125585605529076 
0.125583220883706 
0.125580845846878 
0.125578480356836 
0.125576124352450 
0.125573777773212 
0.125571440559239 
0.125569112651276 
0.125566793990635 
0.125564484519258 
0.125562184179640 
0.125559892914857 
0.125557610668556 
0.125555337384955 
0.125553073008803 
0.125550817485404 
0.125548570760606 
0.125546332780761 
0.125544103492781 
0.125541882844051 
0.125539670782489 
0.125537467256510 
0.125535272215013 
0.125533085607401 
0.125530907383548 
0.125528737493788 
0.125526575888938 
0.125524422520291 
0.125522277339556 
0.125520140298922 
0.125518011351010 
0.125515890448885 
0.125513777546033 
0.125511672596371 
0.125509575554231 
0.125507486374379 
0.125505405011947 
0.125503331422523 
0.125501265562080 
0.125499207386951 
0.125497156853882 
0.125495113919994 
0.125493078542812 
0.125491050680192 
0.125489030290402 
0.125487017332043 
0.125485011764074 
0.125483013545842 
0.125481022637024 
0.125479038997635 
0.125477062588050 
0.125475093368951 
0.125473131301377 
0.125471176346695 
0.125469228466605 
0.125467287623110 
0.125465353778535 
0.125463426895541 
0.125461506937039 
0.125459593866305 
0.125457687646904 
0.125455788242698 
0.125453895617824 
0.125452009736714 
0.125450130564124 
0.125448258065060 
0.125446392204808 
0.125444532948962 
0.125442680263346 
0.125440834114094 
0.125438994467594 
0.125437161290502 
0.125435334549721 
0.125433514212425 
0.125431700246062 
0.125429892618275 
0.125428091297019 
0.125426296250474 
0.125424507447063 
0.125422724855438 
0.125420948444515 
0.125419178183433 
0.125417414041550 
0.125415655988484 
0.125413903994061 
0.125412158028332 
0.125410418061597 
0.125408684064333 
0.125406956007278 
0.125405233861356 
0.125403517597707 
0.125401807187711 
0.125400102602936 
0.125398403815145 
0.125396710796322 
0.125395023518653 
0.125393341954505 
0.125391666076481 
0.125389995857346 
0.125388331270072 
0.125386672287811 
0.125385018883929 
0.125383371031957 
0.125381728705627 
0.125380091878846 
0.125378460525713 
0.125376834620469 
0.125375214137584 
0.125373599051692 
0.125371989337567 
0.125370384970195 
0.125368785924711 
0.125367192176448 
0.125365603700871 
0.125364020473625 
0.125362442470527 
0.125360869667561 
0.125359302040826 
0.125357739566647 
0.125356182221467 
0.125354629981895 
0.125353082824682 
0.125351540726746 
0.125350003665153 
0.125348471617146 
0.125346944560059 
0.125345422471422 
0.125343905328888 
0.125342393110264 
0.125340885793493 
0.125339383356644 
0.125337885777982 
0.125336393035867 
0.125334905108804 
0.125333421975411 
0.125331943614490 
0.125330470004947 
0.125329001125832 
0.125327536956311 
0.125326077475702 
0.125324622663437 
0.125323172499076 
0.125321726962319 
0.125320286032970 
0.125318849690984 
0.125317417916426 
0.125315990689461 
0.125314567990404 
0.125313149799701 
0.125311736097884 
0.125310326865626 
0.125308922083702 
0.125307521732999 
0.125306125794534 
0.125304734249448 
0.125303347078984 
0.125301964264480 
0.125300585787399 
0.125299211629311 
0.125297841771890 
0.125296476196940 
0.125295114886364 
0.125293757822164 
0.125292404986434 
0.125291056361383 
0.125289711929354 
0.125288371672726 
0.125287035574054 
0.125285703615956 
0.125284375781151 
0.125283052052452 
0.125281732412798 
0.125280416845198 
0.125279105332760 
0.125277797858705 
0.125276494406342 
0.125275194959063 
0.125273899500381 
0.125272608013871 
0.125271320483219 
0.125270036892177 
0.125268757224630 
0.125267481464535 
0.125266209595928 
0.125264941602951 
0.125263677469803 
0.125262417180806 
0.125261160720349 
0.125259908072919 
0.125258659223075 
0.125257414155471 
0.125256172854843 
0.125254935306005 
0.125253701493851 
0.125252471403384 
0.125251245019643 
0.125250022327797 
0.125248803313053 
0.125247587960724 
0.125246376256204 
0.125245168184952 
0.125243963732490 
0.125242762884458 
0.125241565626533 
0.125240371944494 
0.125239181824185 
0.125237995251539 
0.125236812212526 
0.125235632693246 
0.125234456679835 
0.125233284158490 
0.125232115115527 
0.125230949537295 
0.125229787410231 
0.125228628720825 
0.125227473455660 
0.125226321601364 
0.125225173144661 
0.125224028072336 
0.125222886371238 
0.125221748028280 
0.125220613030450 
0.125219481364796 
0.125218353018434 
0.125217227978556 
0.125216106232404 
0.125214987767295 
0.125213872570610 
0.125212760629786 
0.125211651932338 
0.125210546465839 
0.125209444217917 
0.125208345176259 
0.125207249328641 
0.125206156662879 
0.125205067166851 
0.125203980828500 
0.125202897635821 
0.125201817576885 
0.125200740639804 
0.125199666812757 
0.125198596083981 
0.125197528441795 
0.125196463874533 
0.125195402370618 
0.125194343918530 
0.125193288506774 
0.125192236123936 
0.125191186758684 
0.125190140399686 
0.125189097035706 
0.125188056655534 
0.125187019248043 
0.125185984802152 
0.125184953306821 
0.125183924751087 
0.125182899124013 
0.125181876414734 
0.125180856612423 
0.125179839706337 
0.125178825685744 
0.125177814539984 
0.125176806258439 
0.125175800830556 
0.125174798245813 
0.125173798493771 
0.125172801564009 
0.125171807446179 
0.125170816129968 
0.125169827605089 
0.125168841861367 
0.125167858888604 
0.125166878676707 
0.125165901215602 
0.125164926495272 
0.125163954505748 
0.125162985237094 
0.125162018679424 
0.125161054822927 
0.125160093657804 
0.125159135174311 
0.125158179362773 
0.125157226213524 
0.125156275716965 
0.125155327863531 
0.125154382643711 
0.125153440048029 
0.125152500067064 
0.125151562691435 
0.125150627911792 
0.125149695718852 
0.125148766103341 
0.125147839056067 
0.125146914567858 
0.125145992629598 
0.125145073232195 
0.125144156366602 
0.125143242023810 
0.125142330194870 
0.125141420870860 
0.125140514042903 
0.125139609702165 
0.125138707839855 
0.125137808447197 
0.125136911515479 
0.125136017036043 
0.125135125000235 
0.125134235399442 
0.125133348225132 
0.125132463468773 
0.125131581121874 
0.125130701175996 
0.125129823622735 
0.125128948453715 
0.125128075660611 
0.125127205235138 
0.125126337169013 
0.125125471454049 
0.125124608082038 
0.125123747044843 
0.125122888334348 
0.125122031942481 
0.125121177861204 
0.125120326082517 
0.125119476598453 
0.125118629401082 
0.125117784482515 
0.125116941834881 
0.125116101450358 
0.125115263321150 
0.125114427439503 
0.125113593797681 
0.125112762388013 
0.125111933202756 
0.125111106234362 
0.125110281475263 
0.125109458917891 
0.125108638554711 
0.125107820378238 
0.125107004381022 
0.125106190555644 
0.125105378894700 
0.125104569390857 
0.125103762036771 
0.125102956825146 
0.125102153748721 
0.125101352800251 
0.125100553972550 
0.125099757258450 
0.125098962650807 
0.125098170142499 
0.125097379726465 
0.125096591395666 
0.125095805143062 
0.125095020961685 
0.125094238844577 
0.125093458784804 
0.125092680775483 
0.125091904809747 
0.125091130880754 
0.125090358981691 
0.125089589105773 
0.125088821246267 
0.125088055396451 
0.125087291549605 
0.125086529699085 
0.125085769838259 
0.125085011960511 
0.125084256059274 
0.125083502127984 
0.125082750160121 
0.125082000149185 
0.125081252088707 
0.125080505972239 
0.125079761793371 
0.125079019545743 
0.125078279222967 
0.125077540818715 
0.125076804326677 
0.125076069740581 
0.125075337054160 
0.125074606261188 
0.125073877355460 
0.125073150330814 
0.125072425181087 
0.125071701900169 
0.125070980481956 
0.125070260920368 
0.125069543209355 
0.125068827342897 
0.125068113314997 
0.125067401119687 
0.125066690751007 
0.125065982203037 
0.125065275469894 
0.125064570545688 
0.125063867424550 
0.125063166100688 
0.125062466568278 
0.125061768821549 
0.125061072854755 
0.125060378662155 
0.125059686238039 
0.125058995576717 
0.125058306672545 
0.125057619519889 
0.125056934113110 
0.125056250446639 
0.125055568514905 
0.125054888312353 
0.125054209833470 
0.125053533072739 
0.125052858024691 
0.125052184683868 
0.125051513044843 
0.125050843102211 
0.125050174850569 
0.125049508284553 
0.125048843398814 
0.125048180188033 
0.125047518646905 
0.125046858770146 
0.125046200552497 
0.125045543988727 
0.125044889073613 
0.125044235801956 
0.125043584168587 
0.125042934168318 
0.125042285796051 
0.125041639046679 
0.125040993915082 
0.125040350396206 
0.125039708484981 
0.125039068176388 
0.125038429465415 
0.125037792347059 
0.125037156816355 
0.125036522868349 
0.125035890498121 
0.125035259700731 
0.125034630471305 
0.125034002804969 
0.125033376696860 
0.125032752142154 
0.125032129136022 
0.125031507673664 
0.125030887750327 
0.125030269361235 
0.125029652501642 
0.125029037166839 
0.125028423352100 
0.125027811052760 
0.125027200264145 
0.125026590981615 
0.125025983200525 
0.125025376916296 
0.125024772124304 
0.125024168819965 
0.125023566998743 
0.125022966656097 
0.125022367787508 
0.125021770388463 
0.125021174454478 
0.125020579981079 
0.125019986963822 
0.125019395398266 
0.125018805280005 
0.125018216604632 
0.125017629367747 
0.125017043565005 
0.125016459192053 
0.125015876244550 
0.125015294718185 
0.125014714608666 
0.125014135911709 
0.125013558623047 
0.125012982738426 
0.125012408253614 
0.125011835164398 
0.125011263466566 
0.125010693155962 
0.125010124228391 
0.125009556679702 
0.125008990505764 
0.125008425702467 
0.125007862265710 
0.125007300191376 
0.125006739475416 
0.125006180113776 
0.125005622102387 
0.125005065437233 
0.125004510114309 
0.125003956129616 
0.125003403479173 
0.125002852159020 
0.125002302165190 
0.125001753493763 
0.125001206140819 
0.125000660102430 
0.125000115374732 
0.124999571953833 
0.124999029835878 
0.124998489017012 
0.124997949493407 
0.124997411261248 
0.124996874316724 
0.124996338656046 
0.124995804275437 
0.124995271171144 
0.124994739339414 
0.124994208776497 
0.124993679478701 
0.124993151442314 
0.124992624663628 
0.124992099138982 
0.124991574864717 
0.124991051837171 
0.124990530052705 
0.124990009507703 
0.124989490198560 
0.124988972121677 
0.124988455273461 
0.124987939650352 
0.124987425248778 
0.124986912065206 
0.124986400096123 
0.124985889338002 
0.124985379787328 
0.124984871440609 
0.124984364294375 
0.124983858345162 
0.124983353589511 
0.124982850024000 
0.124982347645174 
0.124981846449632 
0.124981346433972 
0.124980847594809 
0.124980349928756 
0.124979853432446 
0.124979358102546 
0.124978863935708 
0.124978370928585 
0.124977879077889 
0.124977388380295 
0.124976898832520 
0.124976410431285 
0.124975923173321 
0.124975437055369 
0.124974952074187 
0.124974468226553 
0.124973985509228 
0.124973503919015 
0.124973023452708 
0.124972544107129 
0.124972065879105 
0.124971588765465 
0.124971112763067 
0.124970637868761 
0.124970164079429 
0.124969691391951 
0.124969219803225 
0.124968749310144 
0.124968279909633 
0.124967811598613 
0.124967344374024 
0.124966878232826 
0.124966413171963 
0.124965949188415 
0.124965486279167 
0.124965024441195 
0.124964563671506 
0.124964103967126 
0.124963645325072 
0.124963187742390 
0.124962731216115 
0.124962275743305 
0.124961821321043 
0.124961367946384 
0.124960915616427 
0.124960464328260 
0.124960014078990 
0.124959564865745 
0.124959116685654 
0.124958669535852 
0.124958223413476 
0.124957778315710 
0.124957334239697 
0.124956891182640 
0.124956449141702 
0.124956008114099 
0.124955568097030 
0.124955129087720 
0.124954691083399 
0.124954254081305 
0.124953818078683 
0.124953383072774 
0.124952949060869 
0.124952516040247 
0.124952084008163 
0.124951652961928 
0.124951222898858 
0.124950793816249 
0.124950365711431 
0.124949938581732 
0.124949512424508 
0.124949087237104 
0.124948663016872 
0.124948239761185 
0.124947817467411 
0.124947396132953 
0.124946975755199 
0.124946556331548 
0.124946137859436 
0.124945720336268 
0.124945303759483 
0.124944888126530 
0.124944473434830 
0.124944059681868 
0.124943646865102 
0.124943234982028 
0.124942824030099 
0.124942414006829 
0.124942004909707 
0.124941596736255 
0.124941189483976 
0.124940783150410 
0.124940377733091 
0.124939973229564 
0.124939569637362 
0.124939166954068 
0.124938765177247 
0.124938364304476 
0.124937964333348 
0.124937565261439 
0.124937167086365 
0.124936769805716 
0.124936373417130 
0.124935977918221 
0.124935583306627 
0.124935189579998 
0.124934796735973 
0.124934404772221 
0.124934013686395 
0.124933623476163 
0.124933234139233 
0.124932845673258 
0.124932458075970 
0.124932071345061 
0.124931685478239 
0.124931300473230 
0.124930916327754 
0.124930533039545 
0.124930150606351 
0.124929769025936 
0.124929388296034 
0.124929008414417 
0.124928629378858 
0.124928251187150 
0.124927873837055 
0.124927497326388 
0.124927121652937 
0.124926746814507 
0.124926372808937 
0.124925999634048 
0.124925627287652 
0.124925255767605 
0.124924885071743 
0.124924515197923 
0.124924146144002 
0.124923777907834 
0.124923410487317 
0.124923043880308 
0.124922678084705 
0.124922313098413 
0.124921948919309 
0.124921585545325 
0.124921222974365 
0.124920861204344 
0.124920500233202 
0.124920140058866 
0.124919780679286 
0.124919422092405 
0.124919064296185 
0.124918707288566 
0.124918351067547 
0.124917995631082 
0.124917640977169 
0.124917287103784 
0.124916934008928 
0.124916581690604 
0.124916230146819 
0.124915879375570 
0.124915529374904 
0.124915180142830 
0.124914831677385 
0.124914483976612 
0.124914137038557 
0.124913790861261 
0.124913445442794 
0.124913100781232 
0.124912756874623 
0.124912413721054 
0.124912071318609 
0.124911729665374 
0.124911388759455 
0.124911048598932 
0.124910709181932 
0.124910370506570 
0.124910032570956 
0.124909695373217 
0.124909358911488 
0.124909023183920 
0.124908688188623 
0.124908353923768 
0.124908020387510 
0.124907687578000 
0.124907355493417 
0.124907024131926 
0.124906693491718 
0.124906363570958 
0.124906034367857 
0.124905705880591 
0.124905378107369 
0.124905051046404 
0.124904724695911 
0.124904399054094 
0.124904074119179 
0.124903749889404 
0.124903426362999 
0.124903103538207 
0.124902781413279 
0.124902459986460 
0.124902139255992 
0.124901819220157 
0.124901499877214 
0.124901181225444 
0.124900863263130 
0.124900545988542 
0.124900229399991 
0.124899913495746 
0.124899598274113 
0.124899283733402 
0.124898969871915 
0.124898656687979 
0.124898344179908 
0.124898032346044 
0.124897721184687 
0.124897410694209 
0.124897100872928 
0.124896791719192 
0.124896483231354 
0.124896175407782 
0.124895868246825 
0.124895561746861 
0.124895255906258 
0.124894950723387 
0.124894646196641 
0.124894342324390 
0.124894039105037 
0.124893736536977 
0.124893434618610 
0.124893133348348 
0.124892832724604 
0.124892532745779 
0.124892233410296 
0.124891934716589 
0.124891636663094 
0.124891339248238 
0.124891042470449 
0.124890746328198 
0.124890450819919 
0.124890155944064 
0.124889861699117 
0.124889568083503 
0.124889275095706 
0.124888982734195 
0.124888690997463 
0.124888399883991 
0.124888109392246 
0.124887819520730 
0.124887530267951 
0.124887241632374 
0.124886953612530 
0.124886666206913 
0.124886379414062 
0.124886093232480 
0.124885807660697 
0.124885522697221 
0.124885238340606 
0.124884954589373 
0.124884671442069 
0.124884388897232 
0.124884106953411 
0.124883825609167 
0.124883544863043 
0.124883264713612 
0.124882985159447 
0.124882706199102 
0.124882427831156 
0.124882150054186 
0.124881872866790 
0.124881596267532 
0.124881320255009 
0.124881044827833 
0.124880769984594 
0.124880495723898 
0.124880222044336 
0.124879948944533 
0.124879676423113 
0.124879404478669 
0.124879133109846 
0.124878862315269 
0.124878592093570 
0.124878322443383 
0.124878053363353 
0.124877784852108 
0.124877516908325 
0.124877249530629 
0.124876982717685 
0.124876716468153 
0.124876450780695 
0.124876185653988 
0.124875921086688 
0.124875657077483 
0.124875393625033 
0.124875130728049 
0.124874868385191 
0.124874606595166 
0.124874345356671 
0.124874084668395 
0.124873824529048 
0.124873564937326 
0.124873305891938 
0.124873047391597 
0.124872789435018 
0.124872532020939 
0.124872275148072 
0.124872018815141 
0.124871763020882 
0.124871507764030 
0.124871253043319 
0.124870998857490 
0.124870745205295 
0.124870492085485 
0.124870239496804 
0.124869987438025 
0.124869735907895 
0.124869484905181 
0.124869234428650 
0.124868984477072 
0.124868735049229 
0.124868486143889 
0.124868237759842 
0.124867989895859 
0.124867742550737 
0.124867495723265 
0.124867249412226 
0.124867003616446 
0.124866758334711 
0.124866513565827 
0.124866269308599 
0.124866025561838 
0.124865782324364 
0.124865539595003 
0.124865297372563 
0.124865055655888 
0.124864814443784 
0.124864573735095 
0.124864333528652 
0.124864093823299 
0.124863854617874 
0.124863615911220 
0.124863377702178 
0.124863139989611 
0.124862902772377 
0.124862666049314 
0.124862429819296 
0.124862194081191 
0.124861958833860 
0.124861724076177 
0.124861489807005 
0.124861256025236 
0.124861022729745 
0.124860789919413 
0.124860557593112 
0.124860325749750 
0.124860094388224 
0.124859863507403 
0.124859633106200 
0.124859403183522 
0.124859173738258 
0.124858944769330 
0.124858716275649 
0.124858488256118 
0.124858260709654 
0.124858033635176 
0.124857807031618 
0.124857580897894 
0.124857355232934 
0.124857130035664 
0.124856905305032 
0.124856681039966 
0.124856457239404 
0.124856233902297 
0.124856011027578 
0.124855788614203 
0.124855566661130 
0.124855345167292 
0.124855124131676 
0.124854903553220 
0.124854683430890 
0.124854463763664 
0.124854244550491 
0.124854025790347 
0.124853807482211 
0.124853589625072 
0.124853372217890 
0.124853155259653 
0.124852938749339 
0.124852722685955 
0.124852507068475 
0.124852291895899 
0.124852077167220 
0.124851862881439 
0.124851649037565 
0.124851435634579 
0.124851222671507 
0.124851010147348 
0.124850798061125 
0.124850586411838 
0.124850375198509 
0.124850164420161 
0.124849954075810 
0.124849744164512 
0.124849534685257 
0.124849325637085 
0.124849117019034 
0.124848908830130 
0.124848701069427 
0.124848493735951 
0.124848286828757 
0.124848080346893 
0.124847874289383 
0.124847668655305 
0.124847463443706 
0.124847258653635 
0.124847054284149 
0.124846850334318 
0.124846646803197 
0.124846443689848 
0.124846240993335 
0.124846038712751 
0.124845836847156 
0.124845635395624 
0.124845434357237 
0.124845233731069 
0.124845033516214 
0.124844833711750 
0.124844634316768 
0.124844435330358 
0.124844236751597 
0.124844038579604 
0.124843840813459 
0.124843643452271 
0.124843446495131 
0.124843249941166 
0.124843053789461 
0.124842858039120 
0.124842662689267 
0.124842467739027 
