1.000000000000000 
0.237045750392690 
0.208196809821529 
0.200201791413520 
0.196382811472305 
0.194147496206635 
0.192686782136379 
0.191662713050355 
0.190908442070380 
0.190332063380703 
0.189878836134328 
0.189514164656192 
0.189215136949833 
0.188965992406038 
0.188755546005826 
0.188575651020758 
0.188420242571369 
0.188284720837200 
0.188165540717081 
0.188059931351919 
0.187965699864548 
0.187881091215128 
0.187804686354090 
0.187735327066636 
0.187672059765419 
0.187614092951507 
0.187560764674281 
0.187511517396687 
0.187465878405499 
0.187423444414712 
0.187383869368346 
0.187346854704869 
0.187312141530275 
0.187279504282109 
0.187248745566264 
0.187219691922657 
0.187192190331349 
0.187166105312744 
0.187141316507342 
0.187117716644938 
0.187095209831946 
0.187073710100012 
0.187053140170474 
0.187033430397971 
0.187014517863569 
0.186996345593237 
0.186978861881885 
0.186962019706696 
0.186945776216336 
0.186930092284834 
0.186914932120844 
0.186900262924451 
0.186886054584984 
0.186872279414246 
0.186858911910486 
0.186845928549074 
0.186833307596492 
0.186821028944670 
0.186809073963173 
0.186797425367053 
0.186786067098507 
0.186774984220670 
0.186764162822197 
0.186753589931320 
0.186743253438382 
0.186733142025858 
0.186723245105056 
0.186713552758774 
0.186704055689279 
0.186694745171039 
0.186685613007712 
0.186676651492967 
0.186667853374730 
0.186659211822527 
0.186650720397612 
0.186642373025596 
0.186634163971358 
0.186626087815999 
0.186618139435655 
0.186610313982008 
0.186602606864316 
0.186595013732826 
0.186587530463478 
0.186580153143739 
0.186572878059514 
0.186565701682988 
0.186558620661384 
0.186551631806497 
0.186544732084978 
0.186537918609302 
0.186531188629343 
0.186524539524537 
0.186517968796554 
0.186511474062479 
0.186505053048421 
0.186498703583536 
0.186492423594455 
0.186486211100028 
0.186480064206441 
0.186473981102590 
0.186467960055770 
0.186461999407619 
0.186456097570290 
0.186450253022867 
0.186444464307989 
0.186438730028659 
0.186433048845241 
0.186427419472641 
0.186421840677635 
0.186416311276337 
0.186410830131838 
0.186405396151932 
0.186400008287010 
0.186394665528038 
0.186389366904650 
0.186384111483347 
0.186378898365794 
0.186373726687188 
0.186368595614740 
0.186363504346200 
0.186358452108493 
0.186353438156396 
0.186348461771295 
0.186343522260006 
0.186338618953649 
0.186333751206581 
0.186328918395377 
0.186324119917868 
0.186319355192219 
0.186314623656056 
0.186309924765630 
0.186305257995031 
0.186300622835421 
0.186296018794330 
0.186291445394953 
0.186286902175513 
0.186282388688624 
0.186277904500708 
0.186273449191413 
0.186269022353090 
0.186264623590267 
0.186260252519149 
0.186255908767163 
0.186251591972502 
0.186247301783688 
0.186243037859171 
0.186238799866938 
0.186234587484134 
0.186230400396703 
0.186226238299057 
0.186222100893726 
0.186217987891071 
0.186213899008964 
0.186209833972523 
0.186205792513813 
0.186201774371604 
0.186197779291111 
0.186193807023750 
0.186189857326918 
0.186185929963768 
0.186182024702998 
0.186178141318642 
0.186174279589889 
0.186170439300889 
0.186166620240581 
0.186162822202518 
0.186159044984702 
0.186155288389426 
0.186151552223143 
0.186147836296296 
0.186144140423186 
0.186140464421854 
0.186136808113939 
0.186133171324564 
0.186129553882212 
0.186125955618625 
0.186122376368681 
0.186118815970303 
0.186115274264352 
0.186111751094539 
0.186108246307322 
0.186104759751831 
0.186101291279770 
0.186097840745349 
0.186094408005200 
0.186090992918296 
0.186087595345891 
0.186084215151437 
0.186080852200529 
0.186077506360835 
0.186074177502035 
0.186070865495763 
0.186067570215550 
0.186064291536765 
0.186061029336568 
0.186057783493861 
0.186054553889221 
0.186051340404877 
0.186048142924654 
0.186044961333924 
0.186041795519576 
0.186038645369963 
0.186035510774872 
0.186032391625483 
0.186029287814333 
0.186026199235276 
0.186023125783464 
0.186020067355300 
0.186017023848405 
0.186013995161603 
0.186010981194886 
0.186007981849372 
0.186004997027297 
0.186002026631978 
0.185999070567795 
0.185996128740156 
0.185993201055484 
0.185990287421192 
0.185987387745655 
0.185984501938191 
0.185981629909048 
0.185978771569381 
0.185975926831219 
0.185973095607472 
0.185970277811889 
0.185967473359055 
0.185964682164365 
0.185961904144026 
0.185959139215019 
0.185956387295090 
0.185953648302746 
0.185950922157229 
0.185948208778508 
0.185945508087267 
0.185942820004885 
0.185940144453429 
0.185937481355644 
0.185934830634931 
0.185932192215353 
0.185929566021605 
0.185926951979015 
0.185924350013530 
0.185921760051707 
0.185919182020704 
0.185916615848264 
0.185914061462718 
0.185911518792961 
0.185908987768460 
0.185906468319227 
0.185903960375831 
0.185901463869372 
0.185898978731485 
0.185896504894320 
0.185894042290554 
0.185891590853370 
0.185889150516445 
0.185886721213954 
0.185884302880565 
0.185881895451426 
0.185879498862158 
0.185877113048851 
0.185874737948064 
0.185872373496806 
0.185870019632544 
0.185867676293187 
0.185865343417089 
0.185863020943033 
0.185860708810242 
0.185858406958359 
0.185856115327448 
0.185853833857986 
0.185851562490867 
0.185849301167389 
0.185847049829249 
0.185844808418546 
0.185842576877770 
0.185840355149803 
0.185838143177905 
0.185835940905726 
0.185833748277288 
0.185831565236986 
0.185829391729588 
0.185827227700224 
0.185825073094390 
0.185822927857936 
0.185820791937065 
0.185818665278345 
0.185816547828678 
0.185814439535315 
0.185812340345854 
0.185810250208224 
0.185808169070693 
0.185806096881865 
0.185804033590669 
0.185801979146358 
0.185799933498513 
0.185797896597040 
0.185795868392153 
0.185793848834389 
0.185791837874589 
0.185789835463913 
0.185787841553826 
0.185785856096090 
0.185783879042775 
0.185781910346255 
0.185779949959193 
0.185777997834551 
0.185776053925581 
0.185774118185828 
0.185772190569118 
0.185770271029570 
0.185768359521582 
0.185766455999833 
0.185764560419280 
0.185762672735158 
0.185760792902973 
0.185758920878506 
0.185757056617810 
0.185755200077201 
0.185753351213264 
0.185751509982848 
0.185749676343060 
0.185747850251276 
0.185746031665122 
0.185744220542476 
0.185742416841486 
0.185740620520540 
0.185738831538281 
0.185737049853598 
0.185735275425628 
0.185733508213756 
0.185731748177608 
0.185729995277053 
0.185728249472194 
0.185726510723384 
0.185724778991200 
0.185723054236464 
0.185721336420227 
0.185719625503772 
0.185717921448611 
0.185716224216487 
0.185714533769364 
0.185712850069443 
0.185711173079137 
0.185709502761088 
0.185707839078160 
0.185706181993429 
0.185704531470194 
0.185702887471968 
0.185701249962485 
0.185699618905685 
0.185697994265725 
0.185696376006964 
0.185694764093981 
0.185693158491559 
0.185691559164684 
0.185689966078554 
0.185688379198562 
0.185686798490310 
0.185685223919599 
0.185683655452430 
0.185682093055004 
0.185680536693715 
0.185678986335156 
0.185677441946114 
0.185675903493567 
0.185674370944692 
0.185672844266848 
0.185671323427587 
0.185669808394654 
0.185668299135977 
0.185666795619668 
0.185665297814026 
0.185663805687536 
0.185662319208861 
0.185660838346844 
0.185659363070521 
0.185657893349091 
0.185656429151937 
0.185654970448626 
0.185653517208889 
0.185652069402635 
0.185650626999950 
0.185649189971089 
0.185647758286482 
0.185646331916724 
0.185644910832582 
0.185643495004991 
0.185642084405056 
0.185640679004039 
0.185639278773445 
0.185637883684800 
0.185636493709865 
0.185635108820563 
0.185633728988975 
0.185632354187342 
0.185630984388064 
0.185629619563706 
0.185628259686981 
0.185626904730761 
0.185625554668068 
0.185624209472088 
0.185622869116153 
0.185621533573751 
0.185620202818518 
0.185618876824246 
0.185617555564870 
0.185616239014476 
0.185614927147299 
0.185613619937716 
0.185612317360252 
0.185611019389580 
0.185609726000514 
0.185608437168012 
0.185607152867173 
0.185605873073243 
0.185604597761603 
0.185603326907771 
0.185602060487410 
0.185600798476320 
0.185599540850436 
0.185598287585829 
0.185597038658709 
0.185595794045416 
0.185594553722428 
0.185593317666354 
0.185592085853938 
0.185590858262052 
0.185589634867697 
0.185588415648013 
0.185587200580257 
0.185585989641824 
0.185584782810236 
0.185583580063133 
0.185582381378285 
0.185581186733597 
0.185579996107086 
0.185578809476900 
0.185577626821307 
0.185576448118699 
0.185575273347587 
0.185574102486607 
0.185572935514511 
0.185571772410170 
0.185570613152580 
0.185569457720848 
0.185568306094205 
0.185567158251991 
0.185566014173669 
0.185564873838811 
0.185563737227112 
0.185562604318374 
0.185561475092512 
0.185560349529554 
0.185559227609646 
0.185558109313040 
0.185556994620098 
0.185555883511295 
0.185554775967208 
0.185553671968534 
0.185552571496072 
0.185551474530725 
0.185550381053507 
0.185549291045538 
0.185548204488041 
0.185547121362348 
0.185546041649891 
0.185544965332210 
0.185543892390939 
0.185542822807827 
0.185541756564718 
0.185540693643555 
0.185539634026386 
0.185538577695355 
0.185537524632713 
0.185536474820799 
0.185535428242056 
0.185534384879028 
0.185533344714351 
0.185532307730762 
0.185531273911084 
0.185530243238250 
0.185529215695278 
0.185528191265282 
0.185527169931474 
0.185526151677151 
0.185525136485710 
0.185524124340636 
0.185523115225512 
0.185522109124002 
0.185521106019864 
0.185520105896954 
0.185519108739210 
0.185518114530659 
0.185517123255418 
0.185516134897689 
0.185515149441769 
0.185514166872032 
0.185513187172947 
0.185512210329063 
0.185511236325016 
0.185510265145530 
0.185509296775410 
0.185508331199548 
0.185507368402913 
0.185506408370567 
0.185505451087646 
0.185504496539371 
0.185503544711042 
0.185502595588043 
0.185501649155840 
0.185500705399978 
0.185499764306076 
0.185498825859841 
0.185497890047053 
0.185496956853575 
0.185496026265342 
0.185495098268371 
0.185494172848756 
0.185493249992660 
0.185492329686334 
0.185491411916092 
0.185490496668334 
0.185489583929528 
0.185488673686223 
0.185487765925033 
0.185486860632651 
0.185485957795842 
0.185485057401445 
0.185484159436369 
0.185483263887596 
0.185482370742180 
0.185481479987248 
0.185480591609987 
0.185479705597665 
0.185478821937620 
0.185477940617252 
0.185477061624036 
0.185476184945511 
0.185475310569290 
0.185474438483051 
0.185473568674535 
0.185472701131562 
0.185471835842001 
0.185470972793801 
0.185470111974975 
0.185469253373594 
0.185468396977804 
0.185467542775808 
0.185466690755878 
0.185465840906349 
0.185464993215619 
0.185464147672148 
0.185463304264461 
0.185462462981147 
0.185461623810854 
0.185460786742291 
0.185459951764233 
0.185459118865513 
0.185458288035028 
0.185457459261733 
0.185456632534639 
0.185455807842820 
0.185454985175416 
0.185454164521618 
0.185453345870677 
0.185452529211905 
0.185451714534671 
0.185450901828401 
0.185450091082579 
0.185449282286747 
0.185448475430502 
0.185447670503498 
0.185446867495447 
0.185446066396114 
0.185445267195324 
0.185444469882952 
0.185443674448928 
0.185442880883243 
0.185442089175935 
0.185441299317100 
0.185440511296888 
0.185439725105497 
0.185438940733189 
0.185438158170265 
0.185437377407085 
0.185436598434064 
0.185435821241667 
0.185435045820410 
0.185434272160860 
0.185433500253635 
0.185432730089402 
0.185431961658883 
0.185431194952844 
0.185430429962108 
0.185429666677541 
0.185428905090066 
0.185428145190645 
0.185427386970297 
0.185426630420086 
0.185425875531123 
0.185425122294574 
0.185424370701640 
0.185423620743583 
0.185422872411703 
0.185422125697345 
0.185421380591913 
0.185420637086847 
0.185419895173634 
0.185419154843813 
0.185418416088959 
0.185417678900705 
0.185416943270716 
0.185416209190706 
0.185415476652437 
0.185414745647714 
0.185414016168384 
0.185413288206337 
0.185412561753515 
0.185411836801889 
0.185411113343487 
0.185410391370373 
0.185409670874655 
0.185408951848476 
0.185408234284040 
0.185407518173572 
0.185406803509351 
0.185406090283692 
0.185405378488955 
0.185404668117539 
0.185403959161881 
0.185403251614463 
0.185402545467809 
0.185401840714478 
0.185401137347070 
0.185400435358224 
0.185399734740622 
0.185399035486981 
0.185398337590063 
0.185397641042657 
0.185396945837603 
0.185396251967776 
0.185395559426082 
0.185394868205473 
0.185394178298937 
0.185393489699498 
0.185392802400216 
0.185392116394191 
0.185391431674559 
0.185390748234493 
0.185390066067202 
0.185389385165932 
0.185388705523962 
0.185388027134607 
0.185387349991221 
0.185386674087193 
0.185385999415948 
0.185385325970938 
0.185384653745661 
0.185383982733644 
0.185383312928451 
0.185382644323675 
0.185381976912947 
0.185381310689934 
0.185380645648333 
0.185379981781874 
0.185379319084326 
0.185378657549483 
0.185377997171182 
0.185377337943281 
0.185376679859679 
0.185376022914304 
0.185375367101117 
0.185374712414117 
0.185374058847321 
0.185373406394795 
0.185372755050625 
0.185372104808922 
0.185371455663847 
0.185370807609578 
0.185370160640331 
0.185369514750348 
0.185368869933902 
0.185368226185302 
0.185367583498879 
0.185366941868995 
0.185366301290051 
0.185365661756472 
0.185365023262709 
0.185364385803245 
0.185363749372592 
0.185363113965292 
0.185362479575917 
0.185361846199064 
0.185361213829363 
0.185360582461468 
0.185359952090063 
0.185359322709865 
0.185358694315608 
0.185358066902064 
0.185357440464031 
0.185356814996329 
0.185356190493809 
0.185355566951349 
0.185354944363856 
0.185354322726258 
0.185353702033517 
0.185353082280619 
0.185352463462569 
0.185351845574413 
0.185351228611212 
0.185350612568055 
0.185349997440060 
0.185349383222367 
0.185348769910146 
0.185348157498588 
0.185347545982911 
0.185346935358357 
0.185346325620197 
0.185345716763723 
0.185345108784255 
0.185344501677131 
0.185343895437722 
0.185343290061419 
0.185342685543637 
0.185342081879818 
0.185341479065422 
0.185340877095940 
0.185340275966883 
0.185339675673784 
0.185339076212203 
0.185338477577721 
0.185337879765943 
0.185337282772499 
0.185336686593039 
0.185336091223236 
0.185335496658786 
0.185334902895410 
0.185334309928850 
0.185333717754866 
0.185333126369245 
0.185332535767797 
0.185331945946357 
0.185331356900769 
0.185330768626908 
0.185330181120672 
0.185329594377976 
0.185329008394758 
0.185328423166981 
0.185327838690621 
0.185327254961682 
0.185326671976189 
0.185326089730181 
0.185325508219724 
0.185324927440902 
0.185324347389817 
0.185323768062602 
0.185323189455397 
0.185322611564370 
0.185322034385704 
0.185321457915608 
0.185320882150310 
0.185320307086049 
0.185319732719092 
0.185319159045728 
0.185318586062255 
0.185318013765002 
0.185317442150305 
0.185316871214526 
0.185316300954048 
0.185315731365269 
0.185315162444604 
0.185314594188494 
0.185314026593398 
0.185313459655781 
0.185312893372140 
0.185312327738983 
0.185311762752841 
0.185311198410256 
0.185310634707795 
0.185310071642043 
0.185309509209596 
0.185308947407075 
0.185308386231114 
0.185307825678367 
0.185307265745499 
0.185306706429206 
0.185306147726187 
0.185305589633165 
0.185305032146882 
0.185304475264093 
0.185303918981564 
0.185303363296090 
0.185302808204476 
0.185302253703546 
0.185301699790138 
0.185301146461110 
0.185300593713336 
0.185300041543696 
0.185299489949100 
0.185298938926467 
0.185298388472733 
0.185297838584853 
0.185297289259791 
0.185296740494533 
0.185296192286079 
0.185295644631442 
0.185295097527650 
0.185294550971751 
0.185294004960808 
0.185293459491894 
0.185292914562101 
0.185292370168536 
0.185291826308321 
0.185291282978594 
0.185290740176499 
0.185290197899206 
0.185289656143896 
0.185289114907763 
0.185288574188016 
0.185288033981877 
0.185287494286592 
0.185286955099406 
0.185286416417586 
0.185285878238415 
0.185285340559189 
0.185284803377213 
0.185284266689810 
0.185283730494319 
0.185283194788087 
0.185282659568480 
0.185282124832877 
0.185281590578663 
0.185281056803248 
0.185280523504046 
0.185279990678491 
0.185279458324024 
0.185278926438106 
0.185278395018206 
0.185277864061806 
0.185277333566403 
0.185276803529505 
0.185276273948635 
0.185275744821330 
0.185275216145133 
0.185274687917609 
0.185274160136327 
0.185273632798878 
0.185273105902856 
0.185272579445865 
0.185272053425538 
0.185271527839506 
0.185271002685410 
0.185270477960909 
0.185269953663680 
0.185269429791402 
0.185268906341770 
0.185268383312490 
0.185267860701280 
0.185267338505867 
0.185266816723999 
0.185266295353423 
0.185265774391908 
0.185265253837223 
0.185264733687162 
0.185264213939522 
0.185263694592110 
0.185263175642747 
0.185262657089273 
0.185262138929525 
0.185261621161357 
0.185261103782636 
0.185260586791240 
0.185260070185052 
0.185259553961973 
0.185259038119913 
0.185258522656788 
0.185258007570530 
0.185257492859077 
0.185256978520382 
0.185256464552405 
0.185255950953120 
0.185255437720510 
0.185254924852567 
0.185254412347293 
0.185253900202702 
0.185253388416818 
0.185252876987672 
0.185252365913309 
0.185251855191781 
0.185251344821154 
0.185250834799497 
0.185250325124896 
0.185249815795443 
0.185249306809240 
0.185248798164396 
0.185248289859041 
0.185247781891299 
0.185247274259311 
0.185246766961230 
0.185246259995215 
0.185245753359433 
0.185245247052067 
0.185244741071302 
0.185244235415333 
0.185243730082366 
0.185243225070618 
0.185242720378311 
0.185242216003680 
0.185241711944967 
0.185241208200422 
0.185240704768308 
0.185240201646890 
0.185239698834446 
0.185239196329263 
0.185238694129635 
0.185238192233868 
0.185237690640273 
0.185237189347172 
0.185236688352889 
0.185236187655768 
0.185235687254152 
0.185235187146399 
0.185234687330868 
0.185234187805932 
0.185233688569969 
0.185233189621368 
0.185232690958524 
0.185232192579844 
0.185231694483734 
0.185231196668618 
0.185230699132925 
0.185230201875091 
0.185229704893554 
0.185229208186774 
0.185228711753206 
0.185228215591316 
0.185227719699582 
0.185227224076486 
0.185226728720519 
0.185226233630176 
0.185225738803966 
0.185225244240400 
0.185224749938003 
0.185224255895298 
0.185223762110824 
0.185223268583121 
0.185222775310745 
0.185222282292248 
0.185221789526196 
0.185221297011159 
0.185220804745719 
0.185220312728462 
0.185219820957983 
0.185219329432884 
0.185218838151768 
0.185218347113252 
0.185217856315959 
0.185217365758517 
0.185216875439561 
0.185216385357733 
0.185215895511682 
0.185215405900063 
0.185214916521542 
0.185214427374784 
0.185213938458468 
0.185213449771279 
0.185212961311905 
0.185212473079037 
0.185211985071382 
0.185211497287652 
0.185211009726556 
0.185210522386822 
0.185210035267178 
0.185209548366355 
0.185209061683097 
0.185208575216147 
0.185208088964261 
0.185207602926201 
0.185207117100734 
0.185206631486627 
0.185206146082662 
0.185205660887622 
0.185205175900298 
0.185204691119489 
0.185204206543998 
0.185203722172631 
0.185203238004202 
0.185202754037534 
0.185202270271453 
0.185201786704793 
0.185201303336388 
0.185200820165088 
0.185200337189735 
0.185199854409192 
0.185199371822317 
0.185198889427976 
0.185198407225044 
0.185197925212396 
0.185197443388918 
0.185196961753495 
0.185196480305029 
0.185195999042418 
0.185195517964564 
0.185195037070383 
0.185194556358791 
0.185194075828712 
0.185193595479070 
0.185193115308801 
0.185192635316838 
0.185192155502128 
0.185191675863621 
0.185191196400272 
0.185190717111036 
0.185190237994876 
0.185189759050766 
0.185189280277682 
0.185188801674600 
0.185188323240504 
0.185187844974387 
0.185187366875242 
0.185186888942070 
0.185186411173876 
0.185185933569668 
0.185185456128460 
0.185184978849271 
0.185184501731131 
0.185184024773064 
0.185183547974105 
0.185183071333294 
0.185182594849673 
0.185182118522291 
0.185181642350202 
0.185181166332462 
0.185180690468136 
0.185180214756289 
0.185179739195994 
0.185179263786326 
0.185178788526369 
0.185178313415204 
0.185177838451923 
0.185177363635622 
0.185176888965395 
0.185176414440347 
0.185175940059593 
0.185175465822236 
0.185174991727396 
0.185174517774188 
0.185174043961749 
0.185173570289201 
0.185173096755681 
0.185172623360328 
0.185172150102279 
0.185171676980684 
0.185171203994694 
0.185170731143460 
0.185170258426148 
0.185169785841916 
0.185169313389933 
0.185168841069373 
0.185168368879408 
0.185167896819217 
0.185167424887988 
0.185166953084903 
0.185166481409162 
0.185166009859956 
0.185165538436481 
0.185165067137942 
0.185164595963553 
0.185164124912520 
0.185163653984059 
0.185163183177394 
0.185162712491739 
0.185162241926325 
0.185161771480382 
0.185161301153146 
0.185160830943853 
0.185160360851747 
0.185159890876070 
0.185159421016075 
0.185158951271011 
0.185158481640138 
0.185158012122715 
0.185157542718006 
0.185157073425278 
0.185156604243801 
0.185156135172851 
0.185155666211706 
0.185155197359647 
0.185154728615965 
0.185154259979937 
0.185153791450863 
0.185153323028037 
0.185152854710758 
0.185152386498327 
0.185151918390053 
0.185151450385244 
0.185150982483212 
0.185150514683274 
0.185150046984748 
0.185149579386954 
0.185149111889222 
0.185148644490884 
0.185148177191264 
0.185147709989705 
0.185147242885540 
0.185146775878114 
0.185146308966776 
0.185145842150869 
0.185145375429748 
0.185144908802769 
0.185144442269285 
0.185143975828659 
0.185143509480259 
0.185143043223450 
0.185142577057602 
0.185142110982087 
0.185141644996283 
0.185141179099568 
0.185140713291328 
0.185140247570940 
0.185139781937803 
0.185139316391304 
0.185138850930839 
0.185138385555803 
0.185137920265597 
0.185137455059626 
0.185136989937293 
0.185136524898011 
0.185136059941186 
0.185135595066236 
0.185135130272577 
0.185134665559632 
0.185134200926822 
0.185133736373574 
0.185133271899317 
0.185132807503481 
0.185132343185501 
0.185131878944813 
0.185131414780861 
0.185130950693081 
0.185130486680924 
0.185130022743829 
0.185129558881252 
0.185129095092647 
0.185128631377466 
0.185128167735173 
0.185127704165225 
0.185127240667085 
0.185126777240219 
0.185126313884099 
0.185125850598187 
0.185125387381968 
0.185124924234911 
0.185124461156498 
0.185123998146207 
0.185123535203526 
0.185123072327939 
0.185122609518937 
0.185122146776003 
0.185121684098638 
0.185121221486342 
0.185120758938602 
0.185120296454925 
0.185119834034816 
0.185119371677778 
0.185118909383319 
0.185118447150949 
0.185117984980183 
0.185117522870532 
0.185117060821517 
0.185116598832656 
0.185116136903470 
0.185115675033485 
0.185115213222228 
0.185114751469224 
0.185114289774006 
0.185113828136111 
0.185113366555068 
0.185112905030422 
0.185112443561706 
0.185111982148465 
0.185111520790241 
0.185111059486583 
0.185110598237036 
0.185110137041155 
0.185109675898495 
0.185109214808604 
0.185108753771044 
0.185108292785374 
0.185107831851153 
0.185107370967948 
0.185106910135318 
0.185106449352836 
0.185105988620067 
0.185105527936590 
0.185105067301972 
0.185104606715791 
0.185104146177624 
0.185103685687051 
0.185103225243657 
0.185102764847023 
0.185102304496731 
0.185101844192370 
0.185101383933534 
0.185100923719813 
0.185100463550796 
0.185100003426084 
0.185099543345273 
0.185099083307960 
0.185098623313747 
0.185098163362239 
0.185097703453036 
0.185097243585746 
0.185096783759978 
0.185096323975346 
0.185095864231460 
0.185095404527932 
0.185094944864384 
0.185094485240429 
0.185094025655683 
0.185093566109771 
0.185093106602316 
0.185092647132947 
0.185092187701281 
0.185091728306953 
0.185091268949592 
0.185090809628829 
0.185090350344300 
0.185089891095635 
0.185089431882476 
0.185088972704459 
0.185088513561229 
0.185088054452419 
0.185087595377681 
0.185087136336659 
0.185086677328999 
0.185086218354350 
0.185085759412362 
0.185085300502688 
0.185084841624975 
0.185084382778887 
0.185083923964075 
0.185083465180200 
0.185083006426920 
0.185082547703903 
0.185082089010807 
0.185081630347297 
0.185081171713043 
0.185080713107710 
0.185080254530968 
0.185079795982487 
0.185079337461936 
0.185078878968999 
0.185078420503342 
0.185077962064642 
0.185077503652585 
0.185077045266847 
0.185076586907107 
0.185076128573056 
0.185075670264372 
0.185075211980743 
0.185074753721853 
0.185074295487397 
0.185073837277059 
0.185073379090533 
0.185072920927514 
0.185072462787696 
0.185072004670775 
0.185071546576450 
0.185071088504416 
0.185070630454378 
0.185070172426032 
0.185069714419083 
0.185069256433238 
0.185068798468200 
0.185068340523677 
0.185067882599377 
0.185067424695010 
0.185066966810287 
0.185066508944920 
0.185066051098625 
0.185065593271114 
0.185065135462105 
0.185064677671315 
0.185064219898460 
0.185063762143267 
0.185063304405455 
0.185062846684746 
0.185062388980865 
0.185061931293534 
0.185061473622484 
0.185061015967439 
0.185060558328134 
0.185060100704295 
0.185059643095653 
0.185059185501941 
0.185058727922895 
0.185058270358251 
0.185057812807740 
0.185057355271108 
0.185056897748088 
0.185056440238424 
0.185055982741854 
0.185055525258122 
0.185055067786970 
0.185054610328146 
0.185054152881388 
0.185053695446452 
0.185053238023086 
0.185052780611034 
0.185052323210049 
0.185051865819883 
0.185051408440291 
0.185050951071024 
0.185050493711838 
0.185050036362486 
0.185049579022732 
0.185049121692330 
0.185048664371041 
0.185048207058625 
0.185047749754841 
0.185047292459452 
0.185046835172225 
0.185046377892929 
0.185045920621318 
0.185045463357170 
0.185045006100247 
0.185044548850318 
0.185044091607157 
0.185043634370531 
0.185043177140217 
0.185042719915985 
0.185042262697606 
0.185041805484859 
0.185041348277524 
0.185040891075372 
0.185040433878184 
0.185039976685744 
0.185039519497824 
0.185039062314209 
0.185038605134681 
0.185038147959025 
0.185037690787022 
0.185037233618457 
0.185036776453119 
0.185036319290795 
0.185035862131269 
0.185035404974335 
0.185034947819780 
0.185034490667396 
0.185034033516975 
0.185033576368303 
0.185033119221186 
0.185032662075410 
0.185032204930773 
0.185031747787071 
0.185031290644101 
0.185030833501660 
0.185030376359552 
0.185029919217574 
0.185029462075525 
0.185029004933208 
0.185028547790429 
0.185028090646984 
0.185027633502685 
0.185027176357334 
0.185026719210739 
0.185026262062704 
0.185025804913035 
0.185025347761544 
0.185024890608044 
0.185024433452341 
0.185023976294249 
0.185023519133578 
0.185023061970138 
0.185022604803746 
0.185022147634216 
0.185021690461365 
0.185021233285008 
0.185020776104962 
0.185020318921046 
0.185019861733072 
0.185019404540864 
0.185018947344243 
0.185018490143032 
0.185018032937047 
0.185017575726117 
0.185017118510061 
0.185016661288707 
0.185016204061873 
0.185015746829391 
0.185015289591084 
0.185014832346781 
0.185014375096312 
0.185013917839499 
0.185013460576177 
0.185013003306172 
0.185012546029320 
0.185012088745450 
0.185011631454392 
0.185011174155980 
0.185010716850051 
0.185010259536440 
0.185009802214976 
0.185009344885503 
0.185008887547849 
0.185008430201856 
0.185007972847363 
0.185007515484207 
0.185007058112228 
0.185006600731267 
0.185006143341165 
0.185005685941762 
0.185005228532900 
0.185004771114421 
0.185004313686175 
0.185003856247999 
0.185003398799742 
0.185002941341245 
0.185002483872363 
0.185002026392933 
0.185001568902811 
0.185001111401841 
0.185000653889871 
0.185000196366752 
0.184999738832335 
0.184999281286469 
0.184998823729003 
0.184998366159794 
0.184997908578696 
0.184997450985560 
0.184996993380237 
0.184996535762590 
0.184996078132464 
0.184995620489721 
0.184995162834212 
0.184994705165801 
0.184994247484342 
0.184993789789695 
0.184993332081718 
0.184992874360272 
0.184992416625215 
0.184991958876409 
0.184991501113713 
0.184991043336993 
0.184990585546106 
0.184990127740920 
0.184989669921297 
0.184989212087102 
0.184988754238197 
0.184988296374451 
0.184987838495726 
0.184987380601888 
0.184986922692809 
0.184986464768354 
0.184986006828394 
0.184985548872791 
0.184985090901423 
0.184984632914152 
0.184984174910849 
0.184983716891392 
0.184983258855648 
0.184982800803489 
0.184982342734784 
0.184981884649411 
0.184981426547243 
0.184980968428152 
0.184980510292014 
0.184980052138704 
0.184979593968097 
0.184979135780075 
0.184978677574507 
0.184978219351276 
0.184977761110255 
0.184977302851320 
0.184976844574358 
0.184976386279246 
0.184975927965859 
0.184975469634082 
0.184975011283793 
0.184974552914874 
0.184974094527209 
0.184973636120677 
0.184973177695162 
0.184972719250548 
0.184972260786715 
0.184971802303554 
0.184971343800944 
0.184970885278770 
0.184970426736921 
0.184969968175286 
0.184969509593741 
0.184969050992183 
0.184968592370495 
0.184968133728564 
0.184967675066280 
0.184967216383532 
0.184966757680211 
0.184966298956206 
0.184965840211405 
0.184965381445697 
0.184964922658979 
0.184964463851139 
0.184964005022069 
0.184963546171658 
0.184963087299807 
0.184962628406405 
0.184962169491346 
0.184961710554524 
0.184961251595833 
0.184960792615168 
0.184960333612424 
0.184959874587499 
0.184959415540289 
0.184958956470692 
0.184958497378599 
0.184958038263915 
0.184957579126533 
0.184957119966352 
0.184956660783271 
0.184956201577193 
0.184955742348015 
0.184955283095635 
0.184954823819954 
0.184954364520876 
0.184953905198295 
0.184953445852120 
0.184952986482252 
0.184952527088592 
0.184952067671043 
0.184951608229506 
0.184951148763886 
0.184950689274088 
0.184950229760015 
0.184949770221575 
0.184949310658672 
0.184948851071206 
0.184948391459088 
0.184947931822222 
0.184947472160515 
0.184947012473872 
0.184946552762208 
0.184946093025418 
0.184945633263420 
0.184945173476120 
0.184944713663428 
0.184944253825253 
0.184943793961500 
0.184943334072082 
0.184942874156909 
0.184942414215891 
0.184941954248941 
0.184941494255968 
0.184941034236887 
0.184940574191606 
0.184940114120037 
0.184939654022094 
0.184939193897690 
0.184938733746740 
0.184938273569157 
0.184937813364852 
0.184937353133742 
0.184936892875741 
0.184936432590762 
0.184935972278721 
0.184935511939540 
0.184935051573128 
0.184934591179402 
0.184934130758282 
0.184933670309681 
0.184933209833520 
0.184932749329710 
0.184932288798175 
0.184931828238829 
0.184931367651595 
0.184930907036389 
0.184930446393135 
0.184929985721745 
0.184929525022145 
0.184929064294255 
0.184928603537989 
0.184928142753272 
0.184927681940024 
0.184927221098165 
0.184926760227618 
0.184926299328308 
0.184925838400152 
0.184925377443075 
0.184924916456998 
0.184924455441847 
0.184923994397546 
0.184923533324015 
0.184923072221177 
0.184922611088957 
0.184922149927285 
0.184921688736083 
0.184921227515273 
0.184920766264779 
0.184920304984535 
0.184919843674460 
0.184919382334483 
0.184918920964527 
0.184918459564522 
0.184917998134397 
0.184917536674073 
0.184917075183482 
0.184916613662551 
0.184916152111208 
0.184915690529383 
0.184915228917000 
0.184914767273991 
0.184914305600287 
0.184913843895815 
0.184913382160506 
0.184912920394290 
0.184912458597097 
0.184911996768857 
0.184911534909497 
0.184911073018953 
0.184910611097155 
0.184910149144037 
0.184909687159527 
0.184909225143556 
0.184908763096058 
0.184908301016968 
0.184907838906217 
0.184907376763736 
0.184906914589459 
0.184906452383322 
0.184905990145257 
0.184905527875196 
0.184905065573077 
0.184904603238831 
0.184904140872396 
0.184903678473700 
0.184903216042688 
0.184902753579291 
0.184902291083444 
0.184901828555082 
0.184901365994143 
0.184900903400560 
0.184900440774274 
0.184899978115221 
0.184899515423334 
0.184899052698554 
0.184898589940816 
0.184898127150062 
0.184897664326223 
0.184897201469240 
0.184896738579056 
0.184896275655604 
0.184895812698824 
0.184895349708657 
0.184894886685040 
0.184894423627914 
0.184893960537220 
0.184893497412894 
0.184893034254878 
0.184892571063113 
0.184892107837538 
0.184891644578095 
0.184891181284723 
0.184890717957365 
0.184890254595960 
0.184889791200451 
0.184889327770783 
0.184888864306893 
0.184888400808724 
0.184887937276218 
0.184887473709324 
0.184887010107976 
0.184886546472122 
0.184886082801704 
0.184885619096666 
0.184885155356950 
0.184884691582498 
0.184884227773258 
0.184883763929173 
0.184883300050187 
0.184882836136241 
0.184882372187285 
0.184881908203261 
0.184881444184116 
0.184880980129790 
0.184880516040236 
0.184880051915398 
0.184879587755218 
0.184879123559645 
0.184878659328622 
0.184878195062099 
0.184877730760023 
0.184877266422335 
0.184876802048986 
0.184876337639924 
0.184875873195096 
0.184875408714449 
0.184874944197929 
0.184874479645488 
0.184874015057071 
0.184873550432623 
0.184873085772097 
0.184872621075441 
0.184872156342602 
0.184871691573530 
0.184871226768174 
0.184870761926482 
0.184870297048408 
0.184869832133897 
0.184869367182896 
0.184868902195363 
0.184868437171242 
0.184867972110485 
0.184867507013039 
0.184867041878859 
0.184866576707895 
0.184866111500097 
0.184865646255415 
0.184865180973799 
0.184864715655209 
0.184864250299588 
0.184863784906889 
0.184863319477067 
0.184862854010071 
0.184862388505855 
0.184861922964370 
0.184861457385563 
0.184860991769400 
0.184860526115826 
0.184860060424790 
0.184859594696250 
0.184859128930159 
0.184858663126472 
0.184858197285138 
0.184857731406110 
0.184857265489348 
0.184856799534802 
0.184856333542427 
0.184855867512178 
0.184855401444010 
0.184854935337875 
0.184854469193727 
0.184854003011527 
0.184853536791220 
0.184853070532770 
0.184852604236125 
0.184852137901248 
0.184851671528090 
0.184851205116608 
0.184850738666759 
0.184850272178496 
0.184849805651776 
0.184849339086557 
0.184848872482796 
0.184848405840445 
0.184847939159466 
0.184847472439813 
0.184847005681444 
0.184846538884315 
0.184846072048384 
0.184845605173608 
0.184845138259943 
0.184844671307348 
0.184844204315782 
0.184843737285200 
0.184843270215566 
0.184842803106831 
0.184842335958960 
0.184841868771905 
0.184841401545626 
0.184840934280083 
0.184840466975233 
0.184839999631041 
0.184839532247456 
0.184839064824443 
0.184838597361965 
0.184838129859973 
0.184837662318432 
0.184837194737300 
0.184836727116539 
0.184836259456107 
0.184835791755964 
0.184835324016069 
0.184834856236381 
0.184834388416864 
0.184833920557479 
0.184833452658185 
0.184832984718946 
0.184832516739718 
0.184832048720461 
0.184831580661142 
0.184831112561716 
0.184830644422150 
0.184830176242400 
0.184829708022431 
0.184829239762205 
0.184828771461684 
0.184828303120825 
0.184827834739594 
0.184827366317955 
0.184826897855865 
0.184826429353291 
0.184825960810193 
0.184825492226530 
0.184825023602275 
0.184824554937378 
0.184824086231812 
0.184823617485536 
0.184823148698515 
0.184822679870710 
0.184822211002087 
0.184821742092606 
0.184821273142231 
0.184820804150925 
0.184820335118655 
0.184819866045384 
0.184819396931074 
0.184818927775690 
0.184818458579198 
0.184817989341561 
0.184817520062739 
0.184817050742700 
0.184816581381414 
0.184816111978836 
0.184815642534940 
0.184815173049684 
0.184814703523035 
0.184814233954958 
0.184813764345417 
0.184813294694381 
0.184812825001813 
0.184812355267674 
0.184811885491939 
0.184811415674566 
0.184810945815520 
0.184810475914773 
0.184810005972288 
0.184809535988029 
0.184809065961965 
0.184808595894062 
0.184808125784286 
0.184807655632602 
0.184807185438978 
0.184806715203381 
0.184806244925774 
0.184805774606128 
0.184805304244411 
0.184804833840586 
0.184804363394622 
0.184803892906482 
0.184803422376142 
0.184802951803560 
0.184802481188710 
0.184802010531555 
0.184801539832062 
0.184801069090203 
0.184800598305942 
0.184800127479253 
0.184799656610097 
0.184799185698441 
0.184798714744259 
0.184798243747517 
0.184797772708184 
0.184797301626229 
0.184796830501617 
0.184796359334318 
0.184795888124304 
0.184795416871540 
0.184794945575993 
0.184794474237633 
0.184794002856429 
0.184793531432351 
0.184793059965368 
0.184792588455451 
0.184792116902567 
0.184791645306689 
0.184791173667780 
0.184790701985817 
0.184790230260760 
0.184789758492588 
0.184789286681264 
0.184788814826761 
0.184788342929048 
0.184787870988097 
0.184787399003875 
0.184786926976353 
0.184786454905500 
0.184785982791290 
0.184785510633691 
0.184785038432674 
0.184784566188210 
0.184784093900265 
0.184783621568816 
0.184783149193831 
0.184782676775281 
0.184782204313139 
0.184781731807368 
0.184781259257947 
0.184780786664846 
0.184780314028032 
0.184779841347483 
0.184779368623165 
0.184778895855049 
0.184778423043109 
0.184777950187316 
0.184777477287641 
0.184777004344058 
0.184776531356535 
0.184776058325044 
0.184775585249558 
0.184775112130052 
0.184774638966491 
0.184774165758854 
0.184773692507108 
0.184773219211229 
0.184772745871186 
0.184772272486953 
0.184771799058505 
0.184771325585812 
0.184770852068844 
0.184770378507578 
0.184769904901983 
0.184769431252034 
0.184768957557702 
0.184768483818961 
0.184768010035785 
0.184767536208147 
0.184767062336018 
0.184766588419375 
0.184766114458184 
0.184765640452426 
0.184765166402070 
0.184764692307092 
0.184764218167461 
0.184763743983155 
0.184763269754146 
0.184762795480406 
0.184762321161908 
0.184761846798628 
0.184761372390539 
0.184760897937617 
0.184760423439837 
0.184759948897167 
0.184759474309586 
0.184758999677068 
0.184758524999584 
0.184758050277111 
0.184757575509621 
0.184757100697092 
0.184756625839496 
0.184756150936806 
0.184755675988996 
0.184755200996044 
0.184754725957923 
0.184754250874609 
0.184753775746072 
0.184753300572291 
0.184752825353239 
0.184752350088896 
0.184751874779230 
0.184751399424219 
0.184750924023840 
0.184750448578063 
0.184749973086867 
0.184749497550227 
0.184749021968122 
0.184748546340517 
0.184748070667397 
0.184747594948735 
0.184747119184503 
0.184746643374679 
0.184746167519241 
0.184745691618163 
0.184745215671416 
0.184744739678985 
0.184744263640841 
0.184743787556960 
0.184743311427317 
0.184742835251889 
0.184742359030653 
0.184741882763581 
0.184741406450655 
0.184740930091842 
0.184740453687128 
0.184739977236486 
0.184739500739892 
0.184739024197322 
0.184738547608751 
0.184738070974159 
0.184737594293522 
0.184737117566818 
0.184736640794019 
0.184736163975105 
0.184735687110050 
0.184735210198833 
0.184734733241432 
0.184734256237824 
0.184733779187981 
0.184733302091882 
0.184732824949504 
