1.000000000000000 
0.202398305446532 
0.184809510045011 
0.181637636945747 
0.180315160808863 
0.179480057996493 
0.178827674298532 
0.178263140936971 
0.177749599251394 
0.177270051647787 
0.176815496390314 
0.176380607617670 
0.175961947859420 
0.175557142916761 
0.175164463065672 
0.174782592529260 
0.174410493725813 
0.174047322835733 
0.173692374945092 
0.173345047142552 
0.173004812984201 
0.172671204405866 
0.172343798650681 
0.172022208651066 
0.171706075834970 
0.171395064660694 
0.171088858400975 
0.170787155840574 
0.170489668648449 
0.170196119252192 
0.169906239088880 
0.169619767139197 
0.169336448675182 
0.169056034168719 
0.168778278320286 
0.168502939176305 
0.168229777310117 
0.167958555046339 
0.167689035711889 
0.167420982899484 
0.167154159731077 
0.166888328109924 
0.166623247950471 
0.166358676375518 
0.166094366869860 
0.165830068379078 
0.165565524341193 
0.165300471637610 
0.165034639448038 
0.164767747991878 
0.164499507135819 
0.164229614843972 
0.163957755442577 
0.163683597666096 
0.163406792444903 
0.163126970386608 
0.162843738892720 
0.162556678839314 
0.162265340733853 
0.161969240239051 
0.161667852927346 
0.161360608094095 
0.161046881410991 
0.160725986139913 
0.160397162545329 
0.160059565032977 
0.159712246391674 
0.159354138306832 
0.158984027022194 
0.158600522610766 
0.158202019714889 
0.157786646730240 
0.157352199080135 
0.156896050190644 
0.156415030584857 
0.155905260382445 
0.155361912006128 
0.154778865431176 
0.154148192800114 
0.153459362534394 
0.152697964249727 
0.151843580259100 
0.150866072358658 
0.149718829500949 
0.148326249404585 
0.146562321143303 
0.144233037505979 
0.141177315464822 
0.137684572103470 
0.134570647935235 
0.132313197507038 
0.130804056735324 
0.129784667812257 
0.129066480688333 
0.128538571118302 
0.128136763573040 
0.127822270825661 
0.127570382222170 
0.127364624483668 
0.127193614729842 
0.127049262785590 
0.126925687308494 
0.126818532325760 
0.126724520350319 
0.126641151446275 
0.126566495587072 
0.126499046432125 
0.126437616554458 
0.126381261241399 
0.126329222352239 
0.126280886477557 
0.126235753436395 
0.126193412335978 
0.126153523222603 
0.126115802905612 
0.126080013923111 
0.126045955891778 
0.126013458679412 
0.125982376980891 
0.125952585981961 
0.125923977871752 
0.125896459021669 
0.125869947690667 
0.125844372148814 
0.125819669135190 
0.125795782584481 
0.125772662570680 
0.125750264427176 
0.125728548010747 
0.125707477083666 
0.125687018792989 
0.125667143230327 
0.125647823058410 
0.125629033193328 
0.125610750533335 
0.125592953726750 
0.125575622972739 
0.125558739849837 
0.125542287167978 
0.125526248840449 
0.125510609772759 
0.125495355765966 
0.125480473432335 
0.125465950121510 
0.125451773855796 
0.125437933273124 
0.125424417576783 
0.125411216490884 
0.125398320220803 
0.125385719417953 
0.125373405148309 
0.125361368864171 
0.125349602378772 
0.125338097843359 
0.125326847726452 
0.125315844794995 
0.125305082097187 
0.125294552946789 
0.125284250908727 
0.125274169785861 
0.125264303606774 
0.125254646614490 
0.125245193256009 
0.125235938172553 
0.125226876190521 
0.125218002313003 
0.125209311711835 
0.125200799720187 
0.125192461825537 
0.125184293663112 
0.125176291009653 
0.125168449777572 
0.125160766009381 
0.125153235872450 
0.125145855654019 
0.125138621756454 
0.125131530692760 
0.125124579082301 
0.125117763646714 
0.125111081206042 
0.125104528675013 
0.125098103059519 
0.125091801453234 
0.125085621034393 
0.125079559062703 
0.125073612876403 
0.125067779889432 
0.125062057588739 
0.125056443531687 
0.125050935343573 
0.125045530715263 
0.125040227400905 
0.125035023215746 
0.125029916034044 
0.125024903787040 
0.125019984461054 
0.125015156095617 
0.125010416781693 
0.125005764659969 
0.125001197919222 
