-32.000000000873456 
-32.000000000531678 
-32.000000000195918 
-31.999999999634447 
-31.999999999112411 
-31.999999998992735 
-31.999999998938392 
-31.999999998779714 
-31.999999998934811 
-31.999999998922100 
-31.999999998826453 
-31.999999998784787 
-31.999999998847898 
-31.999999998774534 
-31.999999998992536 
-31.999999998917005 
-31.999999998746759 
-31.999999998833175 
-31.999999999106777 
-31.999999999007713 
-31.999999998908606 
-31.999999999146723 
-31.999999999160536 
-31.999999999167485 
-31.999999999385068 
-31.999999999377280 
-31.999999999503885 
-31.999999999433939 
-31.999999999600334 
-31.999999999646199 
-31.999999999695277 
-31.999999999677208 
-31.999999999821114 
-32.000000000109985 
-32.000000000181643 
-32.000000000059522 
-32.000000000058620 
-32.000000000115449 
-31.999999999969447 
-32.000000000183746 
-32.000000000511854 
-32.000000000850392 
-32.000000001154611 
-32.000000001470944 
-32.000000001692662 
-32.000000002128743 
-32.000000002253664 
-32.000000002349267 
-32.000000002478032 
-32.000000002546358 
-32.000000002783679 
-32.000000002927990 
-32.000000002722786 
-32.000000002918370 
-32.000000003002370 
-32.000000003155264 
-32.000000003295852 
-32.000000003415316 
-32.000000003449301 
-32.000000003608520 
-32.000000003728800 
-32.000000003815920 
-32.000000004065583 
-32.000000004363145 
-32.000000004775345 
-32.000000004913289 
-32.000000005242725 
-32.000000005385502 
-32.000000005958199 
-32.000000006311168 
-32.000000006661281 
-32.000000006808719 
-32.000000007056698 
-32.000000007453124 
-32.000000007956544 
-32.000000008319830 
-32.000000008721983 
-32.000000009302312 
-32.000000009749158 
-32.000000010097168 
-32.000000010365923 
-32.000000011004744 
-32.000000011385424 
-32.000000011707328 
-32.000000012586455 
-32.000000012988437 
-32.000000013444591 
-32.000000013964765 
-32.000000014448773 
-32.000000014976564 
-32.000000015337037 
-32.000000015739019 
-32.000000016203686 
-32.000000016772006 
-32.000000017337811 
-32.000000017786860 
-32.000000018343684 
-32.000000018710807 
-32.000000019208500 
-32.000000019732482 
-32.000000020526514 
-32.000000020733566 
-32.000000021207541 
-32.000000021782014 
-32.000000022278769 
-32.000000022756268 
-32.000000023022793 
-32.000000023269720 
-32.000000023578636 
-32.000000024244230 
-32.000000024423954 
-32.000000025028427 
-32.000000025429244 
-32.000000025866768 
-32.000000026181610 
-32.000000026743137 
-32.000000027192470 
-32.000000027594993 
-32.000000027907959 
-32.000000028135773 
-32.000000028540768 
-32.000000028979102 
-32.000000029129751 
-32.000000029472062 
-32.000000029874869 
-32.000000030184395 
-32.000000030237459 
-32.000000030568017 
-32.000000030986570 
-32.000000031291947 
-32.000000031684166 
-32.000000031708012 
-32.000000032044198 
-32.000000032282500 
-32.000000032825199 
-32.000000033192478 
-32.000000033393064 
-32.000000033651972 
-32.000000033989508 
-32.000000034134942 
-32.000000034037328 
-32.000000034283801 
-32.000000034464435 
-32.000000034705835 
-32.000000034977049 
-32.000000035099191 
-32.000000035161506 
-32.000000035223721 
-32.000000035207279 
-32.000000035098950 
-32.000000035150492 
-32.000000035219145 
-32.000000035196067 
-32.000000035298243 
-32.000000035233242 
-32.000000034999118 
-32.000000034906790 
-32.000000034984666 
-32.000000035017422 
-32.000000035080532 
-32.000000035135159 
-32.000000035237278 
-32.000000034966163 
-32.000000034578704 
-32.000000034623881 
-32.000000034697180 
-32.000000034617884 
-32.000000034486249 
-32.000000034364092 
-32.000000034194571 
-32.000000033905479 
-32.000000033607591 
-32.000000033212714 
-32.000000033248483 
-32.000000033360507 
-32.000000033357352 
-32.000000033114759 
-32.000000033049176 
-32.000000032898271 
-32.000000032824545 
-32.000000032853876 
-32.000000033096384 
-32.000000033302086 
-32.000000033304303 
-32.000000033302030 
-32.000000033222932 
-32.000000033328064 
-32.000000033269004 
-32.000000033351299 
-32.000000033182360 
-32.000000033321356 
-32.000000033436294 
-32.000000033370171 
-32.000000033371393 
-32.000000033251439 
-32.000000033055215 
-32.000000033091681 
-32.000000032844881 
-32.000000032547220 
-32.000000032530437 
-32.000000032562923 
-32.000000032629416 
-32.000000032643641 
-32.000000032879456 
-32.000000032927517 
-32.000000032845591 
-32.000000032833299 
-32.000000033051009 
-32.000000033112300 
-32.000000033024264 
-32.000000033096796 
-32.000000033335056 
-32.000000033397527 
-32.000000033631267 
-32.000000033468211 
-32.000000033549725 
-32.000000033670375 
-32.000000033963744 
-32.000000034092750 
-32.000000034142730 
-32.000000034587970 
-32.000000034495315 
-32.000000034983074 
-32.000000035103341 
-32.000000035219841 
-32.000000035421010 
-32.000000035700197 
-32.000000035958976 
-32.000000036255699 
-32.000000036570526 
-32.000000036704833 
-32.000000037137866 
-32.000000037554230 
-32.000000038004501 
-32.000000038738335 
-32.000000038983870 
-32.000000039212480 
-32.000000039379756 
-32.000000039861874 
-32.000000040221607 
-32.000000040606182 
-32.000000041060488 
-32.000000041439989 
-32.000000041899767 
-32.000000042440973 
-32.000000043108059 
-32.000000043581082 
-32.000000044140435 
-32.000000044800061 
-32.000000045014559 
-32.000000045927948 
-32.000000046457131 
-32.000000046796202 
-32.000000047145107 
-32.000000047578453 
-32.000000047993780 
-32.000000048375341 
-32.000000048916860 
-32.000000049280814 
-32.000000049724690 
-32.000000049805379 
-32.000000050424035 
-32.000000050972773 
-32.000000051269069 
-32.000000051537199 
-32.000000052074583 
-32.000000052591048 
-32.000000052869723 
-32.000000053338880 
-32.000000053420194 
-32.000000053826767 
-32.000000054161092 
-32.000000054665080 
-32.000000055524694 
-32.000000055947382 
-32.000000056793226 
-32.000000057087505 
-32.000000057647298 
-32.000000058024312 
-32.000000058736930 
-32.000000059413154 
-32.000000059788846 
-32.000000060134454 
-32.000000060575985 
-32.000000061062124 
-32.000000061964442 
-32.000000062517984 
-32.000000063035571 
-32.000000063651697 
-32.000000064087033 
-32.000000064659545 
-32.000000065388377 
-32.000000066038282 
-32.000000066467607 
-32.000000067230303 
-32.000000068134142 
-32.000000068772053 
-32.000000069718837 
-32.000000070179809 
-32.000000070766589 
-32.000000071200162 
-32.000000071807946 
-32.000000072604095 
-32.000000073255848 
-32.000000073981937 
-32.000000074738637 
-32.000000075502314 
-32.000000076464971 
-32.000000077145401 
-32.000000077928320 
-32.000000078555061 
-32.000000079328984 
-32.000000079890015 
-32.000000080594546 
-32.000000081235882 
-32.000000081968111 
-32.000000082695237 
-32.000000083516142 
-32.000000084364075 
-32.000000085078554 
-32.000000085641361 
-32.000000086379117 
-32.000000087284505 
-32.000000087716273 
-32.000000088729493 
-32.000000089632223 
-32.000000090201993 
-32.000000091096538 
-32.000000091798071 
-32.000000092181182 
-32.000000092667662 
-32.000000093294005 
-32.000000094157656 
-32.000000095011416 
-32.000000095453174 
-32.000000095923596 
-32.000000096558239 
-32.000000097376031 
-32.000000098125525 
-32.000000098818020 
-32.000000099362751 
-32.000000100052432 
-32.000000100719348 
-32.000000101427446 
-32.000000102075887 
-32.000000102495761 
-32.000000103166101 
-32.000000103808190 
-32.000000104315689 
-32.000000105146142 
-32.000000106076669 
-32.000000106842577 
-32.000000107553007 
-32.000000108254795 
-32.000000108779801 
-32.000000109296849 
-32.000000109741279 
-32.000000110201597 
-32.000000111197394 
-32.000000111845310 
-32.000000112410817 
-32.000000112863702 
-32.000000113043285 
-32.000000113419048 
-32.000000113979411 
-32.000000114516581 
-32.000000115454128 
-32.000000115791039 
-32.000000116180132 
-32.000000116818867 
-32.000000117597438 
-32.000000118113803 
-32.000000118547092 
-32.000000119125886 
-32.000000119567687 
-32.000000120328949 
-32.000000120843708 
-32.000000121114738 
-32.000000121655077 
-32.000000122033867 
-32.000000122524426 
-32.000000122927318 
-32.000000123500286 
-32.000000124056129 
-32.000000124599467 
-32.000000125318195 
-32.000000126047951 
-32.000000126682579 
-32.000000127103917 
-32.000000127703089 
-32.000000128398767 
-32.000000128975088 
-32.000000129288750 
-32.000000129500577 
-32.000000129886217 
-32.000000130238305 
-32.000000130814939 
-32.000000131271037 
-32.000000131687699 
-32.000000131904912 
-32.000000132269548 
-32.000000132733049 
-32.000000133000270 
-32.000000133404882 
-32.000000133853320 
-32.000000134197791 
-32.000000134635229 
-32.000000134999112 
-32.000000135625839 
-32.000000136077659 
-32.000000136569781 
-32.000000137010147 
-32.000000137545499 
-32.000000137971995 
-32.000000138049643 
-32.000000138754217 
-32.000000139033247 
-32.000000139280147 
-32.000000139648435 
-32.000000139900735 
-32.000000140181839 
-32.000000140960964 
-32.000000141322772 
-32.000000141861534 
-32.000000142193130 
-32.000000142575431 
-32.000000142789361 
-32.000000142970151 
-32.000000143394402 
-32.000000143942984 
-32.000000144366282 
-32.000000144572709 
-32.000000144867627 
-32.000000145284730 
-32.000000145458500 
-32.000000145873614 
-32.000000146217360 
-32.000000146680492 
-32.000000146980454 
-32.000000147028260 
-32.000000147296760 
-32.000000147244094 
-32.000000147710452 
-32.000000148521835 
-32.000000149094916 
-32.000000149490376 
-32.000000149921391 
-32.000000150221979 
-32.000000150563551 
-32.000000150781773 
-32.000000151141350 
-32.000000151386502 
-32.000000151953088 
-32.000000152583993 
-32.000000152792722 
-32.000000153278350 
-32.000000153799164 
-32.000000154025344 
-32.000000154487893 
-32.000000154705205 
-32.000000154915469 
-32.000000155318062 
-32.000000155596695 
-32.000000155885843 
-32.000000156377723 
-32.000000156834702 
-32.000000157393686 
-32.000000157837249 
-32.000000158186126 
-32.000000158510829 
-32.000000158701056 
-32.000000159047360 
-32.000000159214551 
-32.000000159732650 
-32.000000160028790 
-32.000000160496683 
-32.000000160615116 
-32.000000160817692 
-32.000000160875587 
-32.000000161100132 
-32.000000161592737 
-32.000000161991863 
-32.000000162214093 
-32.000000162452309 
-32.000000162731311 
-32.000000163217095 
-32.000000163570249 
-32.000000163978854 
-32.000000164135457 
-32.000000164386293 
-32.000000164778768 
-32.000000164891148 
-32.000000165262335 
-32.000000165319776 
-32.000000165529798 
-32.000000165832063 
-32.000000166186609 
-32.000000166633086 
-32.000000166851819 
-32.000000167338825 
-32.000000167852534 
-32.000000168184457 
-32.000000168306954 
-32.000000168629683 
-32.000000168881257 
-32.000000169338364 
-32.000000169639137 
-32.000000170144176 
-32.000000170395438 
-32.000000170320959 
-32.000000170423931 
-32.000000170568711 
-32.000000170923514 
-32.000000171152990 
-32.000000171206452 
-32.000000171458595 
-32.000000171782418 
-32.000000172001890 
-32.000000172391097 
-32.000000173113520 
-32.000000173529543 
-32.000000174264187 
-32.000000174527599 
-32.000000174774527 
-32.000000175039403 
-32.000000174994355 
-32.000000175327870 
-32.000000175548166 
-32.000000176215551 
-32.000000176465633 
-32.000000176449348 
-32.000000176783644 
-32.000000176851870 
-32.000000177218269 
-32.000000177814030 
-32.000000177945850 
-32.000000178650495 
-32.000000179139363 
-32.000000179312252 
-32.000000179662919 
-32.000000180061647 
-32.000000180324164 
-32.000000180693505 
-32.000000181024632 
-32.000000181616770 
-32.000000181892091 
-32.000000182421047 
-32.000000182688098 
-32.000000182826255 
-32.000000183300244 
-32.000000183556807 
-32.000000183777004 
-32.000000184115265 
-32.000000183994018 
-32.000000184562111 
-32.000000184910547 
-32.000000185463236 
-32.000000185771384 
-32.000000185922488 
-32.000000186295395 
-32.000000186637706 
-32.000000187194161 
-32.000000187527661 
-32.000000187802812 
-32.000000188164705 
-32.000000188311617 
-32.000000188657282 
-32.000000189013008 
-32.000000189218170 
-32.000000189450205 
-32.000000189728780 
-32.000000190121213 
-32.000000190325494 
-32.000000190533129 
-32.000000190828757 
-32.000000191255097 
-32.000000191841210 
-32.000000192336756 
-32.000000192787823 
-32.000000193255886 
-32.000000193412234 
-32.000000193934667 
-32.000000194656735 
-32.000000195277451 
-32.000000195642187 
-32.000000196278748 
-32.000000196699318 
-32.000000196985795 
-32.000000197360748 
-32.000000197796368 
-32.000000198319199 
-32.000000198912829 
-32.000000199402592 
-32.000000199539471 
-32.000000199715203 
-32.000000199881441 
-32.000000200401914 
-32.000000200720848 
-32.000000201294810 
-32.000000201931414 
-32.000000202173467 
-32.000000202712357 
-32.000000203180022 
-32.000000203705213 
-32.000000204057244 
-32.000000204722610 
-32.000000205189508 
-32.000000205711984 
-32.000000206111295 
-32.000000206506598 
-32.000000207067515 
-32.000000207614448 
-32.000000208017653 
-32.000000208059120 
-32.000000208436717 
-32.000000209044302 
-32.000000209341749 
-32.000000209928302 
-32.000000210434209 
-32.000000211120991 
-32.000000211637598 
-32.000000212181689 
-32.000000212877708 
-32.000000213359286 
-32.000000213993928 
-32.000000214281499 
-32.000000214793303 
-32.000000215214243 
-32.000000215561045 
-32.000000215900243 
-32.000000216215540 
-32.000000216253341 
-32.000000216573028 
-32.000000216869097 
-32.000000217104713 
-32.000000217578503 
-32.000000217879503 
-32.000000218212477 
-32.000000218592945 
-32.000000218953602 
-32.000000219214414 
-32.000000219504500 
-32.000000219925383 
-32.000000219964420 
-32.000000220234597 
-32.000000220515858 
-32.000000220761379 
-32.000000221325934 
-32.000000221779757 
-32.000000221947303 
-32.000000222243528 
-32.000000222494066 
-32.000000223274284 
-32.000000223701448 
-32.000000223787723 
-32.000000224130133 
-32.000000224261470 
-32.000000224464799 
-32.000000224952757 
-32.000000225375800 
-32.000000225777399 
-32.000000226122012 
-32.000000226807060 
-32.000000226792153 
-32.000000227106625 
-32.000000227499811 
-32.000000227700042 
-32.000000228103772 
-32.000000228306362 
-32.000000228684343 
-32.000000229320278 
-32.000000229668629 
-32.000000230059925 
-32.000000230341541 
-32.000000230825179 
-32.000000230995212 
-32.000000231073358 
-32.000000231212553 
-32.000000231660550 
-32.000000231943474 
-32.000000232446382 
-32.000000232664348 
-32.000000233136490 
-32.000000233498952 
-32.000000233449455 
-32.000000233787915 
-32.000000233978525 
-32.000000234258053 
-32.000000234600094 
-32.000000234854681 
-32.000000235230814 
-32.000000235690976 
-32.000000235733069 
-32.000000236179574 
-32.000000236271376 
-32.000000236291811 
-32.000000236653079 
-32.000000237199799 
-32.000000237381386 
-32.000000237417623 
-32.000000237447466 
-32.000000237535360 
-32.000000237797323 
-32.000000238034289 
-32.000000238422260 
-32.000000238747319 
-32.000000239017211 
-32.000000239265802 
-32.000000239396883 
-32.000000239428431 
-32.000000239748800 
-32.000000240116293 
-32.000000240324908 
-32.000000240657812 
-32.000000240746459 
-32.000000240865432 
-32.000000240900675 
-32.000000240940722 
-32.000000241309664 
-32.000000241336750 
-32.000000241326376 
-32.000000241658910 
-32.000000241879889 
-32.000000242213616 
-32.000000242437125 
-32.000000242573606 
-32.000000242829799 
-32.000000242780629 
-32.000000242877007 
-32.000000242898068 
-32.000000243003512 
-32.000000243284887 
-32.000000243358073 
-32.000000243644564 
-32.000000243512545 
-32.000000243555490 
-32.000000243691204 
-32.000000244076887 
-32.000000244371677 
-32.000000245132668 
-32.000000245266165 
-32.000000245434222 
-32.000000245902811 
-32.000000246298271 
-32.000000246476276 
-32.000000246697596 
-32.000000246982694 
-32.000000247113462 
-32.000000247213080 
-32.000000247787341 
-32.000000248145312 
-32.000000248338722 
-32.000000248414693 
-32.000000248900363 
-32.000000249262285 
-32.000000249775042 
-32.000000249639726 
-32.000000249837001 
-32.000000249841520 
-32.000000249668403 
-32.000000249881680 
-32.000000250009862 
-32.000000250334949 
-32.000000250868624 
-32.000000250844749 
-32.000000251078376 
-32.000000251174185 
-32.000000251450047 
-32.000000251433420 
-32.000000251869096 
-32.000000252198703 
-32.000000252584300 
-32.000000252564746 
-32.000000252795246 
-32.000000253027622 
-32.000000253365727 
-32.000000253511899 
-32.000000253619703 
-32.000000253669867 
-32.000000253855177 
-32.000000254130214 
-32.000000254340733 
-32.000000254874806 
-32.000000254915676 
-32.000000255031551 
-32.000000255065515 
-32.000000255581938 
-32.000000255764832 
-32.000000255757385 
-32.000000256045723 
-32.000000256267583 
-32.000000256150059 
-32.000000256146279 
-32.000000256498026 
-32.000000256750042 
-32.000000256962750 
-32.000000257290282 
-32.000000257356220 
-32.000000257463114 
-32.000000257753356 
