-5.999999956780982 
-5.999999955753594 
-5.999999955238025 
-5.999999954658819 
-5.999999954594131 
-5.999999954477801 
-5.999999954261966 
-5.999999950963030 
-5.999999948570348 
-5.999999946706509 
-5.999999945287499 
-5.999999944122152 
-5.999999942841782 
-5.999999942017126 
-5.999999941401597 
-5.999999940474822 
-5.999999940116055 
-5.999999939745919 
-5.999999939468154 
-5.999999939179560 
-5.999999939038531 
-5.999999938904381 
-5.999999938585120 
-5.999999938369768 
-5.999999938344132 
-5.999999938119714 
-5.999999938057499 
-5.999999938137506 
-5.999999937869688 
-5.999999937847377 
-5.999999937854199 
-5.999999937826203 
-5.999999937708395 
-5.999999937484318 
-5.999999937477781 
-5.999999937471216 
-5.999999937484716 
-5.999999937477014 
-5.999999937423496 
-5.999999937209878 
-5.999999937290795 
-5.999999937440663 
-5.999999937618469 
-5.999999937865624 
-5.999999938101183 
-5.999999938180366 
-5.999999938302608 
-5.999999938653417 
-5.999999938926976 
-5.999999939052117 
-5.999999938979329 
-5.999999938973616 
-5.999999938752921 
-5.999999938922940 
-5.999999938854018 
-5.999999939178906 
-5.999999939257407 
-5.999999939549099 
-5.999999939718606 
-5.999999939974799 
-5.999999940218345 
-5.999999940318929 
-5.999999940459418 
-5.999999940722944 
-5.999999941021485 
-5.999999941200059 
-5.999999941298285 
-5.999999941552119 
-5.999999941576732 
-5.999999941675441 
-5.999999941904662 
-5.999999942265390 
-5.999999942571009 
-5.999999942518627 
-5.999999942678528 
-5.999999942821091 
-5.999999943111334 
-5.999999943139784 
-5.999999943020100 
-5.999999942983465 
-5.999999943235110 
-5.999999943523648 
-5.999999943574380 
-5.999999943713533 
-5.999999943673288 
-5.999999943658793 
-5.999999943502445 
-5.999999943672606 
-5.999999943621560 
-5.999999943913537 
-5.999999944034840 
-5.999999944004259 
-5.999999944263180 
-5.999999944223930 
-5.999999944562376 
-5.999999944651904 
-5.999999944996972 
-5.999999945256064 
-5.999999945218747 
-5.999999945258196 
-5.999999945669600 
-5.999999946134068 
-5.999999946333446 
-5.999999946861237 
-5.999999946861266 
-5.999999946873032 
-5.999999946917796 
-5.999999946910833 
-5.999999946822243 
-5.999999946951391 
-5.999999947394258 
-5.999999947350801 
-5.999999947620012 
-5.999999947607421 
-5.999999947685637 
-5.999999947740150 
-5.999999948095848 
-5.999999948122905 
-5.999999948074787 
-5.999999948300058 
-5.999999948296477 
-5.999999948404536 
-5.999999948394134 
-5.999999948570746 
-5.999999948727179 
-5.999999948846778 
-5.999999948892736 
-5.999999948972288 
-5.999999948905781 
-5.999999948984737 
-5.999999948961772 
-5.999999949075800 
-5.999999948924483 
-5.999999948792265 
-5.999999948702907 
-5.999999948665106 
-5.999999948762195 
-5.999999948751395 
-5.999999948508901 
-5.999999948509611 
-5.999999948409254 
-5.999999948400500 
-5.999999948385835 
-5.999999948079051 
-5.999999948148172 
-5.999999947858669 
-5.999999947813961 
-5.999999947779713 
-5.999999947789831 
-5.999999947696665 
-5.999999947658978 
-5.999999947607762 
-5.999999947532899 
-5.999999947401250 
-5.999999947244476 
-5.999999947341649 
-5.999999947310812 
-5.999999947297965 
-5.999999947219862 
-5.999999947119136 
-5.999999946872776 
-5.999999946703440 
-5.999999946589838 
-5.999999946406035 
-5.999999946184289 
-5.999999946139496 
-5.999999946062701 
-5.999999946212142 
-5.999999946096466 
-5.999999946145238 
-5.999999946167804 
-5.999999945991419 
-5.999999945487730 
-5.999999945526213 
-5.999999945530647 
-5.999999945480369 
-5.999999945068879 
-5.999999945061745 
-5.999999944933336 
-5.999999944813851 
-5.999999944656992 
-5.999999944590400 
-5.999999944478333 
-5.999999944262015 
-5.999999944092963 
-5.999999943832677 
-5.999999943571225 
-5.999999943349280 
-5.999999943198247 
-5.999999943027774 
-5.999999942782665 
-5.999999942630780 
-5.999999942548214 
-5.999999942309955 
-5.999999942113732 
-5.999999942140221 
-5.999999942093353 
-5.999999941818515 
-5.999999941715430 
-5.999999941321931 
-5.999999941091659 
-5.999999940989483 
-5.999999940888017 
-5.999999940793316 
-5.999999940704413 
-5.999999940302246 
-5.999999940335272 
-5.999999940231532 
-5.999999939873533 
-5.999999939637604 
-5.999999939488589 
-5.999999939277842 
-5.999999939194595 
-5.999999938893097 
-5.999999938602684 
-5.999999938439259 
-5.999999938258043 
-5.999999938114485 
-5.999999938072108 
-5.999999937781752 
-5.999999937646123 
-5.999999937606447 
-5.999999937471955 
-5.999999937350253 
-5.999999937200528 
-5.999999937009676 
-5.999999936770791 
-5.999999936513575 
-5.999999936124084 
-5.999999935782569 
-5.999999935928599 
-5.999999935708672 
-5.999999935660298 
-5.999999935363746 
-5.999999935248240 
-5.999999935170365 
-5.999999934811655 
-5.999999934543354 
-5.999999934482048 
-5.999999934232278 
-5.999999933969093 
-5.999999934058962 
-5.999999933962670 
-5.999999933849722 
-5.999999933857509 
-5.999999933728930 
-5.999999933730209 
-5.999999933572099 
-5.999999933546803 
-5.999999933148047 
-5.999999933083529 
-5.999999932976351 
-5.999999932902597 
-5.999999932633557 
-5.999999932639440 
-5.999999932493182 
-5.999999932289199 
-5.999999932147517 
-5.999999931833685 
-5.999999931614610 
-5.999999931301659 
-5.999999931381694 
-5.999999930998285 
-5.999999930550103 
-5.999999930160214 
-5.999999930364083 
-5.999999930009182 
-5.999999929981072 
-5.999999929961206 
-5.999999929685117 
-5.999999929374724 
-5.999999929304551 
-5.999999929202659 
-5.999999928866089 
-5.999999928768062 
-5.999999928513262 
-5.999999928616660 
-5.999999928358875 
-5.999999928380134 
-5.999999928588153 
-5.999999928493082 
-5.999999928566780 
-5.999999928400825 
-5.999999928341140 
-5.999999928065648 
-5.999999927915013 
-5.999999927938376 
-5.999999927737520 
-5.999999927405327 
-5.999999927254692 
-5.999999927042637 
-5.999999927072253 
-5.999999926673524 
-5.999999926601760 
-5.999999926550288 
-5.999999926304611 
-5.999999926365120 
-5.999999925929814 
-5.999999925867115 
-5.999999925748455 
-5.999999925662536 
-5.999999925463669 
-5.999999925353791 
-5.999999925397276 
-5.999999925322015 
-5.999999925110473 
-5.999999924969529 
-5.999999924515606 
-5.999999924126854 
-5.999999924124893 
-5.999999923867620 
-5.999999923594714 
-5.999999923238988 
-5.999999923083180 
-5.999999922823093 
-5.999999922648215 
-5.999999922246445 
-5.999999922198782 
-5.999999922168030 
-5.999999922155581 
-5.999999921922210 
-5.999999921843965 
-5.999999921714505 
-5.999999921384330 
-5.999999920981963 
-5.999999920883539 
-5.999999920707523 
-5.999999920663441 
-5.999999920385335 
-5.999999920024806 
-5.999999919990017 
-5.999999919674792 
-5.999999919541068 
-5.999999919290303 
-5.999999919024418 
-5.999999918697426 
-5.999999918496087 
-5.999999918195613 
-5.999999918188877 
-5.999999917827324 
-5.999999917520654 
-5.999999917548678 
-5.999999917633460 
-5.999999917764029 
-5.999999917669811 
-5.999999917870696 
-5.999999917926829 
-5.999999918181913 
-5.999999917928903 
-5.999999918107676 
-5.999999918252769 
-5.999999918003311 
-5.999999917830166 
-5.999999917954710 
-5.999999917893291 
-5.999999917884651 
-5.999999917916199 
-5.999999917817320 
-5.999999917649063 
-5.999999917699000 
-5.999999917663757 
-5.999999917585399 
-5.999999917686097 
-5.999999917736687 
-5.999999917633090 
-5.999999917622432 
-5.999999917271623 
-5.999999917250790 
-5.999999917073211 
-5.999999917268923 
-5.999999917054453 
-5.999999916892733 
-5.999999916892762 
-5.999999916707395 
-5.999999916516401 
-5.999999916529703 
-5.999999916418943 
-5.999999916347974 
-5.999999916169088 
-5.999999916293376 
-5.999999916071999 
-5.999999916126598 
-5.999999916085500 
-5.999999915955840 
-5.999999915917584 
-5.999999916133618 
-5.999999915992504 
-5.999999916310827 
-5.999999916701938 
-5.999999916736982 
-5.999999917015430 
-5.999999917143299 
-5.999999917345122 
-5.999999917365471 
-5.999999917470319 
-5.999999917604924 
-5.999999918028664 
-5.999999918022439 
-5.999999918174211 
-5.999999918199592 
-5.999999918340393 
-5.999999918514050 
-5.999999918592380 
-5.999999918567710 
-5.999999918456353 
-5.999999918326466 
-5.999999918378364 
-5.999999918451294 
-5.999999918591101 
-5.999999918567681 
-5.999999918498702 
-5.999999918422759 
-5.999999918597666 
-5.999999918524708 
-5.999999918669744 
-5.999999918406388 
-5.999999918584336 
-5.999999918457178 
-5.999999918394707 
-5.999999918548809 
-5.999999918620745 
-5.999999918797499 
-5.999999918800967 
-5.999999918948987 
-5.999999918953705 
-5.999999919239826 
-5.999999919455206 
-5.999999919302979 
-5.999999919406491 
-5.999999919386994 
-5.999999919363660 
-5.999999919481013 
-5.999999919476636 
-5.999999919430621 
-5.999999919695398 
-5.999999919735103 
-5.999999919885255 
-5.999999920048595 
-5.999999920037340 
-5.999999920246609 
-5.999999920251440 
-5.999999920243738 
-5.999999920378173 
-5.999999920500557 
-5.999999920436096 
-5.999999920680096 
-5.999999920759109 
-5.999999920543218 
-5.999999920409834 
-5.999999920308028 
-5.999999920212019 
-5.999999920246779 
-5.999999920551204 
-5.999999920428394 
-5.999999920593410 
-5.999999920507548 
-5.999999920708461 
-5.999999920699992 
-5.999999920866230 
-5.999999920681432 
-5.999999920781846 
-5.999999920995833 
-5.999999920902781 
-5.999999920842583 
-5.999999920863900 
-5.999999920762974 
-5.999999920702493 
-5.999999920752998 
-5.999999920667619 
-5.999999921071208 
-5.999999920973721 
-5.999999921038494 
-5.999999921157467 
-5.999999921383647 
-5.999999921510010 
-5.999999921453423 
-5.999999921351957 
-5.999999921345420 
-5.999999921509414 
-5.999999921581832 
-5.999999921600363 
-5.999999921632934 
-5.999999921741221 
-5.999999921783569 
-5.999999921670650 
-5.999999921556110 
-5.999999921551449 
-5.999999921503161 
-5.999999921522715 
-5.999999921232416 
-5.999999921193591 
-5.999999921243415 
-5.999999921135981 
-5.999999921317368 
-5.999999921474284 
-5.999999921320125 
-5.999999920968548 
-5.999999920813053 
-5.999999920672195 
-5.999999920382606 
-5.999999920307289 
-5.999999920119535 
-5.999999919720096 
-5.999999919480956 
-5.999999919484026 
-5.999999919223484 
-5.999999919289280 
-5.999999919085980 
-5.999999918925823 
-5.999999918899732 
-5.999999918622564 
-5.999999918528999 
-5.999999918191975 
-5.999999917932996 
-5.999999917753684 
-5.999999917700478 
-5.999999917415323 
-5.999999917207873 
-5.999999917127013 
-5.999999917278302 
-5.999999916989623 
-5.999999916881592 
-5.999999916922320 
-5.999999916801329 
-5.999999916674227 
-5.999999916626592 
-5.999999916588962 
-5.999999916458108 
-5.999999916326573 
-5.999999916227495 
-5.999999916300794 
-5.999999916355250 
-5.999999916166047 
-5.999999916067310 
-5.999999916051735 
-5.999999915973405 
-5.999999916023825 
-5.999999916061597 
-5.999999915983267 
-5.999999915824958 
-5.999999915908006 
-5.999999915788976 
-5.999999916156156 
-5.999999915726960 
-5.999999915907154 
-5.999999915875776 
-5.999999915914742 
-5.999999915832205 
-5.999999915880778 
-5.999999915832461 
-5.999999915991424 
-5.999999915856137 
-5.999999915781871 
-5.999999915944585 
-5.999999915584937 
-5.999999915675915 
-5.999999915584908 
-5.999999915436661 
-5.999999915168758 
-5.999999915153865 
-5.999999915189903 
-5.999999915068884 
-5.999999914866891 
-5.999999914906340 
-5.999999914795836 
-5.999999914890623 
-5.999999914743000 
-5.999999914777590 
-5.999999914879425 
-5.999999915155797 
-5.999999915357051 
-5.999999915343068 
-5.999999915349832 
-5.999999913444498 
-5.999999911462510 
-5.999999909740552 
-5.999999907737674 
-5.999999905732722 
-5.999999903847396 
-5.999999902032897 
-5.999999899995800 
-5.999999898352456 
-5.999999896369076 
-5.999999894827511 
-5.999999893045015 
-5.999999891248706 
-5.999999889570660 
-5.999999887648841 
-5.999999885877060 
-5.999999883972976 
-5.999999882259601 
-5.999999880753023 
-5.999999879054940 
-5.999999877317094 
-5.999999875664457 
-5.999999874251671 
-5.999999872458574 
-5.999999870686651 
-5.999999868900829 
-5.999999867117680 
-5.999999865411951 
-5.999999863425359 
-5.999999861690185 
-5.999999859809890 
-5.999999858233167 
-5.999999856577006 
-5.999999855020491 
-5.999999853342985 
-5.999999851771690 
-5.999999850012131 
-5.999999848425603 
-5.999999846638644 
-5.999999845323089 
-5.999999843886059 
-5.999999842405487 
-5.999999840671791 
-5.999999839335771 
-5.999999837753734 
-5.999999836304539 
-5.999999834886495 
-5.999999833467143 
-5.999999831890875 
-5.999999830492811 
-5.999999829439844 
-5.999999828199009 
-5.999999826768459 
-5.999999825464613 
-5.999999824252370 
-5.999999823005453 
-5.999999821982982 
-5.999999820750190 
-5.999999819486248 
-5.999999818206078 
-5.999999816725051 
-5.999999815707042 
-5.999999814468453 
-5.999999813085253 
-5.999999811685456 
-5.999999810314392 
-5.999999808963508 
-5.999999807816096 
-5.999999806463563 
-5.999999805106654 
-5.999999803830974 
-5.999999802527128 
-5.999999801359735 
-5.999999799872398 
-5.999999798793510 
-5.999999797784710 
-5.999999796457132 
-5.999999795121170 
-5.999999793360246 
-5.999999792012431 
-5.999999790519098 
-5.999999789072206 
-5.999999787906916 
-5.999999786691745 
-5.999999785122100 
-5.999999783857675 
-5.999999782302893 
-5.999999780780399 
-5.999999779493521 
-5.999999778359751 
-5.999999776799712 
-5.999999775512151 
-5.999999773998240 
-5.999999772399576 
-5.999999771063756 
-5.999999769622690 
-5.999999768000578 
-5.999999768004358 
-5.999999768295595 
-5.999999768084592 
-5.999999767738473 
-5.999999767556517 
-5.999999767549525 
-5.999999767661450 
-5.999999767593010 
-5.999999767452096 
-5.999999767344008 
-5.999999767147870 
-5.999999766774010 
-5.999999766782935 
-5.999999766513866 
-5.999999766629742 
-5.999999766499116 
-5.999999766761476 
-5.999999766661119 
-5.999999766456597 
-5.999999766499542 
-5.999999766471547 
-5.999999766464299 
-5.999999766527083 
-5.999999766766223 
-5.999999766840830 
-5.999999766903414 
-5.999999766671294 
-5.999999766910747 
-5.999999766762613 
-5.999999766624114 
-5.999999766638524 
-5.999999766667912 
-5.999999766682379 
-5.999999766551724 
-5.999999766626843 
-5.999999766614394 
-5.999999766438066 
-5.999999766081373 
-5.999999766103429 
-5.999999765951657 
-5.999999765877789 
-5.999999765832115 
-5.999999765846212 
-5.999999765719849 
-5.999999765653456 
-5.999999765610539 
-5.999999765485342 
-5.999999765467521 
-5.999999765779449 
-5.999999765984938 
-5.999999765953476 
-5.999999765898224 
-5.999999765790676 
-5.999999765800794 
-5.999999765707003 
-5.999999765427020 
-5.999999765264022 
-5.999999765274083 
-5.999999765383222 
-5.999999765324958 
-5.999999765246173 
-5.999999765079849 
-5.999999764906079 
-5.999999764994840 
-5.999999764468896 
-5.999999764264430 
-5.999999764176891 
-5.999999764048624 
-5.999999763999540 
-5.999999763905379 
-5.999999763699066 
-5.999999763628665 
-5.999999763601465 
-5.999999763561789 
-5.999999763425194 
-5.999999763399785 
-5.999999763119973 
-5.999999762688020 
-5.999999762362307 
-5.999999762290088 
-5.999999762032644 
-5.999999762016557 
-5.999999761766276 
-5.999999761380508 
-5.999999761375818 
-5.999999761191873 
-5.999999761093392 
-5.999999760861783 
-5.999999760644954 
-5.999999760278968 
-5.999999759937509 
-5.999999759639024 
-5.999999759482250 
-5.999999759304785 
-5.999999759245839 
-5.999999759226029 
-5.999999759160630 
-5.999999759143208 
-5.999999759106373 
-5.999999758907734 
-5.999999759014798 
-5.999999758875305 
-5.999999758859246 
-5.999999758751358 
-5.999999755815963 
-5.999999753201678 
-5.999999750191108 
-5.999999747440654 
-5.999999744530044 
-5.999999741792976 
-5.999999739016772 
-5.999999736130746 
-5.999999733524447 
-5.999999730556709 
-5.999999727464626 
-5.999999724512207 
-5.999999721879334 
-5.999999719413779 
-5.999999717193532 
-5.999999714506544 
-5.999999712112412 
-5.999999709613860 
-5.999999707198242 
-5.999999704768072 
-5.999999702094669 
-5.999999699529752 
-5.999999697137071 
-5.999999694622716 
-5.999999691954429 
-5.999999689729634 
-5.999999687340221 
-5.999999685150499 
-5.999999683030751 
-5.999999680677377 
-5.999999678436950 
-5.999999676016046 
-5.999999673780849 
-5.999999671279397 
-5.999999669123724 
-5.999999666673432 
-5.999999664519777 
-5.999999662475147 
-5.999999660444587 
-5.999999658123727 
-5.999999655740964 
-5.999999653676014 
-5.999999651319456 
-5.999999649093439 
-5.999999646911192 
-5.999999645095045 
-5.999999643081537 
-5.999999640847591 
-5.999999638854092 
-5.999999636991504 
-5.999999634886450 
-5.999999632945219 
-5.999999631115998 
-5.999999628872558 
-5.999999627074402 
-5.999999625107051 
-5.999999623319923 
-5.999999621412201 
-5.999999619611572 
-5.999999618003642 
-5.999999616220464 
-5.999999614512944 
-5.999999612702084 
-5.999999610953296 
-5.999999609358838 
-5.999999607846178 
-5.999999606431970 
-5.999999604749576 
-5.999999603222193 
-5.999999602046557 
-5.999999600488195 
-5.999999599127761 
-5.999999597597736 
-5.999999596109433 
-5.999999594910861 
-5.999999593518652 
-5.999999592507720 
-5.999999591280528 
-5.999999590248279 
-5.999999589046297 
-5.999999587830501 
-5.999999586813402 
-5.999999585486307 
-5.999999584385336 
-5.999999582898567 
-5.999999581877802 
-5.999999580922577 
-5.999999579864323 
-5.999999578742745 
-5.999999577555883 
-5.999999576470202 
-5.999999575246306 
-5.999999574358696 
-5.999999573314454 
-5.999999572141462 
-5.999999571030997 
-5.999999570080632 
-5.999999568920828 
-5.999999568057348 
-5.999999567179913 
-5.999999565865465 
-5.999999564753068 
-5.999999563883392 
-5.999999562897244 
-5.999999561788002 
-5.999999560802053 
-5.999999559925101 
-5.999999558806365 
-5.999999557902413 
-5.999999557292824 
-5.999999556439406 
-5.999999555452291 
-5.999999554251531 
-5.999999553262256 
-5.999999552294213 
-5.999999551162546 
-5.999999550131861 
-5.999999549191926 
-5.999999548412404 
-5.999999547323853 
-5.999999546488368 
-5.999999545448418 
-5.999999544603526 
-5.999999543646595 
-5.999999542535761 
-5.999999541799923 
-5.999999540944998 
-5.999999540126311 
-5.999999539412784 
-5.999999538615100 
-5.999999537968279 
-5.999999537046449 
-5.999999536010080 
-5.999999534964331 
-5.999999533883482 
-5.999999532999311 
-5.999999531615174 
-5.999999530686210 
-5.999999529704013 
-5.999999528394682 
-5.999999527125283 
-5.999999526031104 
-5.999999525010608 
-5.999999523932942 
-5.999999522808679 
-5.999999521531564 
-5.999999520238589 
-5.999999518933862 
-5.999999517834951 
-5.999999516543852 
-5.999999515338118 
-5.999999514170824 
-5.999999513181464 
-5.999999512065642 
-5.999999510819606 
-5.999999509766610 
-5.999999508403960 
-5.999999507302377 
-5.999999506108452 
-5.999999505010067 
-5.999999503716296 
-5.999999502436509 
-5.999999500948491 
-5.999999499554832 
-5.999999497898983 
-5.999999496513254 
-5.999999495090833 
-5.999999493446410 
-5.999999492420756 
-5.999999490844942 
-5.999999489312160 
-5.999999487903551 
-5.999999486474422 
-5.999999484827924 
-5.999999483362473 
-5.999999481854275 
-5.999999480234891 
-5.999999478496647 
-5.999999476816129 
-5.999999475130920 
-5.999999473366756 
-5.999999471723726 
-5.999999469866395 
-5.999999468177919 
-5.999999466426118 
-5.999999464683526 
-5.999999462598765 
-5.999999460770852 
-5.999999458922161 
-5.999999457076285 
-5.999999455311951 
-5.999999453313706 
-5.999999451432899 
-5.999999449540212 
-5.999999447368424 
-5.999999445213120 
-5.999999443055202 
-5.999999441103483 
-5.999999439152504 
-5.999999436934871 
-5.999999434963428 
-5.999999432430172 
-5.999999430215695 
-5.999999428172288 
-5.999999426029035 
-5.999999424085019 
-5.999999421807956 
-5.999999419561362 
-5.999999417656397 
-5.999999415600627 
-5.999999413213231 
-5.999999411119916 
-5.999999408932837 
-5.999999406787339 
-5.999999404773519 
-5.999999402479403 
-5.999999399885667 
-5.999999397514699 
-5.999999395581426 
-5.999999393391448 
-5.999999391302396 
-5.999999389284341 
-5.999999386846582 
-5.999999384794364 
-5.999999382387813 
-5.999999380231372 
-5.999999378157185 
-5.999999376162208 
-5.999999374350807 
-5.999999372315528 
-5.999999370433983 
-5.999999368468536 
-5.999999366659949 
-5.999999364687994 
-5.999999362797610 
-5.999999360840434 
-5.999999359027925 
-5.999999357032380 
-5.999999354902599 
-5.999999353166857 
-5.999999351351136 
-5.999999349699237 
-5.999999347919243 
-5.999999346177987 
-5.999999344529130 
-5.999999342887065 
-5.999999341291527 
-5.999999339663020 
-5.999999337839256 
-5.999999336314062 
-5.999999334997653 
-5.999999333473397 
-5.999999332067830 
-5.999999330609398 
-5.999999329110807 
-5.999999327618099 
-5.999999326227453 
-5.999999325045366 
-5.999999323596143 
-5.999999322450549 
-5.999999321435610 
-5.999999320024415 
-5.999999318705335 
-5.999999317301075 
-5.999999316290570 
-5.999999315326846 
-5.999999314079759 
-5.999999312829743 
-5.999999311547327 
-5.999999310278668 
-5.999999309049997 
-5.999999308300602 
-5.999999306923883 
-5.999999305877850 
-5.999999304724156 
-5.999999303558099 
-5.999999302620779 
-5.999999301715377 
-5.999999300685118 
-5.999999299821610 
-5.999999298861269 
-5.999999298032861 
-5.999999297097474 
-5.999999296115533 
-5.999999295349795 
-5.999999294735630 
-5.999999293877494 
-5.999999293241444 
-5.999999292609033 
-5.999999291599153 
-5.999999291071134 
-5.999999290352633 
-5.999999289605995 
-5.999999288853502 
-5.999999288090322 
-5.999999287499548 
-5.999999286901357 
-5.999999285849185 
-5.999999284934574 
-5.999999284138198 
-5.999999283402019 
-5.999999282780493 
-5.999999282315486 
-5.999999281891007 
-5.999999281282044 
-5.999999280606573 
-5.999999279941505 
-5.999999279490879 
-5.999999279197709 
-5.999999278744042 
-5.999999278310497 
-5.999999278048193 
-5.999999277630252 
-5.999999277634089 
-5.999999277282313 
-5.999999276868124 
-5.999999276473375 
-5.999999276054666 
-5.999999275492684 
-5.999999274967934 
-5.999999274871954 
-5.999999274712280 
-5.999999274347715 
-5.999999273838569 
-5.999999273637258 
-5.999999273292559 
-5.999999273138286 
-5.999999272867370 
-5.999999272333866 
-5.999999272118032 
-5.999999271949065 
-5.999999271734367 
-5.999999271474223 
-5.999999271449241 
-5.999999271205127 
-5.999999271018567 
-5.999999270915339 
-5.999999270599517 
-5.999999270549040 
-5.999999270603041 
-5.999999270446466 
-5.999999270297764 
-5.999999270336474 
-5.999999270062631 
-5.999999270023665 
-5.999999269963638 
-5.999999269660066 
-5.999999269751186 
-5.999999269894744 
-5.999999269772019 
-5.999999269623146 
-5.999999269480639 
-5.999999269488455 
-5.999999269292232 
-5.999999269380453 
-5.999999269527962 
-5.999999269637158 
-5.999999269498289 
-5.999999269409841 
-5.999999269306414 
-5.999999269251845 
-5.999999269501757 
-5.999999269332761 
-5.999999269186361 
-5.999999269082338 
-5.999999269435534 
-5.999999269729187 
-5.999999270006526 
-5.999999270379931 
-5.999999270648914 
-5.999999270996483 
-5.999999271135096 
-5.999999271345843 
-5.999999271843222 
-5.999999272015884 
-5.999999272130367 
-5.999999272273868 
-5.999999272500958 
-5.999999272898009 
-5.999999272785431 
-5.999999273042590 
-5.999999273331355 
-5.999999273485344 
-5.999999273907576 
-5.999999274501363 
-5.999999274906543 
-5.999999275145427 
-5.999999275539210 
-5.999999275638629 
-5.999999275954309 
-5.999999276408147 
-5.999999276670735 
-5.999999277068383 
-5.999999277623715 
-5.999999277847337 
-5.999999278492652 
-5.999999278875976 
-5.999999278885980 
-5.999999279350163 
-5.999999280163763 
-5.999999280571359 
-5.999999281003824 
-5.999999281319788 
-5.999999281745573 
-5.999999282382248 
-5.999999282886620 
-5.999999283459459 
-5.999999284017008 
-5.999999284539371 
-5.999999285307581 
-5.999999285708327 
-5.999999286257889 
-5.999999286939158 
-5.999999287654134 
-5.999999288264064 
-5.999999289028608 
-5.999999289638936 
-5.999999290126851 
-5.999999290788736 
-5.999999291632321 
-5.999999292515128 
-5.999999293638723 
-5.999999294315671 
-5.999999295450664 
-5.999999296259233 
-5.999999297054927 
