90.000806060823450 
2.007429626165200 
0.080536227920330 
0.004315548120630 
0.000241625234379 
0.000014360165432 
0.000000896877865 
56.885593288524433 
1.308315114384930 
0.053114749210905 
0.002840439994717 
0.000157109347324 
0.000009255402543 
0.000000571425070 
36.492781994234775 
0.859963878189589 
0.035894398208670 
0.001921599383206 
0.000105568741673 
0.000006184240756 
0.000000378591546 
23.895952168381161 
0.575139760582710 
0.024784889006105 
0.001328154690850 
0.000072737424007 
0.000004250545880 
0.000000258939855 
15.923222018331298 
0.394299560867522 
0.017581320482360 
0.000942040782202 
0.000051617611689 
0.000003018748083 
0.000000183410759 
10.821834657585535 
0.279648493565071 
0.012892311778599 
0.000690084900770 
0.000037959617880 
0.000002228031072 
0.000000135582425 
7.542437292447596 
0.206738616462169 
0.009818616639031 
0.000525004786518 
0.000029072385991 
0.000001716033980 
0.000000104977026 
5.433184136896156 
0.160001698840332 
0.007782998166666 
0.000416027839923 
0.000023231641788 
0.000001380766358 
0.000000084971674 
4.079059250422282 
0.129610622172824 
0.006413490581811 
0.000343021316926 
0.000019322985391 
0.000001156042681 
0.000000071630360 
3.210499694484083 
0.109388633533845 
0.005469789607468 
0.000292859040036 
0.000016626728267 
0.000001000096307 
0.000000062207108 
2.650359061334314 
0.095487854970340 
0.004798002155656 
0.000257136229129 
0.000014688355331 
0.000000887092400 
2.282909707321400 
0.085546006530045 
0.004301334443419 
0.000230617594731 
0.000013229103004 
0.000000800813357 
2.034425518769965 
0.078132970967597 
0.003919969680232 
0.000210118553582 
0.000012083325430 
0.000000732515174 
1.859448187888695 
0.072387999847652 
0.003617223666649 
0.000193722505771 
0.000011152675252 
0.000000676188624 
1.730637056169467 
0.067789522956602 
0.003370425990491 
0.000180264490024 
0.000010378968693 
0.000000629076809 
1.631681839957465 
0.064014991570607 
0.003165230682181 
0.000169015534188 
0.000009725248770 
0.000000588728430 
1.552760789373481 
0.060858368708330 
0.002992216176269 
0.000159497841160 
0.000009167694850 
0.000000554480051 
1.487822326788710 
0.058182551123681 
0.002844909017600 
0.000151380564950 
0.000008689379423 
0.000000524801369 
1.433020813747981 
0.055892144013146 
0.002718651204047 
0.000144423197490 
0.000008277371759 
0.000000499245150 
1.385828168058801 
0.053917818392489 
0.002609942700077 
0.000138441280549 
0.000007922244623 
0.000000476691290 
1.344525863134332 
0.052207186378819 
0.002516058100124 
0.000133288936894 
0.000007616202956 
0.000000457954820 
1.307908506003076 
0.050719352899326 
0.002434810697869 
0.000128847139596 
0.000007351632322 
0.000000441177911 
1.275105995968406 
0.049421550109997 
0.002364409292757 
0.000125016507966 
0.000007123994952 
0.000000426789937 
1.245473550370262 
0.048286980181248 
0.002303359128064 
0.000121713561718 
0.000006927736615 
0.000000414560289 
1.218521666326080 
0.047293383774224 
0.002250397874303 
0.000118866702966 
0.000006758593843 
0.000000403843982 
1.193870322086190 
0.046422039990005 
0.002204450344300 
0.000116414040047 
0.000006613096614 
0.000000394816132 
1.171218334741124 
0.045657054628663 
0.002164592176472 
0.000114302821943 
0.000006488064110 
0.000000386867636 
1.150322433610423 
0.044984829155914 
0.002130025844602 
0.000112487343336 
0.000006380800852 
0.000000379969148 
1.130982716382718 
0.044393658577135 
0.002100060753817 
0.000110926627761 
0.000006288627937 
0.000000374324106 
1.113032364746663 
0.043873417910499 
0.002074096388206 
0.000109587019109 
0.000006209799155 
0.000000368976230 
1.096330259314950 
0.043415315378562 
0.002051610109655 
0.000108437073008 
0.000006141410288 
0.000000364650507 
1.080755581691216 
0.043011689766953 
0.002032147115105 
0.000107450718410 
0.000006083456361 
0.000000360738820 
1.066203811826715 
0.042655849885955 
0.002015310253616 
0.000106605611987 
0.000006033680894 
0.000000357463435 
1.052583712445885 
0.042341936675444 
0.002000752898279 
0.000105881658842 
0.000005990592689 
0.000000354698957 
1.039815012106714 
0.042064812348804 
0.001988171885968 
0.000105260971365 
0.000005953527219 
0.000000352127648 
1.027826607837360 
0.041819964045353 
0.001977303869424 
0.000104729633336 
0.000005921572637 
0.000000350254573 
1.016555144000449 
0.041603423172577 
0.001967917493630 
0.000104274059420 
0.000005894071704 
0.000000348267237 
1.005943875427679 
0.041411696606976 
0.001959812052629 
0.000103882413363 
0.000005870174891 
0.000000346467612 
0.995941744285730 
0.041241707131243 
0.001952811083677 
0.000103546545987 
0.000005849309592 
0.000000345026051 
0.986502628705252 
0.041090741223193 
0.001946761073838 
0.000103256747813 
0.000005831086800 
0.000000343570735 
0.977584712073885 
0.040956407909104 
0.001941528461376 
0.000103005979765 
0.000005814565888 
0.000000342230545 
0.969149965932196 
0.040836596770423 
0.001936996595133 
0.000102788354841 
0.000005800152733 
0.000000341262081 
0.961163704468241 
0.040729446256284 
0.001933062634769 
0.000102598742583 
0.000005787623911 
0.000000340245493 
0.953594212625104 
0.040633314156453 
0.001929638466757 
0.000102431401487 
0.000005775746163 
0.000000339422855 
0.946412426268191 
0.040546751554258 
0.001926645463128 
0.000102283093317 
0.000005764974978 
0.000000338174006 
0.939591655242954 
0.040468481461864 
0.001924017535533 
0.000102150442643 
0.000005754915674 
0.000000337393216 
0.933107346868787 
0.040397378325211 
0.001921695455203 
0.000102030193118 
0.000005745709005 
0.000000336574868 
0.926936876686503 
0.040332450652398 
0.001919627355659 
0.000101920291084 
0.000005737067997 
0.000000335966657 
0.921059368603417 
0.040272825739744 
0.001917769769623 
0.000101817774239 
0.000005728775030 
0.000000335307391 
0.915455534798331 
0.040217737543228 
0.001916083756549 
0.000101721615817 
0.000005720813366 
0.000000334545212 
0.910107534658067 
0.040166512046018 
0.001914536081081 
0.000101629588463 
0.000005712876141 
0.000000333887241 
0.904998851645369 
0.040118560217362 
0.001913098592807 
0.000101540686829 
0.000005704889329 
0.000000333389455 
0.900114179738571 
0.040073364703755 
0.001911745298856 
0.000101454052844 
0.000005697357269 
0.000000332408467 
0.895439327558183 
0.040030474910443 
0.001910455690664 
0.000101368210123 
0.000005689811087 
0.000000331350182 
0.890961125703235 
0.039989498388982 
0.001909212077845 
0.000101283176662 
0.000005682348686 
0.000000330732075 
0.886667350892172 
0.039950092958531 
0.001907997499389 
0.000101197462518 
0.000005674636859 
0.000000330267873 
0.882546650266036 
0.039911963249447 
0.001906799425805 
0.000101110609114 
0.000005667192672 
0.000000329306341 
0.878588476727096 
0.039874853591625 
0.001905606739321 
0.000101022992226 
0.000005659477378 
0.000000328916452 
0.874783031689378 
0.039838544221516 
0.001904409559638 
0.000100933132271 
0.000005651693406 
0.000000328170504 
0.871121206926742 
0.039802847293486 
0.001903200933404 
0.000100841693099 
0.000005643947819 
0.000000327493562 
0.867594537993105 
0.039767602010983 
0.001901973826937 
0.000100747959739 
0.000005635966907 
0.000000326796714 
0.864195157690355 
0.039732673159008 
0.001900722702618 
0.000100652480717 
0.000005628093181 
0.000000326010512 
0.860915753169269 
0.039697946540257 
0.001899444545618 
0.000100554188998 
0.000005620064199 
0.000000325654781 
0.857749528910636 
0.039663327162065 
0.001898133793231 
0.000100453611459 
0.000005611751526 
0.000000324694507 
0.854690170744704 
0.039628736022651 
0.001896790285069 
0.000100350747500 
0.000005603045451 
0.000000323819567 
0.851731810465736 
0.039594109599066 
0.001895410515091 
0.000100245000593 
0.000005594907818 
0.000000323107970 
0.848868998941841 
0.039559396729786 
0.001893993779069 
0.000100137519872 
0.000005586662440 
0.000000322361382 
0.846096674955458 
0.039524556956634 
0.001892538799627 
0.000100026987810 
0.000005577873022 
0.000000321402800 
0.843410138690497 
0.039489559220256 
0.001891045595631 
0.000099914491797 
0.000005569425387 
0.000000321115970 
0.840805028793228 
0.039454380928273 
0.001889514388393 
0.000099799296672 
0.000005560637124 
0.000000320410773 
0.838277297518075 
0.039419007172120 
0.001887943701497 
0.000099682267480 
0.000005551897123 
0.000000319691109 
0.835823189760315 
0.039383428237975 
0.001886335455553 
0.000099562878375 
0.000005543017205 
0.000000318901165 
0.833439222622467 
0.039347639443140 
0.001884689777262 
0.000099441103517 
0.000005534170862 
0.000000318253310 
0.831122166683395 
0.039311640906288 
0.001883007768546 
0.000099317662968 
0.000005524822205 
0.000000317333749 
0.828869027898879 
0.039275436152986 
0.001881289856142 
0.000099192185548 
0.000005516032291 
0.000000316711029 
0.826677031938533 
0.039239031666663 
0.001879537328221 
0.000099064973114 
0.000005506590814 
0.000000315857946 
0.824543608199676 
0.039202436158992 
0.001877751300322 
0.000098936167509 
0.000005497244089 
0.000000315147921 
0.822466373137255 
0.039165660767159 
0.001875932216732 
0.000098805342541 
0.000005488088547 
0.000000314578554 
0.820443120491209 
0.039128717737186 
0.001874082464395 
0.000098673034348 
0.000005478494900 
0.000000313532084 
0.818471804463468 
0.039091621170031 
0.001872202143904 
0.000098539270417 
0.000005469412796 
0.000000313285366 
0.816550531183879 
0.039054385133859 
0.001870292965615 
0.000098403874207 
0.000005459945894 
0.000000312397297 
0.814677543995743 
0.039017024720413 
0.001868355950288 
0.000098267394395 
0.000005450869788 
0.000000311755673 
0.812851215037760 
0.038979555593663 
0.001866392542281 
0.000098129144379 
0.000005440917355 
0.000000310869647 
0.811070035220049 
0.038941994004735 
0.001864403504214 
0.000097990249512 
0.000005431494953 
0.000000309994462 
0.809332602848735 
0.038904354966476 
0.001862390291439 
0.000097849627771 
0.000005422085087 
0.000000309525034 
0.807637618171604 
0.038866654984943 
0.001860353773520 
0.000097708271731 
0.000005412229629 
0.000000308872730 
0.805983871823994 
0.038828909753771 
0.001858295956857 
0.000097565579296 
0.000005402541918 
0.000000307982565 
0.804370239246721 
0.038791134072100 
0.001856216586682 
0.000097422149675 
0.000005393199304 
0.000000307280245 
0.802795672733325 
0.038753343000144 
0.001854117597079 
0.000097277784126 
0.000005383167680 
0.000000306746792 
0.801259194795776 
0.038715552311041 
0.001852000795782 
0.000097132169703 
0.000005373640382 
0.000000306091340 
0.799759891235645 
0.038677774583058 
0.001849865744365 
0.000096986151433 
0.000005363764735 
0.000000305178304 
0.798296906381378 
0.038640024970777 
0.001847714567997 
0.000096839135697 
0.000005353823933 
0.000000304555266 
0.796869436910845 
0.038602316196962 
0.001845547581776 
0.000096691541133 
0.000005344267743 
0.000000303930465 
0.795476726266824 
0.038564661630027 
0.001843366719864 
0.000096543407734 
0.000005333806350 
0.000000303185986 
0.794118060676944 
0.038527073330257 
0.001841172192034 
0.000096393924265 
0.000005324225070 
0.000000302413272 
0.792792763306611 
0.038489563302777 
0.001838965791503 
0.000096244832949 
0.000005314234875 
0.000000301504794 
0.791500192229477 
0.038452143771066 
0.001836747996749 
0.000096094874412 
0.000005304046779 
0.000000300752245 
0.790239733222886 
0.038414825630028 
0.001834520444403 
0.000095944744423 
0.000005294236517 
0.000000300482316 
0.789010799571128 
0.038377618993623 
0.001832283400762 
0.000095793931704 
0.000005284167649 
0.000000299579712 
0.787812825465078 
0.038340535578853 
0.001830039181095 
0.000095642569348 
0.000005273720744 
0.000000298888406 
0.786645264774889 
0.038303584493959 
0.001827788089842 
0.000095491188587 
0.000005263689016 
0.000000298297197 
0.785507587396415 
0.038266776007506 
0.001825531286557 
0.000095339956725 
0.000005253752529 
0.000000297658485 
0.784399276019351 
0.038230119532460 
0.001823270896276 
0.000095187981777 
0.000005243952426 
0.000000296890163 
0.783319823489612 
0.038193624271581 
0.001821006819236 
0.000095036353195 
0.000005233689183 
0.000000296361447 
0.782268730254414 
0.038157299040941 
0.001818741280014 
0.000094884752402 
0.000005223623151 
0.000000295728496 
0.781245502185985 
0.038121152870342 
0.001816475895034 
0.000094733200779 
0.000005213143556 
0.000000294847799 
0.780249647800043 
0.038085194017608 
0.001814211705780 
0.000094581783638 
0.000005203489865 
0.000000294231452 
0.779280676527241 
0.038049430646810 
0.001811949669574 
0.000094430571578 
0.000005193267684 
0.000000293616484 
0.778338096740467 
0.038013871284463 
0.001809691522369 
0.000094279845721 
0.000005183348136 
0.000000292811477 
0.777421412478147 
0.037978524351757 
0.001807439209244 
0.000094129665035 
0.000005173101759 
0.000000292181498 
0.776530123005119 
0.037943396354537 
0.001805193857074 
0.000093979473216 
0.000005162969831 
0.000000291195064 
0.775663719786360 
0.037908495618678 
0.001802957205325 
0.000093830527585 
0.000005153249322 
0.000000290843811 
0.774821685934240 
0.037873828920032 
0.001800731266081 
0.000093682376986 
0.000005142979472 
0.000000290125480 
0.774003493517679 
0.037839403702482 
0.001798517190841 
0.000093534350760 
0.000005133066746 
0.000000289662181 
0.773208601730467 
0.037805226919924 
0.001796317053480 
0.000093388052398 
0.000005123249546 
0.000000288783596 
0.772436455760809 
0.037771304001283 
0.001794131998117 
0.000093243040614 
0.000005113652212 
0.000000288345521 
0.771686485268742 
0.037737641762726 
0.001791964521421 
0.000093098833753 
0.000005104284464 
0.000000287787630 
0.770958101882752 
0.037704246098178 
0.001789815728315 
0.000092956023391 
0.000005094475616 
0.000000287252777 
0.770250699856218 
0.037671121502921 
0.001787687953011 
0.000092814576107 
0.000005085314086 
0.000000286343276 
0.769563651092820 
0.037638272631300 
0.001785582499129 
0.000092675122666 
0.000005075720230 
0.000000285541089 
0.768896307415610 
0.037605703625445 
0.001783501827070 
0.000092537132735 
0.000005066694722 
0.000000285279193 
0.768247996678569 
0.037573417585448 
0.001781445806931 
0.000092400919727 
0.000005057506445 
0.000000284931046 
0.767618022461946 
0.037541417221226 
0.001779417993907 
0.000092266537723 
0.000005048716094 
0.000000284203466 
0.767005663401026 
0.037509703470389 
0.001777418732307 
0.000092134352829 
0.000005040066757 
0.000000283446465 
0.766410170645075 
0.037478276918917 
0.001775450478151 
0.000092004422834 
0.000005031572971 
0.000000282913783 
0.765830767485324 
0.037447136592309 
0.001773513419376 
0.000091876525613 
0.000005022894580 
0.000000282419322 
0.765266648834460 
0.037416280979408 
0.001771610338517 
0.000091751006230 
0.000005014975848 
0.000000282026106 
0.764716980806601 
0.037385706045137 
0.001769740146935 
0.000091628292584 
0.000005007211276 
0.000000281362934 
0.764180898685604 
0.037355407394650 
0.001767906219775 
0.000091507854047 
0.000004999316367 
0.000000280979113 
0.763657507451778 
0.037325378739097 
0.001766107505617 
0.000091390346938 
0.000004991671148 
0.000000280540141 
0.763145881978357 
0.037295610806345 
0.001764345542531 
0.000091275289437 
0.000004983804274 
0.000000280169767 
0.762645066064265 
0.037266094913244 
0.001762621084582 
0.000091162753615 
0.000004977031207 
0.000000279612187 
0.762154072757547 
0.037236817974491 
0.001760933010165 
0.000091053366033 
0.000004970357080 
0.000000279117305 
0.761671885791440 
0.037207765994941 
0.001759283102245 
0.000090946862455 
0.000004963625370 
0.000000278702284 
0.761197460061641 
0.037178924099946 
0.001757669578845 
0.000090843123453 
0.000004957072416 
0.000000278472738 
0.760729721997080 
0.037150272456535 
0.001756093400212 
0.000090741871945 
0.000004950985750 
0.000000278204579 
0.760267571261039 
0.037121790801962 
0.001754552414295 
0.000090643878221 
0.000004945003772 
0.000000277781235 
0.759809882894388 
0.037093456815133 
0.001753046615943 
0.000090548225039 
0.000004938904564 
0.000000277574099 
0.759355509671554 
0.037065245483515 
0.001751574859599 
0.000090455375656 
0.000004933367432 
0.000000277220149 
0.758903284976115 
0.037037128830554 
0.001750134942526 
0.000090365352529 
0.000004928283700 
0.000000277006705 
0.758452023927962 
0.037009077025038 
0.001748725976325 
0.000090278075276 
0.000004923211732 
0.000000276519967 
0.758000528094376 
0.036981058846387 
0.001747344912096 
0.000090192743133 
0.000004918124076 
0.000000276532730 
0.757547590279239 
0.036953040033302 
0.001745990291216 
0.000090110073890 
0.000004913603634 
0.000000276101764 
0.757091995045778 
0.036924983882317 
0.001744659170193 
0.000090029224959 
0.000004909110453 
0.000000276133152 
0.756632528233811 
0.036896852760775 
0.001743348670818 
0.000089950512365 
0.000004904417597 
0.000000275326814 
0.756167977065107 
0.036868606637472 
0.001742056102172 
0.000089873813075 
0.000004900494982 
0.000000275285693 
0.755697138167662 
0.036840204448522 
0.001740778339608 
0.000089798799600 
0.000004896309967 
0.000000275169574 
0.755218822247752 
0.036811602214057 
0.001739511866747 
0.000089725450481 
0.000004892439506 
0.000000274812685 
0.754731861029503 
0.036782757107353 
0.001738252278973 
0.000089652964294 
0.000004888760127 
0.000000275084285 
0.754235110715331 
0.036753622811078 
0.001736996863536 
0.000089581587751 
0.000004884870434 
0.000000274684523 
0.753727460774110 
0.036724154509155 
0.001735741418633 
0.000089511045808 
0.000004881391552 
0.000000274386198 
0.753207840170267 
0.036694305750455 
0.001734481241783 
0.000089440822082 
0.000004877427245 
0.000000274455777 
0.752675221718171 
0.036664029654130 
0.001733212900430 
0.000089370721754 
0.000004873900741 
0.000000274311898 
0.752128632346893 
0.036633280349000 
0.001731931947610 
0.000089300962164 
0.000004870027937 
0.000000274145410 
0.751567156690126 
0.036602012566537 
0.001730634424422 
0.000089230634039 
0.000004866396681 
0.000000273994310 
0.750989944078649 
0.036570181333598 
0.001729316372120 
0.000089159837992 
0.000004863077644 
0.000000273798883 
0.750396217858478 
0.036537743284683 
0.001727972262146 
0.000089088373613 
0.000004859241858 
0.000000273607253 
0.749785277450771 
0.036504657144606 
0.001726599480719 
0.000089015289619 
0.000004855034445 
0.000000273590006 
0.749156507316346 
0.036470881521870 
0.001725193544564 
0.000088940863482 
0.000004851168995 
0.000000273358326 
0.748509382503431 
0.036436379252364 
0.001723750022024 
0.000088865253053 
0.000004847480923 
0.000000273166087 
0.747843472651949 
0.036401115154188 
0.001722265428748 
0.000088787445394 
0.000004842958661 
0.000000273200009 
0.747158448195195 
0.036365056686254 
0.001720736811987 
0.000088706866880 
0.000004838445802 
0.000000272704250 
0.746454084678211 
0.036328174457696 
0.001719159966453 
0.000088624420867 
0.000004833692240 
0.000000272463848 
0.745730266298305 
0.036290443563242 
0.001717531954783 
0.000088539250416 
0.000004829070095 
0.000000272509863 
0.744986989857469 
0.036251840843935 
0.001715849342119 
0.000088450804841 
0.000004824101285 
0.000000272147816 
0.744224367763108 
0.036212348773370 
0.001714110824005 
0.000088359748516 
0.000004818315635 
0.000000271899452 
0.743442629950388 
0.036171953604094 
0.001712312577637 
0.000088264827971 
0.000004812980964 
0.000000271690914 
0.742642125785166 
0.036130645450820 
0.001710453848663 
0.000088166808406 
0.000004807187607 
0.000000271235868 
0.741823325775582 
0.036088419321561 
0.001708531391515 
0.000088064925371 
0.000004800977903 
0.000000271056069 
0.740986820752115 
0.036045275383598 
0.001706545165101 
0.000087958839820 
0.000004794344231 
0.000000270572960 
0.740133322532835 
0.036001217384775 
0.001704492885424 
0.000087849229246 
0.000004788001924 
0.000000270484546 
0.739263664365901 
0.035956254850356 
0.001702373912678 
0.000087735414194 
0.000004780758156 
0.000000270207619 
0.738378797470003 
0.035910402484263 
0.001700187873553 
0.000087617301862 
0.000004773444286 
0.000000269981308 
0.737479791014973 
0.035863678531395 
0.001697934992260 
0.000087494908586 
0.000004765651047 
0.000000269714779 
0.736567829586313 
0.035816108046687 
0.001695615416248 
0.000087368373062 
0.000004757753954 
0.000000268849032 
0.735644210696468 
0.035767718561600 
0.001693228639655 
0.000087237198514 
0.000004749365411 
0.000000268548435 
0.734710341613306 
0.035718545008846 
0.001690775958167 
0.000087101640503 
0.000004740326686 
0.000000268051881 
0.733767735801147 
0.035668626110455 
0.001688259110489 
0.000086961913428 
0.000004731363070 
0.000000267735043 
0.732818011630820 
0.035618004208106 
0.001685678929005 
0.000086817787875 
0.000004721751142 
0.000000267168718 
0.731862886246289 
0.035566727728280 
0.001683036584619 
0.000086668919359 
0.000004712666342 
0.000000266796932 
0.730904173549835 
0.035514849107413 
0.001680334227290 
0.000086516197003 
0.000004702435195 
0.000000266396416 
0.729943781044914 
0.035462425414050 
0.001677575031026 
0.000086358882387 
0.000004692251710 
0.000000265501423 
0.728983705558509 
0.035409517719812 
0.001674760056298 
0.000086197582661 
0.000004681667024 
0.000000264977277 
0.728026030087743 
0.035356190907070 
0.001671892832827 
0.000086032378771 
0.000004671084145 
0.000000264231804 
0.727072921869538 
0.035302515147902 
0.001668975274556 
0.000085862967841 
0.000004659314773 
0.000000263447332 
0.726126629067638 
0.035248563065736 
0.001666011724999 
0.000085689848392 
0.000004648255000 
0.000000262976633 
0.725189477668600 
0.035194411534592 
0.001663004003366 
0.000085513321329 
0.000004636572102 
0.000000262243331 
0.724263871572479 
0.035140142452787 
0.001659956900959 
0.000085332980823 
0.000004624870068 
0.000000261770437 
0.723352289535006 
0.035085838846853 
0.001656873480653 
0.000085149818658 
0.000004612734361 
0.000000260626367 
0.722457286216160 
0.035031589485532 
0.001653757235433 
0.000084963163858 
0.000004600491255 
0.000000260495583 
0.721581488850373 
0.034977485348465 
0.001650612272819 
0.000084773684557 
0.000004588069351 
0.000000259373939 
0.720727600957544 
0.034923620711736 
0.001647442629801 
0.000084581617212 
0.000004575058701 
0.000000258717096 
0.719898400759734 
0.034870093090846 
0.001644252666543 
0.000084387001871 
0.000004562096453 
0.000000258204930 
0.719096743248574 
0.034817003918118 
0.001641046522119 
0.000084190082875 
0.000004549075273 
0.000000257240509 
0.718325561529333 
0.034764456182699 
0.001637828710098 
0.000083991555076 
0.000004535734959 
0.000000256447619 
0.717587868516966 
0.034712556258396 
0.001634604357328 
0.000083791238770 
0.000004522736895 
0.000000255912528 
0.716886761043402 
0.034661414356024 
0.001631377811840 
0.000083589372032 
0.000004509240005 
0.000000254836520 
0.716225419919136 
0.034611141826741 
0.001628153866872 
0.000083386753757 
0.000004495960729 
0.000000253929902 
0.715607113239583 
0.034561853792964 
0.001624938184459 
0.000083183367679 
0.000004482164051 
0.000000253047863 
0.715035199814012 
0.034513666678873 
0.001621734473166 
0.000082979151856 
0.000004468503783 
0.000000252490764 
0.714513129064640 
0.034466700148309 
0.001618549776400 
0.000082774999015 
0.000004454789705 
0.000000251508729 
0.714044443456853 
0.034421075191857 
0.001615388886492 
0.000082570879532 
0.000004440939759 
0.000000250245043 
0.713632778309549 
0.034376914330155 
0.001612256865745 
0.000082367396858 
0.000004427297894 
0.000000250167487 
0.713281860653760 
0.034334342017015 
0.001609160482831 
0.000082164866118 
0.000004413459889 
0.000000248759420 
0.712995505745877 
0.034293484045874 
0.001606105061880 
0.000081963211315 
0.000004400183651 
0.000000248395358 
0.712777611353203 
0.034254464989188 
0.001603096808355 
0.000081763162435 
0.000004386821356 
0.000000247060879 
0.712632151703497 
0.034217411799722 
0.001600141659332 
0.000081565149838 
0.000004373112772 
0.000000246261604 
0.712563162479628 
0.034182448685803 
0.001597246442478 
0.000081369433980 
0.000004359764472 
0.000000245267734 
0.712574728595562 
0.034149699752483 
0.001594416453248 
0.000081176004042 
0.000004346323356 
0.000000244695382 
0.712670959206281 
0.034119286340581 
0.001591659110986 
0.000080985727935 
0.000004333399057 
0.000000243648025 
0.712855965735368 
0.034091326263037 
0.001588980631673 
0.000080799003879 
0.000004320497063 
0.000000242620930 
0.713133824320751 
0.034065932941737 
0.001586386233517 
0.000080615349190 
0.000004307556371 
0.000000242324152 
0.713508537025152 
0.034043213578713 
0.001583883196746 
0.000080435638488 
0.000004294932635 
0.000000240724867 
0.713983981455050 
0.034023268324765 
0.001581477458248 
0.000080260591270 
0.000004282615573 
0.000000240164643 
0.714563848872368 
0.034006186671679 
0.001579174559976 
0.000080089019238 
0.000004269890950 
0.000000239423706 
0.715251575531222 
0.033992048657414 
0.001576979167901 
0.000079922621570 
0.000004258048380 
0.000000238314704 
0.716050257317617 
0.033980918473626 
0.001574896250235 
0.000079760398657 
0.000004246338972 
0.000000237490952 
0.716962552792355 
0.033972845480698 
0.001572930165120 
0.000079603397901 
0.000004234886204 
0.000000236768645 
0.717990572246029 
0.033967858554472 
0.001571083860164 
0.000079451174022 
0.000004223413708 
0.000000235800558 
0.719135750284772 
0.033965964774323 
0.001569359336160 
0.000079303959815 
0.000004212327353 
0.000000234914221 
0.720398703010878 
0.033967145414586 
0.001567757227632 
0.000079161152606 
0.000004201841973 
0.000000234382141 
0.721779069906076 
0.033971352737048 
0.001566277325857 
0.000079023113495 
0.000004190968993 
0.000000233626725 
0.723275336606041 
0.033978503135360 
0.001564915677074 
0.000078889335077 
0.000004180499166 
0.000000232826206 
0.724884648157822 
0.033988477390740 
0.001563669180791 
0.000078759033810 
0.000004170651289 
0.000000232099686 
0.726602603305136 
0.034001113771319 
0.001562530161570 
0.000078632465759 
0.000004160421635 
0.000000231400819 
0.728423042840924 
0.034016202316604 
0.001561489137893 
0.000078508497883 
0.000004151180550 
0.000000230539573 
0.730337827602362 
0.034033483303455 
0.001560533403186 
0.000078386306231 
0.000004140970054 
0.000000229856472 
0.732336617709847 
0.034052642668056 
0.001559647756923 
0.000078265325872 
0.000004131766518 
0.000000228909783 
0.734406656772505 
0.034073304093277 
0.001558813183707 
0.000078144397469 
0.000004122222542 
0.000000228034607 
0.736532568792881 
0.034095031241257 
0.001558007847885 
0.000078022435264 
0.000004112562502 
0.000000227261830 
0.738696181588386 
0.034117320620299 
0.001557204576765 
0.000077898076623 
0.000004102792344 
0.000000226463118 
0.740876385171904 
0.034139603826120 
0.001556375092332 
0.000077769668772 
0.000004093346574 
0.000000225674466 
0.743049041915497 
0.034161245696627 
0.001555486808175 
0.000077636247561 
0.000004083188327 
0.000000225250800 
0.745186962808941 
0.034181544722723 
0.001554503229538 
0.000077496040429 
0.000004072985326 
0.000000224239883 
0.747259963616169 
0.034199740181703 
0.001553386353963 
0.000077347675912 
0.000004062282417 
0.000000223314598 
0.749235025130781 
0.034215017223602 
0.001552095598500 
0.000077189129820 
0.000004051842392 
0.000000222848554 
0.751076564113470 
0.034226513894440 
0.001550590069571 
0.000077018851073 
0.000004039915984 
0.000000221583039 
0.752746836999237 
0.034233338483432 
0.001548827929912 
0.000076836640448 
0.000004027544438 
0.000000220454361 
0.754206483443740 
0.034234579525029 
0.001546769441200 
0.000076639053656 
0.000004014997050 
0.000000219495738 
0.755415217996375 
0.034229329932085 
0.001544377524772 
0.000076427342768 
0.000004001930064 
0.000000218990904 
0.756332669857541 
0.034216705395000 
0.001541618010122 
0.000076199209504 
0.000003987702923 
0.000000217956704 
0.756919359209573 
0.034195868451780 
0.001538464030270 
0.000075955166996 
0.000003972872945 
0.000000217012770 
0.757137799644815 
0.034166058532200 
0.001534895043468 
0.000075694238162 
0.000003957664032 
0.000000215691199 
0.756953686872558 
0.034126615574444 
0.001530899327483 
0.000075417518723 
0.000003941798727 
0.000000214713587 
0.756337144432884 
0.034077008647067 
0.001526475795347 
0.000075125590100 
0.000003924999140 
0.000000213992129 
0.755263969248440 
0.034016864059821 
0.001521633685811 
0.000074819769942 
0.000003908071932 
0.000000212627413 
0.753716817644838 
0.033945984751235 
0.001516393195915 
0.000074501542264 
0.000003890488540 
0.000000211576063 
0.751686269380666 
0.033864370729087 
0.001510786532443 
0.000074173533059 
0.000003873146283 
0.000000210825783 
0.749171695237265 
0.033772232347592 
0.001504855563810 
0.000073838501190 
0.000003855128365 
0.000000209852507 
0.746181866920640 
0.033669994522566 
0.001498652842176 
0.000073498134076 
0.000003837211408 
0.000000208611794 
0.742735244217008 
0.033558294889172 
0.001492238065890 
0.000073156473212 
0.000003819467544 
0.000000207730098 
0.738859904690400 
0.033437973159251 
0.001485676141989 
0.000072815651220 
0.000003802400294 
0.000000206775700 
0.734593076349808 
0.033310050738238 
0.001479036660914 
0.000072479163576 
0.000003785349564 
0.000000206064006 
0.729980284985078 
0.033175704303359 
0.001472388659623 
0.000072149571486 
0.000003769064423 
0.000000205222858 
0.725074127725871 
0.033036231936737 
0.001465799063781 
0.000071829373129 
0.000003753216694 
0.000000204219365 
0.719932730653896 
0.032893014128452 
0.001459330608514 
0.000071521186589 
0.000003737749852 
0.000000203436344 
0.714617958163492 
0.032747469539809 
0.001453039986125 
0.000071226700032 
0.000003723496643 
0.000000202897447 
0.709193469427081 
0.032601016806262 
0.001446974263227 
0.000070947527205 
0.000003709772246 
0.000000201840735 
0.703722727337066 
0.032455026141660 
0.001441171466934 
0.000070683536131 
0.000003696581861 
0.000000201404257 
0.698267067079815 
0.032310785476110 
0.001435659684050 
0.000070436529552 
0.000003684633430 
0.000000200803956 
0.692883925946181 
0.032169465373968 
0.001430456988183 
0.000070205715197 
0.000003673002348 
0.000000199846235 
0.687625329466165 
0.032032092121778 
0.001425570566965 
0.000069990743433 
0.000003662099506 
0.000000199167296 
0.682536699614842 
0.031899529806771 
0.001421000504067 
0.000069791701937 
0.000003651940558 
0.000000198786103 
0.677656026091682 
0.031772465792604 
0.001416738836277 
0.000069607442445 
0.000003641879510 
0.000000198543050 
0.673013419325139 
0.031651411037760 
0.001412770966535 
0.000069436185924 
0.000003632963095 
0.000000197647181 
0.668631030647732 
0.031536701860953 
0.001409076677939 
0.000069277252498 
0.000003624300678 
0.000000197350753 
0.664523308319590 
0.031428509259302 
0.001405634612199 
0.000069129140076 
0.000003615471443 
0.000000196912297 
0.660697524929322 
0.031326855458173 
0.001402419737098 
0.000068991346167 
0.000003607387631 
0.000000196428931 
0.657154526190774 
0.031231630239395 
0.001399406619028 
0.000068861065617 
0.000003599802506 
0.000000195963490 
0.653889619453748 
0.031142615419497 
0.001396569499681 
0.000068738073885 
0.000003592171052 
0.000000195622179 
0.650893538075386 
0.031059503653109 
0.001393884511092 
0.000068621483500 
0.000003584360173 
0.000000194968801 
0.648153421323131 
0.030981921466821 
0.001391327941154 
0.000068509537326 
0.000003577032684 
0.000000194649592 
0.645653760196688 
0.030909450233824 
0.001388878991521 
0.000068400850523 
0.000003570166264 
0.000000193879230 
0.643377266114369 
0.030841644087544 
0.001386518122374 
0.000068295922854 
0.000003562647338 
0.000000193917755 
0.641305638516299 
0.030778046098386 
0.001384228525086 
0.000068193181343 
0.000003555912221 
0.000000193253578 
0.639420221941334 
0.030718204190560 
0.001381996170405 
0.000068092447675 
0.000003548576735 
0.000000192858368 
0.637702536713226 
0.030661678780015 
0.001379808201669 
0.000067992805382 
0.000003541616974 
0.000000192558102 
0.636134697310849 
0.030608053580059 
0.001377654369604 
0.000067894240006 
0.000003534813011 
0.000000191965567 
0.634699721132967 
0.030556942024434 
0.001375525645086 
0.000067795798197 
0.000003527863904 
0.000000191672177 
0.633381740685280 
0.030507988197536 
0.001373416079477 
0.000067698026126 
0.000003520820198 
0.000000191307320 
0.632166134178824 
0.030460872728978 
0.001371320985102 
0.000067600464575 
0.000003514158919 
0.000000191301762 
0.631039590259889 
0.030415309830302 
0.001369235378368 
0.000067502578111 
0.000003507177136 
0.000000190607782 
0.629990118124871 
0.030371048716657 
0.001367156913979 
0.000067404660316 
0.000003500333078 
0.000000190343260 
0.629007017676631 
0.030327870564306 
0.001365084522405 
0.000067306836054 
0.000003493822741 
0.000000190021800 
0.628080822860190 
0.030285587487348 
0.001363015915336 
0.000067208509765 
0.000003486801464 
0.000000189648289 
0.627203220327875 
0.030244039154574 
0.001360951099303 
0.000067109745819 
0.000003479762883 
0.000000189067764 
0.626366961817316 
0.030203090408485 
0.001358891303577 
0.000067011331573 
0.000003473148455 
0.000000188512837 
0.625565768772278 
0.030162628279203 
0.001356835573488 
0.000066911835590 
0.000003466300306 
0.000000188254292 
0.624794232078000 
0.030122558863072 
0.001354785540785 
0.000066812683668 
0.000003459868563 
0.000000188109487 
0.624047721393287 
0.030082805342072 
0.001352741166324 
0.000066713329480 
0.000003453205516 
0.000000187455448 
0.623322290988352 
0.030043304257564 
0.001350704221008 
0.000066613767396 
0.000003446262910 
0.000000187292853 
0.622614597857340 
0.030004004635491 
0.001348675947666 
0.000066513788401 
0.000003440030323 
0.000000186796266 
0.621921823404177 
0.029964865435115 
0.001346656423337 
0.000066413625289 
0.000003433660052 
0.000000186494234 
0.621241603291456 
0.029925853752704 
0.001344647120581 
0.000066313008238 
0.000003426968289 
0.000000186223125 
0.620571963642801 
0.029886943737702 
0.001342648797990 
0.000066212226599 
0.000003419952334 
0.000000185842970 
0.619911265929600 
0.029848114713003 
0.001340662770330 
0.000066111712564 
0.000003413963792 
0.000000185588736 
0.619258156510337 
0.029809349552546 
0.001338688845408 
0.000066010282212 
0.000003407419032 
0.000000185101460 
0.618611524384872 
0.029770637629847 
0.001336728420903 
0.000065909321054 
0.000003400965952 
0.000000184937733 
0.617970463282339 
0.029731967658579 
0.001334780945269 
0.000065808145038 
0.000003394479984 
0.000000184565134 
0.617334238353533 
0.029693333082412 
0.001332847896856 
0.000065706735725 
0.000003388433875 
0.000000184033110 
0.616702258095138 
0.029654728106756 
0.001330928858537 
0.000065604584931 
0.000003381659859 
0.000000183118035 
0.616074050856260 
0.029616149010595 
0.001329024709080 
0.000065502860963 
0.000003375278763 
0.000000183355244 
0.615449243267187 
0.029577593858834 
0.001327134607037 
0.000065400040252 
0.000003369272856 
0.000000182778080 
0.614827543509184 
0.029539061030864 
0.001325259031982 
0.000065297701657 
0.000003362908051 
0.000000182208452 
0.614208725572651 
0.029500550033383 
0.001323398070507 
0.000065195301108 
0.000003356864285 
0.000000182359514 
0.613592616430225 
0.029462062532727 
0.001321551041583 
0.000065092369062 
0.000003350579031 
0.000000181771424 
0.612979086466113 
0.029423599198643 
0.001319718470676 
0.000064989653448 
0.000003344522720 
0.000000181319865 
0.612368038862170 
0.029385162994982 
0.001317900141088 
0.000064886727759 
0.000003337941044 
0.000000181092329 
0.611759404219253 
0.029346757675850 
0.001316094473736 
0.000064783356403 
0.000003332244519 
0.000000180611063 
0.611153131440340 
0.029308387111845 
0.001314302539575 
0.000064679742945 
0.000003325534240 
0.000000180376733 
0.610549185745550 
0.029270056774446 
0.001312523888277 
0.000064576681856 
0.000003319808627 
0.000000180162880 
0.609947541337889 
0.029231772853162 
0.001310758016747 
0.000064472903801 
0.000003313408516 
0.000000179523867 
0.609348180630475 
0.029193541110273 
0.001309004180588 
0.000064369407380 
0.000003307641689 
0.000000179324902 
0.608751089591481 
0.029155370747681 
0.001307262651324 
0.000064265991310 
0.000003301688238 
0.000000178791340 
0.608156255537247 
0.029117269878248 
0.001305532527152 
0.000064162250988 
0.000003295709511 
0.000000178590073 
0.607563667026772 
0.029079247377611 
0.001303814698678 
0.000064058868393 
0.000003289850201 
0.000000177885858 
0.606973310596132 
0.029041313869749 
0.001302107719591 
0.000063955971127 
0.000003283816744 
0.000000177707774 
0.606385170542546 
0.029003479892152 
0.001300412246908 
0.000063852821740 
0.000003278105800 
0.000000177490174 
0.605799229072121 
0.028965757641445 
0.001298726858429 
0.000063749993024 
0.000003272411305 
0.000000176996153 
0.605215463768896 
0.028928159017448 
0.001297052978037 
0.000063647051706 
0.000003266301386 
0.000000176525736 
0.604633848923792 
0.028890697764866 
0.001295389111683 
0.000063544725403 
0.000003260578707 
0.000000176124049 
0.604054355061853 
0.028853386246366 
0.001293735833637 
0.000063443109114 
0.000003254918052 
0.000000175923465 
0.603476948851371 
0.028816239633281 
0.001292092598803 
0.000063341410163 
0.000003249319886 
0.000000175629874 
0.602901593274901 
0.028779271891897 
0.001290459966793 
0.000063240557842 
0.000003243592555 
0.000000175533519 
0.602328248134153 
0.028742498202125 
0.001288836963051 
0.000063140203126 
0.000003237893103 
0.000000175127627 
0.601756869628765 
0.028705933989953 
0.001287224850682 
0.000063040537744 
0.000003232659326 
0.000000174867947 
0.601187412303094 
0.028669593451075 
0.001285622157616 
0.000062940950647 
0.000003226944044 
0.000000174377491 
0.600619827712353 
0.028633494669384 
0.001284029984595 
0.000062843100431 
0.000003221605747 
0.000000173901540 
0.600054065969063 
0.028597651269700 
0.001282448225538 
0.000062745058872 
0.000003216015255 
0.000000173584394 
0.599490075833683 
0.028562079602112 
0.001280876735360 
0.000062648923984 
0.000003210897356 
0.000000173201127 
0.598927805962082 
0.028526795378591 
0.001279315925492 
0.000062552811493 
0.000003205424301 
0.000000173092169 
0.598367204523395 
0.028491814638788 
0.001277765535695 
0.000062458303977 
0.000003200625082 
0.000000172289325 
0.597808220684524 
0.028457152073079 
0.001276225652852 
0.000062364122559 
0.000003195536394 
0.000000172297247 
0.597250804141452 
0.028422823012662 
0.001274697070417 
0.000062271863412 
0.000003190318602 
0.000000171737556 
0.596694906960769 
0.028388841562512 
0.001273179265263 
0.000062180104111 
0.000003185573344 
0.000000171728045 
0.596140483219226 
0.028355222645312 
0.001271673112650 
0.000062089816038 
0.000003180258175 
0.000000171295846 
0.595587489429126 
0.028321979516555 
0.001270178196887 
0.000062001194137 
0.000003175938867 
0.000000170808913 
0.595035885977838 
0.028289125481738 
0.001268695676972 
0.000061913098372 
0.000003171186579 
0.000000170735676 
0.594485637475143 
0.028256672493098 
0.001267224746158 
0.000061827007192 
0.000003166269775 
0.000000170516402 
0.593936712027743 
0.028224632565455 
0.001265766160867 
0.000061742279357 
0.000003161992659 
0.000000170223779 
0.593389083405152 
0.028193017129658 
0.001264319761920 
0.000061658876744 
0.000003157391725 
0.000000169752512 
0.592842730628823 
0.028161836017294 
0.001262886431684 
0.000061576743514 
0.000003153173377 
0.000000169572909 
0.592297638259145 
0.028131098063511 
0.001261466137478 
0.000061496340324 
0.000003148668563 
0.000000169647640 
0.591753797865091 
0.028100812222239 
0.001260059012042 
0.000061417429260 
0.000003144726829 
0.000000169086434 
0.591211207256345 
0.028070986102347 
0.001258665269975 
0.000061340079267 
0.000003140471124 
0.000000169055913 
0.590669870750440 
0.028041626076407 
0.001257285496035 
0.000061264601436 
0.000003136547264 
0.000000168839918 
0.590129801001379 
0.028012737285626 
0.001255919561193 
0.000061190820766 
0.000003132517141 
0.000000168271946 
0.589591017535401 
0.027984324959935 
0.001254568150234 
0.000061118332401 
0.000003128526376 
0.000000167871297 
0.589053548055365 
0.027956391665285 
0.001253230863052 
0.000061047809943 
0.000003125077653 
0.000000167948768 
0.588517429030896 
0.027928940209729 
0.001251908382901 
0.000060978807953 
0.000003121091372 
0.000000167541860 
0.587982704527254 
0.027901971989423 
0.001250601171410 
0.000060911930953 
0.000003117539615 
0.000000167495272 
0.587449427479141 
0.027875487283324 
0.001249309050239 
0.000060846149386 
0.000003114292401 
0.000000167337672 
0.586917658966362 
0.027849485007716 
0.001248031962808 
0.000060782534620 
0.000003110714801 
0.000000167182378 
0.586387469398135 
0.027823963956207 
0.001246770961227 
0.000060720778700 
0.000003107585073 
0.000000166881151 
0.585858938367791 
0.027798920333506 
0.001245525049229 
0.000060660339084 
0.000003104216285 
0.000000166487582 
0.585332153456658 
0.027774350948475 
0.001244295918234 
0.000060602059002 
0.000003100899317 
0.000000166896020 
0.584807211811481 
0.027750250608637 
0.001243082649323 
0.000060545688447 
0.000003098208193 
0.000000166435576 
0.584284218313178 
0.027726613352144 
0.001241886145836 
0.000060490467451 
0.000003095071063 
0.000000166335089 
0.583763288071531 
0.027703432514164 
0.001240705487561 
0.000060437176816 
0.000003092432578 
0.000000166091291 
0.583244543578203 
0.027680700293829 
0.001239541151730 
0.000060385415683 
0.000003089527688 
0.000000165578995 
0.582728115922909 
0.027658408072588 
0.001238394408711 
0.000060335397938 
0.000003086911405 
0.000000165693967 
0.582214144975333 
0.027636546234312 
0.001237264256823 
0.000060287305560 
0.000003084354539 
0.000000165782445 
0.581702778366960 
0.027615105335277 
0.001236151561923 
0.000060240671258 
0.000003081877874 
0.000000165439800 
0.581194171015300 
0.027594073070880 
0.001235055261962 
0.000060195389371 
0.000003079276294 
0.000000165307002 
0.580688486316206 
0.027573438616218 
0.001233976838375 
0.000060152048911 
0.000003077124274 
0.000000165280910 
0.580185894025434 
0.027553189928233 
0.001232915648164 
0.000060110240581 
0.000003074866086 
0.000000165189547 
0.579686570865872 
0.027533313807639 
0.001231872127457 
0.000060069669418 
0.000003072813421 
0.000000164789361 
0.579190699952190 
0.027513796604392 
0.001230845834953 
0.000060030817350 
0.000003070641372 
0.000000165087693 
0.578698471219530 
0.027494625292633 
0.001229837801219 
0.000059993725443 
0.000003068502545 
0.000000164604606 
0.578210079133094 
0.027475785278607 
0.001228846874232 
0.000059957637393 
0.000003066632383 
0.000000165103615 
0.577725723856577 
0.027457262623413 
0.001227874503999 
0.000059922902734 
0.000003064826662 
0.000000164531079 
0.577245610254352 
0.027439041734779 
0.001226919469897 
0.000059889569380 
0.000003063047573 
0.000000164459786 
0.576769947419513 
0.027421108822276 
0.001225982831469 
0.000059858095030 
0.000003061169572 
0.000000164519373 
0.576298947791291 
0.027403447883270 
0.001225064618901 
0.000059827116975 
0.000003059756767 
0.000000164341362 
0.575832827438963 
0.027386044825811 
0.001224164642122 
0.000059797562165 
0.000003057828418 
0.000000164322155 
0.575371805041625 
0.027368884485649 
0.001223283180957 
0.000059769469884 
0.000003056440999 
0.000000164419937 
0.574916100797129 
0.027351951773323 
0.001222419872408 
0.000059741685313 
0.000003054942320 
0.000000164139173 
0.574465936850761 
0.027335232526380 
0.001221575659308 
0.000059716423792 
0.000003053461036 
0.000000164382862 
0.574021536136005 
0.027318712157279 
0.001220750008781 
0.000059690979004 
0.000003052271312 
0.000000164072138 
0.573583122180585 
0.027302376445276 
0.001219942993517 
0.000059667104827 
0.000003051092231 
0.000000164312488 
0.573150917650384 
0.027286212114118 
0.001219155316051 
0.000059644876101 
0.000003049767934 
0.000000163845674 
0.572725144644189 
0.027270205895140 
0.001218386663490 
0.000059622441786 
0.000003048626472 
0.000000164090600 
0.572306023622330 
0.027254345264053 
0.001217637099898 
0.000059601364275 
0.000003047662197 
0.000000163988801 
0.571893774188209 
0.027238617821706 
0.001216906660345 
0.000059581250038 
0.000003046322399 
0.000000164321070 
0.571488611153178 
0.027223013105330 
0.001216196523620 
0.000059562096019 
0.000003045392728 
0.000000164065551 
0.571090747915112 
0.027207518747926 
0.001215506039620 
0.000059544153431 
0.000003044533511 
0.000000164163318 
0.570700393264347 
0.027192126962642 
0.001214835155849 
0.000059526351007 
0.000003043675190 
0.000000164011052 
0.570317752047039 
0.027176827333801 
0.001214184292726 
0.000059509508434 
0.000003043172823 
0.000000164121983 
0.569943023048800 
0.027161611804235 
0.001213554030270 
0.000059493566901 
0.000003042518432 
0.000000164344251 
0.569576401361835 
0.027146473401863 
0.001212944383025 
0.000059478150663 
0.000003041721999 
0.000000163876939 
0.569218074772287 
0.027131405725349 
0.001212354969788 
0.000059463849276 
0.000003040985394 
0.000000164022770 
0.568868224944511 
0.027116403588790 
0.001211786866735 
0.000059449808045 
0.000003040563831 
0.000000164127661 
0.568527026328990 
0.027101462602265 
0.001211240072912 
0.000059436773372 
0.000003040110372 
0.000000164319606 
0.568194646691909 
0.027086579566349 
0.001210714236627 
0.000059424578973 
0.000003039203659 
0.000000163925618 
0.567871244193036 
0.027071752728044 
0.001210210037571 
0.000059412268137 
0.000003039325883 
0.000000164110506 
0.567556971033029 
0.027056980315073 
0.001209728184952 
0.000059401641277 
0.000003038872616 
0.000000164363545 
0.567251968459327 
0.027042263777363 
0.001209268167963 
0.000059391136611 
0.000003038451920 
0.000000164338463 
0.566956370153926 
0.027027603397367 
0.001208830291003 
0.000059381256559 
0.000003038350504 
0.000000164455966 
0.566670299234155 
0.027013002244136 
0.001208415430966 
0.000059372064596 
0.000003037994143 
0.000000164192636 
0.566393869722217 
0.026998464301165 
0.001208023613700 
0.000059363720564 
0.000003038332585 
0.000000164074854 
0.566127185792907 
0.026983993811315 
0.001207654392971 
0.000059355883385 
0.000003038244499 
0.000000164452557 
0.565870341009798 
0.026969597529448 
0.001207309262929 
0.000059348495694 
0.000003038261071 
0.000000164427766 
0.565623418438700 
0.026955282064571 
0.001206987606363 
0.000059342077605 
0.000003038270318 
0.000000164248894 
0.565386490531572 
0.026941055736076 
0.001206689991562 
0.000059336811047 
0.000003038362053 
0.000000164525162 
0.565159619378983 
0.026926928607095 
0.001206416407599 
0.000059331359684 
0.000003038467056 
0.000000164571225 
0.564942855667209 
0.026912911807676 
0.001206167510199 
0.000059327673052 
0.000003039353664 
0.000000164501752 
0.564736239622839 
0.026899015914235 
0.001205943562350 
0.000059324079636 
0.000003039385577 
0.000000164475406 
0.564539800690750 
0.026885254477089 
0.001205744731296 
0.000059321468588 
0.000003040310451 
0.000000164718799 
0.564353556162683 
0.026871641657441 
0.001205571075747 
0.000059319499301 
0.000003040745418 
0.000000164705740 
0.564177514381555 
0.026858191755648 
0.001205423318261 
0.000059318473037 
0.000003041280641 
0.000000164682430 
0.564011671427261 
0.026844920342807 
0.001205300988572 
0.000059318841281 
0.000003042412586 
0.000000164796655 
0.563856013657753 
0.026831844751237 
0.001205204942250 
0.000059319530039 
0.000003042982994 
0.000000164881080 
0.563710516699462 
0.026818982217882 
0.001205135158807 
0.000059321431587 
0.000003043867632 
0.000000165235622 
0.563575146319080 
0.026806351610126 
0.001205091630723 
0.000059324509930 
0.000003044940380 
0.000000165461063 
0.563449857755818 
0.026793971314581 
0.001205075406382 
0.000059327879173 
0.000003045968726 
0.000000165161805 
0.563334597361682 
0.026781861699033 
0.001205085491202 
0.000059333030494 
0.000003047383391 
0.000000165113947 
0.563229301229515 
0.026770042726052 
0.001205123103031 
0.000059338945228 
0.000003048402289 
0.000000165467450 
0.563133898437202 
0.026758535771881 
0.001205187724740 
0.000059346121639 
0.000003050183198 
0.000000165616859 
0.563048307711823 
0.026747361655210 
0.001205280182117 
0.000059354482490 
0.000003051658379 
0.000000165877694 
0.562972440177385 
0.026736543010294 
0.001205400198785 
0.000059364007089 
0.000003053324608 
0.000000165829708 
0.562906199968374 
0.026726101768652 
0.001205547588339 
0.000059375237207 
0.000003054923377 
0.000000165666638 
0.562849483976558 
0.026716060638297 
0.001205723084373 
0.000059387838606 
0.000003057108721 
0.000000166095817 
0.562802182507672 
0.026706442372775 
0.001205926671104 
0.000059401254092 
0.000003058831044 
0.000000166024004 
0.562764180056210 
0.026697269163554 
0.001206158574784 
0.000059416448854 
0.000003061031835 
0.000000166283782 
0.562735355694880 
0.026688564653189 
0.001206418189079 
0.000059432899877 
0.000003063086924 
0.000000166422736 
0.562715584035036 
0.026680351624236 
0.001206706485914 
0.000059450904662 
0.000003065957700 
0.000000166796924 
0.562704735928072 
0.026672653308623 
0.001207023023352 
0.000059471239708 
0.000003068227855 
0.000000166693781 
0.562702677898304 
0.026665491503193 
0.001207367692281 
0.000059492742319 
0.000003070874074 
0.000000166996548 
0.562709275212270 
0.026658889460407 
0.001207740865600 
0.000059515355438 
0.000003073395994 
0.000000167142419 
0.562724390005074 
0.026652868597637 
0.001208142652406 
0.000059540562588 
0.000003076531217 
0.000000167084268 
0.562747883618085 
0.026647451525250 
0.001208572771077 
0.000059566847033 
0.000003079611891 
0.000000167540226 
0.562779617105116 
0.026642659082287 
0.001209031347140 
0.000059595202528 
0.000003082728589 
0.000000167349857 
0.562819451148007 
0.026638513041931 
0.001209518818580 
0.000059625662385 
0.000003085973902 
0.000000168021409 
0.562867248268372 
0.026635032655632 
0.001210034169820 
0.000059657771233 
0.000003089654551 
0.000000167791956 
0.562922871839710 
0.026632238333738 
0.001210578569913 
0.000059691795944 
0.000003093210485 
0.000000168262292 
0.562986188470664 
0.026630149370139 
0.001211150763153 
0.000059728044614 
0.000003096720843 
0.000000169045347 
0.563057067100653 
0.026628783363687 
0.001211751401114 
0.000059766218003 
0.000003100853284 
0.000000168888939 
0.563135381261748 
0.026628158534789 
0.001212380258922 
0.000059806010965 
0.000003104717426 
0.000000169303386 
0.563221008822049 
0.026628291609267 
0.001213037380905 
0.000059848695899 
0.000003109072894 
0.000000169428957 
0.563313832771394 
0.026629198826936 
0.001213722987094 
0.000059893167611 
0.000003113626178 
0.000000169509569 
0.563413742818978 
0.026630894929023 
0.001214436466462 
0.000059939880364 
0.000003118001844 
0.000000169587367 
0.563520634294582 
0.026633394670018 
0.001215178010520 
0.000059988911354 
0.000003122359369 
0.000000170068729 
0.563634410677493 
0.026636710729147 
0.001215947394747 
0.000060040268227 
0.000003127514405 
0.000000170497404 
0.563754983193877 
0.026640855726457 
0.001216745271738 
0.000060093349122 
0.000003132694454 
0.000000170825561 
0.563882271424037 
0.026645840913918 
0.001217570557385 
0.000060149184940 
0.000003137696627 
0.000000171193905 
0.564016203905343 
0.026651676307012 
0.001218423646066 
0.000060207309740 
0.000003143185660 
0.000000171483401 
0.564156719323648 
0.026658371800157 
0.001219304942771 
0.000060267729054 
0.000003148915053 
0.000000171979719 
0.564303766144790 
0.026665935793023 
0.001220213427687 
0.000060330549309 
0.000003154377177 
0.000000172427703 
0.564457303231491 
0.026674374804519 
0.001221149413227 
0.000060396254905 
0.000003160290455 
0.000000172486293 
0.564617300331318 
0.026683695981685 
0.001222113308664 
0.000060464010181 
0.000003166426853 
0.000000173072621 
0.564783739246416 
0.026693904238015 
0.001223104822697 
0.000060534636366 
0.000003172624527 
0.000000173459024 
0.564956612824356 
0.026705003668709 
0.001224123685538 
0.000060607159629 
0.000003179107369 
0.000000173702053 
0.565135925365750 
0.026716997415371 
0.001225170181068 
0.000060682598305 
0.000003185262473 
0.000000174344919 
0.565321694689373 
0.026729888292815 
0.001226244315363 
0.000060760656792 
0.000003192242272 
0.000000174744222 
0.565513950089471 
0.026743677322916 
0.001227345737134 
0.000060841009156 
0.000003199234731 
0.000000175069401 
0.565712733125551 
0.026758365032251 
0.001228474535589 
0.000060924291615 
0.000003206232744 
0.000000176071900 
0.565918098297091 
0.026773950275426 
0.001229631242166 
0.000061009797676 
0.000003213664725 
0.000000176428306 
0.566130112688700 
0.026790432018047 
0.001230815573668 
0.000061097933391 
0.000003221043068 
0.000000176419404 
0.566348855556517 
0.026807808184127 
0.001232026868102 
0.000061188609531 
0.000003228462193 
0.000000177025080 
0.566574418774649 
0.026826074861427 
0.001233266131739 
0.000061281936271 
0.000003236404195 
0.000000177523930 
0.566806906496595 
0.026845228574754 
0.001234533108517 
0.000061378233266 
0.000003244466205 
0.000000178147330 
0.567046434862712 
0.026865264207959 
0.001235827999242 
0.000061476673346 
0.000003252513158 
0.000000178459147 
0.567293131940550 
0.026886176035604 
0.001237150379680 
0.000061578393947 
0.000003260960530 
0.000000179308645 
0.567547136713848 
0.026907958249529 
0.001238501445466 
0.000061682113064 
0.000003269366920 
0.000000179757402 
0.567808600131012 
0.026930602551909 
0.001239879726558 
0.000061788746527 
0.000003278338470 
0.000000180603791 
0.568077682306701 
0.026954102323040 
0.001241286533168 
0.000061897768793 
0.000003286961429 
0.000000180971521 
0.568354554734710 
0.026978449033196 
0.001242721244483 
0.000062009542885 
0.000003295859008 
0.000000181684941 
0.568639397616743 
0.027003632546877 
0.001244184642272 
0.000062124132561 
0.000003305352375 
0.000000182349769 
0.568932400530310 
0.027029643794292 
0.001245676426592 
0.000062241118203 
0.000003314356802 
0.000000182896188 
0.569233760649820 
0.027056471849054 
0.001247196784786 
0.000062360548144 
0.000003324048633 
0.000000183423238 
0.569543683339421 
0.027084107293142 
0.001248745483492 
0.000062482675480 
0.000003333716357 
0.000000184105943 
0.569862379306091 
0.027112536522851 
0.001250323426000 
0.000062607509778 
0.000003343403892 
0.000000184820487 
0.570190065722419 
0.027141749247706 
0.001251929948060 
0.000062734655145 
0.000003353622421 
0.000000185401536 
0.570526965508112 
0.027171731396509 
0.001253564779003 
0.000062864424551 
0.000003364063202 
0.000000186011737 
0.570873303086107 
0.027202470125724 
0.001255229411876 
0.000062996408527 
0.000003374397796 
0.000000186884439 
0.571229308075737 
0.027233952248277 
0.001256922721706 
0.000063131338417 
0.000003385022621 
0.000000187447988 
0.571595210643810 
0.027266162519553 
0.001258644312172 
0.000063268411485 
0.000003395547722 
0.000000188325756 
0.571971241402643 
0.027299086959187 
0.001260395393533 
0.000063407797318 
0.000003406714501 
0.000000189122357 
0.572357631661053 
0.027332709617901 
0.001262174894144 
0.000063549293278 
0.000003417508103 
0.000000189868327 
0.572754609967237 
0.027367014270830 
0.001263982579774 
0.000063693315781 
0.000003428860831 
0.000000190498543 
0.573162402475193 
0.027401984820587 
0.001265819839247 
0.000063839492428 
0.000003440049503 
0.000000191549672 
0.573581231219937 
0.027437603491608 
0.001267684272708 
0.000063987698944 
0.000003451552400 
0.000000192133171 
0.574011312351796 
0.027473852651328 
0.001269577060533 
0.000064137986597 
0.000003463022132 
0.000000192685386 
0.574452856853205 
0.027510713773169 
0.001271497347292 
0.000064290682846 
0.000003474791767 
0.000000193831789 
0.574906066028744 
0.027548168231203 
0.001273444622966 
0.000064444679459 
0.000003486359168 
0.000000194531542 
0.575371133382926 
0.027586195062334 
0.001275419028007 
0.000064600911734 
0.000003498617936 
0.000000195653603 
0.575848240879620 
0.027624774155654 
0.001277418687037 
0.000064758598796 
0.000003510649739 
0.000000196221625 
0.576337559838181 
0.027663884250542 
0.001279444268684 
0.000064918135129 
0.000003522525100 
0.000000197052603 
0.576839247847912 
0.027703503009542 
0.001281494375924 
0.000065079106961 
0.000003535189592 
0.000000197836402 
0.577353448694746 
0.027743606746239 
0.001283567769524 
0.000065241511590 
0.000003546479550 
0.000000198403382 
0.577880290096277 
0.027784172546927 
0.001285664227688 
0.000065404932652 
0.000003559467463 
0.000000199626371 
0.578419884501077 
0.027825175007757 
0.001287782529712 
0.000065569539642 
0.000003571814048 
0.000000200417805 
0.578972325463419 
0.027866588133199 
0.001289921459666 
0.000065735185409 
0.000003583746735 
0.000000201205532 
0.579537688612540 
0.027908385784653 
0.001292078707261 
0.000065901896858 
0.000003596299762 
0.000000202046862 
0.580116029661833 
0.027950539631004 
0.001294254308212 
0.000066068576603 
0.000003608624748 
0.000000202983100 
0.580707384549325 
0.027993021129631 
0.001296445793734 
0.000066235984707 
0.000003621205342 
0.000000203917020 
0.581311767058105 
0.028035800532196 
0.001298651947463 
0.000066403640854 
0.000003633644467 
0.000000204631397 
0.581929170165266 
0.028078847257574 
0.001300870126983 
0.000066571455935 
0.000003646100736 
0.000000205533368 
0.582559563469711 
0.028122129468253 
0.001303099515406 
0.000066739312412 
0.000003658286991 
0.000000206224586 
0.583202894236953 
0.028165613153782 
0.001305337297027 
0.000066906641236 
0.000003670330755 
0.000000207025089 
0.583859087198186 
0.028209265758570 
0.001307581128071 
0.000067073525499 
0.000003682803846 
0.000000208047465 
0.584528042794623 
0.028253052179090 
0.001309829428806 
0.000067239553600 
0.000003694891760 
0.000000208904045 
0.585209639478850 
0.028296936012696 
0.001312078733246 
0.000067404488764 
0.000003706588073 
0.000000209502699 
0.585903732475622 
0.028340880824041 
0.001314327331592 
0.000067568486008 
0.000003718347554 
0.000000210568315 
0.586610154025689 
0.028384849055894 
0.001316571458840 
0.000067730469163 
0.000003729980086 
0.000000211088458 
0.587328715044682 
0.028428802281969 
0.001318809698659 
0.000067890740540 
0.000003741330382 
0.000000211900086 
0.588059205736036 
0.028472701140739 
0.001321037829439 
0.000068049082985 
0.000003752440307 
0.000000212531282 
0.588801395423099 
0.028516506121895 
0.001323253302744 
0.000068205246908 
0.000003763975420 
0.000000213660338 
0.589555035407797 
0.028560177142137 
0.001325453047366 
0.000068358510189 
0.000003774457029 
0.000000214073892 
0.590319858908049 
0.028603673420797 
0.001327633440822 
0.000068509011944 
0.000003784920788 
0.000000214979606 
0.591095584235911 
0.028646954345574 
0.001329791620404 
0.000068656211752 
0.000003795043722 
0.000000215541948 
0.591881915223670 
0.028689979326507 
0.001331924375091 
0.000068800350242 
0.000003805101750 
0.000000216246216 
0.592678543514151 
0.028732707814341 
0.001334028330345 
0.000068940288022 
0.000003814462379 
0.000000216919623 
0.593485152707801 
0.028775099218597 
0.001336099265543 
0.000069076644690 
0.000003823707333 
0.000000217441559 
0.594301417247370 
0.028817113882465 
0.001338135044615 
0.000069208865974 
0.000003832306529 
0.000000217978238 
0.595127009689002 
0.028858712598545 
0.001340131187022 
0.000069336085858 
0.000003840976375 
0.000000218583695 
0.595961598761843 
0.028899857914942 
0.001342085009111 
0.000069458678153 
0.000003848684315 
0.000000219454408 
0.596804855830284 
0.028940512722884 
0.001343993303374 
0.000069576131320 
0.000003856314693 
0.000000219513591 
0.597656457168993 
0.028980641693386 
0.001345852320822 
0.000069688524663 
0.000003863811823 
0.000000220054598 
0.598516086378379 
0.029020211599713 
0.001347659350991 
0.000069795234291 
0.000003869995402 
0.000000220390725 
0.599383438712795 
0.029059190831939 
0.001349411510490 
0.000069896657758 
0.000003876216025 
0.000000220895882 
0.600258223538087 
0.029097549787875 
0.001351105282706 
0.000069991471438 
0.000003882084059 
0.000000221141664 
0.601140169132953 
0.029135262339644 
0.001352738607578 
0.000070080360632 
0.000003887043180 
0.000000221133988 
0.602029025205616 
0.029172304615936 
0.001354309055381 
0.000070163180556 
0.000003891968289 
0.000000222034173 
0.602924565869236 
0.029208655896799 
0.001355813528017 
0.000070239282581 
0.000003896041932 
0.000000222014362 
0.603826595586464 
0.029244298894103 
0.001357250822356 
0.000070308775957 
0.000003899510750 
0.000000222285447 
0.604734948209763 
0.029279219110780 
0.001358618666461 
0.000070371788915 
0.000003902658012 
0.000000222342788 
0.605649494162531 
0.029313407852326 
0.001359915239731 
0.000070427644763 
0.000003905026988 
0.000000222535308 
0.606570141146453 
0.029346858083732 
0.001361139759071 
0.000070477132741 
0.000003906898985 
0.000000222551635 
0.607496836762380 
0.029379569294905 
0.001362290690042 
0.000070519552098 
0.000003908546772 
0.000000222607128 
0.608429572648100 
0.029411543682480 
0.001363367721213 
0.000070555011376 
0.000003909371467 
0.000000222669286 
0.609368383910694 
0.029442788262459 
0.001364370339050 
0.000070583678865 
0.000003909825766 
0.000000222758358 
0.610313353491481 
0.029473315281838 
0.001365298649511 
0.000070605442546 
0.000003909725854 
0.000000222597565 
0.611264611323084 
0.029503141648650 
0.001366152543021 
0.000070620224737 
0.000003908636672 
0.000000222679460 
0.612222336344200 
0.029532288474742 
0.001366932539074 
0.000070628352992 
0.000003908030447 
0.000000222672854 
0.613186756350157 
0.029560782087245 
0.001367639790080 
0.000070629872363 
0.000003905775816 
0.000000222101465 
0.614158147740499 
0.029588653507334 
0.001368275666385 
0.000070625136815 
0.000003903481249 
0.000000222089492 
0.615136834729140 
0.029615937693960 
0.001368841536914 
0.000070613701795 
0.000003900486621 
0.000000221425303 
0.616123188954193 
0.029642675824456 
0.001369339316420 
0.000070596526147 
0.000003897243645 
0.000000221622146 
0.617117625074760 
0.029668911457335 
0.001369771399671 
0.000070573247871 
0.000003893863219 
0.000000221339294 
0.618120600963484 
0.029694693576772 
0.001370140446288 
0.000070544210401 
0.000003889459877 
0.000000220776841 
0.619132611813887 
0.029720073854256 
0.001370448476165 
0.000070509689486 
0.000003885074015 
0.000000220622426 
0.620154188002580 
0.029745109355893 
0.001370698935130 
0.000070470497333 
0.000003880016981 
0.000000220033494 
0.621185889196561 
0.029769857866268 
0.001370895938777 
0.000070426055940 
0.000003874725673 
0.000000219537309 
0.622228299684218 
0.029794382306534 
0.001371042083316 
0.000070376983516 
0.000003869159861 
0.000000219327103 
0.623282021593611 
0.029818746466295 
0.001371141129503 
0.000070323639311 
0.000003863018491 
0.000000218994087 
0.624347669250912 
0.029843016738416 
0.001371196898851 
0.000070266155249 
0.000003856854598 
0.000000218455172 
0.625425860398090 
0.029867260788519 
0.001371213728034 
0.000070205452249 
0.000003850213705 
0.000000218225581 
0.626517208619947 
0.029891545933269 
0.001371195756054 
0.000070140683137 
0.000003843608963 
0.000000217826012 
0.627622315760104 
0.029915941856963 
0.001371146423163 
0.000070073152207 
0.000003836373177 
0.000000217343250 
0.628741760063210 
0.029940516299790 
0.001371070685408 
0.000070003111051 
0.000003829304988 
0.000000216684095 
0.629876089946698 
0.029965336854852 
0.001370972543957 
0.000069930750178 
0.000003821841819 
0.000000215803000 
0.631025809207339 
0.029990468610729 
0.001370856210526 
0.000069856125699 
0.000003814193770 
0.000000215498589 
0.632191369588513 
0.030015976092873 
0.001370725303698 
0.000069779918330 
0.000003806419453 
0.000000215030779 
0.633373158673904 
0.030041919241025 
0.001370584526204 
0.000069701772335 
0.000003798766409 
0.000000214391780 
0.634571486129373 
0.030068355059400 
0.001370437224382 
0.000069622968127 
0.000003790656030 
0.000000213922135 
0.635786574866298 
0.030095337211514 
0.001370287108652 
0.000069542840003 
0.000003782605011 
0.000000212941878 
0.637018545694855 
0.030122913043768 
0.001370138060061 
0.000069462248448 
0.000003774361149 
0.000000212449914 
0.638267406872331 
0.030151125656633 
0.001369993081558 
0.000069381276695 
0.000003766777272 
0.000000212046081 
0.639533039981908 
0.030180011269115 
0.001369854981407 
0.000069300034579 
0.000003758663140 
0.000000211525880 
0.640815187063985 
0.030209599997211 
0.001369726701475 
0.000069218684252 
0.000003750714604 
0.000000211031480 
0.642113439846860 
0.030239914542875 
0.001369611071111 
0.000069138053993 
0.000003742834334 
0.000000210089030 
0.643427224140102 
0.030270969721840 
0.001369509731384 
0.000069057103455 
0.000003734295387 
0.000000209761094 
0.644755789911005 
0.030302771811308 
0.001369424973809 
0.000068976838218 
0.000003726371437 
0.000000209169325 
0.646098197736585 
0.030335319319146 
0.001369357787764 
0.000068897128398 
0.000003718305860 
0.000000208618726 
0.647453307889588 
0.030368600019369 
0.001369309972828 
0.000068818317703 
0.000003710290411 
0.000000207844511 
0.648819769024103 
0.030402594061525 
0.001369281702890 
0.000068740114447 
0.000003702415109 
0.000000207410988 
0.650196008972450 
0.030437269099904 
0.001369273740630 
0.000068662656344 
0.000003694903622 
0.000000206899310 
0.651580224486648 
0.030472585358296 
0.001369285586859 
0.000068586324053 
0.000003686841931 
0.000000206209485 
0.652970373691630 
0.030508490650210 
0.001369317053995 
0.000068510682199 
0.000003679724685 
0.000000205643381 
0.654364170388143 
0.030544923359798 
0.001369368160736 
0.000068435640551 
0.000003671847445 
0.000000205179343 
0.655759077825334 
0.030581810698777 
0.001369436927021 
0.000068361860335 
0.000003664351706 
0.000000204277402 
0.657152307015994 
0.030619069975696 
0.001369522829018 
0.000068288537595 
0.000003656731188 
0.000000203966601 
0.658540814297923 
0.030656607507931 
0.001369622631988 
0.000068216193296 
0.000003649438375 
0.000000203622548 
0.659921304710315 
0.030694318660911 
0.001369735668322 
0.000068144150311 
0.000003642152000 
0.000000202836788 
0.661290234215812 
0.030732090497230 
0.001369858481374 
0.000068072641868 
0.000003634718799 
0.000000202435638 
0.662643818512798 
0.030769799472058 
0.001369989314195 
0.000068002021088 
0.000003627641525 
0.000000201797846 
0.663978041381467 
0.030807313026194 
0.001370124180776 
0.000067931476380 
0.000003620536586 
0.000000201557353 
0.665288671123303 
0.030844489529980 
0.001370260343029 
0.000067861144565 
0.000003613555915 
0.000000200571954 
0.666571274020296 
0.030881181076521 
0.001370394300109 
0.000067790792052 
0.000003606294613 
0.000000200465176 
0.667821239262860 
0.030917231496432 
0.001370521679704 
0.000067720183642 
0.000003599136316 
0.000000199699133 
0.669033801271018 
0.030952478996894 
0.001370639646527 
0.000067649186812 
0.000003592118862 
0.000000199431509 
0.670204070248299 
0.030986756660987 
0.001370743711246 
0.000067578437029 
0.000003584998210 
0.000000198568888 
0.671327064940122 
0.031019895514000 
0.001370829375838 
0.000067506891411 
0.000003578284099 
0.000000197990328 
0.672397749068488 
0.031051721809597 
0.001370893083724 
0.000067434859923 
0.000003571188547 
0.000000197554657 
0.673411074094681 
0.031082062487459 
0.001370929895242 
0.000067361982975 
0.000003564252007 
0.000000196967084 
0.674362022515499 
0.031110744950073 
0.001370935805615 
0.000067288142237 
0.000003557449530 
0.000000196529372 
0.675245655945930 
0.031137597895737 
0.001370906657641 
0.000067213667389 
0.000003550903607 
0.000000196027376 
0.676057166362933 
0.031162454699609 
0.001370838953635 
0.000067137583342 
0.000003543969382 
0.000000194969541 
0.676791929915161 
0.031185153862802 
0.001370727937107 
0.000067060829915 
0.000003536869801 
0.000000194583518 
0.677445558970595 
0.031205541019026 
0.001370570159704 
0.000066982371511 
0.000003529652416 
0.000000194444271 
0.678013960754219 
0.031223471493727 
0.001370361844910 
0.000066902801450 
0.000003523236374 
0.000000193630040 
0.678493390570353 
0.031238810342520 
0.001370099331488 
0.000066821339517 
0.000003516020730 
0.000000193150000 
0.678880506768237 
0.031251435270004 
0.001369780358249 
0.000066738777399 
0.000003508974406 
0.000000192768778 
0.679172422501477 
0.031261238668871 
0.001369401383156 
0.000066654808253 
0.000003502003300 
0.000000192098880 
0.679366755319129 
0.031268126831919 
0.001368960691575 
0.000066569735929 
0.000003494944355 
0.000000191587033 
0.679461670476555 
0.031272022696019 
0.001368455579795 
0.000066482585443 
0.000003488070628 
0.000000191149325 
0.679455921883144 
0.031272868680101 
0.001367884922820 
0.000066394498774 
0.000003481127521 
0.000000190395846 
0.679348881798363 
0.031270622723830 
0.001367247487529 
0.000066304721500 
0.000003474000959 
0.000000189807923 
0.679140569806044 
0.031265264320327 
0.001366541854409 
0.000066213732482 
0.000003466736265 
0.000000189104792 
0.678831665132874 
0.031256791412604 
0.001365768348655 
0.000066121688230 
0.000003459636484 
0.000000188516492 
0.678423518182283 
0.031245220837371 
0.001364927154710 
0.000066028598807 
0.000003452542774 
0.000000188136883 
0.677918146719540 
0.031230589976513 
0.001364017881422 
0.000065934592551 
0.000003445713468 
0.000000187656986 
0.677318224261711 
0.031212953985296 
0.001363042027456 
0.000065840053619 
0.000003438040273 
0.000000187024592 
0.676627057964058 
0.031192386642145 
0.001362000553128 
0.000065744075238 
0.000003431117630 
0.000000186277344 
0.675848558638967 
0.031168978175799 
0.001360895034647 
0.000065647748461 
0.000003424288721 
0.000000185840769 
0.674987197885019 
0.031142834384226 
0.001359727296576 
0.000065551366246 
0.000003416966258 
0.000000185559935 
0.674047959204406 
0.031114075438169 
0.001358499216863 
0.000065454443442 
0.000003409833993 
0.000000184435100 
0.673036280515110 
0.031082833543310 
0.001357214134610 
0.000065357196495 
0.000003402871333 
0.000000184282006 
0.671957988862435 
0.031049250385375 
0.001355873978668 
0.000065260376151 
0.000003395559553 
0.000000183415801 
0.670819232307921 
0.031013477120104 
0.001354480792472 
0.000065163695925 
0.000003388557513 
0.000000183025589 
0.669626403500223 
0.030975670478324 
0.001353038304456 
0.000065067082485 
0.000003381626831 
0.000000182498439 
0.668386066445733 
0.030935990614676 
0.001351548914903 
0.000064970693384 
0.000003374289413 
0.000000181916035 
0.667104875234980 
0.030894599038767 
0.001350015544886 
0.000064874919014 
0.000003367476580 
0.000000181656515 
0.665789501638622 
0.030851658846485 
0.001348440989861 
0.000064779529724 
0.000003360465129 
0.000000180824157 
0.664446556867717 
0.030807328065819 
0.001346827684604 
0.000064685292578 
0.000003353414980 
0.000000180346376 
0.663082522510700 
0.030761763831896 
0.001345178618586 
0.000064591649500 
0.000003346404137 
0.000000179781186 
0.661703685029519 
0.030715114782909 
0.001343496447539 
0.000064498242116 
0.000003339676777 
0.000000179522201 
0.660316073544473 
0.030667523691554 
0.001341783330620 
0.000064406173934 
0.000003332643057 
0.000000178688052 
0.658925409409118 
0.030619125847217 
0.001340042031597 
0.000064314555966 
0.000003325893068 
0.000000177994914 
0.657537057397727 
0.030570045858963 
0.001338274156001 
0.000064223941398 
0.000003319026692 
0.000000177750960 
0.656155991851610 
0.030520400552831 
0.001336482091426 
0.000064134354140 
0.000003312466112 
0.000000177447152 
0.654786764492034 
0.030470295920644 
0.001334668085619 
0.000064045117215 
0.000003305746367 
0.000000176984211 
0.653433484982824 
0.030419827689108 
0.001332833461467 
0.000063956514695 
0.000003298998622 
0.000000176378668 
0.652099808156466 
0.030369082055319 
0.001330981005856 
0.000063868657566 
0.000003292306140 
0.000000175719224 
0.650788928164453 
0.030318135066969 
0.001329111575143 
0.000063781616755 
0.000003285637027 
0.000000175524438 
0.649503580299573 
0.030267055711850 
0.001327227548096 
0.000063695064988 
0.000003279282612 
0.000000174814150 
0.648246050749718 
0.030215902193973 
0.001325330450335 
0.000063609251499 
0.000003272647796 
0.000000174568539 
0.647018189349757 
0.030164726515790 
0.001323421922601 
0.000063523925785 
0.000003265924241 
0.000000174107875 
0.645821428540867 
0.030113573914028 
0.001321504330642 
0.000063438802749 
0.000003259408240 
0.000000173730486 
0.644656808422547 
0.030062483180990 
0.001319578775745 
0.000063354299254 
0.000003253565672 
0.000000173021334 
0.643525000302672 
0.030011488582274 
0.001317648084467 
0.000063270551891 
0.000003247058529 
0.000000172662958 
0.642426337385835 
0.029960620403030 
0.001315713247430 
0.000063186772826 
0.000003240614223 
0.000000171991580 
0.641360843968612 
0.029909905737520 
0.001313777270677 
0.000063103159906 
0.000003234542230 
0.000000172196351 
0.640328266409647 
0.029859369372447 
0.001311841373346 
0.000063020187507 
0.000003228335048 
0.000000171478772 
0.639328105479432 
0.029809033231908 
0.001309908336518 
0.000062937786282 
0.000003222009471 
0.000000171136466 
0.638359645531894 
0.029758919887025 
0.001307980016418 
0.000062855675192 
0.000003216061627 
0.000000170753609 
0.637421986638984 
0.029709048745657 
0.001306058134399 
0.000062773362918 
0.000003210371741 
0.000000170292529 
0.636514072340935 
0.029659441507025 
0.001304145333403 
0.000062691414813 
0.000003204210344 
0.000000169954642 
0.635634717124168 
0.029610117178535 
0.001302243948472 
0.000062610322499 
0.000003198591775 
0.000000169731156 
0.634782632334361 
0.029561096925953 
0.001300355908203 
0.000062529243688 
0.000003192742105 
0.000000169261770 
0.633956450063693 
0.029512400139002 
0.001298482828949 
0.000062449004812 
0.000003187249945 
0.000000169232002 
0.633154744702292 
0.029464047761161 
0.001296627670685 
0.000062368320265 
0.000003181197561 
0.000000168423524 
0.632376053713454 
0.029416059726643 
0.001294791061262 
0.000062288548313 
0.000003176179639 
0.000000168258110 
0.631618893384397 
0.029368455959081 
0.001292975910000 
0.000062209336084 
0.000003170640311 
0.000000167821994 
0.630881776174669 
0.029321255660080 
0.001291183067425 
0.000062130771378 
0.000003165554502 
0.000000167453009 
0.630163224376294 
0.029274477948653 
0.001289414056328 
0.000062052348638 
0.000003160269238 
0.000000167268866 
0.629461781555798 
0.029228139605324 
0.001287670435304 
0.000061974837410 
0.000003154553683 
0.000000166926926 
0.628776022747425 
0.029182257701666 
0.001285952922029 
0.000061897855569 
0.000003150172384 
0.000000166844422 
0.628104564674397 
0.029136846621125 
0.001284262586337 
0.000061821465837 
0.000003144884445 
0.000000166230130 
0.627446070399392 
0.029091919586967 
0.001282599918825 
0.000061745694061 
0.000003139953978 
0.000000165855150 
0.626799257451501 
0.029047486650600 
0.001280965674843 
0.000061670599311 
0.000003135304407 
0.000000165699418 
0.626162901133011 
0.029003556845772 
0.001279359375656 
0.000061596388237 
0.000003130799871 
0.000000165425738 
0.625535839368123 
0.028960135711860 
0.001277781866685 
0.000061522525769 
0.000003126038950 
0.000000164976408 
0.624916973838969 
0.028917225954579 
0.001276232666418 
0.000061449728480 
0.000003121703292 
0.000000164880366 
0.624305272304216 
0.028874828873501 
0.001274711111759 
0.000061377435974 
0.000003117497659 
0.000000164721130 
0.623699768864407 
0.028832941227419 
0.001273217412350 
0.000061305617401 
0.000003113180182 
0.000000164653718 
0.623099566894125 
0.028791558328585 
0.001271750388831 
0.000061235052840 
0.000003109037007 
0.000000164361093 
0.622503834589431 
0.028750671737998 
0.001270309297985 
0.000061164482070 
0.000003104779023 
0.000000163831317 
0.621911807258216 
0.028710270121441 
0.001268893168056 
0.000061094776638 
0.000003100389730 
0.000000163777589 
0.621322785002727 
0.028670340755179 
0.001267500266255 
0.000061025980837 
0.000003096559948 
0.000000163448253 
0.620736130314666 
0.028630866797426 
0.001266129930405 
0.000060957240561 
0.000003092603291 
0.000000163530308 
0.620151267979042 
0.028591830178056 
0.001264780939679 
0.000060889373701 
0.000003088478001 
0.000000162891396 
0.619567680381417 
0.028553210956108 
0.001263451709403 
0.000060821820853 
0.000003084857239 
0.000000162838938 
0.618984907226427 
0.028514985283479 
0.001262140830124 
0.000060755239119 
0.000003081167146 
0.000000162537729 
0.618402541716206 
0.028477129955745 
0.001260846317422 
0.000060688528729 
0.000003077462183 
0.000000162518811 
0.617820228545668 
0.028439618927391 
0.001259567523583 
0.000060622190568 
0.000003073236861 
0.000000161730833 
0.617237659760754 
0.028402425933708 
0.001258301476250 
0.000060556718823 
0.000003069972726 
0.000000161999373 
0.616654573353619 
0.028365522561727 
0.001257048405051 
0.000060491290503 
0.000003066352592 
0.000000161951845 
0.616070749326097 
0.028328881200226 
0.001255805361193 
0.000060425577568 
0.000003062775901 
0.000000161622164 
0.615486007490796 
0.028292472657081 
0.001254571266046 
0.000060360670150 
0.000003059034304 
0.000000161187767 
0.614900203076332 
0.028256268888203 
0.001253345063020 
0.000060295778135 
0.000003055789695 
0.000000160870450 
0.614313225665964 
0.028220240504737 
0.001252124336267 
0.000060231255087 
0.000003052034634 
0.000000161339304 
0.613724995016767 
0.028184360265843 
0.001250908886518 
0.000060166672163 
0.000003048549534 
0.000000160851839 
0.613135458679872 
0.028148599485095 
0.001249696376366 
0.000060101712658 
0.000003044726660 
0.000000160591655 
0.612544588625675 
0.028112932111678 
0.001248486067245 
0.000060037229013 
0.000003041535139 
0.000000160151883 
0.611952379418227 
0.028077332379699 
0.001247277172956 
0.000059972462685 
0.000003037821290 
0.000000160131915 
0.611358845873340 
0.028041775715922 
0.001246067836972 
0.000059907679883 
0.000003034629529 
0.000000159946174 
0.610764018294697 
0.028006238503635 
0.001244857380834 
0.000059842917560 
0.000003031236360 
0.000000159758213 
0.610167943614630 
0.027970700137014 
0.001243644638726 
0.000059777539231 
0.000003027942324 
0.000000159272232 
0.609570680239707 
0.027935139378571 
0.001242428888853 
0.000059712458859 
0.000003024342463 
0.000000159537209 
0.608972297310985 
0.027899538782581 
0.001241210052634 
0.000059646801213 
0.000003020866302 
0.000000159224880 
0.608372872401577 
0.027863881705024 
0.001239987015960 
0.000059581012535 
0.000003016972450 
0.000000158755295 
0.607772488903995 
0.027828153242252 
0.001238758581499 
0.000059515123186 
0.000003013567134 
0.000000158649720 
0.607171236444051 
0.027792340664316 
0.001237525465560 
0.000059448439761 
0.000003010496828 
0.000000158558838 
0.606569206101676 
0.027756433063712 
0.001236286372833 
0.000059382032737 
0.000003006526504 
0.000000158339552 
0.605966492476814 
0.027720421896231 
0.001235041020952 
0.000059315290751 
0.000003002811023 
0.000000158083543 
0.605363188237335 
0.027684300067273 
0.001233789699796 
0.000059248003507 
0.000002999428466 
0.000000157937142 
0.604759387749775 
0.027648062109114 
0.001232531698372 
0.000059180217442 
0.000002995956125 
0.000000157506075 
0.604155180694209 
0.027611705261914 
0.001231267276319 
0.000059112213214 
0.000002992302798 
0.000000157632444 
0.603550655444065 
0.027575228226955 
0.001229996607971 
0.000059043839262 
0.000002988663364 
0.000000157442541 
0.602945896641331 
0.027538630565413 
0.001228718989016 
0.000058975410059 
0.000002984316679 
0.000000157150135 
0.602340982874575 
0.027501915869718 
0.001227434637537 
0.000058906152900 
0.000002981103604 
0.000000157032949 
0.601735988422805 
0.027465086206661 
0.001226144085371 
0.000058837045256 
0.000002977115507 
0.000000156541775 
0.601130981734186 
0.027428147662742 
0.001224847316416 
0.000058766891441 
0.000002973635128 
0.000000156468108 
0.600526024389368 
0.027391106584650 
0.001223544431212 
0.000058697239121 
0.000002970139666 
0.000000156227361 
0.599921172686162 
0.027353971610173 
0.001222235729498 
0.000058626884953 
0.000002966354301 
0.000000156024703 
0.599316473474602 
0.027316751364650 
0.001220921124775 
0.000058555877793 
0.000002962268703 
0.000000155781196 
0.598711969333324 
0.027279456517567 
0.001219601359662 
0.000058484987986 
0.000002958807880 
0.000000155550855 
0.598107693760605 
0.027242098189350 
0.001218276792100 
0.000058413593974 
0.000002954775304 
0.000000155366984 
0.597503674116675 
0.027204688680020 
0.001216946558065 
0.000058342133257 
0.000002950849722 
0.000000155350193 
0.596899930193834 
0.027167241555603 
0.001215612441238 
0.000058270164212 
0.000002947139648 
0.000000155192974 
0.596296474556906 
0.027129770708913 
0.001214274488595 
0.000058197902165 
0.000002943035126 
0.000000154616470 
0.595693312908269 
0.027092289877883 
0.001212931788772 
0.000058125013483 
0.000002939133307 
0.000000154414993 
0.595090444718293 
0.027054814737641 
0.001211586343244 
0.000058052349169 
0.000002935384093 
0.000000154324349 
0.594487862199526 
0.027017360284885 
0.001210237372799 
0.000057979443675 
0.000002931373015 
0.000000154010014 
0.593885552535501 
0.026979941808967 
0.001208885552369 
0.000057906443391 
0.000002927178916 
0.000000153710541 
0.593283496357456 
0.026942575879071 
0.001207531056860 
0.000057832607814 
0.000002923678027 
0.000000153432190 
0.592681668490185 
0.026905277264594 
0.001206174073929 
0.000057759382588 
0.000002919460634 
0.000000153233293 
0.592080039974904 
0.026868062750218 
0.001204815247976 
0.000057685402703 
0.000002915205035 
0.000000153183975 
0.591478575745431 
0.026830948084868 
0.001203454601957 
0.000057611715956 
0.000002911345756 
0.000000152887336 
0.590877237688531 
0.026793948566298 
0.001202092173585 
0.000057537241262 
0.000002907179658 
0.000000152323458 
0.590275983453457 
0.026757079134948 
0.001200728413921 
0.000057462926866 
0.000002903083221 
0.000000151874492 
0.589674767322798 
0.026720355208680 
0.001199363679123 
0.000057388433077 
0.000002899188693 
0.000000151927239 
0.589073541095196 
0.026683791621653 
0.001197997830138 
0.000057314257129 
0.000002894859557 
0.000000152088655 
0.588472253760983 
0.026647402329561 
0.001196631500932 
0.000057239599152 
0.000002890877081 
0.000000151929699 
0.587870852964776 
0.026611200856297 
0.001195264238493 
0.000057165362751 
0.000002886862757 
0.000000151347442 
0.587269284619425 
0.026575200278567 
0.001193896741784 
0.000057090301438 
0.000002882545086 
0.000000151170554 
0.586667493476334 
0.026539413834123 
0.001192528626310 
0.000057015747800 
0.000002878778993 
0.000000151053689 
0.586065424477409 
0.026503852308457 
0.001191161140113 
0.000056940864531 
0.000002874569375 
0.000000150562079 
0.585463021761728 
0.026468527413748 
0.001189792180624 
0.000056865941319 
0.000002870337639 
0.000000150289711 
0.584860230627068 
0.026433449658842 
0.001188423822764 
0.000056791299945 
0.000002866341410 
0.000000150424619 
0.584256996125730 
0.026398628779221 
0.001187055376025 
0.000056716587200 
0.000002862026254 
0.000000150007716 
0.583653265617975 
0.026364073519519 
0.001185687243529 
0.000056641758541 
0.000002857857804 
0.000000149709982 
0.583048987548850 
0.026329791754841 
0.001184318254218 
0.000056566891933 
0.000002853721083 
0.000000149334950 
0.582444112092241 
0.026295791476252 
0.001182949843147 
0.000056492515864 
0.000002849551704 
0.000000149180213 
0.581838592524160 
0.026262078771090 
0.001181581551266 
0.000056417515473 
0.000002845411076 
0.000000148896812 
0.581232383698364 
0.026228659706010 
0.001180213261975 
0.000056343142109 
0.000002840996400 
0.000000148589565 
0.580625444016325 
0.026195538279325 
0.001178844902573 
0.000056268563561 
0.000002836618852 
0.000000148195684 
0.580017735599601 
0.026162720379997 
0.001177476523419 
0.000056194222588 
0.000002832758974 
0.000000148089689 
0.579409222842890 
0.026130207971802 
0.001176108393835 
0.000056119913224 
0.000002828599278 
0.000000147792067 
0.578799875063150 
0.026098003505667 
0.001174739396187 
0.000056045425330 
0.000002824455229 
0.000000147408591 
0.578189664720809 
0.026066109381364 
0.001173370759821 
0.000055971101455 
0.000002820354264 
0.000000146987647 
0.577578568424820 
0.026034526666301 
0.001172001714348 
0.000055897051284 
0.000002815789000 
0.000000146947008 
0.576966567560833 
0.026003255263478 
0.001170632820753 
0.000055823416998 
0.000002811731878 
0.000000146732739 
0.576353647559474 
0.025972294569804 
0.001169263444475 
0.000055749273173 
0.000002807422718 
0.000000146865221 
0.575739798879685 
0.025941643876679 
0.001167893646299 
0.000055675610507 
0.000002802994769 
0.000000146368867 
0.575125015548999 
0.025911300546923 
0.001166523641266 
0.000055601790450 
0.000002798536728 
0.000000146220712 
0.574509296954014 
0.025881262570955 
0.001165152669395 
0.000055528463240 
0.000002794783791 
0.000000145925078 
0.573892647686919 
0.025851526564164 
0.001163781567783 
0.000055454982969 
0.000002790455685 
0.000000145652981 
0.573275076501086 
0.025822089236804 
0.001162409987820 
0.000055382098519 
0.000002786058105 
0.000000145281139 
0.572656596492645 
0.025792945557043 
0.001161037316809 
0.000055309055173 
0.000002781867740 
0.000000144965244 
0.572037225943891 
0.025764091086665 
0.001159664340424 
0.000055236211979 
0.000002777709332 
0.000000144753272 
0.571416988537360 
0.025735519521275 
0.001158290312713 
0.000055163577028 
0.000002773248563 
0.000000144483159 
0.570795911142616 
0.025707226430006 
0.001156915977718 
0.000055090741248 
0.000002769037350 
0.000000144383414 
0.570174026493756 
0.025679204150716 
0.001155540678653 
0.000055018468615 
0.000002765137344 
0.000000144138131 
0.569551370559167 
0.025651446384360 
0.001154164331581 
0.000054946226432 
0.000002760687436 
0.000000143789562 
0.568927984709581 
0.025623945325546 
0.001152787457330 
0.000054874095497 
0.000002756385296 
0.000000143632349 
0.568303913721390 
0.025596694060147 
0.001151409468022 
0.000054801940124 
0.000002752025776 
0.000000142976418 
0.567679206505955 
0.025569684380770 
0.001150030744212 
0.000054730176558 
0.000002748115689 
0.000000143026152 
0.567053916772190 
0.025542908086583 
0.001148651097499 
0.000054658373728 
0.000002743305751 
0.000000142631975 
0.566428100678515 
0.025516356179976 
0.001147270835452 
0.000054586934122 
0.000002739823481 
0.000000142232898 
0.565801818436617 
0.025490020263556 
0.001145889836407 
0.000054515448620 
0.000002735044348 
0.000000141895752 
0.565175133333001 
0.025463890799906 
0.001144507404207 
0.000054444961888 
0.000002731082643 
0.000000141835313 
0.564548112804774 
0.025437959214865 
0.001143124788576 
0.000054373679810 
0.000002726988022 
0.000000141549515 
0.563920825751039 
0.025412215554486 
0.001141741603128 
0.000054302702567 
0.000002722450461 
0.000000141446285 
0.563293344602041 
0.025386650279829 
0.001140357328002 
0.000054232245845 
0.000002718387190 
0.000000141093020 
0.562665743619186 
0.025361253756162 
0.001138972589863 
0.000054161715571 
0.000002714036076 
0.000000140644699 
0.562038100399604 
0.025336016162042 
0.001137587499337 
0.000054091070829 
0.000002709807860 
0.000000140994834 
0.561410492977265 
0.025310927842532 
0.001136201187425 
0.000054020948295 
0.000002705293832 
0.000000140004982 
0.560783001590601 
0.025285977931527 
0.001134814751563 
0.000053950734630 
0.000002701220446 
0.000000140079840 
0.560155709364610 
0.025261157697726 
0.001133428388409 
0.000053881300782 
0.000002696888489 
0.000000140116319 
0.559528698428015 
0.025236456411304 
0.001132041391617 
0.000053811301294 
0.000002693117400 
0.000000139792925 
0.558902053065889 
0.025211864347551 
0.001130654294670 
0.000053741400270 
0.000002688526956 
0.000000139179124 
0.558275858626667 
0.025187370759460 
0.001129266865291 
0.000053671883441 
0.000002684150642 
0.000000139262525 
0.557650199593416 
0.025162966479479 
0.001127880148018 
0.000053602506773 
0.000002680231594 
0.000000138546160 
0.557025161917880 
0.025138641510401 
0.001126493080088 
0.000053533407339 
0.000002675942963 
0.000000138310893 
0.556400830419695 
0.025114386113611 
0.001125105857380 
0.000053463608801 
0.000002671974660 
0.000000138185677 
0.555777290638070 
0.025090190026395 
0.001123719312034 
0.000053394434924 
0.000002667429315 
0.000000137938546 
0.555154626597254 
0.025066044359667 
0.001122333241322 
0.000053325816514 
0.000002663838897 
0.000000137907083 
0.554532922831845 
0.025041939002675 
0.001120947474042 
0.000053256669971 
0.000002659183658 
0.000000137618835 
0.553912261286207 
0.025017865366005 
0.001119562250721 
0.000053187662296 
0.000002655397459 
0.000000137236656 
0.553292724033363 
0.024993813527848 
0.001118178109804 
0.000053119433580 
0.000002651573801 
0.000000137337124 
0.552674390568397 
0.024969774561029 
0.001116794719750 
0.000053050465206 
0.000002646732038 
0.000000136787487 
0.552057339565950 
0.024945739469734 
0.001115411692230 
0.000052982064092 
0.000002642948756 
0.000000136824395 
0.551441647295782 
0.024921700125458 
0.001114030390710 
0.000052913611969 
0.000002639030322 
0.000000136360147 
0.550827388301255 
0.024897647719928 
0.001112649755019 
0.000052845063592 
0.000002634571980 
0.000000136091452 
0.550214634402979 
0.024873573708625 
0.001111270400947 
0.000052776842392 
0.000002630592112 
0.000000135806572 
0.549603455477397 
0.024849470279628 
0.001109892929008 
0.000052708160394 
0.000002626225171 
0.000000135718229 
0.548993918332525 
0.024825329051951 
0.001108516003829 
0.000052639859256 
0.000002622226626 
0.000000135247818 
0.548386087339223 
0.024801143123671 
0.001107141201158 
0.000052571600825 
0.000002618099763 
0.000000134963450 
0.547780023610818 
0.024776904438592 
0.001105767526097 
0.000052503385415 
0.000002614058833 
0.000000135001429 
0.547175785527875 
0.024752606175825 
0.001104395700887 
0.000052435245690 
0.000002610337794 
0.000000134605662 
0.546573427585015 
0.024728240990400 
0.001103025867257 
0.000052366919110 
0.000002605929958 
0.000000134661743 
0.545973001691937 
0.024703802338639 
0.001101657157857 
0.000052298511423 
0.000002601828609 
0.000000134083955 
0.545374556105830 
0.024679283597755 
0.001100290502463 
0.000052229984452 
0.000002597971686 
0.000000133764030 
0.544778135161757 
0.024654678672294 
0.001098925880260 
0.000052161813152 
0.000002593381996 
0.000000133436939 
0.544183779944338 
0.024629981274243 
0.001097562655275 
0.000052093322978 
0.000002589723908 
0.000000133489285 
0.543591527487388 
0.024605186892550 
0.001096202060623 
0.000052024828152 
0.000002585306074 
0.000000132657663 
0.543001411754562 
0.024580288284300 
0.001094842797684 
0.000051956155562 
0.000002581491704 
0.000000132517672 
0.542413461129438 
0.024555281266993 
0.001093485908743 
0.000051887558190 
0.000002577416642 
0.000000132905517 
0.541827702409748 
0.024530160807214 
0.001092130601941 
0.000051819049386 
0.000002573328579 
0.000000132674750 
0.541244156625101 
0.024504922436292 
0.001090777328903 
0.000051750459591 
0.000002569200716 
0.000000132201421 
0.540662841739380 
0.024479561326216 
0.001089426262412 
0.000051681396686 
0.000002565226394 
0.000000131958824 
0.540083771593803 
0.024454073956967 
0.001088076377681 
0.000051612738651 
0.000002561194024 
0.000000131962246 
0.539506955749074 
0.024428455561370 
0.001086729175912 
0.000051543484533 
0.000002557012626 
0.000000131930348 
0.538932400099325 
0.024402703627751 
0.001085383340469 
0.000051474310499 
0.000002552873593 
0.000000131365554 
0.538360106495690 
0.024376814677131 
0.001084038872573 
0.000051405151667 
0.000002548838145 
0.000000131163472 
0.537790073038599 
0.024350785032603 
0.001082696833883 
0.000051335315085 
0.000002545068433 
0.000000131073640 
0.537222293234861 
0.024324612445689 
0.001081356275747 
0.000051265823574 
0.000002540855464 
0.000000130801500 
